   3.8461538461538462E-004   3.8461538461538462E-004   315.26642816458991        7.7728991770241679E-030
   3.8461538461538462E-004   7.6923076923076923E-004   321.98601201621148        5.6078691539963751E-029
   3.8461538461538462E-004   1.1538461538461537E-003   331.41089410381528        7.8419482708753848E-028
   3.8461538461538462E-004   1.5384615384615385E-003   341.84308580861040        1.2546564258713320E-026
   3.8461538461538462E-004   1.9230769230769232E-003   352.61510741820177        1.8967725640646403E-025
   3.8461538461538462E-004   2.3076923076923075E-003   363.49000351996835        2.5539176742041637E-024
   3.8461538461538462E-004   2.6923076923076922E-003   374.39066863755710        3.0238202473502192E-023
   3.8461538461538462E-004   3.0769230769230769E-003   385.28690137917732        3.1510681125151904E-022
   3.8461538461538462E-004   3.4615384615384616E-003   396.13939185745681        2.8930294632812170E-021
   3.8461538461538462E-004   3.8461538461538464E-003   406.83065142170983        2.3136366787177276E-020
   3.8461538461538462E-004   4.2307692307692307E-003   417.00350041503401        1.5332570673746497E-019
   3.8461538461538462E-004   4.6153846153846149E-003   425.67966572653853        7.2569220652241389E-019
   3.8461538461538462E-004   5.0000000000000001E-003   430.44047431312180        1.6748000196437868E-018
   3.8461538461538462E-004   5.3846153846153844E-003   425.67966374759669        7.2569204393500970E-019
   3.8461538461538462E-004   5.7692307692307696E-003   417.00348844176307        1.5332548270359587E-019
   3.8461538461538462E-004   6.1538461538461538E-003   406.83058519870917        2.3136164057027804E-020
   3.8461538461538462E-004   6.5384615384615381E-003   396.13905115623322        2.8928877994711565E-021
   3.8461538461538462E-004   6.9230769230769233E-003   385.28527915899969        3.1502688474540439E-022
   3.8461538461538462E-004   7.3076923076923076E-003   374.38356323262786        3.0201599369347571E-023
   3.8461538461538462E-004   7.6923076923076927E-003   363.46155617215203        2.5404250560673973E-024
   3.8461538461538462E-004   8.0769230769230770E-003   352.51165385416357        1.8571925664487508E-025
   3.8461538461538462E-004   8.4615384615384613E-003   341.50312003742306        1.1628145286490044E-026
   3.8461538461538462E-004   8.8461538461538456E-003   330.40352656505468        6.1220114433924012E-028
   3.8461538461538462E-004   9.2307692307692299E-003   319.28073885376284        2.6963712405881423E-029
   3.8461538461538462E-004   9.6153846153846159E-003   308.55034667973956        1.0462136225829274E-030

   7.6923076923076923E-004   3.8461538461538462E-004   306.92030424620145        6.5814615397828523E-031
   7.6923076923076923E-004   7.6923076923076923E-004   309.62714362817763        1.3623261951130600E-030
   7.6923076923076923E-004   1.1538461538461537E-003   313.79251138303829        4.2267985118183066E-030
   7.6923076923076923E-004   1.5384615384615385E-003   318.57961272786213        1.5701980535819721E-029
   7.6923076923076923E-004   1.9230769230769232E-003   323.59224759627114        6.1917944879134445E-029
   7.6923076923076923E-004   2.3076923076923075E-003   328.67614698643297        2.4569520180621878E-028
   7.6923076923076923E-004   2.6923076923076922E-003   333.77835042884504        9.5995017175385335E-028
   7.6923076923076923E-004   3.0769230769230769E-003   338.87735690131552        3.6564224798729459E-027
   7.6923076923076923E-004   3.4615384615384616E-003   343.94536553002882        1.3458256881767870E-026
   7.6923076923076923E-004   3.8461538461538464E-003   348.90241152321011        4.6958413931519993E-026
   7.6923076923076923E-004   4.2307692307692307E-003   353.51937798636703        1.4738533080707188E-025
   7.6923076923076923E-004   4.6153846153846149E-003   357.23266018280907        3.6565493804315335E-025
   7.6923076923076923E-004   5.0000000000000001E-003   358.93174632066041        5.5365622641563332E-025
   7.6923076923076923E-004   5.3846153846153844E-003   357.23265867468268        3.6565484911520233E-025
   7.6923076923076923E-004   5.7692307692307696E-003   353.51936891647512        1.4738510505191565E-025
   7.6923076923076923E-004   6.1538461538461538E-003   348.90236172531115        4.6957999382380808E-026
   7.6923076923076923E-004   6.5384615384615381E-003   343.94511159206996        1.3457620953385071E-026
   7.6923076923076923E-004   6.9230769230769233E-003   338.87616106913595        3.6555685056445364E-027
   7.6923076923076923E-004   7.3076923076923076E-003   333.77318700731257        9.5893426251199372E-028
   7.6923076923076923E-004   7.6923076923076927E-003   328.65587266010806        2.4462530338945686E-028
   7.6923076923076923E-004   8.0769230769230770E-003   323.52055256624686        6.0924242299197077E-029
   7.6923076923076923E-004   8.4615384615384613E-003   318.35397915977387        1.4888617503440776E-029
   7.6923076923076923E-004   8.8461538461538456E-003   313.17074030425727        3.6311310355561620E-030
   7.6923076923076923E-004   9.2307692307692299E-003   308.16864448057839        9.4605174602266368E-031
   7.6923076923076923E-004   9.6153846153846159E-003   304.21535441110990        3.2982413686755480E-031

   1.1538461538461537E-003   3.8461538461538462E-004   301.86273716210673        2.0120586474638370E-031
   1.1538461538461537E-003   7.6923076923076923E-004   302.87072928345918        2.4461131233908827E-031
   1.1538461538461537E-003   1.1538461538461537E-003   304.50046889031557        3.4010601923496979E-031
   1.1538461538461537E-003   1.5384615384615385E-003   306.42233760400666        5.1510026127384010E-031
   1.1538461538461537E-003   1.9230769230769232E-003   308.45741630843605        8.2354014158571377E-031
   1.1538461538461537E-003   2.3076923076923075E-003   310.52993500301750        1.3634317749164305E-030
   1.1538461538461537E-003   2.6923076923076922E-003   312.61235635949356        2.3093824049373696E-030
   1.1538461538461537E-003   3.0769230769230769E-003   314.69301433935635        3.9679560746384351E-030
   1.1538461538461537E-003   3.4615384615384616E-003   316.75695179515992        6.8587177446744727E-030
   1.1538461538461537E-003   3.8461538461538464E-003   318.76305001582966        1.1763805946820301E-029
   1.1538461538461537E-003   4.2307692307692307E-003   320.60058876996698        1.9401739822081095E-029
   1.1538461538461537E-003   4.6153846153846149E-003   322.02228871766340        2.8715642783851545E-029
   1.1538461538461537E-003   5.0000000000000001E-003   322.61596536906018        3.3905914409914688E-029
   1.1538461538461537E-003   5.3846153846153844E-003   322.02228781613951        2.8715638473051742E-029
   1.1538461538461537E-003   5.7692307692307696E-003   320.60058339971886        1.9401721961162516E-029
   1.1538461538461537E-003   6.1538461538461538E-003   318.76302086422919        1.1763745695588167E-029
   1.1538461538461537E-003   6.5384615384615381E-003   316.75680510888583        6.8585374260770511E-030
   1.1538461538461537E-003   6.9230769230769233E-003   314.69233452655402        3.9674649017138000E-030
   1.1538461538461537E-003   7.3076923076923076E-003   312.60947838789843        2.3081585995292155E-030
   1.1538461538461537E-003   7.6923076923076927E-003   310.51891564544070        1.3606519707343183E-030
   1.1538461538461537E-003   8.0769230769230770E-003   308.41972856409842        8.1782238177439278E-031
   1.1538461538461537E-003   8.4615384615384613E-003   306.30907069491593        5.0453361353156423E-031
   1.1538461538461537E-003   8.8461538461538456E-003   304.20832234582775        3.2266763856376158E-031
   1.1538461538461537E-003   9.2307692307692299E-003   302.24900818406940        2.1891083585500421E-031
   1.1538461538461537E-003   9.6153846153846159E-003   300.85561845768910        1.6757913891623393E-031

   1.5384615384615385E-003   3.8461538461538462E-004   299.43756130910936        1.3666827606655537E-031
   1.5384615384615385E-003   7.6923076923076923E-004   299.77774798006760        1.4291054465729133E-031
   1.5384615384615385E-003   1.1538461538461537E-003   300.34355151460778        1.5402441599480103E-031
   1.5384615384615385E-003   1.5384615384615385E-003   301.02260980086760        1.6902785088859378E-031
   1.5384615384615385E-003   1.9230769230769232E-003   301.74788879819033        1.8763774537223268E-031
   1.5384615384615385E-003   2.3076923076923075E-003   302.48906708463028        2.1011263540020991E-031
   1.5384615384615385E-003   2.6923076923076922E-003   303.23456555757332        2.3706936440340495E-031
   1.5384615384615385E-003   3.0769230769230769E-003   303.97928014099568        2.6934893357392040E-031
   1.5384615384615385E-003   3.4615384615384616E-003   304.71672111564590        3.0781872226253687E-031
   1.5384615384615385E-003   3.8461538461538464E-003   305.42978246224823        3.5272070978358938E-031
   1.5384615384615385E-003   4.2307692307692307E-003   306.07479461361180        4.0164671529203235E-031
   1.5384615384615385E-003   4.6153846153846149E-003   306.56129231230454        4.4527485206398941E-031
   1.5384615384615385E-003   5.0000000000000001E-003   306.75493325892097        4.6478365218317744E-031
   1.5384615384615385E-003   5.3846153846153844E-003   306.56129187466104        4.4527483176139983E-031
   1.5384615384615385E-003   5.7692307692307696E-003   306.07479203554584        4.0164660584001989E-031
   1.5384615384615385E-003   6.1538461538461538E-003   305.42976864880887        3.5272019273437670E-031
   1.5384615384615385E-003   6.5384615384615381E-003   304.71665263580786        3.0781648796910533E-031
   1.5384615384615385E-003   6.9230769230769233E-003   303.97896821825805        2.6934004216721234E-031
   1.5384615384615385E-003   7.3076923076923076E-003   303.23327190492012        2.3703687241172758E-031
   1.5384615384615385E-003   7.6923076923076927E-003   302.48423620691472        2.1000445521504102E-031
   1.5384615384615385E-003   8.0769230769230770E-003   301.73187431212244        1.8731337088580955E-031
   1.5384615384615385E-003   8.4615384615384613E-003   300.97636284242600        1.6816584196732413E-031
   1.5384615384615385E-003   8.8461538461538456E-003   300.23029018889315        1.5203948989265932E-031
   1.5384615384615385E-003   9.2307692307692299E-003   299.55214592047793        1.3908455263514985E-031
   1.5384615384615385E-003   9.6153846153846159E-003   299.09771336589097        1.3089372279610023E-031

   1.9230769230769232E-003   3.8461538461538462E-004   298.46799963588865        1.2257677574262130E-031
   1.9230769230769232E-003   7.6923076923076923E-004   298.57152271049171        1.2382326519150733E-031
   1.9230769230769232E-003   1.1538461538461537E-003   298.74673379096072        1.2592623905646608E-031
   1.9230769230769232E-003   1.5384615384615385E-003   298.95962734491746        1.2852036966591362E-031
   1.9230769230769232E-003   1.9230769230769232E-003   299.18852472425260        1.3139953629750539E-031
   1.9230769230769232E-003   2.3076923076923075E-003   299.42310929083703        1.3447842218094727E-031
   1.9230769230769232E-003   2.6923076923076922E-003   299.65927561589041        1.3773111784215425E-031
   1.9230769230769232E-003   3.0769230769230769E-003   299.89515002758731        1.4115106785798347E-031
   1.9230769230769232E-003   3.4615384615384616E-003   300.12836825030649        1.4472217439518555E-031
   1.9230769230769232E-003   3.8461538461538464E-003   300.35292345635020        1.4837158367678577E-031
   1.9230769230769232E-003   4.2307692307692307E-003   300.55413975918873        1.5186466526734009E-031
   1.9230769230769232E-003   4.6153846153846149E-003   300.70331216781653        1.5463904102284461E-031
   1.9230769230769232E-003   5.0000000000000001E-003   300.76110783576894        1.5578058119916111E-031
   1.9230769230769232E-003   5.3846153846153844E-003   300.70331198990726        1.5463903965100363E-031
   1.9230769230769232E-003   5.7692307692307696E-003   300.55413872334253        1.5186465710729977E-031
   1.9230769230769232E-003   6.1538461538461538E-003   300.35291798035422        1.4837153987622335E-031
   1.9230769230769232E-003   6.5384615384615381E-003   300.12834150853053        1.4472195713144133E-031
   1.9230769230769232E-003   6.9230769230769233E-003   299.89503027893227        1.4115007463907736E-031
   1.9230769230769232E-003   7.3076923076923076E-003   299.65878863260713        1.3772696384066521E-031
   1.9230769230769232E-003   7.6923076923076927E-003   299.42133211954570        1.3446269758495065E-031
   1.9230769230769232E-003   8.0769230769230770E-003   299.18279272956551        1.3134644451610448E-031
   1.9230769230769232E-003   8.4615384615384613E-003   298.94361335492619        1.2836368304093476E-031
   1.9230769230769232E-003   8.8461538461538456E-003   298.70904918669066        1.2553366664831738E-031
   1.9230769230769232E-003   9.2307692307692299E-003   298.49984093012870        1.2302513154815663E-031
   1.9230769230769232E-003   9.6153846153846159E-003   298.36458987779497        1.2135822909180764E-031

   2.3076923076923075E-003   3.8461538461538462E-004   298.13518236922613        1.1908959195183682E-031
   2.3076923076923075E-003   7.6923076923076923E-004   298.16364931187536        1.1935741921891869E-031
   2.3076923076923075E-003   1.1538461538461537E-003   298.21238825956374        1.1980673927463156E-031
   2.3076923076923075E-003   1.5384615384615385E-003   298.27214475662254        1.2035052910833413E-031
   2.3076923076923075E-003   1.9230769230769232E-003   298.33672848521945        1.2093698588873254E-031
   2.3076923076923075E-003   2.3076923076923075E-003   298.40307437282104        1.2154319833243003E-031
   2.3076923076923075E-003   2.6923076923076922E-003   298.46992020882402        1.2216076652999016E-031
   2.3076923076923075E-003   3.0769230769230769E-003   298.53667238630300        1.2278614030564564E-031
   2.3076923076923075E-003   3.4615384615384616E-003   298.60258694398203        1.2341440793279980E-031
   2.3076923076923075E-003   3.8461538461538464E-003   298.66583281045956        1.2403124830148428E-031
   2.3076923076923075E-003   4.2307692307692307E-003   298.72209503853549        1.2459762271150386E-031
   2.3076923076923075E-003   4.6153846153846149E-003   298.76330065967215        1.2502929592380133E-031
   2.3076923076923075E-003   5.0000000000000001E-003   298.77900607991501        1.2520063062258437E-031
   2.3076923076923075E-003   5.3846153846153844E-003   298.76330059757521        1.2502929566363514E-031
   2.3076923076923075E-003   5.7692307692307696E-003   298.72209468119109        1.2459762113022519E-031
   2.3076923076923075E-003   6.1538461538461538E-003   298.66583094628390        1.2403123955831950E-031
   2.3076923076923075E-003   6.5384615384615381E-003   298.60257797236380        1.2341436317964740E-031
   2.3076923076923075E-003   6.9230769230769233E-003   298.53663285774218        1.2278592955437262E-031
   2.3076923076923075E-003   7.3076923076923076E-003   298.46976235808165        1.2215986184483797E-031
   2.3076923076923075E-003   7.6923076923076927E-003   298.40251012316514        1.2153970097804676E-031
   2.3076923076923075E-003   8.0769230769230770E-003   298.33495134991290        1.2092500342962546E-031
   2.3076923076923075E-003   8.4615384615384613E-003   298.26731413179226        1.2031492943180961E-031
   2.3076923076923075E-003   8.8461538461538456E-003   298.20137009715654        1.1971782916003604E-031
   2.3076923076923075E-003   9.2307692307692299E-003   298.14337944723019        1.1917926739074092E-031
   2.3076923076923075E-003   9.6153846153846159E-003   298.10674877016550        1.1882354317040006E-031

   2.6923076923076922E-003   3.8461538461538462E-004   298.03506179399790        1.1824049442079481E-031
   2.6923076923076922E-003   7.6923076923076923E-004   298.04217218726296        1.1829657186409385E-031
   2.6923076923076922E-003   1.1538461538461537E-003   298.05444535013902        1.1839125199478011E-031
   2.6923076923076922E-003   1.5384615384615385E-003   298.06959595687260        1.1850596178917692E-031
   2.6923076923076922E-003   1.9230769230769232E-003   298.08603913206139        1.1862914558254260E-031
   2.6923076923076922E-003   2.3076923076923075E-003   298.10296488233513        1.1875550435033875E-031
   2.6923076923076922E-003   2.6923076923076922E-003   298.12002990207384        1.1888302664901921E-031
   2.6923076923076922E-003   3.0769230769230769E-003   298.13706848391394        1.1901083898087237E-031
   2.6923076923076922E-003   3.4615384615384616E-003   298.15387420379818        1.1913780585633892E-031
   2.6923076923076922E-003   3.8461538461538464E-003   298.16995279706356        1.1926084643698733E-031
   2.6923076923076922E-003   4.2307692307692307E-003   298.18417405640702        1.1937202090562282E-031
   2.6923076923076922E-003   4.6153846153846149E-003   298.19449644132362        1.1945513354618051E-031
   2.6923076923076922E-003   5.0000000000000001E-003   298.19838887265450        1.1948745197049966E-031
   2.6923076923076922E-003   5.3846153846153844E-003   298.19449642233837        1.1945513348194249E-031
   2.6923076923076922E-003   5.7692307692307696E-003   298.18417394839940        1.1937202051714562E-031
   2.6923076923076922E-003   6.1538461538461538E-003   298.16995224081921        1.1926084429793593E-031
   2.6923076923076922E-003   6.5384615384615381E-003   298.15387156388073        1.1913779495994459E-031
   2.6923076923076922E-003   6.9230769230769233E-003   298.13705702825183        1.1901078801006742E-031
   2.6923076923076922E-003   7.3076923076923076E-003   298.11998491555624        1.1888280988756309E-031
   2.6923076923076922E-003   7.6923076923076927E-003   298.10280703376679        1.1875467694538943E-031
   2.6923076923076922E-003   8.0769230769230770E-003   298.08555216557676        1.1862635746576911E-031
   2.6923076923076922E-003   8.4615384615384613E-003   298.06830239230015        1.1849785111695728E-031
   2.6923076923076922E-003   8.8461538461538456E-003   298.05156774668552        1.1837150954089062E-031
   2.6923076923076922E-003   9.2307692307692299E-003   298.03701004747370        1.1825814320361480E-031
   2.6923076923076922E-003   9.6153846153846159E-003   298.02796016060626        1.1818455054435101E-031

   3.0769230769230769E-003   3.8461538461538462E-004   298.00824924267118        1.1804701681368270E-031
   3.0769230769230769E-003   7.6923076923076923E-004   298.00987261890430        1.1805809396852823E-031
   3.0769230769230769E-003   1.1538461538461537E-003   298.01269166604897        1.1807694581592355E-031
   3.0769230769230769E-003   1.5384615384615385E-003   298.01619039037001        1.1809991420490839E-031
   3.0769230769230769E-003   1.9230769230769232E-003   298.02000075123317        1.1812463204103392E-031
   3.0769230769230769E-003   2.3076923076923075E-003   298.02392970719836        1.1814997551348502E-031
   3.0769230769230769E-003   2.6923076923076922E-003   298.02789339985543        1.1817550431819871E-031
   3.0769230769230769E-003   3.0769230769230769E-003   298.03185042027638        1.1820102214483272E-031
   3.0769230769230769E-003   3.4615384615384616E-003   298.03574946428040        1.1822627866707989E-031
   3.0769230769230769E-003   3.8461538461538464E-003   298.03947061520768        1.1825062093212643E-031
   3.0769230769230769E-003   4.2307692307692307E-003   298.04274657368808        1.1827243016492508E-031
   3.0769230769230769E-003   4.6153846153846149E-003   298.04510806464646        1.1828854193546837E-031
   3.0769230769230769E-003   5.0000000000000001E-003   298.04599191551580        1.1829472303219718E-031
   3.0769230769230769E-003   5.3846153846153844E-003   298.04510805948024        1.1828854191961152E-031
   3.0769230769230769E-003   5.7692307692307696E-003   298.04274654462102        1.1827243007020784E-031
   3.0769230769230769E-003   6.1538461538461538E-003   298.03947046735158        1.1825062041754892E-031
   3.0769230769230769E-003   6.5384615384615381E-003   298.03574877179864        1.1822627608368927E-031
   3.0769230769230769E-003   6.9230769230769233E-003   298.03184745784279        1.1820101025406505E-031
   3.0769230769230769E-003   7.3076923076923076E-003   298.02788194430394        1.1817545466007572E-031
   3.0769230769230769E-003   7.6923076923076927E-003   298.02389017957393        1.1814978980173194E-031
   3.0769230769230769E-003   8.0769230769230770E-003   298.01988100797735        1.1812402050981143E-031
   3.0769230769230769E-003   8.4615384615384613E-003   298.01587849266167        1.1809818046343998E-031
   3.0769230769230769E-003   8.8461538461538456E-003   298.01201195079847        1.1807284203773195E-031
   3.0769230769230769E-003   9.2307692307692299E-003   298.00867711108253        1.1805032751805653E-031
   3.0769230769230769E-003   9.6153846153846159E-003   298.00662794595758        1.1803595477102172E-031

   3.4615384615384616E-003   3.8461538461538462E-004   298.00177609821770        1.1800626529851946E-031
   3.4615384615384616E-003   7.6923076923076923E-004   298.00211704528647        1.1800831445559568E-031
   3.4615384615384616E-003   1.1538461538461537E-003   298.00271189451774        1.1801182657936611E-031
   3.4615384615384616E-003   1.5384615384615385E-003   298.00345339874713        1.1801613088623927E-031
   3.4615384615384616E-003   1.9230769230769232E-003   298.00426331475524        1.1802077867688798E-031
   3.4615384615384616E-003   2.3076923076923075E-003   298.00509969996119        1.1802555021353737E-031
   3.4615384615384616E-003   2.6923076923076922E-003   298.00594393962280        1.1803035681776051E-031
   3.4615384615384616E-003   3.0769230769230769E-003   298.00678665457434        1.1803515785382488E-031
   3.4615384615384616E-003   3.4615384615384616E-003   298.00761628128504        1.1803990199184721E-031
   3.4615384615384616E-003   3.8461538461538464E-003   298.00840636342201        1.1804445947652652E-031
   3.4615384615384616E-003   4.2307692307692307E-003   298.00909921294993        1.1804851874491049E-031
   3.4615384615384616E-003   4.6153846153846149E-003   298.00959592063657        1.1805149161943325E-031
   3.4615384615384616E-003   5.0000000000000001E-003   298.00978080277343        1.1805262114706871E-031
   3.4615384615384616E-003   5.3846153846153844E-003   298.00959591936896        1.1805149161578617E-031
   3.4615384615384616E-003   5.7692307692307696E-003   298.00909920589345        1.1804851872344584E-031
   3.4615384615384616E-003   6.1538461538461538E-003   298.00840632795160        1.1804445936167686E-031
   3.4615384615384616E-003   6.5384615384615381E-003   298.00761611723732        1.1803990142453529E-031
   3.4615384615384616E-003   6.9230769230769233E-003   298.00678596209707        1.1803515528803526E-031
   3.4615384615384616E-003   7.3076923076923076E-003   298.00594129974826        1.1803034630489763E-031
   3.4615384615384616E-003   7.6923076923076927E-003   298.00509072861837        1.1802551170569359E-031
   3.4615384615384616E-003   8.0769230769230770E-003   298.00423657439353        1.1802065470496093E-031
   3.4615384615384616E-003   8.4615384615384613E-003   298.00338492504414        1.1801578784160643E-031
   3.4615384615384616E-003   8.8461538461538456E-003   298.00256523112199        1.1801103485551188E-031
   3.4615384615384616E-003   9.2307692307692299E-003   298.00186318099190        1.1800685191239091E-031
   3.4615384615384616E-003   9.6153846153846159E-003   298.00143560166629        1.1800421854100269E-031

   3.8461538461538464E-003   3.8461538461538462E-004   298.00035260209285        1.1799832330807378E-031
   3.8461538461538464E-003   7.6923076923076923E-004   298.00041887425562        1.1799867860329793E-031
   3.8461538461538464E-003   1.1538461538461537E-003   298.00053493775295        1.1799929115653206E-031
   3.8461538461538464E-003   1.5384615384615385E-003   298.00068014669677        1.1800004582984433E-031
   3.8461538461538464E-003   1.9230769230769232E-003   298.00083915453433        1.1800086342814848E-031
   3.8461538461538464E-003   2.3076923076923075E-003   298.00100357967170        1.1800170410644350E-031
   3.8461538461538464E-003   2.6923076923076922E-003   298.00116963108161        1.1800255135117329E-031
   3.8461538461538464E-003   3.0769230769230769E-003   298.00133536376080        1.1800339739949186E-031
   3.8461538461538464E-003   3.4615384615384616E-003   298.00149839043814        1.1800423251147237E-031
   3.8461538461538464E-003   3.8461538461538464E-003   298.00165335312647        1.1800503272760069E-031
   3.8461538461538464E-003   4.2307692307692307E-003   298.00178879238678        1.1800574208399057E-031
   3.8461538461538464E-003   4.6153846153846149E-003   298.00188545168709        1.1800625799875103E-031
   3.8461538461538464E-003   5.0000000000000001E-003   298.00192127627474        1.1800645258249782E-031
   3.8461538461538464E-003   5.3846153846153844E-003   298.00188545140384        1.1800625799797979E-031
   3.8461538461538464E-003   5.7692307692307696E-003   298.00178879082500        1.1800574207951361E-031
   3.8461538461538464E-003   6.1538461538461538E-003   298.00165334536428        1.1800503270401338E-031
   3.8461538461538464E-003   6.5384615384615381E-003   298.00149835496711        1.1800423239680607E-031
   3.8461538461538464E-003   6.9230769230769233E-003   298.00133521590362        1.1800339688958159E-031
   3.8461538461538464E-003   7.3076923076923076E-003   298.00116907483880        1.1800254929935387E-031
   3.8461538461538464E-003   7.6923076923076927E-003   298.00100171553032        1.1800169673489191E-031
   3.8461538461538464E-003   8.0769230769230770E-003   298.00083367877181        1.1800084018112379E-031
   3.8461538461538464E-003   8.4615384615384613E-003   298.00066633438792        1.1799998288376348E-031
   3.8461538461538464E-003   8.8461538461538456E-003   298.00050579058239        1.1799914904520979E-031
   3.8461538461538464E-003   9.2307692307692299E-003   298.00036909091352        1.1799842138121542E-031
   3.8461538461538464E-003   9.6153846153846159E-003   298.00028641974785        1.1799796842685053E-031

   4.2307692307692307E-003   3.8461538461538462E-004   298.00006497242055        1.1799688441395212E-031
   4.2307692307692307E-003   7.6923076923076923E-004   298.00007696136407        1.1799694233137140E-031
   4.2307692307692307E-003   1.1538461538461537E-003   298.00009802415491        1.1799704267664294E-031
   4.2307692307692307E-003   1.5384615384615385E-003   298.00012445917213        1.1799716686859745E-031
   4.2307692307692307E-003   1.9230769230769232E-003   298.00015347093620        1.1799730182082890E-031
   4.2307692307692307E-003   2.3076923076923075E-003   298.00018350755477        1.1799744079232154E-031
   4.2307692307692307E-003   2.6923076923076922E-003   298.00021385506682        1.1799758092205245E-031
   4.2307692307692307E-003   3.0769230769230769E-003   298.00024414111078        1.1799772083355408E-031
   4.2307692307692307E-003   3.4615384615384616E-003   298.00027391053516        1.1799785880969452E-031
   4.2307692307692307E-003   3.8461538461538464E-003   298.00030215945986        1.1799799072806413E-031
   4.2307692307692307E-003   4.2307692307692307E-003   298.00032677751204        1.1799810719126152E-031
   4.2307692307692307E-003   4.6153846153846149E-003   298.00034427974174        1.1799819140585695E-031
   4.2307692307692307E-003   5.0000000000000001E-003   298.00035074427097        1.1799822298439811E-031
   4.2307692307692307E-003   5.3846153846153844E-003   298.00034427968336        1.1799819140570356E-031
   4.2307692307692307E-003   5.7692307692307696E-003   298.00032677719406        1.1799810719039867E-031
   4.2307692307692307E-003   6.1538461538461538E-003   298.00030215789690        1.1799799072358744E-031
   4.2307692307692307E-003   6.5384615384615381E-003   298.00027390347338        1.1799785878826685E-031
   4.2307692307692307E-003   6.9230769230769233E-003   298.00024411202276        1.1799772073976346E-031
   4.2307692307692307E-003   7.3076923076923076E-003   298.00021374698412        1.1799758055092964E-031
   4.2307692307692307E-003   7.6923076923076927E-003   298.00018314997891        1.1799743948248451E-031
   4.2307692307692307E-003   8.0769230769230770E-003   298.00015243447388        1.1799729776657852E-031
   4.2307692307692307E-003   8.4615384615384613E-003   298.00012187974778        1.1799715610090738E-031
   4.2307692307692307E-003   8.8461538461538456E-003   298.00009265159747        1.1799701882907719E-031
   4.2307692307692307E-003   9.2307692307692299E-003   298.00006788906614        1.1799689990865909E-031
   4.2307692307692307E-003   9.6153846153846159E-003   298.00005300007302        1.1799682656576095E-031

   4.6153846153846149E-003   3.8461538461538462E-004   298.00001117632928        1.1799664079899136E-031
   4.6153846153846149E-003   7.6923076923076923E-004   298.00001320514787        1.1799664970637088E-031
   4.6153846153846149E-003   1.1538461538461537E-003   298.00001677911507        1.1799666520316879E-031
   4.6153846153846149E-003   1.5384615384615385E-003   298.00002127703499        1.1799668445921402E-031
   4.6153846153846149E-003   1.9230769230769232E-003   298.00002622328242        1.1799670544030815E-031
   4.6153846153846149E-003   2.3076923076923075E-003   298.00003134995575        1.1799672707661089E-031
   4.6153846153846149E-003   2.6923076923076922E-003   298.00003653188571        1.1799674890424856E-031
   4.6153846153846149E-003   3.0769230769230769E-003   298.00004170280164        1.1799677069529760E-031
   4.6153846153846149E-003   3.4615384615384616E-003   298.00004678200821        1.1799679216690137E-031
   4.6153846153846149E-003   3.8461538461538464E-003   298.00005159435023        1.1799681265481647E-031
   4.6153846153846149E-003   4.2307692307692307E-003   298.00005577730269        1.1799683067742542E-031
   4.6153846153846149E-003   4.6153846153846149E-003   298.00005874136423        1.1799684364522408E-031
   4.6153846153846149E-003   5.0000000000000001E-003   298.00005983302884        1.1799684848487996E-031
   4.6153846153846149E-003   5.3846153846153844E-003   298.00005874135314        1.1799684364519723E-031
   4.6153846153846149E-003   5.7692307692307696E-003   298.00005577724272        1.1799683067727027E-031
   4.6153846153846149E-003   6.1538461538461538E-003   298.00005159405816        1.1799681265402581E-031
   4.6153846153846149E-003   6.5384615384615381E-003   298.00004678070434        1.1799679216317610E-031
   4.6153846153846149E-003   6.9230769230769233E-003   298.00004169749059        1.1799677067923410E-031
   4.6153846153846149E-003   7.3076923076923076E-003   298.00003651238023        1.1799674884165363E-031
   4.6153846153846149E-003   7.6923076923076927E-003   298.00003128619568        1.1799672685927168E-031
   4.6153846153846149E-003   8.0769230769230770E-003   298.00002604071869        1.1799670477892372E-031
   4.6153846153846149E-003   8.4615384615384613E-003   298.00002082821175        1.1799668273278684E-031
   4.6153846153846149E-003   8.8461538461538456E-003   298.00001585510256        1.1799666144371145E-031
   4.6153846153846149E-003   9.2307692307692299E-003   298.00001166027744        1.1799664311779897E-031
   4.6153846153846149E-003   9.6153846153846159E-003   298.00000915037003        1.1799663190255350E-031

   5.0000000000000001E-003   3.8461538461538462E-004   298.00000180380931        1.1799660206768809E-031
   5.0000000000000001E-003   7.6923076923076923E-004   298.00000212644272        1.1799660336451564E-031
   5.0000000000000001E-003   1.1538461538461537E-003   298.00000269613656        1.1799660562877692E-031
   5.0000000000000001E-003   1.5384615384615385E-003   298.00000341487521        1.1799660845221464E-031
   5.0000000000000001E-003   1.9230769230769232E-003   298.00000420669471        1.1799661153612004E-031
   5.0000000000000001E-003   2.3076923076923075E-003   298.00000502824378        1.1799661472047076E-031
   5.0000000000000001E-003   2.6923076923076922E-003   298.00000585897749        1.1799661793451285E-031
   5.0000000000000001E-003   3.0769230769230769E-003   298.00000668786663        1.1799662114281796E-031
   5.0000000000000001E-003   3.4615384615384616E-003   298.00000750152901        1.1799662430161336E-031
   5.0000000000000001E-003   3.8461538461538464E-003   298.00000827134431        1.1799662731017791E-031
   5.0000000000000001E-003   4.2307692307692307E-003   298.00000893891502        1.1799662994821081E-031
   5.0000000000000001E-003   4.6153846153846149E-003   298.00000941058232        1.1799663183819383E-031
   5.0000000000000001E-003   5.0000000000000001E-003   298.00000958387415        1.1799663254076543E-031
   5.0000000000000001E-003   5.3846153846153844E-003   298.00000941058039        1.1799663183819112E-031
   5.0000000000000001E-003   5.7692307692307696E-003   298.00000893890450        1.1799662994818576E-031
   5.0000000000000001E-003   6.1538461538461538E-003   298.00000827129367        1.1799662731004901E-031
   5.0000000000000001E-003   6.5384615384615381E-003   298.00000750130431        1.1799662430100854E-031
   5.0000000000000001E-003   6.9230769230769233E-003   298.00000668696129        1.1799662114024078E-031
   5.0000000000000001E-003   7.3076923076923076E-003   298.00000585568819        1.1799661792461132E-031
   5.0000000000000001E-003   7.6923076923076927E-003   298.00000501761235        1.1799661468661136E-031
   5.0000000000000001E-003   8.0769230769230770E-003   298.00000417659800        1.1799661143467300E-031
   5.0000000000000001E-003   8.4615384615384613E-003   298.00000334170863        1.1799660819151464E-031
   5.0000000000000001E-003   8.8461538461538456E-003   298.00000254708175        1.1799660506957359E-031
   5.0000000000000001E-003   9.2307692307692299E-003   298.00000187942919        1.1799660239721586E-031
   5.0000000000000001E-003   9.6153846153846159E-003   298.00000148163787        1.1799660077249133E-031

   5.3846153846153844E-003   3.8461538461538462E-004   298.00000027437312        1.1799659626016255E-031
   5.3846153846153844E-003   7.6923076923076923E-004   298.00000032278706        1.1799659643946181E-031
   5.3846153846153844E-003   1.1538461538461537E-003   298.00000040845458        1.1799659675349766E-031
   5.3846153846153844E-003   1.5384615384615385E-003   298.00000051677557        1.1799659714632070E-031
   5.3846153846153844E-003   1.9230769230769232E-003   298.00000063631092        1.1799659757633896E-031
   5.3846153846153844E-003   2.3076923076923075E-003   298.00000076045382        1.1799659802090123E-031
   5.3846153846153844E-003   2.6923076923076922E-003   298.00000088603167        1.1799659846981391E-031
   5.3846153846153844E-003   3.0769230769230769E-003   298.00000101131940        1.1799659891787522E-031
   5.3846153846153844E-003   3.4615384615384616E-003   298.00000113423044        1.1799659935869742E-031
   5.3846153846153844E-003   3.8461538461538464E-003   298.00000125036405        1.1799659977784337E-031
   5.3846153846153844E-003   4.2307692307692307E-003   298.00000135085781        1.1799660014430033E-031
   5.3846153846153844E-003   4.6153846153846149E-003   298.00000142167590        1.1799660040584526E-031
   5.3846153846153844E-003   5.0000000000000001E-003   298.00000144763953        1.1799660050274304E-031
   5.3846153846153844E-003   5.3846153846153844E-003   298.00000142167579        1.1799660040584671E-031
   5.3846153846153844E-003   5.7692307692307696E-003   298.00000135085617        1.1799660014429571E-031
   5.3846153846153844E-003   6.1538461538461538E-003   298.00000125035592        1.1799659977782658E-031
   5.3846153846153844E-003   6.5384615384615381E-003   298.00000113419435        1.1799659935860644E-031
   5.3846153846153844E-003   6.9230769230769233E-003   298.00000101117456        1.1799659891748723E-031
   5.3846153846153844E-003   7.3076923076923076E-003   298.00000088551064        1.1799659846833821E-031
   5.3846153846153844E-003   7.6923076923076927E-003   298.00000075878768        1.1799659801592804E-031
   5.3846153846153844E-003   8.0769230769230770E-003   298.00000063164401        1.1799659756164481E-031
   5.3846153846153844E-003   8.4615384615384613E-003   298.00000050554735        1.1799659710908904E-031
   5.3846153846153844E-003   8.8461538461538456E-003   298.00000038579941        1.1799659667470928E-031
   5.3846153846153844E-003   9.2307692307692299E-003   298.00000028554115        1.1799659630474385E-031
   5.3846153846153844E-003   9.6153846153846159E-003   298.00000022602916        1.1799659608109112E-031

   5.7692307692307696E-003   3.8461538461538462E-004   298.00000003948867        1.1799659543569662E-031
   5.7692307692307696E-003   7.6923076923076923E-004   298.00000004636945        1.1799659545930569E-031
   5.7692307692307696E-003   1.1538461538461537E-003   298.00000005856822        1.1799659550077445E-031
   5.7692307692307696E-003   1.5384615384615385E-003   298.00000007402429        1.1799659555279534E-031
   5.7692307692307696E-003   1.9230769230769232E-003   298.00000009110676        1.1799659560985299E-031
   5.7692307692307696E-003   2.3076923076923075E-003   298.00000010886396        1.1799659566891242E-031
   5.7692307692307696E-003   2.6923076923076922E-003   298.00000012683296        1.1799659572857319E-031
   5.7692307692307696E-003   3.0769230769230769E-003   298.00000014475881        1.1799659578811714E-031
   5.7692307692307696E-003   3.4615384615384616E-003   298.00000016233440        1.1799659584665474E-031
   5.7692307692307696E-003   3.8461538461538464E-003   298.00000017892017        1.1799659590223116E-031
   5.7692307692307696E-003   4.2307692307692307E-003   298.00000019324375        1.1799659595068705E-031
   5.7692307692307696E-003   4.6153846153846149E-003   298.00000020331413        1.1799659598515696E-031
   5.7692307692307696E-003   5.0000000000000001E-003   298.00000020699912        1.1799659599788867E-031
   5.7692307692307696E-003   5.3846153846153844E-003   298.00000020331413        1.1799659598515774E-031
   5.7692307692307696E-003   5.7692307692307696E-003   298.00000019324364        1.1799659595068615E-031
   5.7692307692307696E-003   6.1538461538461538E-003   298.00000017891881        1.1799659590222879E-031
   5.7692307692307696E-003   6.5384615384615381E-003   298.00000016232894        1.1799659584664355E-031
   5.7692307692307696E-003   6.9230769230769233E-003   298.00000014473710        1.1799659578806137E-031
   5.7692307692307696E-003   7.3076923076923076E-003   298.00000012675525        1.1799659572836673E-031
   5.7692307692307696E-003   7.6923076923076927E-003   298.00000010861743        1.1799659566822224E-031
   5.7692307692307696E-003   8.0769230769230770E-003   298.00000009042321        1.1799659560783746E-031
   5.7692307692307696E-003   8.4615384615384613E-003   298.00000007239521        1.1799659554774449E-031
   5.7692307692307696E-003   8.8461538461538456E-003   298.00000005531075        1.1799659549022556E-031
   5.7692307692307696E-003   9.2307692307692299E-003   298.00000004105266        1.1799659544145105E-031
   5.7692307692307696E-003   9.6153846153846159E-003   298.00000003261783        1.1799659541211329E-031

   6.1538461538461538E-003   3.8461538461538462E-004   298.00000000539688        1.1799659532449756E-031
   6.1538461538461538E-003   7.6923076923076923E-004   298.00000000632599        1.1799659532746258E-031
   6.1538461538461538E-003   1.1538461538461537E-003   298.00000000797655        1.1799659533269282E-031
   6.1538461538461538E-003   1.5384615384615385E-003   298.00000001007152        1.1799659533926731E-031
   6.1538461538461538E-003   1.9230769230769232E-003   298.00000001239056        1.1799659534649337E-031
   6.1538461538461538E-003   2.3076923076923075E-003   298.00000001480328        1.1799659535398027E-031
   6.1538461538461538E-003   2.6923076923076922E-003   298.00000001724567        1.1799659536154853E-031
   6.1538461538461538E-003   3.0769230769230769E-003   298.00000001968164        1.1799659536909820E-031
   6.1538461538461538E-003   3.4615384615384616E-003   298.00000002206895        1.1799659537651455E-031
   6.1538461538461538E-003   3.8461538461538464E-003   298.00000002431909        1.1799659538354740E-031
   6.1538461538461538E-003   4.2307692307692307E-003   298.00000002625887        1.1799659538966508E-031
   6.1538461538461538E-003   4.6153846153846149E-003   298.00000002761954        1.1799659539400124E-031
   6.1538461538461538E-003   5.0000000000000001E-003   298.00000002811646        1.1799659539560118E-031
   6.1538461538461538E-003   5.3846153846153844E-003   298.00000002761959        1.1799659539400280E-031
   6.1538461538461538E-003   5.7692307692307696E-003   298.00000002625887        1.1799659538966455E-031
   6.1538461538461538E-003   6.1538461538461538E-003   298.00000002431881        1.1799659538354749E-031
   6.1538461538461538E-003   6.5384615384615381E-003   298.00000002206815        1.1799659537651350E-031
   6.1538461538461538E-003   6.9230769230769233E-003   298.00000001967862        1.1799659536909054E-031
   6.1538461538461538E-003   7.3076923076923076E-003   298.00000001723481        1.1799659536152142E-031
   6.1538461538461538E-003   7.6923076923076927E-003   298.00000001476889        1.1799659535389081E-031
   6.1538461538461538E-003   8.0769230769230770E-003   298.00000001229557        1.1799659534623080E-031
   6.1538461538461538E-003   8.4615384615384613E-003   298.00000000984744        1.1799659533861691E-031
   6.1538461538461538E-003   8.8461538461538456E-003   298.00000000753187        1.1799659533134698E-031
   6.1538461538461538E-003   9.2307692307692299E-003   298.00000000560493        1.1799659532520796E-031
   6.1538461538461538E-003   9.6153846153846159E-003   298.00000000446852        1.1799659532152488E-031

   6.5384615384615381E-003   3.8461538461538462E-004   298.00000000070264        1.1799659531020224E-031
   6.5384615384615381E-003   7.6923076923076923E-004   298.00000000082224        1.1799659531055902E-031
   6.5384615384615381E-003   1.1538461538461537E-003   298.00000000103500        1.1799659531119031E-031
   6.5384615384615381E-003   1.5384615384615385E-003   298.00000000130569        1.1799659531198451E-031
   6.5384615384615381E-003   1.9230769230769232E-003   298.00000000160588        1.1799659531286184E-031
   6.5384615384615381E-003   2.3076923076923075E-003   298.00000000191812        1.1799659531376986E-031
   6.5384615384615381E-003   2.6923076923076922E-003   298.00000000223451        1.1799659531469058E-031
   6.5384615384615381E-003   3.0769230769230769E-003   298.00000000255000        1.1799659531560536E-031
   6.5384615384615381E-003   3.4615384615384616E-003   298.00000000285871        1.1799659531650280E-031
   6.5384615384615381E-003   3.8461538461538464E-003   298.00000000314975        1.1799659531735510E-031
   6.5384615384615381E-003   4.2307692307692307E-003   298.00000000340020        1.1799659531809431E-031
   6.5384615384615381E-003   4.6153846153846149E-003   298.00000000357545        1.1799659531861561E-031
   6.5384615384615381E-003   5.0000000000000001E-003   298.00000000363923        1.1799659531880656E-031
   6.5384615384615381E-003   5.3846153846153844E-003   298.00000000357545        1.1799659531861520E-031
   6.5384615384615381E-003   5.7692307692307696E-003   298.00000000340015        1.1799659531809352E-031
   6.5384615384615381E-003   6.1538461538461538E-003   298.00000000314964        1.1799659531735381E-031
   6.5384615384615381E-003   6.5384615384615381E-003   298.00000000285866        1.1799659531650228E-031
   6.5384615384615381E-003   6.9230769230769233E-003   298.00000000254937        1.1799659531560319E-031
   6.5384615384615381E-003   7.3076923076923076E-003   298.00000000223315        1.1799659531468646E-031
   6.5384615384615381E-003   7.6923076923076927E-003   298.00000000191358        1.1799659531375735E-031
   6.5384615384615381E-003   8.0769230769230770E-003   298.00000000159332        1.1799659531282902E-031
   6.5384615384615381E-003   8.4615384615384613E-003   298.00000000127653        1.1799659531190740E-031
   6.5384615384615381E-003   8.8461538461538456E-003   298.00000000097725        1.1799659531102763E-031
   6.5384615384615381E-003   9.2307692307692299E-003   298.00000000072907        1.1799659531028577E-031
   6.5384615384615381E-003   9.6153846153846159E-003   298.00000000058310        1.1799659530983961E-031

   6.9230769230769233E-003   3.8461538461538462E-004   298.00000000008743        1.1799659530844698E-031
   6.9230769230769233E-003   7.6923076923076923E-004   298.00000000010220        1.1799659530848865E-031
   6.9230769230769233E-003   1.1538461538461537E-003   298.00000000012818        1.1799659530856086E-031
   6.9230769230769233E-003   1.5384615384615385E-003   298.00000000016178        1.1799659530865330E-031
   6.9230769230769233E-003   1.9230769230769232E-003   298.00000000019895        1.1799659530875535E-031
   6.9230769230769233E-003   2.3076923076923075E-003   298.00000000023761        1.1799659530886095E-031
   6.9230769230769233E-003   2.6923076923076922E-003   298.00000000027694        1.1799659530896870E-031
   6.9230769230769233E-003   3.0769230769230769E-003   298.00000000031594        1.1799659530907428E-031
   6.9230769230769233E-003   3.4615384615384616E-003   298.00000000035396        1.1799659530917809E-031
   6.9230769230769233E-003   3.8461538461538464E-003   298.00000000039000        1.1799659530927749E-031
   6.9230769230769233E-003   4.2307692307692307E-003   298.00000000042081        1.1799659530936321E-031
   6.9230769230769233E-003   4.6153846153846149E-003   298.00000000044258        1.1799659530942539E-031
   6.9230769230769233E-003   5.0000000000000001E-003   298.00000000045037        1.1799659530944696E-031
   6.9230769230769233E-003   5.3846153846153844E-003   298.00000000044258        1.1799659530942577E-031
   6.9230769230769233E-003   5.7692307692307696E-003   298.00000000042070        1.1799659530936290E-031
   6.9230769230769233E-003   6.1538461538461538E-003   298.00000000038995        1.1799659530927756E-031
   6.9230769230769233E-003   6.5384615384615381E-003   298.00000000035408        1.1799659530917828E-031
   6.9230769230769233E-003   6.9230769230769233E-003   298.00000000031582        1.1799659530907408E-031
   6.9230769230769233E-003   7.3076923076923076E-003   298.00000000027666        1.1799659530896813E-031
   6.9230769230769233E-003   7.6923076923076927E-003   298.00000000023692        1.1799659530885909E-031
   6.9230769230769233E-003   8.0769230769230770E-003   298.00000000019747        1.1799659530875196E-031
   6.9230769230769233E-003   8.4615384615384613E-003   298.00000000015820        1.1799659530864362E-031
   6.9230769230769233E-003   8.8461538461538456E-003   298.00000000012119        1.1799659530854159E-031
   6.9230769230769233E-003   9.2307692307692299E-003   298.00000000009055        1.1799659530845574E-031
   6.9230769230769233E-003   9.6153846153846159E-003   298.00000000007259        1.1799659530839822E-031

   7.3076923076923076E-003   3.8461538461538462E-004   298.00000000001052        1.1799659530824189E-031
   7.3076923076923076E-003   7.6923076923076923E-004   298.00000000001216        1.1799659530824640E-031
   7.3076923076923076E-003   1.1538461538461537E-003   298.00000000001540        1.1799659530825413E-031
   7.3076923076923076E-003   1.5384615384615385E-003   298.00000000001916        1.1799659530826345E-031
   7.3076923076923076E-003   1.9230769230769232E-003   298.00000000002365        1.1799659530827445E-031
   7.3076923076923076E-003   2.3076923076923075E-003   298.00000000002825        1.1799659530828658E-031
   7.3076923076923076E-003   2.6923076923076922E-003   298.00000000003291        1.1799659530829844E-031
   7.3076923076923076E-003   3.0769230769230769E-003   298.00000000003763        1.1799659530831062E-031
   7.3076923076923076E-003   3.4615384615384616E-003   298.00000000004206        1.1799659530832113E-031
   7.3076923076923076E-003   3.8461538461538464E-003   298.00000000004638        1.1799659530833306E-031
   7.3076923076923076E-003   4.2307692307692307E-003   298.00000000004991        1.1799659530834223E-031
   7.3076923076923076E-003   4.6153846153846149E-003   298.00000000005275        1.1799659530834994E-031
   7.3076923076923076E-003   5.0000000000000001E-003   298.00000000005355        1.1799659530835272E-031
   7.3076923076923076E-003   5.3846153846153844E-003   298.00000000005275        1.1799659530835009E-031
   7.3076923076923076E-003   5.7692307692307696E-003   298.00000000005002        1.1799659530834206E-031
   7.3076923076923076E-003   6.1538461538461538E-003   298.00000000004638        1.1799659530833315E-031
   7.3076923076923076E-003   6.5384615384615381E-003   298.00000000004201        1.1799659530832073E-031
   7.3076923076923076E-003   6.9230769230769233E-003   298.00000000003752        1.1799659530830961E-031
   7.3076923076923076E-003   7.3076923076923076E-003   298.00000000003286        1.1799659530829809E-031
   7.3076923076923076E-003   7.6923076923076927E-003   298.00000000002814        1.1799659530828570E-031
   7.3076923076923076E-003   8.0769230769230770E-003   298.00000000002359        1.1799659530827394E-031
   7.3076923076923076E-003   8.4615384615384613E-003   298.00000000001887        1.1799659530826218E-031
   7.3076923076923076E-003   8.8461538461538456E-003   298.00000000001438        1.1799659530825159E-031
   7.3076923076923076E-003   9.2307692307692299E-003   298.00000000001086        1.1799659530824211E-031
   7.3076923076923076E-003   9.6153846153846159E-003   298.00000000000870        1.1799659530822860E-031

   7.6923076923076927E-003   3.8461538461538462E-004   298.00000000000148        1.1799659530821888E-031
   7.6923076923076927E-003   7.6923076923076923E-004   298.00000000000165        1.1799659530821923E-031
   7.6923076923076927E-003   1.1538461538461537E-003   298.00000000000199        1.1799659530821975E-031
   7.6923076923076927E-003   1.5384615384615385E-003   298.00000000000239        1.1799659530822043E-031
   7.6923076923076927E-003   1.9230769230769232E-003   298.00000000000296        1.1799659530822148E-031
   7.6923076923076927E-003   2.3076923076923075E-003   298.00000000000358        1.1799659530822297E-031
   7.6923076923076927E-003   2.6923076923076922E-003   298.00000000000409        1.1799659530822417E-031
   7.6923076923076927E-003   3.0769230769230769E-003   298.00000000000449        1.1799659530822505E-031
   7.6923076923076927E-003   3.4615384615384616E-003   298.00000000000500        1.1799659530822621E-031
   7.6923076923076927E-003   3.8461538461538464E-003   298.00000000000546        1.1799659530822766E-031
   7.6923076923076927E-003   4.2307692307692307E-003   298.00000000000597        1.1799659530822844E-031
   7.6923076923076927E-003   4.6153846153846149E-003   298.00000000000620        1.1799659530822921E-031
   7.6923076923076927E-003   5.0000000000000001E-003   298.00000000000637        1.1799659530822934E-031
   7.6923076923076927E-003   5.3846153846153844E-003   298.00000000000620        1.1799659530822923E-031
   7.6923076923076927E-003   5.7692307692307696E-003   298.00000000000591        1.1799659530822847E-031
   7.6923076923076927E-003   6.1538461538461538E-003   298.00000000000546        1.1799659530822770E-031
   7.6923076923076927E-003   6.5384615384615381E-003   298.00000000000495        1.1799659530822621E-031
   7.6923076923076927E-003   6.9230769230769233E-003   298.00000000000443        1.1799659530822505E-031
   7.6923076923076927E-003   7.3076923076923076E-003   298.00000000000409        1.1799659530822411E-031
   7.6923076923076927E-003   7.6923076923076927E-003   298.00000000000358        1.1799659530822269E-031
   7.6923076923076927E-003   8.0769230769230770E-003   298.00000000000290        1.1799659530822098E-031
   7.6923076923076927E-003   8.4615384615384613E-003   298.00000000000239        1.1799659530821984E-031
   7.6923076923076927E-003   8.8461538461538456E-003   298.00000000000199        1.1799659530821905E-031
   7.6923076923076927E-003   9.2307692307692299E-003   298.00000000000159        1.1799659530821824E-031
   7.6923076923076927E-003   9.6153846153846159E-003   298.00000000000114        1.1799659530820929E-031

   8.0769230769230770E-003   3.8461538461538462E-004   298.00000000000063        1.1799659530821533E-031
   8.0769230769230770E-003   7.6923076923076923E-004   298.00000000000063        1.1799659530821535E-031
   8.0769230769230770E-003   1.1538461538461537E-003   298.00000000000068        1.1799659530821537E-031
   8.0769230769230770E-003   1.5384615384615385E-003   298.00000000000074        1.1799659530821539E-031
   8.0769230769230770E-003   1.9230769230769232E-003   298.00000000000080        1.1799659530821546E-031
   8.0769230769230770E-003   2.3076923076923075E-003   298.00000000000085        1.1799659530821561E-031
   8.0769230769230770E-003   2.6923076923076922E-003   298.00000000000097        1.1799659530821577E-031
   8.0769230769230770E-003   3.0769230769230769E-003   298.00000000000097        1.1799659530821579E-031
   8.0769230769230770E-003   3.4615384615384616E-003   298.00000000000102        1.1799659530821579E-031
   8.0769230769230770E-003   3.8461538461538464E-003   298.00000000000108        1.1799659530821609E-031
   8.0769230769230770E-003   4.2307692307692307E-003   298.00000000000108        1.1799659530821609E-031
   8.0769230769230770E-003   4.6153846153846149E-003   298.00000000000108        1.1799659530821609E-031
   8.0769230769230770E-003   5.0000000000000001E-003   298.00000000000108        1.1799659530821609E-031
   8.0769230769230770E-003   5.3846153846153844E-003   298.00000000000108        1.1799659530821609E-031
   8.0769230769230770E-003   5.7692307692307696E-003   298.00000000000108        1.1799659530821609E-031
   8.0769230769230770E-003   6.1538461538461538E-003   298.00000000000108        1.1799659530821609E-031
   8.0769230769230770E-003   6.5384615384615381E-003   298.00000000000102        1.1799659530821579E-031
   8.0769230769230770E-003   6.9230769230769233E-003   298.00000000000097        1.1799659530821566E-031
   8.0769230769230770E-003   7.3076923076923076E-003   298.00000000000097        1.1799659530821553E-031
   8.0769230769230770E-003   7.6923076923076927E-003   298.00000000000091        1.1799659530821528E-031
   8.0769230769230770E-003   8.0769230769230770E-003   298.00000000000080        1.1799659530821493E-031
   8.0769230769230770E-003   8.4615384615384613E-003   298.00000000000074        1.1799659530821469E-031
   8.0769230769230770E-003   8.8461538461538456E-003   298.00000000000068        1.1799659530821454E-031
   8.0769230769230770E-003   9.2307692307692299E-003   298.00000000000063        1.1799659530821428E-031
   8.0769230769230770E-003   9.6153846153846159E-003   298.00000000000028        1.1799659530820644E-031

   8.4615384615384613E-003   3.8461538461538462E-004   298.00000000000034        1.1799659530821469E-031
   8.4615384615384613E-003   7.6923076923076923E-004   298.00000000000034        1.1799659530821458E-031
   8.4615384615384613E-003   1.1538461538461537E-003   298.00000000000034        1.1799659530821447E-031
   8.4615384615384613E-003   1.5384615384615385E-003   298.00000000000034        1.1799659530821434E-031
   8.4615384615384613E-003   1.9230769230769232E-003   298.00000000000034        1.1799659530821423E-031
   8.4615384615384613E-003   2.3076923076923075E-003   298.00000000000034        1.1799659530821410E-031
   8.4615384615384613E-003   2.6923076923076922E-003   298.00000000000034        1.1799659530821399E-031
   8.4615384615384613E-003   3.0769230769230769E-003   298.00000000000034        1.1799659530821386E-031
   8.4615384615384613E-003   3.4615384615384616E-003   298.00000000000034        1.1799659530821375E-031
   8.4615384615384613E-003   3.8461538461538464E-003   298.00000000000040        1.1799659530821362E-031
   8.4615384615384613E-003   4.2307692307692307E-003   298.00000000000040        1.1799659530821362E-031
   8.4615384615384613E-003   4.6153846153846149E-003   298.00000000000040        1.1799659530821362E-031
   8.4615384615384613E-003   5.0000000000000001E-003   298.00000000000040        1.1799659530821362E-031
   8.4615384615384613E-003   5.3846153846153844E-003   298.00000000000040        1.1799659530821362E-031
   8.4615384615384613E-003   5.7692307692307696E-003   298.00000000000040        1.1799659530821362E-031
   8.4615384615384613E-003   6.1538461538461538E-003   298.00000000000040        1.1799659530821362E-031
   8.4615384615384613E-003   6.5384615384615381E-003   298.00000000000034        1.1799659530821362E-031
   8.4615384615384613E-003   6.9230769230769233E-003   298.00000000000034        1.1799659530821362E-031
   8.4615384615384613E-003   7.3076923076923076E-003   298.00000000000034        1.1799659530821362E-031
   8.4615384615384613E-003   7.6923076923076927E-003   298.00000000000034        1.1799659530821362E-031
   8.4615384615384613E-003   8.0769230769230770E-003   298.00000000000034        1.1799659530821351E-031
   8.4615384615384613E-003   8.4615384615384613E-003   298.00000000000034        1.1799659530821351E-031
   8.4615384615384613E-003   8.8461538461538456E-003   298.00000000000034        1.1799659530821351E-031
   8.4615384615384613E-003   9.2307692307692299E-003   298.00000000000034        1.1799659530821338E-031
   8.4615384615384613E-003   9.6153846153846159E-003   298.00000000000006        1.1799659530820620E-031

   8.8461538461538456E-003   3.8461538461538462E-004   298.00000000000034        1.1799659530821434E-031
   8.8461538461538456E-003   7.6923076923076923E-004   298.00000000000034        1.1799659530821423E-031
   8.8461538461538456E-003   1.1538461538461537E-003   298.00000000000034        1.1799659530821410E-031
   8.8461538461538456E-003   1.5384615384615385E-003   298.00000000000034        1.1799659530821399E-031
   8.8461538461538456E-003   1.9230769230769232E-003   298.00000000000034        1.1799659530821386E-031
   8.8461538461538456E-003   2.3076923076923075E-003   298.00000000000034        1.1799659530821375E-031
   8.8461538461538456E-003   2.6923076923076922E-003   298.00000000000034        1.1799659530821362E-031
   8.8461538461538456E-003   3.0769230769230769E-003   298.00000000000034        1.1799659530821351E-031
   8.8461538461538456E-003   3.4615384615384616E-003   298.00000000000034        1.1799659530821338E-031
   8.8461538461538456E-003   3.8461538461538464E-003   298.00000000000034        1.1799659530821327E-031
   8.8461538461538456E-003   4.2307692307692307E-003   298.00000000000034        1.1799659530821314E-031
   8.8461538461538456E-003   4.6153846153846149E-003   298.00000000000034        1.1799659530821314E-031
   8.8461538461538456E-003   5.0000000000000001E-003   298.00000000000034        1.1799659530821314E-031
   8.8461538461538456E-003   5.3846153846153844E-003   298.00000000000034        1.1799659530821314E-031
   8.8461538461538456E-003   5.7692307692307696E-003   298.00000000000034        1.1799659530821314E-031
   8.8461538461538456E-003   6.1538461538461538E-003   298.00000000000034        1.1799659530821314E-031
   8.8461538461538456E-003   6.5384615384615381E-003   298.00000000000034        1.1799659530821314E-031
   8.8461538461538456E-003   6.9230769230769233E-003   298.00000000000034        1.1799659530821314E-031
   8.8461538461538456E-003   7.3076923076923076E-003   298.00000000000034        1.1799659530821314E-031
   8.8461538461538456E-003   7.6923076923076927E-003   298.00000000000034        1.1799659530821314E-031
   8.8461538461538456E-003   8.0769230769230770E-003   298.00000000000034        1.1799659530821303E-031
   8.8461538461538456E-003   8.4615384615384613E-003   298.00000000000034        1.1799659530821303E-031
   8.8461538461538456E-003   8.8461538461538456E-003   298.00000000000034        1.1799659530821303E-031
   8.8461538461538456E-003   9.2307692307692299E-003   298.00000000000034        1.1799659530821290E-031
   8.8461538461538456E-003   9.6153846153846159E-003   298.00000000000006        1.1799659530820607E-031

   9.2307692307692299E-003   3.8461538461538462E-004   298.00000000000034        1.1799659530821399E-031
   9.2307692307692299E-003   7.6923076923076923E-004   298.00000000000034        1.1799659530821386E-031
   9.2307692307692299E-003   1.1538461538461537E-003   298.00000000000034        1.1799659530821375E-031
   9.2307692307692299E-003   1.5384615384615385E-003   298.00000000000034        1.1799659530821362E-031
   9.2307692307692299E-003   1.9230769230769232E-003   298.00000000000034        1.1799659530821351E-031
   9.2307692307692299E-003   2.3076923076923075E-003   298.00000000000034        1.1799659530821338E-031
   9.2307692307692299E-003   2.6923076923076922E-003   298.00000000000034        1.1799659530821327E-031
   9.2307692307692299E-003   3.0769230769230769E-003   298.00000000000034        1.1799659530821314E-031
   9.2307692307692299E-003   3.4615384615384616E-003   298.00000000000034        1.1799659530821303E-031
   9.2307692307692299E-003   3.8461538461538464E-003   298.00000000000034        1.1799659530821290E-031
   9.2307692307692299E-003   4.2307692307692307E-003   298.00000000000034        1.1799659530821279E-031
   9.2307692307692299E-003   4.6153846153846149E-003   298.00000000000034        1.1799659530821266E-031
   9.2307692307692299E-003   5.0000000000000001E-003   298.00000000000034        1.1799659530821266E-031
   9.2307692307692299E-003   5.3846153846153844E-003   298.00000000000034        1.1799659530821266E-031
   9.2307692307692299E-003   5.7692307692307696E-003   298.00000000000034        1.1799659530821266E-031
   9.2307692307692299E-003   6.1538461538461538E-003   298.00000000000034        1.1799659530821266E-031
   9.2307692307692299E-003   6.5384615384615381E-003   298.00000000000034        1.1799659530821266E-031
   9.2307692307692299E-003   6.9230769230769233E-003   298.00000000000034        1.1799659530821266E-031
   9.2307692307692299E-003   7.3076923076923076E-003   298.00000000000034        1.1799659530821266E-031
   9.2307692307692299E-003   7.6923076923076927E-003   298.00000000000034        1.1799659530821266E-031
   9.2307692307692299E-003   8.0769230769230770E-003   298.00000000000034        1.1799659530821255E-031
   9.2307692307692299E-003   8.4615384615384613E-003   298.00000000000034        1.1799659530821255E-031
   9.2307692307692299E-003   8.8461538461538456E-003   298.00000000000034        1.1799659530821255E-031
   9.2307692307692299E-003   9.2307692307692299E-003   298.00000000000034        1.1799659530821242E-031
   9.2307692307692299E-003   9.6153846153846159E-003   298.00000000000006        1.1799659530820594E-031

   9.6153846153846159E-003   3.8461538461538462E-004   298.00000000000006        1.1799659530820637E-031
   9.6153846153846159E-003   7.6923076923076923E-004   298.00000000000006        1.1799659530820633E-031
   9.6153846153846159E-003   1.1538461538461537E-003   298.00000000000006        1.1799659530820631E-031
   9.6153846153846159E-003   1.5384615384615385E-003   298.00000000000006        1.1799659530820626E-031
   9.6153846153846159E-003   1.9230769230769232E-003   298.00000000000006        1.1799659530820624E-031
   9.6153846153846159E-003   2.3076923076923075E-003   298.00000000000006        1.1799659530820620E-031
   9.6153846153846159E-003   2.6923076923076922E-003   298.00000000000006        1.1799659530820618E-031
   9.6153846153846159E-003   3.0769230769230769E-003   298.00000000000006        1.1799659530820613E-031
   9.6153846153846159E-003   3.4615384615384616E-003   298.00000000000006        1.1799659530820611E-031
   9.6153846153846159E-003   3.8461538461538464E-003   298.00000000000006        1.1799659530820607E-031
   9.6153846153846159E-003   4.2307692307692307E-003   298.00000000000006        1.1799659530820604E-031
   9.6153846153846159E-003   4.6153846153846149E-003   298.00000000000006        1.1799659530820600E-031
   9.6153846153846159E-003   5.0000000000000001E-003   298.00000000000006        1.1799659530820598E-031
   9.6153846153846159E-003   5.3846153846153844E-003   298.00000000000006        1.1799659530820598E-031
   9.6153846153846159E-003   5.7692307692307696E-003   298.00000000000006        1.1799659530820598E-031
   9.6153846153846159E-003   6.1538461538461538E-003   298.00000000000006        1.1799659530820598E-031
   9.6153846153846159E-003   6.5384615384615381E-003   298.00000000000006        1.1799659530820598E-031
   9.6153846153846159E-003   6.9230769230769233E-003   298.00000000000006        1.1799659530820598E-031
   9.6153846153846159E-003   7.3076923076923076E-003   298.00000000000006        1.1799659530820598E-031
   9.6153846153846159E-003   7.6923076923076927E-003   298.00000000000006        1.1799659530820598E-031
   9.6153846153846159E-003   8.0769230769230770E-003   298.00000000000006        1.1799659530820594E-031
   9.6153846153846159E-003   8.4615384615384613E-003   298.00000000000006        1.1799659530820594E-031
   9.6153846153846159E-003   8.8461538461538456E-003   298.00000000000006        1.1799659530820594E-031
   9.6153846153846159E-003   9.2307692307692299E-003   298.00000000000006        1.1799659530820591E-031
   9.6153846153846159E-003   9.6153846153846159E-003   298.00000000000000        1.1799659530820447E-031

