   3.8461538461538462E-004   3.8461538461538462E-004   477.21246288894213        2.3087865459112104E-014
   3.8461538461538462E-004   7.6923076923076923E-004   490.84678319469663        1.5592667119546267E-013
   3.8461538461538462E-004   1.1538461538461537E-003   513.36910343126442        2.9252074391531192E-012
   3.8461538461538462E-004   1.5384615384615385E-003   541.90799217063795        8.4568072116489232E-011
   3.8461538461538462E-004   1.9230769230769232E-003   574.44026474366353        2.6034303966553875E-009
   3.8461538461538462E-004   2.3076923076923075E-003   609.38169269344110        6.8719191731218172E-008
   3.8461538461538462E-004   2.6923076923076922E-003   645.38989956180887        1.3824729697842977E-006
   3.8461538461538462E-004   3.0769230769230769E-003   681.26389723241073        1.9995744247691146E-005
   3.8461538461538462E-004   3.4615384615384616E-003   715.91552952378436        2.0270858780433590E-004
   3.8461538461538462E-004   3.8461538461538464E-003   748.40973927513630        1.4260957225113596E-003
   3.8461538461538462E-004   4.2307692307692307E-003   777.89006324580885        6.8797421574776779E-003
   3.8461538461538462E-004   4.6153846153846149E-003   802.38668454530500        2.1515267196673835E-002
   3.8461538461538462E-004   5.0000000000000001E-003   814.63683904657341        3.5749926817180831E-002
   3.8461538461538462E-004   5.3846153846153844E-003   802.06999722358250        2.1248424875156723E-002
   3.8461538461538462E-004   5.7692307692307696E-003   777.34416088124783        6.7090490628609273E-003
   3.8461538461538462E-004   6.1538461538461538E-003   747.62039577019038        1.3680631515010097E-003
   3.8461538461538462E-004   6.5384615384615381E-003   714.80926373904754        1.8984426398081054E-004
   3.8461538461538462E-004   6.9230769230769233E-003   679.74007895815043        1.8063959184118335E-005
   3.8461538461538462E-004   7.3076923076923076E-003   643.32106630417059        1.1828642628633444E-006
   3.8461538461538462E-004   7.6923076923076927E-003   606.60055406727713        5.4158905582730433E-008
   3.8461538461538462E-004   8.0769230769230770E-003   570.71759638570836        1.8113257862672710E-009
   3.8461538461538462E-004   8.4615384615384613E-003   536.91230668357116        4.8653186558803755E-011
   3.8461538461538462E-004   8.8461538461538456E-003   506.58066630865119        1.2555705539617852E-012
   3.8461538461538462E-004   9.2307692307692299E-003   481.34743702470649        4.2103355234242994E-014
   3.8461538461538462E-004   9.6153846153846159E-003   463.09956911369608        2.8614833098090486E-015

   7.6923076923076923E-004   3.8461538461538462E-004   460.19309298854881        1.8273426426958329E-015
   7.6923076923076923E-004   7.6923076923076923E-004   469.19457608259819        7.1435364440414945E-015
   7.6923076923076923E-004   1.1538461538461537E-003   485.30123273682989        7.2151973907343741E-014
   7.6923076923076923E-004   1.5384615384615385E-003   506.63076485890656        1.2293902756512854E-012
   7.6923076923076923E-004   1.9230769230769232E-003   531.56242259867338        2.5330104371776678E-011
   7.6923076923076923E-004   2.3076923076923075E-003   558.70512637389629        5.0191775134754501E-010
   7.6923076923076923E-004   2.6923076923076922E-003   586.82334911069665        8.2673494642587974E-009
   7.6923076923076923E-004   3.0769230769230769E-003   614.77198407228229        1.0360725090342287E-007
   7.6923076923076923E-004   3.4615384615384616E-003   641.44509593224427        9.3604441617985801E-007
   7.6923076923076923E-004   3.8461538461538464E-003   665.71602968931631        5.8705566751523692E-006
   7.6923076923076923E-004   4.2307692307692307E-003   686.27326498843127        2.4551721843149913E-005
   7.6923076923076923E-004   4.6153846153846149E-003   701.14835943476191        6.3940319998772056E-005
   7.6923076923076923E-004   5.0000000000000001E-003   707.06859891214310        9.1576816620313192E-005
   7.6923076923076923E-004   5.3846153846153844E-003   700.90484954751446        6.3034733925520923E-005
   7.6923076923076923E-004   5.7692307692307696E-003   685.79441816083795        2.3822886625873099E-005
   7.6923076923076923E-004   6.1538461538461538E-003   664.97713819044191        5.5812202129503973E-006
   7.6923076923076923E-004   6.5384615384615381E-003   640.38832027041474        8.6482576730669522E-007
   7.6923076923076923E-004   6.9230769230769233E-003   613.31271506199494        9.1845520376471238E-008
   7.6923076923076923E-004   7.3076923076923076E-003   584.84980044881388        6.8994788277554134E-009
   7.6923076923076923E-004   7.6923076923076927E-003   556.07222471983448        3.8356945951575552E-010
   7.6923076923076923E-004   8.0769230769230770E-003   528.08179086616258        1.7039763918404978E-011
   7.6923076923076923E-004   8.4615384615384613E-003   502.05805886255121        6.8941644139573560E-013
   7.6923076923076923E-004   8.8461538461538456E-003   479.32852700508943        3.1450864787451605E-014
   7.6923076923076923E-004   9.2307692307692299E-003   461.49172536548855        2.2507147452464738E-015
   7.6923076923076923E-004   9.6153846153846159E-003   450.71241796785404        4.1269255493300716E-016

   1.1538461538461537E-003   3.8461538461538462E-004   440.05519729144447        7.1786017452222941E-017
   1.1538461538461537E-003   7.6923076923076923E-004   446.35398055931728        2.0408451197721402E-016
   1.1538461538461537E-003   1.1538461538461537E-003   458.04736419468577        1.3151282334702536E-015
   1.1538461538461537E-003   1.5384615384615385E-003   473.96047997400410        1.4314271908377837E-014
   1.1538461538461537E-003   1.9230769230769232E-003   492.89983454803229        2.0059050871961509E-013
   1.1538461538461537E-003   2.3076923076923075E-003   513.73608614586260        2.9233507410288487E-012
   1.1538461538461537E-003   2.6923076923076922E-003   535.40699468537002        3.7996792593473204E-011
   1.1538461538461537E-003   3.0769230769230769E-003   556.89281468187710        3.9619248795045187E-010
   1.1538461538461537E-003   3.4615384615384616E-003   577.18212073963787        3.0786292686132383E-009
   1.1538461538461537E-003   3.8461538461538464E-003   595.22607124720628        1.6849760087517752E-008
   1.1538461538461537E-003   4.2307692307692307E-003   609.86356775061302        6.1586775182312167E-008
   1.1538461538461537E-003   4.6153846153846149E-003   619.71967305238536        1.4118218110319802E-007
   1.1538461538461537E-003   5.0000000000000001E-003   623.25563353373184        1.8837270413699082E-007
   1.1538461538461537E-003   5.3846153846153844E-003   619.50898754244690        1.3887213992417198E-007
   1.1538461538461537E-003   5.7692307692307696E-003   609.43294358881667        5.9457084454128510E-008
   1.1538461538461537E-003   6.1538461538461538E-003   594.54739554533796        1.5886466929167952E-008
   1.1538461538461537E-003   6.5384615384615381E-003   576.20589366384047        2.8109121615509081E-009
   1.1538461538461537E-003   6.9230769230769233E-003   555.54874819268684        3.4587527638582370E-010
   1.1538461538461537E-003   7.3076923076923076E-003   533.60388636986522        3.1143952091223406E-011
   1.1538461538461537E-003   7.6923076923076927E-003   511.36095766462472        2.1941694854644097E-012
   1.1538461538461537E-003   8.0769230769230770E-003   489.81848735260206        1.3344828309605076E-013
   1.1538461538461537E-003   8.4615384615384613E-003   470.02458196021189        8.1183717227282982E-015
   1.1538461538461537E-003   8.8461538461538456E-003   453.12113552570344        6.1191554604974076E-016
   1.1538461538461537E-003   9.2307692307692299E-003   440.39262987082452        7.6544805319715851E-017
   1.1538461538461537E-003   9.6153846153846159E-003   433.29684564396894        2.2767610574906091E-017

   1.5384615384615385E-003   3.8461538461538462E-004   419.28051989501546        1.8728606699338284E-018
   1.5384615384615385E-003   7.6923076923076923E-004   423.81568634572903        4.2875181614948451E-018
   1.5384615384615385E-003   1.1538461538461537E-003   432.38590190541129        1.9555659629509700E-017
   1.5384615384615385E-003   1.5384615384615385E-003   444.24089480535662        1.4484319347860894E-016
   1.5384615384615385E-003   1.9230769230769232E-003   458.52396864971212        1.4086272465828313E-015
   1.5384615384615385E-003   2.3076923076923075E-003   474.35695892119867        1.4938036677762185E-014
   1.5384615384615385E-003   2.6923076923076922E-003   490.87087181513920        1.4904476108057547E-013
   1.5384615384615385E-003   3.0769230769230769E-003   507.20799729985225        1.2513611273038707E-012
   1.5384615384615385E-003   3.4615384615384616E-003   522.51121103100866        8.1275838011697188E-012
   1.5384615384615385E-003   3.8461538461538464E-003   535.90863465055202        3.8210568424749336E-011
   1.5384615384615385E-003   4.2307692307692307E-003   546.50119169440143        1.2272430858561774E-010
   1.5384615384615385E-003   4.6153846153846149E-003   553.37826571298535        2.5489359061422012E-010
   1.5384615384615385E-003   5.0000000000000001E-003   555.73593547300061        3.2592542673548461E-010
   1.5384615384615385E-003   5.3846153846153844E-003   553.19200934295372        2.5020107902783156E-010
   1.5384615384615385E-003   5.7692307692307696E-003   546.11685114195870        1.1796846553249149E-010
   1.5384615384615385E-003   6.1538461538461538E-003   535.30019866586770        3.5787902075200525E-011
   1.5384615384615385E-003   6.5384615384615381E-003   521.63745565848478        7.3565809244488754E-012
   1.5384615384615385E-003   6.9230769230769233E-003   506.01281198227616        1.0816427988133281E-012
   1.5384615384615385E-003   7.3076923076923076E-003   489.28438631917322        1.2104791551871144E-013
   1.5384615384615385E-003   7.6923076923076927E-003   472.29808359837193        1.1164682672450563E-014
   1.5384615384615385E-003   8.0769230769230770E-003   455.90643598236829        9.4539872636224443E-016
   1.5384615384615385E-003   8.4615384615384613E-003   440.98697860616164        8.5145099143426438E-017
   1.5384615384615385E-003   8.8461538461538456E-003   428.45518571364778        9.8963160837503811E-018
   1.5384615384615385E-003   9.2307692307692299E-003   419.25875764381914        1.8781791986371107E-018
   1.5384615384615385E-003   9.6153846153846159E-003   414.31757880929155        7.4569750623332867E-019

   1.9230769230769232E-003   3.8461538461538462E-004   399.31765502825959        4.0244824968037973E-020
   1.9230769230769232E-003   7.6923076923076923E-004   402.62440141158720        7.8215091418216100E-020
   1.9230769230769232E-003   1.1538461538461537E-003   408.93017027978345        2.6955844174299302E-019
   1.9230769230769232E-003   1.5384615384615385E-003   417.73842375687019        1.4258198765359862E-018
   1.9230769230769232E-003   1.9230769230769232E-003   428.43628433257231        9.8318784705161771E-018
   1.9230769230769232E-003   2.3076923076923075E-003   440.35717570611627        7.5699768099975466E-017
   1.9230769230769232E-003   2.6923076923076922E-003   452.81490171057476        5.6968127842965669E-016
   1.9230769230769232E-003   3.0769230769230769E-003   465.11843435203059        3.7602720816208586E-015
   1.9230769230769232E-003   3.4615384615384616E-003   476.57726072941790        1.9967778541272226E-014
   1.9230769230769232E-003   3.8461538461538464E-003   486.50597573929872        7.9555210191125746E-014
   1.9230769230769232E-003   4.2307692307692307E-003   494.23790098870916        2.2440980226198338E-013
   1.9230769230769232E-003   4.6153846153846149E-003   499.16333840685587        4.2692525266386803E-013
   1.9230769230769232E-003   5.0000000000000001E-003   500.81466559484579        5.2819512862187738E-013
   1.9230769230769232E-003   5.3846153846153844E-003   499.00059107346482        4.1844661528826172E-013
   1.9230769230769232E-003   5.7692307692307696E-003   493.90175441437691        2.1509170249582357E-013
   1.9230769230769232E-003   6.1538461538461538E-003   485.97468633165920        7.4213000204009410E-014
   1.9230769230769232E-003   6.5384615384615381E-003   475.81805621033681        1.7993720749196903E-014
   1.9230769230769232E-003   6.9230769230769233E-003   464.08846994159552        3.2392283579047912E-015
   1.9230769230769232E-003   7.3076923076923076E-003   451.46338967168970        4.6281329206387373E-016
   1.9230769230769232E-003   7.6923076923076927E-003   438.62943607168552        5.7070949647268954E-017
   1.9230769230769232E-003   8.0769230769230770E-003   426.28116846184446        6.7620737971773231E-018
   1.9230769230769232E-003   8.4615384615384613E-003   415.12130158643333        8.8180272945096113E-019
   1.9230769230769232E-003   8.8461538461538456E-003   405.85387552867786        1.4912513284564332E-019
   1.9230769230769232E-003   9.2307692307692299E-003   399.15813961208869        3.9215125715807761E-020
   1.9230769230769232E-003   9.6153846153846159E-003   395.62398845526099        1.9022415855848432E-020

   2.3076923076923075E-003   3.8461538461538462E-004   381.00291876397580        8.5336965111953846E-022
   2.3076923076923075E-003   7.6923076923076923E-004   383.42329369944662        1.4534020459302824E-021
   2.3076923076923075E-003   1.1538461538461537E-003   388.06132290340821        3.9581331016573756E-021
   2.3076923076923075E-003   1.5384615384615385E-003   394.57827821281063        1.5545502435336951E-020
   2.3076923076923075E-003   1.9230769230769232E-003   402.53449361261471        7.7787594618686461E-020
   2.3076923076923075E-003   2.3076923076923075E-003   411.43149837752196        4.3750573427243417E-019
   2.3076923076923075E-003   2.6923076923076922E-003   420.74119173370440        2.4662089051786644E-018
   2.3076923076923075E-003   3.0769230769230769E-003   429.92428788879749        1.2622129405370056E-017
   2.3076923076923075E-003   3.4615384615384616E-003   438.44320069799483        5.4009313870863643E-017
   2.3076923076923075E-003   3.8461538461538464E-003   445.77538049564424        1.8052267160826597E-016
   2.3076923076923075E-003   4.2307692307692307E-003   451.43365141498811        4.4592381485442702E-016
   2.3076923076923075E-003   4.6153846153846149E-003   455.00050667847472        7.7945117369776485E-016
   2.3076923076923075E-003   5.0000000000000001E-003   456.18052296751813        9.3605405101288592E-016
   2.3076923076923075E-003   5.3846153846153844E-003   454.86129733343790        7.6351720759984084E-016
   2.3076923076923075E-003   5.7692307692307696E-003   451.14661001304455        4.2699335728629551E-016
   2.3076923076923075E-003   6.1538461538461538E-003   445.32341203175821        1.6826433748583083E-016
   2.3076923076923075E-003   6.5384615384615381E-003   437.80135277691807        4.8688676159413075E-017
   2.3076923076923075E-003   6.9230769230769233E-003   429.06114148625795        1.0909890974426427E-017
   2.3076923076923075E-003   7.3076923076923076E-003   419.62138922723500        2.0222037803527314E-018
   2.3076923076923075E-003   7.6923076923076927E-003   410.01996344788023        3.3633754550529541E-019
   2.3076923076923075E-003   8.0769230769230770E-003   400.80310632165140        5.5445886996682879E-020
   2.3076923076923075E-003   8.4615384615384613E-003   392.51575460062730        1.0198361639477271E-020
   2.3076923076923075E-003   8.8461538461538456E-003   385.68631749400060        2.3919747742172557E-021
   2.3076923076923075E-003   9.2307692307692299E-003   380.79836499383208        8.2051192967602684E-022
   2.3076923076923075E-003   9.6153846153846159E-003   378.24203806693600        4.6371195236869663E-022

   2.6923076923076922E-003   3.8461538461538462E-004   364.77350077119877        2.0865957116719438E-023
   2.6923076923076922E-003   7.6923076923076923E-004   366.54294158314377        3.1838539811177991E-023
   2.6923076923076922E-003   1.1538461538461537E-003   369.94279889737930        7.0910303849593104E-023
   2.6923076923076922E-003   1.5384615384615385E-003   374.73719832540621        2.1403336351799320E-022
   2.6923076923076922E-003   1.9230769230769232E-003   380.60998270426700        7.9771716488162148E-022
   2.6923076923076922E-003   2.3076923076923075E-003   387.19244360081592        3.3255984126232133E-021
   2.6923076923076922E-003   2.6923076923076922E-003   394.08602863897818        1.4100565576479354E-020
   2.6923076923076922E-003   3.0769230769230769E-003   400.87987633025114        5.5803170369983204E-020
   2.6923076923076922E-003   3.4615384615384616E-003   407.16552060068477        1.9135523525130457E-019
   2.6923076923076922E-003   3.8461538461538464E-003   412.55214242495441        5.3412517666455774E-019
   2.6923076923076922E-003   4.2307692307692307E-003   416.68583974529008        1.1535243148503271E-018
   2.6923076923076922E-003   4.6153846153846149E-003   419.27540956292779        1.8544834002771744E-018
   2.6923076923076922E-003   5.0000000000000001E-003   420.12397086303048        2.1645638944848352E-018
   2.6923076923076922E-003   5.3846153846153844E-003   419.15908863824933        1.8172958357959124E-018
   2.6923076923076922E-003   5.7692307692307696E-003   416.44659365183378        1.1057737873257494E-018
   2.6923076923076922E-003   6.1538461538461538E-003   412.17710281421847        4.9909858705061433E-019
   2.6923076923076922E-003   6.5384615384615381E-003   406.63637500600129        1.7338205692490278E-019
   2.6923076923076922E-003   6.9230769230769233E-003   400.17437224369223        4.8695103281124975E-020
   2.6923076923076922E-003   7.3076923076923076E-003   393.18041828168606        1.1756775777217026E-020
   2.6923076923076922E-003   7.6923076923076927E-003   386.06517712798012        2.6280055405320577E-021
   2.6923076923076922E-003   8.0769230769230770E-003   379.24693028166882        5.9345510729082705E-022
   2.6923076923076922E-003   8.4615384615384613E-003   373.13842129232097        1.4944578199390122E-022
   2.6923076923076922E-003   8.8461538461538456E-003   368.13015994465854        4.6632134655176571E-023
   2.6923076923076922E-003   9.2307692307692299E-003   364.56641263614603        1.9967538187222094E-023
   2.6923076923076922E-003   9.6153846153846159E-003   362.71211393378081        1.2758221905154025E-023

   3.0769230769230769E-003   3.8461538461538462E-004   350.79545721474904        6.6915481211082101E-025
   3.0769230769230769E-003   7.6923076923076923E-004   352.08339380483113        9.3091425684686102E-025
   3.0769230769230769E-003   1.1538461538461537E-003   354.56184604097979        1.7458412331318269E-024
   3.0769230769230769E-003   1.5384615384615385E-003   358.06466145677871        4.1849575964576470E-024
   3.0769230769230769E-003   1.9230769230769232E-003   362.36452449212862        1.1966939021531743E-023
   3.0769230769230769E-003   2.3076923076923075E-003   367.19128410057999        3.7824088082976661E-023
   3.0769230769230769E-003   2.6923076923076922E-003   372.24888688899358        1.2243163678876723E-022
   3.0769230769230769E-003   3.0769230769230769E-003   377.23019627240336        3.7782077972611485E-022
   3.0769230769230769E-003   3.4615384615384616E-003   381.83056343030472        1.0427894449123995E-021
   3.0769230769230769E-003   3.8461538461538464E-003   385.76176071416768        2.4370123259420047E-021
   3.0769230769230769E-003   4.2307692307692307E-003   388.76782558785158        4.6119335253623756E-021
   3.0769230769230769E-003   4.6153846153846149E-003   390.64341950601676        6.8341295349223662E-021
   3.0769230769230769E-003   5.0000000000000001E-003   391.25328040354896        7.7625166081441412E-021
   3.0769230769230769E-003   5.3846153846153844E-003   390.54844957100499        6.7060190925151499E-021
   3.0769230769230769E-003   5.7692307692307696E-003   388.57301596135790        4.4343414421136458E-021
   3.0769230769230769E-003   6.1538461538461538E-003   385.45774936214758        2.2895590861813460E-021
   3.0769230769230769E-003   6.5384615384615381E-003   381.40432299605567        9.5339570242223218E-022
   3.0769230769230769E-003   6.9230769230769233E-003   376.66642897517210        3.3445821781312642E-022
   3.0769230769230769E-003   7.3076923076923076E-003   371.53212747934248        1.0435238747040608E-022
   3.0769230769230769E-003   7.6923076923076927E-003   366.30883348474305        3.0877265872540866E-023
   3.0769230769230769E-003   8.0769230769230770E-003   361.31023280490746        9.3216900528570443E-024
   3.0769230769230769E-003   8.4615384615384613E-003   356.84331542301959        3.1087409326332812E-024
   3.0769230769230769E-003   8.8461538461538456E-003   353.19342047860624        1.2419664191346167E-024
   3.0769230769230769E-003   9.2307692307692299E-003   350.60572688688114        6.4070199991770789E-025
   3.0769230769230769E-003   9.6153846153846159E-003   349.26333236009810        4.5277223410357700E-025

   3.4615384615384616E-003   3.8461538461538462E-004   339.05083695799971        3.1004569336542134E-026
   3.4615384615384616E-003   7.6923076923076923E-004   339.98226864111678        3.9924252111623441E-026
   3.4615384615384616E-003   1.1538461538461537E-003   341.77620187596659        6.4741989285784951E-026
   3.4615384615384616E-003   1.5384615384615385E-003   344.31507260967948        1.2729668835155917E-025
   3.4615384615384616E-003   1.9230769230769232E-003   347.43591121190548        2.8855009523637944E-025
   3.4615384615384616E-003   2.3076923076923075E-003   350.94259722422794        7.1194308774289134E-025
   3.4615384615384616E-003   2.6923076923076922E-003   354.61820701483362        1.8017038765569804E-024
   3.4615384615384616E-003   3.0769230769230769E-003   358.23674549925124        4.4156919924317086E-024
   3.4615384615384616E-003   3.4615384615384616E-003   361.57444004734469        9.9436447826557446E-024
   3.4615384615384616E-003   3.8461538461538464E-003   364.42121960719652        1.9651932937676809E-023
   3.4615384615384616E-003   4.2307692307692307E-003   366.59292086972221        3.2824663851811347E-023
   3.4615384615384616E-003   4.6153846153846149E-003   367.94413930813243        4.5042447922352947E-023
   3.4615384615384616E-003   5.0000000000000001E-003   368.38054801933976        4.9879454121134282E-023
   3.4615384615384616E-003   5.3846153846153844E-003   367.86830659326040        4.4289842180824530E-023
   3.4615384615384616E-003   5.7692307692307696E-003   366.43777072899434        3.1702427657320547E-023
   3.4615384615384616E-003   6.1538461538461538E-003   364.18013134693371        1.8603317847272104E-023
   3.4615384615384616E-003   6.5384615384615381E-003   361.23839085285238        9.1986710890181567E-024
   3.4615384615384616E-003   6.9230769230769233E-003   357.79548798675597        3.9775111116755049E-024
   3.4615384615384616E-003   7.3076923076923076E-003   354.06194688515308        1.5743497865040047E-024
   3.4615384615384616E-003   7.6923076923076927E-003   350.26418576198762        6.0154108113648831E-025
   3.4615384615384616E-003   8.0769230769230770E-003   346.63346184779681        2.3531712698733943E-025
   3.4615384615384616E-003   8.4615384615384613E-003   343.39471647052397        1.0026105851725891E-025
   3.4615384615384616E-003   8.8461538461538456E-003   340.75441436216141        4.9445506323033299E-026
   3.4615384615384616E-003   9.2307692307692299E-003   338.88690365083193        2.9801553219273257E-026
   3.4615384615384616E-003   9.6153846153846159E-003   337.91991332778520        2.2880911445434752E-026

   3.8461538461538464E-003   3.8461538461538462E-004   329.40150923146030        2.2081354628410824E-027
   3.8461538461538464E-003   7.6923076923076923E-004   330.06979935096302        2.6675726834112111E-027
   3.8461538461538464E-003   1.1538461538461537E-003   331.35750723655821        3.8330751685569714E-027
   3.8461538461538464E-003   1.5384615384615385E-003   333.18149919990304        6.3796102313492837E-027
   3.8461538461538464E-003   1.9230769230769232E-003   335.42554904572944        1.1862206695290301E-026
   3.8461538461538464E-003   2.3076923076923075E-003   337.94862292756738        2.3621938629959613E-026
   3.8461538461538464E-003   2.6923076923076922E-003   340.59375583591623        4.8167082330351792E-026
   3.8461538461538464E-003   3.0769230769230769E-003   343.19696069185449        9.6193654301774887E-026
   3.8461538461538464E-003   3.4615384615384616E-003   345.59607015709548        1.8047384730745988E-025
   3.8461538461538464E-003   3.8461538461538464E-003   347.63965152358770        3.0656956322679154E-025
   3.8461538461538464E-003   4.2307692307692307E-003   349.19607510312301        4.5728999995159145E-025
   3.8461538461538464E-003   4.6153846153846149E-003   350.16246202284810        5.8529855832668514E-025
   3.8461538461538464E-003   5.0000000000000001E-003   350.47269299280441        6.3355818898930732E-025
   3.8461538461538464E-003   5.3846153846153844E-003   350.10317929632464        5.7698228476652243E-025
   3.8461538461538464E-003   5.7692307692307696E-003   349.07507848974905        4.4403593964239385E-025
   3.8461538461538464E-003   6.1538461538461538E-003   347.45237213100245        2.9277804983445910E-025
   3.8461538461538464E-003   6.5384615384615381E-003   345.33640379812061        1.6915985006105128E-025
   3.8461538461538464E-003   6.9230769230769233E-003   342.85820051725335        8.8277484010628245E-026
   3.8461538461538464E-003   7.3076923076923076E-003   340.16986271277938        4.3175709027203743E-026
   3.8461538461538464E-003   7.6923076923076927E-003   337.43579815210666        2.0643950226295035E-026
   3.8461538461538464E-003   8.0769230769230770E-003   334.82399189634901        1.0100350201819780E-026
   3.8461538461538464E-003   8.4615384615384613E-003   332.49710832955759        5.2983834333913538E-027
   3.8461538461538464E-003   8.8461538461538456E-003   330.60313993267425        3.1157248357648467E-027
   3.8461538461538464E-003   9.2307692307692299E-003   329.26559830711903        2.1347757146509564E-027
   3.8461538461538464E-003   9.6153846153846159E-003   328.57385560537739        1.7538113415284642E-027

   4.2307692307692307E-003   3.8461538461538462E-004   321.63733587072932        2.4896341615193129E-028
   4.2307692307692307E-003   7.6923076923076923E-004   322.11251657881678        2.8552299991429353E-028
   4.2307692307692307E-003   1.1538461538461537E-003   323.02832492370152        3.7162328227979102E-028
   4.2307692307692307E-003   1.5384615384615385E-003   324.32621968084180        5.3915585063161993E-028
   4.2307692307692307E-003   1.9230769230769232E-003   325.92390015502406        8.5031783621297235E-028
   4.2307692307692307E-003   2.3076923076923075E-003   327.72094742660494        1.4145534218863128E-027
   4.2307692307692307E-003   2.6923076923076922E-003   329.60513388054108        2.4019226748676023E-027
   4.2307692307692307E-003   3.0769230769230769E-003   331.45899345470633        4.0264689124914990E-027
   4.2307692307692307E-003   3.4615384615384616E-003   333.16646923389635        6.4550890659484415E-027
   4.2307692307692307E-003   3.8461538461538464E-003   334.61957614099560        9.6178792035626261E-027
   4.2307692307692307E-003   4.2307692307692307E-003   335.72498001192008        1.3003412045055434E-026
   4.2307692307692307E-003   4.6153846153846149E-003   336.41020980952101        1.5666120649066381E-026
   4.2307692307692307E-003   5.0000000000000001E-003   336.62896418972178        1.6627974558027634E-026
   4.2307692307692307E-003   5.3846153846153844E-003   336.36479144169255        1.5485558619611821E-026
   4.2307692307692307E-003   5.7692307692307696E-003   335.63248446436012        1.2698438032694136E-026
   4.2307692307692307E-003   6.1538461538461538E-003   334.47691806682667        9.2693806851385622E-027
   4.2307692307692307E-003   6.5384615384615381E-003   332.96960512780674        6.1312260832296281E-027
   4.2307692307692307E-003   6.9230769230769233E-003   331.20362679684462        3.7633245207744286E-027
   4.2307692307692307E-003   7.3076923076923076E-003   329.28764116271162        2.2059447375232410E-027
   4.2307692307692307E-003   7.6923076923076927E-003   327.33947389805138        1.2753894555258955E-027
   4.2307692307692307E-003   8.0769230769230770E-003   325.47951788235144        7.5262503068596182E-028
   4.2307692307692307E-003   8.4615384615384613E-003   323.82396870971763        4.6904895420992746E-028
   4.2307692307692307E-003   8.8461538461538456E-003   322.47789064509095        3.1863725078253529E-028
   4.2307692307692307E-003   9.2307692307692299E-003   321.52827186593743        2.4230535329619124E-028
   4.2307692307692307E-003   9.6153846153846159E-003   321.03754761462369        2.1026192801252440E-028

   4.6153846153846149E-003   3.8461538461538462E-004   315.51243974209757        4.4701748139579534E-029
   4.6153846153846149E-003   7.6923076923076923E-004   315.84698851359343        4.9151845278753514E-029
   4.6153846153846149E-003   1.1538461538461537E-003   316.49180443137772        5.9038456759182984E-029
   4.6153846153846149E-003   1.5384615384615385E-003   317.40593883565168        7.6593863661272752E-029
   4.6153846153846149E-003   1.9230769230769232E-003   318.53161196580487        1.0558389962556303E-028
   4.6153846153846149E-003   2.3076923076923075E-003   319.79806438571575        1.5151729617159412E-028
   4.6153846153846149E-003   2.6923076923076922E-003   321.12599504761084        2.2118845755386534E-028
   4.6153846153846149E-003   3.0769230769230769E-003   322.43229895501264        3.2065875169883810E-028
   4.6153846153846149E-003   3.4615384615384616E-003   323.63492091143939        4.5093818140780229E-028
   4.6153846153846149E-003   3.8461538461538464E-003   324.65769946988229        6.0213425080745867E-028
   4.6153846153846149E-003   4.2307692307692307E-003   325.43505522835653        7.4974713098045159E-028
   4.6153846153846149E-003   4.6153846153846149E-003   325.91628758045101        8.5861720073376240E-028
   4.6153846153846149E-003   5.0000000000000001E-003   326.06913056608335        8.9656033125778384E-028
   4.6153846153846149E-003   5.3846153846153844E-003   325.88215705268425        8.5098008427361263E-028
   4.6153846153846149E-003   5.7692307692307696E-003   325.36568476080885        7.3620678550413621E-028
   4.6153846153846149E-003   6.1538461538461538E-003   324.55104603443368        5.8540530761517579E-028
   4.6153846153846149E-003   6.5384615384615381E-003   323.48835737792302        4.3369568060123329E-028
   4.6153846153846149E-003   6.9230769230769233E-003   322.24312858863334        3.0480704699411195E-028
   4.6153846153846149E-003   7.3076923076923076E-003   320.89210713210900        2.0765429341422669E-028
   4.6153846153846149E-003   7.6923076923076927E-003   319.51868124289092        1.4044262324307461E-028
   4.6153846153846149E-003   8.0769230769230770E-003   318.20804191983757        9.6657843874613753E-029
   4.6153846153846149E-003   8.4615384615384613E-003   317.04221053564396        6.9333232980919272E-029
   4.6153846153846149E-003   8.8461538461538456E-003   316.09502963859859        5.2952301172863077E-029
   4.6153846153846149E-003   9.2307692307692299E-003   315.42730473231978        4.3806657585404063E-029
   4.6153846153846149E-003   9.6153846153846159E-003   315.08244326208666        3.9727165371786525E-029

   5.0000000000000001E-003   3.8461538461538462E-004   310.77178102361029        1.2643518134992319E-029
   5.0000000000000001E-003   7.6923076923076923E-004   311.00483986278192        1.3442268781084903E-029
   5.0000000000000001E-003   1.1538461538461537E-003   311.45403403480429        1.5139865930796123E-029
   5.0000000000000001E-003   1.5384615384615385E-003   312.09096224408620        1.7950713015974562E-029
   5.0000000000000001E-003   1.9230769230769232E-003   312.87545117732145        2.2191016066945992E-029
   5.0000000000000001E-003   2.3076923076923075E-003   313.75818136539550        2.8242174820754264E-029
   5.0000000000000001E-003   2.6923076923076922E-003   314.68377601072461        3.6449853892886865E-029
   5.0000000000000001E-003   3.0769230769230769E-003   315.59415429078047        4.6928990760389640E-029
   5.0000000000000001E-003   3.4615384615384616E-003   316.43199527161568        5.9287023529773278E-029
   5.0000000000000001E-003   3.8461538461538464E-003   317.14418433160824        7.2369943310922575E-029
   5.0000000000000001E-003   4.2307692307692307E-003   317.68510382434351        8.4235374260192537E-029
   5.0000000000000001E-003   4.6153846153846149E-003   318.01958840433616        9.2546642106543794E-029
   5.0000000000000001E-003   5.0000000000000001E-003   318.12531871391064        9.5361123983428755E-029
   5.0000000000000001E-003   5.3846153846153844E-003   317.99441276018803        9.1948707916112824E-029
   5.0000000000000001E-003   5.7692307692307696E-003   317.63402403797596        8.3133228839627287E-029
   5.0000000000000001E-003   6.1538461538461538E-003   317.06587184161668        7.0920511252584306E-029
   5.0000000000000001E-003   6.5384615384615381E-003   316.32477390790280        5.7664493829976772E-029
   5.0000000000000001E-003   6.9230769230769233E-003   315.45636512422976        4.5283626788880079E-029
   5.0000000000000001E-003   7.3076923076923076E-003   314.51423084099071        3.4884970269804910E-029
   5.0000000000000001E-003   7.6923076923076927E-003   313.55666336164307        2.6810951542818119E-029
   5.0000000000000001E-003   8.0769230769230770E-003   312.64319962454681        2.0906336705051827E-029
   5.0000000000000001E-003   8.4615384615384613E-003   311.83105816126448        1.6799306528373801E-029
   5.0000000000000001E-003   8.8461538461538456E-003   311.17159363899134        1.4094711694332063E-029
   5.0000000000000001E-003   9.2307692307692299E-003   310.70693473171497        1.2470923130924464E-029
   5.0000000000000001E-003   9.6153846153846159E-003   310.46704604998575        1.1712576569393196E-029

   5.3846153846153844E-003   3.8461538461538462E-004   307.16966980656611        5.4060164752264061E-030
   5.3846153846153844E-003   7.6923076923076923E-004   307.33022614382156        5.6056792220864312E-030
   5.3846153846153844E-003   1.1538461538461537E-003   307.63965813287012        6.0165006312751003E-030
   5.3846153846153844E-003   1.5384615384615385E-003   308.07845839851603        6.6627087744469549E-030
   5.3846153846153844E-003   1.9230769230769232E-003   308.61898841869396        7.5745591539245461E-030
   5.3846153846153844E-003   2.3076923076923075E-003   309.22726057499108        8.7783868123248849E-030
   5.3846153846153844E-003   2.6923076923076922E-003   309.86506446437886        1.0280020456242247E-029
   5.3846153846153844E-003   3.0769230769230769E-003   310.49230190252342        1.2042119994334328E-029
   5.3846153846153844E-003   3.4615384615384616E-003   311.06941228022379        1.3960974281745888E-029
   5.3846153846153844E-003   3.8461538461538464E-003   311.55978050727316        1.5854698820814925E-029
   5.3846153846153844E-003   4.2307692307692307E-003   311.93201490995972        1.7477842079345824E-029
   5.3846153846153844E-003   4.6153846153846149E-003   312.16196489891871        1.8570615944257416E-029
   5.3846153846153844E-003   5.0000000000000001E-003   312.23433142284159        1.8932608119622022E-029
   5.3846153846153844E-003   5.3846153846153844E-003   312.14372558235294        1.8490660670443997E-029
   5.3846153846153844E-003   5.7692307692307696E-003   311.89506600298148        1.7325987167146926E-029
   5.3846153846153844E-003   6.1538461538461538E-003   311.50327261429726        1.5645181821411386E-029
   5.3846153846153844E-003   6.5384615384615381E-003   310.99229438959316        1.3711126655297193E-029
   5.3846153846153844E-003   6.9230769230769233E-003   310.39357406190260        1.1769082593399659E-029
   5.3846153846153844E-003   7.3076923076923076E-003   309.74408541977755        9.9981895148944794E-030
   5.3846153846153844E-003   7.6923076923076927E-003   309.08407854961763        8.4980734418512670E-030
   5.3846153846153844E-003   8.0769230769230770E-003   308.45465066345400        7.3018232792798615E-030
   5.3846153846153844E-003   8.4615384615384613E-003   307.89524529868532        6.3999866453720117E-030
   5.3846153846153844E-003   8.8461538461538456E-003   307.44118580332321        5.7635708937391438E-030
   5.3846153846153844E-003   9.2307692307692299E-003   307.12137313788929        5.3606296851422020E-030
   5.3846153846153844E-003   9.6153846153846159E-003   306.95631174309631        5.1660530026074639E-030

   5.7692307692307696E-003   3.8461538461538462E-004   304.48163731438746        3.2013030719418690E-030
   5.7692307692307696E-003   7.6923076923076923E-004   304.59096626608516        3.2662083059472308E-030
   5.7692307692307696E-003   1.1538461538461537E-003   304.80164891151577        3.3967670617313822E-030
   5.7692307692307696E-003   1.5384615384615385E-003   305.10042933556656        3.5948743896602398E-030
   5.7692307692307696E-003   1.9230769230769232E-003   305.46850514355805        3.8615629409739648E-030
   5.7692307692307696E-003   2.3076923076923075E-003   305.88272833787232        4.1947359456961628E-030
   5.7692307692307696E-003   2.6923076923076922E-003   306.31705239995148        4.5861973144618683E-030
   5.7692307692307696E-003   3.0769230769230769E-003   306.74413395844402        5.0185288633890073E-030
   5.7692307692307696E-003   3.4615384615384616E-003   307.13700265014336        5.4629497479871256E-030
   5.7692307692307696E-003   3.8461538461538464E-003   307.47071649080067        5.8797319343692119E-030
   5.7692307692307696E-003   4.2307692307692307E-003   307.72391789498107        6.2225301815057868E-030
   5.7692307692307696E-003   4.6153846153846149E-003   307.88019890795022        6.4467239746902625E-030
   5.7692307692307696E-003   5.0000000000000001E-003   307.92918000712342        6.5198097518125690E-030
   5.7692307692307696E-003   5.3846153846153844E-003   307.86721379739936        6.4301466787329991E-030
   5.7692307692307696E-003   5.7692307692307696E-003   307.69764895036241        6.1903441427716769E-030
   5.7692307692307696E-003   6.1538461538461538E-003   307.43062938396844        5.8337312573705944E-030
   5.7692307692307696E-003   6.5384615384615381E-003   307.08244942167312        5.4054951085394884E-030
   5.7692307692307696E-003   6.9230769230769233E-003   306.67452448294307        4.9522254280907315E-030
   5.7692307692307696E-003   7.3076923076923076E-003   306.23205959800407        4.5135781320469719E-030
   5.7692307692307696E-003   7.6923076923076927E-003   305.78250400783355        4.1180141600675703E-030
   5.7692307692307696E-003   8.0769230769230770E-003   305.35387619185093        3.7824899884852522E-030
   5.7692307692307696E-003   8.4615384615384613E-003   304.97303969720946        3.5147071943591461E-030
   5.7692307692307696E-003   8.8461538461538456E-003   304.66401353782055        3.3163211033241996E-030
   5.7692307692307696E-003   9.2307692307692299E-003   304.44641282435083        3.1859635625329100E-030
   5.7692307692307696E-003   9.6153846153846159E-003   304.33412939863268        3.1215344977997164E-030

   6.1538461538461538E-003   3.8461538461538462E-004   302.51100284017878        2.3566405776784674E-030
   6.1538461538461538E-003   7.6923076923076923E-004   302.58455796728327        2.3822722193745565E-030
   6.1538461538461538E-003   1.1538461538461537E-003   302.72628576014858        2.4330530794347308E-030
   6.1538461538461538E-003   1.5384615384615385E-003   302.92728064126698        2.5082647394535753E-030
   6.1538461538461538E-003   1.9230769230769232E-003   303.17490105838721        2.6063467472205951E-030
   6.1538461538461538E-003   2.3076923076923075E-003   303.45357156911996        2.7243798222186953E-030
   6.1538461538461538E-003   2.6923076923076922E-003   303.74575604374689        2.8575252775181530E-030
   6.1538461538461538E-003   3.0769230769230769E-003   304.03304071373753        2.9985916461495880E-030
   6.1538461538461538E-003   3.4615384615384616E-003   304.29726621755560        3.1379651180116689E-030
   6.1538461538461538E-003   3.8461538461538464E-003   304.52164862608851        3.2641435474963225E-030
   6.1538461538461538E-003   4.2307692307692307E-003   304.69182854266751        3.3649983750010178E-030
   6.1538461538461538E-003   4.6153846153846149E-003   304.79678553951140        3.4296424122771214E-030
   6.1538461538461538E-003   5.0000000000000001E-003   304.82955573704794        3.4504804311759113E-030
   6.1538461538461538E-003   5.3846153846153844E-003   304.78769738981782        3.4248220146719187E-030
   6.1538461538461538E-003   5.7692307692307696E-003   304.67346539599788        3.3554935607048984E-030
   6.1538461538461538E-003   6.1538461538461538E-003   304.49367956542852        3.2502204451574946E-030
   6.1538461538461538E-003   6.5384615384615381E-003   304.25929839726678        3.1200057918339006E-030
   6.1538461538461538E-003   6.9230769230769233E-003   303.98473363794568        2.9770694070218836E-030
   6.1538461538461538E-003   7.3076923076923076E-003   303.68695639822641        2.8329710597455295E-030
   6.1538461538461538E-003   7.6923076923076927E-003   303.38445243625438        2.6973453982031942E-030
   6.1538461538461538E-003   8.0769230769230770E-003   303.09608542327550        2.5773724425374169E-030
   6.1538461538461538E-003   8.4615384615384613E-003   302.83992725139370        2.4778578868499689E-030
   6.1538461538461538E-003   8.8461538461538456E-003   302.63211723299730        2.4016799354668831E-030
   6.1538461538461538E-003   9.2307692307692299E-003   302.48581771942827        2.3503625153590785E-030
   6.1538461538461538E-003   9.6153846153846159E-003   302.41033887187922        2.3246017279164722E-030

   6.5384615384615381E-003   3.8461538461538462E-004   301.09139705059783        1.9752095524653231E-030
   6.5384615384615381E-003   7.6923076923076923E-004   301.14027577954590        1.9868092624996127E-030
   6.5384615384615381E-003   1.1538461538461537E-003   301.23444456920186        2.0095630713413787E-030
   6.5384615384615381E-003   1.5384615384615385E-003   301.36799151612422        2.0427355919601488E-030
   6.5384615384615381E-003   1.9230769230769232E-003   301.53252012858860        2.0851059603951354E-030
   6.5384615384615381E-003   2.3076923076923075E-003   301.71767962305205        2.1348603534986468E-030
   6.5384615384615381E-003   2.6923076923076922E-003   301.91181146998366        2.1895030736941238E-030
   6.5384615384615381E-003   3.0769230769230769E-003   302.10267165538187        2.2458350180112571E-030
   6.5384615384615381E-003   3.4615384615384616E-003   302.27818695156242        2.3000522593073714E-030
   6.5384615384615381E-003   3.8461538461538464E-003   302.42720325757097        2.3480037512738189E-030
   6.5384615384615381E-003   4.2307692307692307E-003   302.54018376513005        2.3856103730120681E-030
   6.5384615384615381E-003   4.6153846153846149E-003   302.60981471870696        2.4093924839208243E-030
   6.5384615384615381E-003   5.0000000000000001E-003   302.63147846461334        2.4169985087380092E-030
   6.5384615384615381E-003   5.3846153846153844E-003   302.60355923017806        2.4075999485770323E-030
   6.5384615384615381E-003   5.7692307692307696E-003   302.52755764856653        2.3820394512668136E-030
   6.5384615384615381E-003   6.1538461538461538E-003   302.40800467370087        2.3426868966265833E-030
   6.5384615384615381E-003   6.5384615384615381E-003   302.25218168401204        2.2930467146992076E-030
   6.5384615384615381E-003   6.9230769230769233E-003   302.06966803793375        2.2372289516825490E-030
   6.5384615384615381E-003   7.3076923076923076E-003   301.87174774468485        2.1794191466860155E-030
   6.5384615384615381E-003   7.6923076923076927E-003   301.67071275236452        2.1234558266642034E-030
   6.5384615384615381E-003   8.0769230769230770E-003   301.47910295914352        2.0725698232407048E-030
   6.5384615384615381E-003   8.4615384615384613E-003   301.30892457088663        2.0292839765911697E-030
   6.5384615384615381E-003   8.8461538461538456E-003   301.17089047071778        1.9954342452981914E-030
   6.5384615384615381E-003   9.2307692307692299E-003   301.07372887063298        1.9722590324743718E-030
   6.5384615384615381E-003   9.6153846153846159E-003   301.02360791792745        1.9605073516858078E-030

   6.9230769230769233E-003   3.8461538461538462E-004   300.08639276214456        1.7825758568771443E-030
   6.9230769230769233E-003   7.6923076923076923E-004   300.11846760980910        1.7883274902978309E-030
   6.9230769230769233E-003   1.1538461538461537E-003   300.18025439738659        1.7995377459640846E-030
   6.9230769230769233E-003   1.5384615384615385E-003   300.26787648341144        1.8157162387182327E-030
   6.9230769230769233E-003   1.9230769230769232E-003   300.37582593411537        1.8361071422302157E-030
   6.9230769230769233E-003   2.3076923076923075E-003   300.49731026763567        1.8596779951444938E-030
   6.9230769230769233E-003   2.6923076923076922E-003   300.62467665732476        1.8851236290912708E-030
   6.9230769230769233E-003   3.0769230769230769E-003   300.74988708323241        1.9108988440916572E-030
   6.9230769230769233E-003   3.4615384615384616E-003   300.86501647185560        1.9352917677757220E-030
   6.9230769230769233E-003   3.8461538461538464E-003   300.96274534421667        1.9565432946970615E-030
   6.9230769230769233E-003   4.2307692307692307E-003   301.03681843042750        1.9730065815590942E-030
   6.9230769230769233E-003   4.6153846153846149E-003   301.08244129564855        1.9833266270800559E-030
   6.9230769230769233E-003   5.0000000000000001E-003   301.09658900870767        1.9866082398365296E-030
   6.9230769230769233E-003   5.3846153846153844E-003   301.07820512900287        1.9825367259367074E-030
   6.9230769230769233E-003   5.7692307692307696E-003   301.02827616958302        1.9714228632223965E-030
   6.9230769230769233E-003   6.1538461538461538E-003   300.94977571362188        1.9541610393040584E-030
   6.9230769230769233E-003   6.5384615384615381E-003   300.84748218145597        1.9321108935760603E-030
   6.9230769230769233E-003   6.9230769230769233E-003   300.72768321507897        1.9069303954788761E-030
   6.9230769230769233E-003   7.3076923076923076E-003   300.59778652180609        1.8803959456431515E-030
   6.9230769230769233E-003   7.6923076923076927E-003   300.46586145467859        1.8542414781645346E-030
   6.9230769230769233E-003   8.0769230769230770E-003   300.34013815262392        1.8300369924859152E-030
   6.9230769230769233E-003   8.4615384615384613E-003   300.22849268200872        1.8091129739576814E-030
   6.9230769230769233E-003   8.8461538461538456E-003   300.13794802298963        1.7925256066537040E-030
   6.9230769230769233E-003   9.2307692307692299E-003   300.07422187317837        1.7810510024097951E-030
   6.9230769230769233E-003   9.6153846153846159E-003   300.04135218254862        1.7751949028374863E-030

   7.3076923076923076E-003   3.8461538461538462E-004   299.38724588347151        1.6779564508388829E-030
   7.3076923076923076E-003   7.6923076923076923E-004   299.40803110875339        1.6809818389239625E-030
   7.3076923076923076E-003   1.1538461538461537E-003   299.44806520429216        1.6868543006156240E-030
   7.3076923076923076E-003   1.5384615384615385E-003   299.50483735022993        1.6952749030009554E-030
   7.3076923076923076E-003   1.9230769230769232E-003   299.57477922919645        1.7057985835652079E-030
   7.3076923076923076E-003   2.3076923076923075E-003   299.65348915527272        1.7178425879875114E-030
   7.3076923076923076E-003   2.6923076923076922E-003   299.73600694131727        1.7307035094755797E-030
   7.3076923076923076E-003   3.0769230769230769E-003   299.81712236609542        1.7435864457395493E-030
   7.3076923076923076E-003   3.4615384615384616E-003   299.89169884784229        1.7556486079417062E-030
   7.3076923076923076E-003   3.8461538461538464E-003   299.95499342342015        1.7660571641811917E-030
   7.3076923076923076E-003   4.2307692307692307E-003   300.00295415775855        1.7740574473883242E-030
   7.3076923076923076E-003   4.6153846153846149E-003   300.03247675832660        1.7790437608320581E-030
   7.3076923076923076E-003   5.0000000000000001E-003   300.04160378910007        1.7806221876880083E-030
   7.3076923076923076E-003   5.3846153846153844E-003   300.02965284225871        1.7786543633406540E-030
   7.3076923076923076E-003   5.7692307692307696E-003   299.99726445489597        1.7732737621633792E-030
   7.3076923076923076E-003   6.1538461538461538E-003   299.94636613685265        1.7648712248461094E-030
   7.3076923076923076E-003   6.5384615384615381E-003   299.88005488686537        1.7540526671835611E-030
   7.3076923076923076E-003   6.9230769230769233E-003   299.80240615385458        1.7415771673154535E-030
   7.3076923076923076E-003   7.3076923076923076E-003   299.71822168285837        1.7282863530032222E-030
   7.3076923076923076E-003   7.6923076923076927E-003   299.63273184133510        1.7150356978596586E-030
   7.3076923076923076E-003   8.0769230769230770E-003   299.55127005811232        1.7026356105753370E-030
   7.3076923076923076E-003   8.4615384615384613E-003   299.47893833894562        1.6918063604476612E-030
   7.3076923076923076E-003   8.8461538461538456E-003   299.42028374627677        1.6831472496754162E-030
   7.3076923076923076E-003   9.2307692307692299E-003   299.37900617679469        1.6771178933922943E-030
   7.3076923076923076E-003   9.6153846153846159E-003   299.35771726819871        1.6740282829188570E-030

   7.6923076923076927E-003   3.8461538461538462E-004   298.90957364550161        1.6185492851759950E-030
   7.6923076923076927E-003   7.6923076923076923E-004   298.92288266262329        1.6202004586832669E-030
   7.6923076923076927E-003   1.1538461538461537E-003   298.94851372304157        1.6233970406001254E-030
   7.6923076923076927E-003   1.5384615384615385E-003   298.98485975151766        1.6279619998793501E-030
   7.6923076923076927E-003   1.9230769230769232E-003   299.02963637987671        1.6336366863126664E-030
   7.6923076923076927E-003   2.3076923076923075E-003   299.08002519951793        1.6400904034336116E-030
   7.6923076923076927E-003   2.6923076923076922E-003   299.13284975357749        1.6469346136020588E-030
   7.6923076923076927E-003   3.0769230769230769E-003   299.18477331366284        1.6537424392889669E-030
   7.6923076923076927E-003   3.4615384615384616E-003   299.23250653609347        1.6600735671988203E-030
   7.6923076923076927E-003   3.8461538461538464E-003   299.27301268859162        1.6655037109238932E-030
   7.6923076923076927E-003   4.2307692307692307E-003   299.30369818570801        1.6696565823315929E-030
   7.6923076923076927E-003   4.6153846153846149E-003   299.32257671286578        1.6722351600047412E-030
   7.6923076923076927E-003   5.0000000000000001E-003   299.32839640903899        1.6730483196290904E-030
   7.6923076923076927E-003   5.3846153846153844E-003   299.32072157236337        1.6720289582597827E-030
   7.6923076923076927E-003   5.7692307692307696E-003   299.29996317324515        1.6692407447219158E-030
   7.6923076923076927E-003   6.1538461538461538E-003   299.26735590997021        1.6648723894020800E-030
   7.6923076923076927E-003   6.5384615384615381E-003   299.22488323141340        1.6592203886970181E-030
   7.6923076923076927E-003   6.9230769230769233E-003   299.17515522047239        1.6526629846217802E-030
   7.6923076923076927E-003   7.3076923076923076E-003   299.12124711773447        1.6456291226828408E-030
   7.6923076923076927E-003   7.6923076923076927E-003   299.06650841743465        1.6385663091607216E-030
   7.6923076923076927E-003   8.0769230769230770E-003   299.01435395026886        1.6319105969113829E-030
   7.6923076923076927E-003   8.4615384615384613E-003   298.96804934763969        1.6260608138371316E-030
   7.6923076923076927E-003   8.8461538461538456E-003   298.93050387348848        1.6213579832255205E-030
   7.6923076923076927E-003   9.2307692307692299E-003   298.90408375520491        1.6180699665058597E-030
   7.6923076923076927E-003   9.6153846153846159E-003   298.89045860347687        1.6163808210368166E-030

   8.0769230769230770E-003   3.8461538461538462E-004   298.58961263761552        1.5839941348847567E-030
   8.0769230769230770E-003   7.6923076923076923E-004   298.59805124856246        1.5849162257554498E-030
   8.0769230769230770E-003   1.1538461538461537E-003   298.61430067065692        1.5866983115009866E-030
   8.0769230769230770E-003   1.5384615384615385E-003   298.63734223782848        1.5892367318316705E-030
   8.0769230769230770E-003   1.9230769230769232E-003   298.66572777532303        1.5923816748281043E-030
   8.0769230769230770E-003   2.3076923076923075E-003   298.69767031041829        1.5959442632358984E-030
   8.0769230769230770E-003   2.6923076923076922E-003   298.73115565878055        1.5997061453883890E-030
   8.0769230769230770E-003   3.0769230769230769E-003   298.76406794901754        1.6034315270712602E-030
   8.0769230769230770E-003   3.4615384615384616E-003   298.79432147738737        1.6068813386444420E-030
   8.0769230769230770E-003   3.8461538461538464E-003   298.81999099167405        1.6098288792160176E-030
   8.0769230769230770E-003   4.2307692307692307E-003   298.83943254783702        1.6120758724536036E-030
   8.0769230769230770E-003   4.6153846153846149E-003   298.85138748485326        1.6134675106406745E-030
   8.0769230769230770E-003   5.0000000000000001E-003   298.85506288851883        1.6139048823113311E-030
   8.0769230769230770E-003   5.3846153846153844E-003   298.85018322357394        1.6133532796469720E-030
   8.0769230769230770E-003   5.7692307692307696E-003   298.83700959396145        1.6118452987206827E-030
   8.0769230769230770E-003   6.1538461538461538E-003   298.81632522284752        1.6094783129618646E-030
   8.0769230769230770E-003   6.5384615384615381E-003   298.78938801104505        1.6064066650403134E-030
   8.0769230769230770E-003   6.9230769230769233E-003   298.75785318579085        1.6028295970989236E-030
   8.0769230769230770E-003   7.3076923076923076E-003   298.72367089044741        1.5989763706103077E-030
   8.0769230769230770E-003   7.6923076923076927E-003   298.68896499238480        1.5950901487228209E-030
   8.0769230769230770E-003   8.0769230769230770E-003   298.65590040876930        1.5914120588533514E-030
   8.0769230769230770E-003   8.4615384615384613E-003   298.62654692847906        1.5881665255403441E-030
   8.0769230769230770E-003   8.8461538461538456E-003   298.60274787995439        1.5855485880762470E-030
   8.0769230769230770E-003   9.2307692307692299E-003   298.58600201773140        1.5837135935526706E-030
   8.0769230769230770E-003   9.6153846153846159E-003   298.57736655205656        1.5827694330636909E-030

   8.4615384615384613E-003   3.8461538461538462E-004   298.38052335704094        1.5637524817718411E-030
   8.4615384615384613E-003   7.6923076923076923E-004   298.38585594148651        1.5642765882741077E-030
   8.4615384615384613E-003   1.1538461538461537E-003   298.39612312888113        1.5652883914881049E-030
   8.4615384615384613E-003   1.5384615384615385E-003   298.41068134682672        1.5667273019360653E-030
   8.4615384615384613E-003   1.9230769230769232E-003   298.42861557629323        1.5685063140277889E-030
   8.4615384615384613E-003   2.3076923076923075E-003   298.44879661903428        1.5705166443862468E-030
   8.4615384615384613E-003   2.6923076923076922E-003   298.46995161239784        1.5726337530673694E-030
   8.4615384615384613E-003   3.0769230769230769E-003   298.49074341155659        1.5747245603438945E-030
   8.4615384615384613E-003   3.4615384615384616E-003   298.50985400303711        1.5766555659358130E-030
   8.4615384615384613E-003   3.8461538461538464E-003   298.52606691085185        1.5783014440819803E-030
   8.4615384615384613E-003   4.2307692307692307E-003   298.53834359168707        1.5795535473365590E-030
   8.4615384615384613E-003   4.6153846153846149E-003   298.54588909714960        1.5803276413544087E-030
   8.4615384615384613E-003   5.0000000000000001E-003   298.54820283595967        1.5805701560244691E-030
   8.4615384615384613E-003   5.3846153846153844E-003   298.54511111650061        1.5802623096387149E-030
   8.4615384615384613E-003   5.7692307692307696E-003   298.53677927148766        1.5794216509035540E-030
   8.4615384615384613E-003   6.1538461538461538E-003   298.52370248756063        1.5781008423611647E-030
   8.4615384615384613E-003   6.5384615384615381E-003   298.50667586177775        1.5763838224233408E-030
   8.4615384615384613E-003   6.9230769230769233E-003   298.48674554686738        1.5743797645051957E-030
   8.4615384615384613E-003   7.3076923076923076E-003   298.46514401396780        1.5722154454598232E-030
   8.4615384615384613E-003   7.6923076923076927E-003   298.44321339279338        1.5700267163433499E-030
   8.4615384615384613E-003   8.0769230769230770E-003   298.42232153396969        1.5679497456263104E-030
   8.4615384615384613E-003   8.4615384615384613E-003   298.40377589286908        1.5661126125277417E-030
   8.4615384615384613E-003   8.8461538461538456E-003   298.38874056549156        1.5646277081727774E-030
   8.4615384615384613E-003   9.2307692307692299E-003   298.37816178661308        1.5635852881035064E-030
   8.4615384615384613E-003   9.6153846153846159E-003   298.37270686603512        1.5630484271767544E-030

   8.8461538461538456E-003   3.8461538461538462E-004   298.24905477239975        1.5520558071259627E-030
   8.8461538461538456E-003   7.6923076923076923E-004   298.25247419605546        1.5523618684287650E-030
   8.8461538461538456E-003   1.1538461538461537E-003   298.25905703318426        1.5529523043861876E-030
   8.8461538461538456E-003   1.5384615384615385E-003   298.26839068275433        1.5537911520275410E-030
   8.8461538461538456E-003   1.9230769230769232E-003   298.27988847209673        1.5548269607439921E-030
   8.8461538461538456E-003   2.3076923076923075E-003   298.29282635205948        1.5559957141848946E-030
   8.8461538461538456E-003   2.6923076923076922E-003   298.30638811434164        1.5572245438073039E-030
   8.8461538461538456E-003   3.0769230769230769E-003   298.31971632431151        1.5584360720687786E-030
   8.8461538461538456E-003   3.4615384615384616E-003   298.33196585409166        1.5595531736565415E-030
   8.8461538461538456E-003   3.8461538461538464E-003   298.34235676216406        1.5605038891986370E-030
   8.8461538461538456E-003   4.2307692307692307E-003   298.35022329173404        1.5612261752907138E-030
   8.8461538461538456E-003   4.6153846153846149E-003   298.35505595425707        1.5616721411555499E-030
   8.8461538461538456E-003   5.0000000000000001E-003   298.35653403672273        1.5618114219912160E-030
   8.8461538461538456E-003   5.3846153846153844E-003   298.35454642481108        1.5616333843307388E-030
   8.8461538461538456E-003   5.7692307692307696E-003   298.34919935123150        1.5611479516037124E-030
   8.8461538461538456E-003   6.1538461538461538E-003   298.34081051296658        1.5603849672936186E-030
   8.8461538461538456E-003   6.5384615384615381E-003   298.32988988230687        1.5593921561602457E-030
   8.8461538461538456E-003   6.9230769230769233E-003   298.31710838597235        1.5582318742868461E-030
   8.8461538461538456E-003   7.3076923076923076E-003   298.30325637778549        1.5569769342604222E-030
   8.8461538461538456E-003   7.6923076923076927E-003   298.28919444228944        1.5557058421014795E-030
   8.8461538461538456E-003   8.0769230769230770E-003   298.27579952469796        1.5544977902865266E-030
   8.8461538461538456E-003   8.4615384615384613E-003   298.26390968608723        1.5534277285212078E-030
   8.8461538461538456E-003   8.8461538461538456E-003   298.25427092816250        1.5525617958080348E-030
   8.8461538461538456E-003   9.2307692307692299E-003   298.24748950057131        1.5519533552388070E-030
   8.8461538461538456E-003   9.6153846153846159E-003   298.24399286333289        1.5516398314805839E-030

   9.2307692307692299E-003   3.8461538461538462E-004   298.17276008418884        1.5456758954375463E-030
   9.2307692307692299E-003   7.6923076923076923E-004   298.17508688073212        1.5458674807292034E-030
   9.2307692307692299E-003   1.1538461538461537E-003   298.17956573533559        1.5462369048478962E-030
   9.2307692307692299E-003   1.5384615384615385E-003   298.18591593085438        1.5467614551704228E-030
   9.2307692307692299E-003   1.9230769230769232E-003   298.19373829619917        1.5474087030208032E-030
   9.2307692307692299E-003   2.3076923076923075E-003   298.20254016260196        1.5481384066633552E-030
   9.2307692307692299E-003   2.6923076923076922E-003   298.21176613336229        1.5489049045648285E-030
   9.2307692307692299E-003   3.0769230769230769E-003   298.22083275816425        1.5496598791962193E-030
   9.2307692307692299E-003   3.4615384615384616E-003   298.22916498470380        1.5503553447110117E-030
   9.2307692307692299E-003   3.8461538461538464E-003   298.23623216160308        1.5509466863900081E-030
   9.2307692307692299E-003   4.2307692307692307E-003   298.24158138604946        1.5513955590653651E-030
   9.2307692307692299E-003   4.6153846153846149E-003   298.24486612883237        1.5516724416657622E-030
   9.2307692307692299E-003   5.0000000000000001E-003   298.24586833123527        1.5517586523225967E-030
   9.2307692307692299E-003   5.3846153846153844E-003   298.24451255010933        1.5516476580524970E-030
   9.2307692307692299E-003   5.7692307692307696E-003   298.24087121453289        1.5513455651894234E-030
   9.2307692307692299E-003   6.1538461538461538E-003   298.23516061876040        1.5508707458764389E-030
   9.2307692307692299E-003   6.5384615384615381E-003   298.22772786761556        1.5502526315382928E-030
   9.2307692307692299E-003   6.9230769230769233E-003   298.21902956366893        1.5495297740598505E-030
   9.2307692307692299E-003   7.3076923076923076E-003   298.20960353844328        1.5487473292229904E-030
   9.2307692307692299E-003   7.6923076923076927E-003   298.20003535409569        1.5479541497002929E-030
   9.2307692307692299E-003   8.0769230769230770E-003   298.19092162339587        1.5471996872340615E-030
   9.2307692307692299E-003   8.4615384615384613E-003   298.18283240825821        1.5465309003530420E-030
   9.2307692307692299E-003   8.8461538461538456E-003   298.17627505396831        1.5459893510703817E-030
   9.2307692307692299E-003   9.2307692307692299E-003   298.17166178476867        1.5456086558159602E-030
   9.2307692307692299E-003   9.6153846153846159E-003   298.16928320889497        1.5454124338038210E-030

   9.6153846153846159E-003   3.8461538461538462E-004   298.13786617179341        1.5428689191630906E-030
   9.6153846153846159E-003   7.6923076923076923E-004   298.13969838221971        1.5430113057862932E-030
   9.6153846153846159E-003   1.1538461538461537E-003   298.14322490969846        1.5432857942848105E-030
   9.6153846153846159E-003   1.5384615384615385E-003   298.14822472832367        1.5436754393032811E-030
   9.6153846153846159E-003   1.9230769230769232E-003   298.15438353542675        1.5441560673428399E-030
   9.6153846153846159E-003   2.3076923076923075E-003   298.16131339675519        1.5446977151462212E-030
   9.6153846153846159E-003   2.6923076923076922E-003   298.16857697640614        1.5452664310636965E-030
   9.6153846153846159E-003   3.0769230769230769E-003   298.17571484877152        1.5458263443911687E-030
   9.6153846153846159E-003   3.4615384615384616E-003   298.18227421381346        1.5463418888092598E-030
   9.6153846153846159E-003   3.8461538461538464E-003   298.18783725700666        1.5467800497840673E-030
   9.6153846153846159E-003   4.2307692307692307E-003   298.19204741147763        1.5471124941057799E-030
   9.6153846153846159E-003   4.6153846153846149E-003   298.19463189293390        1.5473174360303745E-030
   9.6153846153846159E-003   5.0000000000000001E-003   298.19541908819940        1.5473811025697457E-030
   9.6153846153846159E-003   5.3846153846153844E-003   298.19434968137517        1.5472986829748770E-030
   9.6153846153846159E-003   5.7692307692307696E-003   298.19148078475149        1.5470746842134320E-030
   9.6153846153846159E-003   6.1538461538461538E-003   298.18698278050522        1.5467226615926467E-030
   9.6153846153846159E-003   6.5384615384615381E-003   298.18112904110717        1.5462643450858757E-030
   9.6153846153846159E-003   6.9230769230769233E-003   298.17427914550183        1.5457282298207331E-030
   9.6153846153846159E-003   7.3076923076923076E-003   298.16685661292161        1.5451477372788329E-030
   9.6153846153846159E-003   7.6923076923076927E-003   298.15932251402864        1.5445590787106845E-030
   9.6153846153846159E-003   8.0769230769230770E-003   298.15214657676802        1.5439989641517814E-030
   9.6153846153846159E-003   8.4615384615384613E-003   298.14577757426866        1.5435023017397374E-030
   9.6153846153846159E-003   8.8461538461538456E-003   298.14061485726126        1.5431000259875938E-030
   9.6153846153846159E-003   9.2307692307692299E-003   298.13698286356674        1.5428171825686860E-030
   9.6153846153846159E-003   9.6153846153846159E-003   298.13511029052563        1.5426713816861064E-030

