   3.8461538461538462E-004   3.8461538461538462E-004   485.31521027431802        1.2037779834862840E-013
   3.8461538461538462E-004   7.6923076923076923E-004   496.26619953544122        7.2949127943175825E-013
   3.8461538461538462E-004   1.1538461538461537E-003   515.75116031161497        1.2069938792440920E-011
   3.8461538461538462E-004   1.5384615384615385E-003   541.30361590269035        3.0973374795014726E-010
   3.8461538461538462E-004   1.9230769230769232E-003   571.01717571016457        8.5828773372492371E-009
   3.8461538461538462E-004   2.3076923076923075E-003   604.26287271551382        2.0743048795608602E-007
   3.8461538461538462E-004   2.6923076923076922E-003   651.80119511587259        3.9414501639805584E-006
   3.8461538461538462E-004   3.0769230769230769E-003   837.10315223677014        1.3061478078994809E-003
   3.8461538461538462E-004   3.4615384615384616E-003   1860.5236435998429        1.0000000000000000     
   3.8461538461538462E-004   3.8461538461538464E-003   1804.8642222176290        1.0000000000000000     
   3.8461538461538462E-004   4.2307692307692307E-003   1804.8847105822529        1.0000000000000000     
   3.8461538461538462E-004   4.6153846153846149E-003   1782.1733418986294        1.0000000000000000     
   3.8461538461538462E-004   5.0000000000000001E-003   1757.7378084446748        1.0000000000000000     
   3.8461538461538462E-004   5.3846153846153844E-003   1781.9970813747589        1.0000000000000000     
   3.8461538461538462E-004   5.7692307692307696E-003   1804.6494881171468        1.0000000000000000     
   3.8461538461538462E-004   6.1538461538461538E-003   1805.1791885513844        1.0000000000000000     
   3.8461538461538462E-004   6.5384615384615381E-003   1867.1798880843583        1.0000000000000000     
   3.8461538461538462E-004   6.9230769230769233E-003   830.80664995387770        9.5376681795913498E-004
   3.8461538461538462E-004   7.3076923076923076E-003   648.84264562597036        3.3535336670765434E-006
   3.8461538461538462E-004   7.6923076923076927E-003   601.25092035215778        1.6284460446854789E-007
   3.8461538461538462E-004   8.0769230769230770E-003   567.11444540857110        5.9587794239610572E-009
   3.8461538461538462E-004   8.4615384615384613E-003   536.12564558618533        1.7856750713437047E-010
   3.8461538461538462E-004   8.8461538461538456E-003   508.82530066297443        5.2395597858666667E-012
   3.8461538461538462E-004   9.2307692307692299E-003   487.03118888300349        2.0364835149933082E-013
   3.8461538461538462E-004   9.6153846153846159E-003   473.80083837618946        1.6875966676516447E-014

   7.6923076923076923E-004   3.8461538461538462E-004   471.28661176086109        1.1068964520931496E-014
   7.6923076923076923E-004   7.6923076923076923E-004   479.93794722316034        4.0952281274792115E-014
   7.6923076923076923E-004   1.1538461538461537E-003   495.69689463926653        3.8032418289674583E-013
   7.6923076923076923E-004   1.5384615384615385E-003   516.76767960596692        5.8998705977830137E-012
   7.6923076923076923E-004   1.9230769230769232E-003   541.56416135499205        1.1088986693818019E-010
   7.6923076923076923E-004   2.3076923076923075E-003   569.06338279357738        2.0241563912650007E-009
   7.6923076923076923E-004   2.6923076923076922E-003   603.06659073769129        3.1581839645754886E-008
   7.6923076923076923E-004   3.0769230769230769E-003   716.98097685884306        1.0103630749047942E-006
   7.6923076923076923E-004   3.4615384615384616E-003   2051.2125468320328       0.99999999841944875     
   7.6923076923076923E-004   3.8461538461538464E-003   1728.0956093617224        1.0000000000000000     
   7.6923076923076923E-004   4.2307692307692307E-003   1772.8175199527739        1.0000000000000000     
   7.6923076923076923E-004   4.6153846153846149E-003   1780.3883187685271        1.0000000000000000     
   7.6923076923076923E-004   5.0000000000000001E-003   1769.1603110136762        1.0000000000000000     
   7.6923076923076923E-004   5.3846153846153844E-003   1779.6044364299059        1.0000000000000000     
   7.6923076923076923E-004   5.7692307692307696E-003   1770.8771989378922        1.0000000000000000     
   7.6923076923076923E-004   6.1538461538461538E-003   1724.5753420105543        1.0000000000000000     
   7.6923076923076923E-004   6.5384615384615381E-003   2066.9873422314063       0.99999992777024216     
   7.6923076923076923E-004   6.9230769230769233E-003   709.38448256798029        7.2026619523348706E-007
   7.6923076923076923E-004   7.3076923076923076E-003   600.52588461609946        2.6209337041365752E-008
   7.6923076923076923E-004   7.6923076923076927E-003   566.24525697037120        1.5411033701790839E-009
   7.6923076923076923E-004   8.0769230769230770E-003   537.90975993368045        7.4498299592101254E-011
   7.6923076923076923E-004   8.4615384615384613E-003   512.01177278492366        3.3204548564213159E-012
   7.6923076923076923E-004   8.8461538461538456E-003   489.54595415705364        1.6785941869092323E-013
   7.6923076923076923E-004   9.2307692307692299E-003   472.14344782181757        1.3257024410019716E-014
   7.6923076923076923E-004   9.6153846153846159E-003   462.07179055965372        2.6275713664142308E-015

   1.1538461538461537E-003   3.8461538461538462E-004   451.36673198447215        4.8191185752245733E-016
   1.1538461538461537E-003   7.6923076923076923E-004   457.71836074962141        1.3251207807937335E-015
   1.1538461538461537E-003   1.1538461538461537E-003   469.55460179017575        8.0669039733269983E-015
   1.1538461538461537E-003   1.5384615384615385E-003   485.70590296563171        8.1934992279473509E-014
   1.1538461538461537E-003   1.9230769230769232E-003   504.97766791037054        1.0681567620298275E-012
   1.1538461538461537E-003   2.3076923076923075E-003   526.31089420307285        1.4537369684150552E-011
   1.1538461538461537E-003   2.6923076923076922E-003   549.50038336442708        1.7863821678924691E-010
   1.1538461538461537E-003   3.0769230769230769E-003   582.39995647311309        1.8737770414685043E-009
   1.1538461538461537E-003   3.4615384615384616E-003   699.90235899307254        1.7000839870381927E-007
   1.1538461538461537E-003   3.8461538461538464E-003   937.69288277613430        2.0268077360247345E-002
   1.1538461538461537E-003   4.2307692307692307E-003   1985.1164485824863        1.0000000000000000     
   1.1538461538461537E-003   4.6153846153846149E-003   1907.5590790387525        1.0000000000000000     
   1.1538461538461537E-003   5.0000000000000001E-003   1870.1371310710679        1.0000000000000000     
   1.1538461538461537E-003   5.3846153846153844E-003   1908.4699796740388        1.0000000000000000     
   1.1538461538461537E-003   5.7692307692307696E-003   1990.2658589080511        1.0000000000000000     
   1.1538461538461537E-003   6.1538461538461538E-003   930.21821152499206        1.6861333021305457E-002
   1.1538461538461537E-003   6.5384615384615381E-003   692.96670757992013        1.0891236141372005E-007
   1.1538461538461537E-003   6.9230769230769233E-003   580.22782755039213        1.6222941418185918E-009
   1.1538461538461537E-003   7.3076923076923076E-003   547.50202530193894        1.4566404437563704E-010
   1.1538461538461537E-003   7.6923076923076927E-003   523.78023231486361        1.0865978969047636E-011
   1.1538461538461537E-003   8.0769230769230770E-003   501.73037015974302        7.0921584328594280E-013
   1.1538461538461537E-003   8.4615384615384613E-003   481.59196958239426        4.6568840294813575E-014
   1.1538461538461537E-003   8.8461538461538456E-003   464.44317416085539        3.7858870025910904E-015
   1.1538461538461537E-003   9.2307692307692299E-003   451.57971483382886        5.0555146823429977E-016
   1.1538461538461537E-003   9.6153846153846159E-003   444.47351670347530        1.5672168726224746E-016

   1.5384615384615385E-003   3.8461538461538462E-004   430.07678600612411        1.3567415574157244E-017
   1.5384615384615385E-003   7.6923076923076923E-004   434.71266601102525        3.0414173998864623E-017
   1.5384615384615385E-003   1.1538461538461537E-003   443.48162847289251        1.3360427106188006E-016
   1.5384615384615385E-003   1.5384615384615385E-003   455.62532017304852        9.4333032733963802E-016
   1.5384615384615385E-003   1.9230769230769232E-003   470.27625350142694        8.7077546612729078E-015
   1.5384615384615385E-003   2.3076923076923075E-003   486.55679678589405        8.7701037813156070E-014
   1.5384615384615385E-003   2.6923076923076922E-003   503.70821190410533        8.3535924730383333E-013
   1.5384615384615385E-003   3.0769230769230769E-003   521.85785935539820        6.7927838132465950E-012
   1.5384615384615385E-003   3.4615384615384616E-003   546.39374243103009        4.5756785942036441E-011
   1.5384615384615385E-003   3.8461538461538464E-003   591.01897007080800        4.3341453294565403E-010
   1.5384615384615385E-003   4.2307692307692307E-003   696.89441396425832        1.7879038125222633E-007
   1.5384615384615385E-003   4.6153846153846149E-003   759.61236678837315        1.5052033601397065E-005
   1.5384615384615385E-003   5.0000000000000001E-003   779.93232607411051        5.5614465928833255E-005
   1.5384615384615385E-003   5.3846153846153844E-003   758.67626724381898        1.4180240442037309E-005
   1.5384615384615385E-003   5.7692307692307696E-003   694.75831182100228        1.5072696366314818E-007
   1.5384615384615385E-003   6.1538461538461538E-003   589.64393769919241        3.9494947696040270E-010
   1.5384615384615385E-003   6.5384615384615381E-003   545.01820027805638        4.1090307911652206E-011
   1.5384615384615385E-003   6.9230769230769233E-003   520.49250714689583        5.8366254969993641E-012
   1.5384615384615385E-003   7.3076923076923076E-003   501.98912317598240        6.7443622771164864E-013
   1.5384615384615385E-003   7.6923076923076927E-003   484.35533962476637        6.5192225068587664E-014
   1.5384615384615385E-003   8.0769230769230770E-003   467.50213214407495        5.8211675534932042E-015
   1.5384615384615385E-003   8.4615384615384613E-003   452.20262824869292        5.5389494400626838E-016
   1.5384615384615385E-003   8.8461538461538456E-003   439.37318811259883        6.7812735308154719E-017
   1.5384615384615385E-003   9.2307692307692299E-003   429.97390299434068        1.3426481056685362E-017
   1.5384615384615385E-003   9.6153846153846159E-003   424.93475278027159        5.4639727908046610E-018

   1.9230769230769232E-003   3.8461538461538462E-004   409.36382595978716        3.0413743774771542E-019
   1.9230769230769232E-003   7.6923076923076923E-004   412.76916067560734        5.8419290202688658E-019
   1.9230769230769232E-003   1.1538461538461537E-003   419.26542869535115        1.9703159000650911E-018
   1.9230769230769232E-003   1.5384615384615385E-003   428.34624373003226        1.0129950379285002E-017
   1.9230769230769232E-003   1.9230769230769232E-003   439.38552850534643        6.7648051201717207E-017
   1.9230769230769232E-003   2.3076923076923075E-003   451.70348400893562        5.0400904620487908E-016
   1.9230769230769232E-003   2.6923076923076922E-003   464.61392427100077        3.6768599253517874E-015
   1.9230769230769232E-003   3.0769230769230769E-003   477.51840736142935        2.3641935275488968E-014
   1.9230769230769232E-003   3.4615384615384616E-003   490.29305516286360        1.2373248452388876E-013
   1.9230769230769232E-003   3.8461538461538464E-003   503.89624275714169        5.0226396472323792E-013
   1.9230769230769232E-003   4.2307692307692307E-003   519.56188721453088        1.5434918592369326E-012
   1.9230769230769232E-003   4.6153846153846149E-003   532.96160842080803        3.5246000933450882E-012
   1.9230769230769232E-003   5.0000000000000001E-003   538.21498395522394        4.9226678078060796E-012
   1.9230769230769232E-003   5.3846153846153844E-003   532.66076822033676        3.4384503806010709E-012
   1.9230769230769232E-003   5.7692307692307696E-003   518.99984429839139        1.4712915522759600E-012
   1.9230769230769232E-003   6.1538461538461538E-003   503.22750356911723        4.6605742332030270E-013
   1.9230769230769232E-003   6.5384615384615381E-003   489.42215497226937        1.1084893440173299E-013
   1.9230769230769232E-003   6.9230769230769233E-003   476.38377180287438        2.0231143865291791E-014
   1.9230769230769232E-003   7.3076923076923076E-003   463.14576291961504        2.9655815229699644E-015
   1.9230769230769232E-003   7.6923076923076927E-003   449.84417713085679        3.7720703395883614E-016
   1.9230769230769232E-003   8.0769230769230770E-003   437.08505650117809        4.6216223372441967E-017
   1.9230769230769232E-003   8.4615384615384613E-003   425.57222401439458        6.2323215010026436E-018
   1.9230769230769232E-003   8.8461538461538456E-003   416.02358035344940        1.0867511863259159E-018
   1.9230769230769232E-003   9.2307692307692299E-003   409.13213632483036        2.9274188893089831E-019
   1.9230769230769232E-003   9.6153846153846159E-003   405.49809134248898        1.4393764936183497E-019

   2.3076923076923075E-003   3.8461538461538462E-004   390.17437669072933        6.4372140576690852E-021
   2.3076923076923075E-003   7.6923076923076923E-004   392.68483758052901        1.0916711648722856E-020
   2.3076923076923075E-003   1.1538461538461537E-003   397.49636832165123        2.9489208053886590E-020
   2.3076923076923075E-003   1.5384615384615385E-003   404.26051149446698        1.1454376591349880E-019
   2.3076923076923075E-003   1.9230769230769232E-003   412.52415001284658        5.6576281466379034E-019
   2.3076923076923075E-003   2.3076923076923075E-003   421.77307832868814        3.1380131573442294E-018
   2.3076923076923075E-003   2.6923076923076922E-003   431.46375532545903        1.7445343075589135E-017
   2.3076923076923075E-003   3.0769230769230769E-003   441.05019979394388        8.8167680156690194E-017
   2.3076923076923075E-003   3.4615384615384616E-003   450.03013957109533        3.7362239239262312E-016
   2.3076923076923075E-003   3.8461538461538464E-003   458.01618305747741        1.2436794103487580E-015
   2.3076923076923075E-003   4.2307692307692307E-003   464.61807978091485        3.0836663422543654E-015
   2.3076923076923075E-003   4.6153846153846149E-003   469.20895896183652        5.4419453958029382E-015
   2.3076923076923075E-003   5.0000000000000001E-003   470.85833611740094        6.5721923672959698E-015
   2.3076923076923075E-003   5.3846153846153844E-003   469.03940527280946        5.3208377118235659E-015
   2.3076923076923075E-003   5.7692307692307696E-003   464.27927939830931        2.9423878731329280E-015
   2.3076923076923075E-003   6.1538461538461538E-003   457.50132480590861        1.1533998880154202E-015
   2.3076923076923075E-003   6.5384615384615381E-003   449.31273227143441        3.3464705949361447E-016
   2.3076923076923075E-003   6.9230769230769233E-003   440.09692732270071        7.5618786934852645E-017
   2.3076923076923075E-003   7.3076923076923076E-003   430.23857003845785        1.4179073624522962E-017
   2.3076923076923075E-003   7.6923076923076927E-003   420.24175315533364        2.3895688087828164E-018
   2.3076923076923075E-003   8.0769230769230770E-003   410.66018190781807        3.9937055485056058E-019
   2.3076923076923075E-003   8.4615384615384613E-003   402.05478237575636        7.4442962215285170E-020
   2.3076923076923075E-003   8.8461538461538456E-003   394.97018243457615        1.7668648379443060E-020
   2.3076923076923075E-003   9.2307692307692299E-003   389.90381666511513        6.1165195849202760E-021
   2.3076923076923075E-003   9.6153846153846159E-003   387.25586161700687        3.4743534653654814E-021

   2.6923076923076922E-003   3.8461538461538462E-004   372.99494261698430        1.4934931666678849E-022
   2.6923076923076922E-003   7.6923076923076923E-004   374.84488162468318        2.2825455416452178E-022
   2.6923076923076922E-003   1.1538461538461537E-003   378.39958417829081        5.0978602433755654E-022
   2.6923076923076922E-003   1.5384615384615385E-003   383.41409051106024        1.5441931122543161E-021
   2.6923076923076922E-003   1.9230769230769232E-003   389.55947921721128        5.7770881604041471E-021
   2.6923076923076922E-003   2.3076923076923075E-003   396.45156126997841        2.4168488649204589E-020
   2.6923076923076922E-003   2.6923076923076922E-003   403.67475473535609        1.0277192363418990E-019
   2.6923076923076922E-003   3.0769230769230769E-003   410.80118985070726        4.0763544671374008E-019
   2.6923076923076922E-003   3.4615384615384616E-003   417.40862470669623        1.4003779059921572E-018
   2.6923076923076922E-003   3.8461538461538464E-003   423.10063201309055        3.9159854642969288E-018
   2.6923076923076922E-003   4.2307692307692307E-003   427.51456178944352        8.4751988398245325E-018
   2.6923076923076922E-003   4.6153846153846149E-003   430.32326083650679        1.3652233375216019E-017
   2.6923076923076922E-003   5.0000000000000001E-003   431.25602110240953        1.5941538448849965E-017
   2.6923076923076922E-003   5.3846153846153844E-003   430.18932850572696        1.3353352303202654E-017
   2.6923076923076922E-003   5.7692307692307696E-003   427.24111502387859        8.0941543295172925E-018
   2.6923076923076922E-003   6.1538461538461538E-003   422.67574134562352        3.6390175532088287E-018
   2.6923076923076922E-003   6.5384615384615381E-003   416.81440481092909        1.2596591775032847E-018
   2.6923076923076922E-003   6.9230769230769233E-003   410.01572816147558        3.5255683855761091E-019
   2.6923076923076922E-003   7.3076923076923076E-003   402.67498732913219        8.4803609412552919E-020
   2.6923076923076922E-003   7.6923076923076927E-003   395.21705023672263        1.8878037206878581E-020
   2.6923076923076922E-003   8.0769230769230770E-003   388.07763594154790        4.2442537328273498E-021
   2.6923076923076922E-003   8.4615384615384613E-003   381.68695297839065        1.0641978142000107E-021
   2.6923076923076922E-003   8.8461538461538456E-003   376.45140649956448        3.3083210952867241E-022
   2.6923076923076922E-003   9.2307692307692299E-003   372.72838418529710        1.4128075814825850E-022
   2.6923076923076922E-003   9.6153846153846159E-003   370.79217094396427        9.0147960915565738E-023

   3.0769230769230769E-003   3.8461538461538462E-004   358.03292056840951        4.3161195829780053E-024
   3.0769230769230769E-003   7.6923076923076923E-004   359.39152248921386        6.0404928221709983E-024
   3.0769230769230769E-003   1.1538461538461537E-003   362.00580606477200        1.1454185212317575E-023
   3.0769230769230769E-003   1.5384615384615385E-003   365.70142825639914        2.7868759053011733E-023
   3.0769230769230769E-003   1.9230769230769232E-003   370.23948239130232        8.1074533195737084E-023
   3.0769230769230769E-003   2.3076923076923075E-003   375.33559176456458        2.6089986115295311E-022
   3.0769230769230769E-003   2.6923076923076922E-003   380.67773317249134        8.5928568313369974E-022
   3.0769230769230769E-003   3.0769230769230769E-003   385.94197691581627        2.6937229905583764E-021
   3.0769230769230769E-003   3.4615384615384616E-003   390.80698780583509        7.5349227098606508E-021
   3.0769230769230769E-003   3.8461538461538464E-003   394.96887157806628        1.7798310973990008E-020
   3.0769230769230769E-003   4.2307692307692307E-003   398.15677574306523        3.3943643402837605E-020
   3.0769230769230769E-003   4.6153846153846149E-003   400.14965994564670        5.0525015386082784E-020
   3.0769230769230769E-003   5.0000000000000001E-003   400.79651427571486        5.7440034158195777E-020
   3.0769230769230769E-003   5.3846153846153844E-003   400.04013003060817        4.9478489668011944E-020
   3.0769230769230769E-003   5.7692307692307696E-003   397.93302697034858        3.2506021783339262E-020
   3.0769230769230769E-003   6.1538461538461538E-003   394.62180349001142        1.6621422344235308E-020
   3.0769230769230769E-003   6.5384615384615381E-003   390.32390425221138        6.8343548501972804E-021
   3.0769230769230769E-003   6.9230769230769233E-003   385.30805056389704        2.3611357527088275E-021
   3.0769230769230769E-003   7.3076923076923076E-003   379.87821133226981        7.2388690887888381E-022
   3.0769230769230769E-003   7.6923076923076927E-003   374.35879822800626        2.1015998633991410E-022
   3.0769230769230769E-003   8.0769230769230770E-003   369.08064615716859        6.2227516179102572E-023
   3.0769230769230769E-003   8.4615384615384613E-003   364.36708970382864        2.0375412575163533E-023
   3.0769230769230769E-003   8.8461538461538456E-003   360.51805375571462        8.0135202997429080E-024
   3.0769230769230769E-003   9.2307692307692299E-003   357.79061938028917        4.0868659196345947E-024
   3.0769230769230769E-003   9.6153846153846159E-003   356.37630645782400        2.8707225170983462E-024

   3.4615384615384616E-003   3.8461538461538462E-004   345.30802930926671        1.7197427121031972E-025
   3.4615384615384616E-003   7.6923076923076923E-004   346.30042325213770        2.2342834612303233E-025
   3.4615384615384616E-003   1.1538461538461537E-003   348.21148264339098        3.6839864462392683E-025
   3.4615384615384616E-003   1.5384615384615385E-003   350.91646404835257        7.4102089482811473E-025
   3.4615384615384616E-003   1.9230769230769232E-003   354.24220589339239        1.7252756011382826E-024
   3.4615384615384616E-003   2.3076923076923075E-003   357.98002605043240        4.3801130187824681E-024
   3.4615384615384616E-003   2.6923076923076922E-003   361.89883297311445        1.1402564868519734E-023
   3.4615384615384616E-003   3.0769230769230769E-003   365.75766910890951        2.8688598927084079E-023
   3.4615384615384616E-003   3.4615384615384616E-003   369.31780159705886        6.6094773079702359E-023
   3.4615384615384616E-003   3.8461538461538464E-003   372.35495494863898        1.3305417323635557E-022
   3.4615384615384616E-003   4.2307692307692307E-003   374.67219363671234        2.2522597409326719E-022
   3.4615384615384616E-003   4.6153846153846149E-003   376.11341123472073        3.1147568676578466E-022
   3.4615384615384616E-003   5.0000000000000001E-003   376.57665079726013        3.4559371665585473E-022
   3.4615384615384616E-003   5.3846153846153844E-003   376.02512700196667        3.0563186885773902E-022
   3.4615384615384616E-003   5.7692307692307696E-003   374.49221592586878        2.1661744341516636E-022
   3.4615384615384616E-003   6.1538461538461538E-003   372.07681681982649        1.2516540577884251E-022
   3.4615384615384616E-003   6.5384615384615381E-003   368.93273815144380        6.0632552761631398E-023
   3.4615384615384616E-003   6.9230769230769233E-003   365.25584425451120        2.5572840426876174E-023
   3.4615384615384616E-003   7.3076923076923076E-003   361.27107695470158        9.8401076170306616E-024
   3.4615384615384616E-003   7.6923076923076927E-003   357.22008237891805        3.6480019644203093E-024
   3.4615384615384616E-003   8.0769230769230770E-003   353.34938710597947        1.3844857871575743E-024
   3.4615384615384616E-003   8.4615384615384613E-003   349.89842292684597        5.7346108861964545E-025
   3.4615384615384616E-003   8.8461538461538456E-003   347.08652604497678        2.7613847099947593E-025
   3.4615384615384616E-003   9.2307692307692299E-003   345.09850436088868        1.6356897299218122E-025
   3.4615384615384616E-003   9.6153846153846159E-003   344.06946592487833        1.2444343341183607E-025

   3.8461538461538464E-003   3.8461538461538462E-004   334.71466646050163        1.0143296029779271E-026
   3.8461538461538464E-003   7.6923076923076923E-004   335.43463615271077        1.2384089199899644E-026
   3.8461538461538464E-003   1.1538461538461537E-003   336.82160694349238        1.8152714244100287E-026
   3.8461538461538464E-003   1.5384615384615385E-003   338.78630147883337        3.1051558439587760E-026
   3.8461538461538464E-003   1.9230769230769232E-003   341.20376089813260        5.9644918737142101E-026
   3.8461538461538464E-003   2.3076923076923075E-003   343.92217295777607        1.2301537271539053E-025
   3.8461538461538464E-003   2.6923076923076922E-003   346.77240580114682        2.5982179073530398E-025
   3.8461538461538464E-003   3.0769230769230769E-003   349.57763850444871        5.3634397428951416E-025
   3.8461538461538464E-003   3.4615384615384616E-003   352.16294128392383        1.0360480665694521E-024
   3.8461538461538464E-003   3.8461538461538464E-003   354.36491500572600        1.8023581637680721E-024
   3.8461538461538464E-003   4.2307692307692307E-003   356.04146290416730        2.7357294908460544E-024
   3.8461538461538464E-003   4.6153846153846149E-003   357.08142960653737        3.5378616055937363E-024
   3.8461538461538464E-003   5.0000000000000001E-003   357.41330252842937        3.8402687898392677E-024
   3.8461538461538464E-003   5.3846153846153844E-003   357.01160805406539        3.4803014436065864E-024
   3.8461538461538464E-003   5.7692307692307696E-003   355.89943853050426        2.6453159599245797E-024
   3.8461538461538464E-003   6.1538461538461538E-003   354.14623299694011        1.7104453914233916E-024
   3.8461538461538464E-003   6.5384615384615381E-003   351.86170565588668        9.6293517329598861E-025
   3.8461538461538464E-003   6.9230769230769233E-003   349.18748745015142        4.8703234570811919E-025
   3.8461538461538464E-003   7.3076923076923076E-003   346.28783020997440        2.2996764180471190E-025
   3.8461538461538464E-003   7.6923076923076927E-003   343.34013348403062        1.0594126742450308E-025
   3.8461538461538464E-003   8.0769230769230770E-003   340.52547740062039        4.9953270665959275E-026
   3.8461538461538464E-003   8.4615384615384613E-003   338.01896689453031        2.5324730408134197E-026
   3.8461538461538464E-003   8.8461538461538456E-003   335.97963546026915        1.4471158663856899E-026
   3.8461538461538464E-003   9.2307692307692299E-003   334.53995440535408        9.7113363123046179E-027
   3.8461538461538464E-003   9.6153846153846159E-003   333.79560888298693        7.8918006168845133E-027

   4.2307692307692307E-003   3.8461538461538462E-004   326.06866153696637        9.2179356736537047E-028
   4.2307692307692307E-003   7.6923076923076923E-004   326.58688932761419        1.0692926744276684E-027
   4.2307692307692307E-003   1.1538461538461537E-003   327.58536530896441        1.4219954601228570E-027
   4.2307692307692307E-003   1.5384615384615385E-003   329.00040269303383        2.1250557149401061E-027
   4.2307692307692307E-003   1.9230769230769232E-003   330.74238347219227        3.4716481033172380E-027
   4.2307692307692307E-003   2.3076923076923075E-003   332.70185392081123        5.9999744356814279E-027
   4.2307692307692307E-003   2.6923076923076922E-003   334.75638954879133        1.0587930255681522E-026
   4.2307692307692307E-003   3.0769230769230769E-003   336.77778479289702        1.8408328774485017E-026
   4.2307692307692307E-003   3.4615384615384616E-003   338.63934655252348        3.0483109719035836E-026
   4.2307692307692307E-003   3.8461538461538464E-003   340.22319749584091        4.6645567520218285E-026
   4.2307692307692307E-003   4.2307692307692307E-003   341.42746748193650        6.4315730597763576E-026
   4.2307692307692307E-003   4.6153846153846149E-003   342.17307091923794        7.8400290973692500E-026
   4.2307692307692307E-003   5.0000000000000001E-003   342.40950257413317        8.3489032329620439E-026
   4.2307692307692307E-003   5.3846153846153844E-003   342.11887455368515        7.7341118560599372E-026
   4.2307692307692307E-003   5.7692307692307696E-003   341.31745380018339        6.2554700775288762E-026
   4.2307692307692307E-003   6.1538461538461538E-003   340.05437120008389        4.4683336957336401E-026
   4.2307692307692307E-003   6.5384615384615381E-003   338.40783363094283        2.8719286603222340E-026
   4.2307692307692307E-003   6.9230769230769233E-003   336.47957418921760        1.7030689244935178E-026
   4.2307692307692307E-003   7.3076923076923076E-003   334.38829913997478        9.6056006856246884E-027
   4.2307692307692307E-003   7.6923076923076927E-003   332.26266265383538        5.3331206693624475E-027
   4.2307692307692307E-003   8.0769230769230770E-003   330.23401541007235        3.0235794995982980E-027
   4.2307692307692307E-003   8.4615384615384613E-003   328.42897818864856        1.8160475091484564E-027
   4.2307692307692307E-003   8.8461538461538456E-003   326.96186895895829        1.1960295712596549E-027
   4.2307692307692307E-003   9.2307692307692299E-003   325.92718242578979        8.8931314132844261E-028
   4.2307692307692307E-003   9.6153846153846159E-003   325.39264053003888        7.6265041909825376E-028

   4.6153846153846149E-003   3.8461538461538462E-004   319.14283048478933        1.3089711818062534E-028
   4.6153846153846149E-003   7.6923076923076923E-004   319.51260935247018        1.4564252920044913E-028
   4.6153846153846149E-003   1.1538461538461537E-003   320.22507396393451        1.7888077676484599E-028
   4.6153846153846149E-003   1.5384615384615385E-003   321.23505112073883        2.3928600545250045E-028
   4.6153846153846149E-003   1.9230769230769232E-003   322.47875271673740        3.4204686752764077E-028
   4.6153846153846149E-003   2.3076923076923075E-003   323.87800064866917        5.1048652903140461E-028
   4.6153846153846149E-003   2.6923076923076922E-003   325.34512401486018        7.7525190200125156E-028
   4.6153846153846149E-003   3.0769230769230769E-003   326.78821244921562        1.1667407362790505E-027
   4.6153846153846149E-003   3.4615384615384616E-003   328.11651117106317        1.6962954271728574E-027
   4.6153846153846149E-003   3.8461538461538464E-003   329.24580216461396        2.3280782453995954E-027
   4.6153846153846149E-003   4.2307692307692307E-003   330.10359873507895        2.9582198683100945E-027
   4.6153846153846149E-003   4.6153846153846149E-003   330.63389199926826        3.4293097485434496E-027
   4.6153846153846149E-003   5.0000000000000001E-003   330.80107146558976        3.5934390617637988E-027
   4.6153846153846149E-003   5.3846153846153844E-003   330.59257456971778        3.3925107791709316E-027
   4.6153846153846149E-003   5.7692307692307696E-003   330.01988429438234        2.8940025419749455E-027
   4.6153846153846149E-003   6.1538461538461538E-003   329.11771972190633        2.2507246015390292E-027
   4.6153846153846149E-003   6.5384615384615381E-003   327.94157089892400        1.6191827074500347E-027
   4.6153846153846149E-003   6.9230769230769233E-003   326.56395050690577        1.0985886791594229E-027
   4.6153846153846149E-003   7.3076923076923076E-003   325.06979093193212        7.1952527982417681E-028
   4.6153846153846149E-003   7.6923076923076927E-003   323.55133797200568        4.6687129687597201E-028
   4.6153846153846149E-003   8.0769230769230770E-003   322.10276703406703        3.0837576470619709E-028
   4.6153846153846149E-003   8.4615384615384613E-003   320.81465641617672        2.1294308964960873E-028
   4.6153846153846149E-003   8.8461538461538456E-003   319.76844661156736        1.5749804089614904E-028
   4.6153846153846149E-003   9.2307692307692299E-003   319.03110641271530        1.2729193684884754E-028
   4.6153846153846149E-003   9.6153846153846159E-003   318.65038337413017        1.1402779253323168E-028

   5.0000000000000001E-003   3.8461538461538462E-004   313.69355239009491        2.8963710696990256E-029
   5.0000000000000001E-003   7.6923076923076923E-004   313.95493977835901        3.1154506075809877E-029
   5.0000000000000001E-003   1.1538461538461537E-003   314.45852681175836        3.5870762480817409E-029
   5.0000000000000001E-003   1.5384615384615385E-003   315.17250904519295        4.3843242049346461E-029
   5.0000000000000001E-003   1.9230769230769232E-003   316.05187299038585        5.6196037339142311E-029
   5.0000000000000001E-003   2.3076923076923075E-003   317.04132340563677        7.4374378949451675E-029
   5.0000000000000001E-003   2.6923076923076922E-003   318.07874364261716        9.9847026912247440E-029
   5.0000000000000001E-003   3.0769230769230769E-003   319.09896744832184        1.3343389026069612E-028
   5.0000000000000001E-003   3.4615384615384616E-003   320.03768306939418        1.7424320493315564E-028
   5.0000000000000001E-003   3.8461538461538464E-003   320.83531592156675        2.1857098135286094E-028
   5.0000000000000001E-003   4.2307692307692307E-003   321.44072680336291        2.5958423188339020E-028
   5.0000000000000001E-003   4.6153846153846149E-003   321.81452240989915        2.8867525427723459E-028
   5.0000000000000001E-003   5.0000000000000001E-003   321.93172874007524        2.9851226884106196E-028
   5.0000000000000001E-003   5.3846153846153844E-003   321.78356457963747        2.8633405950057685E-028
   5.0000000000000001E-003   5.7692307692307696E-003   321.37810626644557        2.5533342237798506E-028
   5.0000000000000001E-003   6.1538461538461538E-003   320.73976151102596        2.1311373193044690E-028
   5.0000000000000001E-003   6.5384615384615381E-003   319.90762857735052        1.6832414944286822E-028
   5.0000000000000001E-003   6.9230769230769233E-003   318.93294103174208        1.2765062291957277E-028
   5.0000000000000001E-003   7.3076923076923076E-003   317.87584770093008        9.4565353603438648E-029
   5.0000000000000001E-003   7.6923076923076927E-003   316.80175900300549        6.9740458903660729E-029
   5.0000000000000001E-003   8.0769230769230770E-003   315.77744146145875        5.2199785774058143E-029
   5.0000000000000001E-003   8.4615384615384613E-003   314.86700400659731        4.0388174556872788E-029
   5.0000000000000001E-003   8.8461538461538456E-003   314.12792131595006        3.2826012075536243E-029
   5.0000000000000001E-003   9.2307692307692299E-003   313.60728688391612        2.8384128211849956E-029
   5.0000000000000001E-003   9.6153846153846159E-003   313.33856143906684        2.6338400649539490E-029

   5.3846153846153844E-003   3.8461538461538462E-004   309.47987973176305        9.7962946581789652E-030
   5.3846153846153844E-003   7.6923076923076923E-004   309.66281742631588        1.0259555684371734E-029
   5.3846153846153844E-003   1.1538461538461537E-003   310.01522153865113        1.1222807468159553E-029
   5.3846153846153844E-003   1.5384615384615385E-003   310.51489317962410        1.2764196616170722E-029
   5.3846153846153844E-003   1.9230769230769232E-003   311.13036588496334        1.4988333432172676E-029
   5.3846153846153844E-003   2.3076923076923075E-003   311.82292642311006        1.8001595549794052E-029
   5.3846153846153844E-003   2.6923076923076922E-003   312.54903573901828        2.1865544155202958E-029
   5.3846153846153844E-003   3.0769230769230769E-003   313.26299623429321        2.6526308500801540E-029
   5.3846153846153844E-003   3.4615384615384616E-003   313.91972677731377        3.1733773492840892E-029
   5.3846153846153844E-003   3.8461538461538464E-003   314.47751666125009        3.6988536927606795E-029
   5.3846153846153844E-003   4.2307692307692307E-003   314.90062519615827        4.1570987823896248E-029
   5.3846153846153844E-003   4.6153846153846149E-003   315.16157715265399        4.4689234829365907E-029
   5.3846153846153844E-003   5.0000000000000001E-003   315.24298912421688        4.5719107806383718E-029
   5.3846153846153844E-003   5.3846153846153844E-003   315.13876681204033        4.4432794200067915E-029
   5.3846153846153844E-003   5.7692307692307696E-003   314.85455280620607        4.1090577283301173E-029
   5.3846153846153844E-003   6.1538461538461538E-003   314.40737804004181        3.6340020420978553E-029
   5.3846153846153844E-003   6.5384615384615381E-003   313.82455770974894        3.0982173865209345E-029
   5.3846153846153844E-003   6.9230769230769233E-003   313.14194461032616        2.5731950226240884E-029
   5.3846153846153844E-003   7.3076923076923076E-003   312.40169006256377        2.1074807135940835E-029
   5.3846153846153844E-003   7.6923076923076927E-003   311.64966536609592        1.7243615484091802E-029
   5.3846153846153844E-003   8.0769230769230770E-003   310.93268112892594        1.4276430334650438E-029
   5.3846153846153844E-003   8.4615384615384613E-003   310.29562854509618        1.2099724998350733E-029
   5.3846153846153844E-003   8.8461538461538456E-003   309.77867057404529        1.0599394247688236E-029
   5.3846153846153844E-003   9.2307692307692299E-003   309.41463462413361        9.6665789607530415E-030
   5.3846153846153844E-003   9.6153846153846159E-003   309.22679011920786        9.2212994894479553E-030

   5.7692307692307696E-003   3.8461538461538462E-004   306.27643631154370        4.7989191015390450E-030
   5.7692307692307696E-003   7.6923076923076923E-004   306.40314037463583        4.9303877522432414E-030
   5.7692307692307696E-003   1.1538461538461537E-003   306.64718233832986        5.1969514746602342E-030
   5.7692307692307696E-003   1.5384615384615385E-003   306.99321555977752        5.6068127838990642E-030
   5.7692307692307696E-003   1.9230769230769232E-003   307.41946424694754        6.1682073617045366E-030
   5.7692307692307696E-003   2.3076923076923075E-003   307.89910999597868        6.8838840283851095E-030
   5.7692307692307696E-003   2.6923076923076922E-003   308.40196810650190        7.7432577597346226E-030
   5.7692307692307696E-003   3.0769230769230769E-003   308.89634788219354        8.7133082904873430E-030
   5.7692307692307696E-003   3.4615384615384616E-003   309.35099463745144        9.7311345307880179E-030
   5.7692307692307696E-003   3.8461538461538464E-003   309.73701410033271        1.0702803658234480E-029
   5.7692307692307696E-003   4.2307692307692307E-003   310.02967790196857        1.1513104821999877E-029
   5.7692307692307696E-003   4.6153846153846149E-003   310.21000325473523        1.2047451008406415E-029
   5.7692307692307696E-003   5.0000000000000001E-003   310.26599745551346        1.2220831408477500E-029
   5.7692307692307696E-003   5.3846153846153844E-003   310.19346739477612        1.2002878580569376E-029
   5.7692307692307696E-003   5.7692307692307696E-003   309.99632186420348        1.1427594893186797E-029
   5.7692307692307696E-003   6.1538461538461538E-003   309.68633866290435        1.0582893058380101E-029
   5.7692307692307696E-003   6.5384615384615381E-003   309.28241926835608        9.5850232285890725E-030
   5.7692307692307696E-003   6.9230769230769233E-003   308.80939733324198        8.5494771639141429E-030
   5.7692307692307696E-003   7.3076923076923076E-003   308.29649383176536        7.5692975494972905E-030
   5.7692307692307696E-003   7.6923076923076927E-003   307.77552055134277        6.7057585511492756E-030
   5.7692307692307696E-003   8.0769230769230770E-003   307.27893182460036        5.9899950134433847E-030
   5.7692307692307696E-003   8.4615384615384613E-003   306.83782179401345        5.4308287705042873E-030
   5.7692307692307696E-003   8.8461538461538456E-003   306.47996839605997        5.0240936584388447E-030
   5.7692307692307696E-003   9.2307692307692299E-003   306.22803662088023        4.7605643536160194E-030
   5.7692307692307696E-003   9.6153846153846159E-003   306.09806607943591        4.6314712026817992E-030

   6.1538461538461538E-003   3.8461538461538462E-004   303.88125554403325        3.1032842963181711E-030
   6.1538461538461538E-003   7.6923076923076923E-004   303.96806617138066        3.1502005518783076E-030
   6.1538461538461538E-003   1.1538461538461537E-003   304.13524342326673        3.2436754172280191E-030
   6.1538461538461538E-003   1.5384615384615385E-003   304.37228615625810        3.3834546798532442E-030
   6.1538461538461538E-003   1.9230769230769232E-003   304.66428368882345        3.5680584398481598E-030
   6.1538461538461538E-003   2.3076923076923075E-003   304.99285967446184        3.7935332828654661E-030
   6.1538461538461538E-003   2.6923076923076922E-003   305.33732040948041        4.0519881402092805E-030
   6.1538461538461538E-003   3.0769230769230769E-003   305.67593546937741        4.3302837104594011E-030
   6.1538461538461538E-003   3.4615384615384616E-003   305.98727763534089        4.6094606363999450E-030
   6.1538461538461538E-003   3.8461538461538464E-003   306.25154928557038        4.8655758083769623E-030
   6.1538461538461538E-003   4.2307692307692307E-003   306.45182166174709        5.0723880337809056E-030
   6.1538461538461538E-003   4.6153846153846149E-003   306.57511241545552        5.2057123867552486E-030
   6.1538461538461538E-003   5.0000000000000001E-003   306.61322887949757        5.2484237241419644E-030
   6.1538461538461538E-003   5.3846153846153844E-003   306.56331371577164        5.1944845983693938E-030
   6.1538461538461538E-003   5.7692307692307696E-003   306.42804842642647        5.0504723255360690E-030
   6.1538461538461538E-003   6.1538461538461538E-003   306.21549742777688        4.8339824124481824E-030
   6.1538461538461538E-003   6.5384615384615381E-003   305.93860583019466        4.5695431240153092E-030
   6.1538461538461538E-003   6.9230769230769233E-003   305.61439097727288        4.2835778000572769E-030
   6.1538461538461538E-003   7.3076923076923076E-003   305.26288626980488        4.0000471758346751E-030
   6.1538461538461538E-003   7.6923076923076927E-003   304.90590502758909        3.7377906485417380E-030
   6.1538461538461538E-003   8.0769230769230770E-003   304.56569513451683        3.5097377276160437E-030
   6.1538461538461538E-003   8.4615384615384613E-003   304.26355656920384        3.3235342071684227E-030
   6.1538461538461538E-003   8.8461538461538456E-003   304.01849708145369        3.1829009255650852E-030
   6.1538461538461538E-003   9.2307692307692299E-003   303.84600650076527        3.0891329455694496E-030
   6.1538461538461538E-003   9.6153846153846159E-003   303.75703407033831        3.0423687047054564E-030

   6.5384615384615381E-003   3.8461538461538462E-004   302.11964681788976        2.4015851174137154E-030
   6.5384615384615381E-003   7.6923076923076923E-004   302.17846530210187        2.4213868576346649E-030
   6.5384615384615381E-003   1.1538461538461537E-003   302.29171737501360        2.4603772845846391E-030
   6.5384615384615381E-003   1.5384615384615385E-003   302.45229444868318        2.5176010190907029E-030
   6.5384615384615381E-003   1.9230769230769232E-003   302.65009820154648        2.5913407449641508E-030
   6.5384615384615381E-003   2.3076923076923075E-003   302.87267726429792        2.6788369428116914E-030
   6.5384615384615381E-003   2.6923076923076922E-003   303.10600516567092        2.7760185019032343E-030
   6.5384615384615381E-003   3.0769230769230769E-003   303.33535086837355        2.8773511575595829E-030
   6.5384615384615381E-003   3.4615384615384616E-003   303.54619101676610        2.9759310030496897E-030
   6.5384615384615381E-003   3.8461538461538464E-003   303.72511230542500        3.0639314192738406E-030
   6.5384615384615381E-003   4.2307692307692307E-003   303.86065216676991        3.1334341478038534E-030
   6.5384615384615381E-003   4.6153846153846149E-003   303.94402664169968        3.1775442599508469E-030
   6.5384615384615381E-003   5.0000000000000001E-003   303.96969740593721        3.1915482143600398E-030
   6.5384615384615381E-003   5.3846153846153844E-003   303.93573734134355        3.1737956792398860E-030
   6.5384615384615381E-003   5.7692307692307696E-003   303.84396671037092        3.1260289914414256E-030
   6.5384615384615381E-003   6.1538461538461538E-003   303.69984902667017        3.0530503268485418E-030
   6.5384615384615381E-003   6.5384615384615381E-003   303.51215441360057        2.9618353120200037E-030
   6.5384615384615381E-003   6.9230769230769233E-003   303.29241518511537        2.8603693447166716E-030
   6.5384615384615381E-003   7.3076923076923076E-003   303.05421101623745        2.7565276008688670E-030
   6.5384615384615381E-003   7.6923076923076927E-003   302.81232876687460        2.6572416377811081E-030
   6.5384615384615381E-003   8.0769230769230770E-003   302.58184602388070        2.5680540317772515E-030
   6.5384615384615381E-003   8.4615384615384613E-003   302.37718981107258        2.4930299668998105E-030
   6.5384615384615381E-003   8.8461538461538456E-003   302.21122423568602        2.4349158837878843E-030
   6.5384615384615381E-003   9.2307692307692299E-003   302.09442308908547        2.3954160923429073E-030
   6.5384615384615381E-003   9.6153846153846159E-003   302.03418383013519        2.3754790201267399E-030

   6.9230769230769233E-003   3.8461538461538462E-004   300.84509964107127        2.0671363629487370E-030
   6.9230769230769233E-003   7.6923076923076923E-004   300.88450314096957        2.0765322272808304E-030
   6.9230769230769233E-003   1.1538461538461537E-003   300.96036004425622        2.0948900660610027E-030
   6.9230769230769233E-003   1.5384615384615385E-003   301.06791128576998        2.1215036461601089E-030
   6.9230769230769233E-003   1.9230769230769232E-003   301.20039403463807        2.1552494707109779E-030
   6.9230769230769233E-003   2.3076923076923075E-003   301.34946691064187        2.1945359300754786E-030
   6.9230769230769233E-003   2.6923076923076922E-003   301.50573111031156        2.2372745196651255E-030
   6.9230769230769233E-003   3.0769230769230769E-003   301.65931492662190        2.2809036924525379E-030
   6.9230769230769233E-003   3.4615384615384616E-003   301.80048692662979        2.3224946519239878E-030
   6.9230769230769233E-003   3.8461538461538464E-003   301.92026217328981        2.3589563348589507E-030
   6.9230769230769233E-003   4.2307692307692307E-003   302.01096588718821        2.3873327440278760E-030
   6.9230769230769233E-003   4.6153846153846149E-003   302.06672002570974        2.4051541255375130E-030
   6.9230769230769233E-003   5.0000000000000001E-003   302.08382113727714        2.4107750801942250E-030
   6.9230769230769233E-003   5.3846153846153844E-003   302.06098334323286        2.4036212068109933E-030
   6.9230769230769233E-003   5.7692307692307696E-003   301.99942872729457        2.3842805249677167E-030
   6.9230769230769233E-003   6.1538461538461538E-003   301.90281818285308        2.3544147348115580E-030
   6.9230769230769233E-003   6.5384615384615381E-003   301.77702743030000        2.3165141994315304E-030
   6.9230769230769233E-003   6.9230769230769233E-003   301.62978369108367        2.2735598566510731E-030
   6.9230769230769233E-003   7.3076923076923076E-003   301.47018702692048        2.2286706295955860E-030
   6.9230769230769233E-003   7.6923076923076927E-003   301.30814617743380        2.1848039340267058E-030
   6.9230769230769233E-003   8.0769230769230770E-003   301.15376232703358        2.1445485815244469E-030
   6.9230769230769233E-003   8.4615384615384613E-003   301.01669650313602        2.1100174562050921E-030
   6.9230769230769233E-003   8.8461538461538456E-003   300.90555791579732        2.0828228608967739E-030
   6.9230769230769233E-003   9.2307692307692299E-003   300.82735141116103        2.0641050677280963E-030
   6.9230769230769233E-003   9.6153846153846159E-003   300.78702141432262        2.0545832306194580E-030

   7.3076923076923076E-003   3.8461538461538462E-004   299.93812944125108        1.8916897252014099E-030
   7.3076923076923076E-003   7.6923076923076923E-004   299.96423169053827        1.8965137569694839E-030
   7.3076923076923076E-003   1.1538461538461537E-003   300.01447374586735        1.9058914675622377E-030
   7.3076923076923076E-003   1.5384615384615385E-003   300.08570453684132        1.9193786921062792E-030
   7.3076923076923076E-003   1.9230769230769232E-003   300.17344525180476        1.9363027737782069E-030
   7.3076923076923076E-003   2.3076923076923075E-003   300.27217041268244        1.9557644947767887E-030
   7.3076923076923076E-003   2.6923076923076922E-003   300.37565307798928        1.9766537495007929E-030
   7.3076923076923076E-003   3.0769230769230769E-003   300.47735267553833        1.9976874887787647E-030
   7.3076923076923076E-003   3.4615384615384616E-003   300.57082215016266        2.0174764664783498E-030
   7.3076923076923076E-003   3.8461538461538464E-003   300.65011034320855        2.0346222864924281E-030
   7.3076923076923076E-003   4.2307692307692307E-003   300.71013559949529        2.0478385687155962E-030
   7.3076923076923076E-003   4.6153846153846149E-003   300.74700761206253        2.0560814696314650E-030
   7.3076923076923076E-003   5.0000000000000001E-003   300.75827679105811        2.0586682029201536E-030
   7.3076923076923076E-003   5.3846153846153844E-003   300.74309432038609        2.0553606439757573E-030
   7.3076923076923076E-003   5.7692307692307696E-003   300.70227161549013        2.0463962265702878E-030
   7.3076923076923076E-003   6.1538461538461538E-003   300.63823473666343        2.0324592458280681E-030
   7.3076923076923076E-003   6.5384615384615381E-003   300.55487664797829        2.0145989334422760E-030
   7.3076923076923076E-003   6.9230769230769233E-003   300.45731709283604        1.9941117469988612E-030
   7.3076923076923076E-003   7.3076923076923076E-003   300.35158553446422        1.9724106997964665E-030
   7.3076923076923076E-003   7.6923076923076927E-003   300.24424677980556        1.9509032349849865E-030
   7.3076923076923076E-003   8.0769230769230770E-003   300.14199171290932        1.9308926940884864E-030
   7.3076923076923076E-003   8.4615384615384613E-003   300.05121737442335        1.9135098643998699E-030
   7.3076923076923076E-003   8.8461538461538456E-003   299.97762169848113        1.8996733484209392E-030
   7.3076923076923076E-003   9.2307692307692299E-003   299.92583846940107        1.8900723829774448E-030
   7.3076923076923076E-003   9.6153846153846159E-003   299.89913702040991        1.8851636772318799E-030

   7.6923076923076927E-003   3.8461538461538462E-004   299.30383827377585        1.7937703228966182E-030
   7.6923076923076927E-003   7.6923076923076923E-004   299.32094948844673        1.7963788923116616E-030
   7.6923076923076927E-003   1.1538461538461537E-003   299.35388019931611        1.8014331530159826E-030
   7.6923076923076927E-003   1.5384615384615385E-003   299.40056547153358        1.8086651922157986E-030
   7.6923076923076927E-003   1.9230769230769232E-003   299.45806982272467        1.8176795272690237E-030
   7.6923076923076927E-003   2.3076923076923075E-003   299.52277120326193        1.8279639829827259E-030
   7.6923076923076927E-003   2.6923076923076922E-003   299.59058729251211        1.8389081266060955E-030
   7.6923076923076927E-003   3.0769230769230769E-003   299.65723003683178        1.8498313666034026E-030
   7.6923076923076927E-003   3.4615384615384616E-003   299.71847300279620        1.8600217522739271E-030
   7.6923076923076927E-003   3.8461538461538464E-003   299.77041552816615        1.8687845635112753E-030
   7.6923076923076927E-003   4.2307692307692307E-003   299.80972773943824        1.8754972309234760E-030
   7.6923076923076927E-003   4.6153846153846149E-003   299.83386130926760        1.8796645973980109E-030
   7.6923076923076927E-003   5.0000000000000001E-003   299.84121248934889        1.8809668656571882E-030
   7.6923076923076927E-003   5.3846153846153844E-003   299.83122660391933        1.8792925413046454E-030
   7.6923076923076927E-003   5.7692307692307696E-003   299.80443681045108        1.8747506086962996E-030
   7.6923076923076927E-003   6.1538461538461538E-003   299.76243428417661        1.8676597211949050E-030
   7.6923076923076927E-003   6.5384615384615381E-003   299.70777161582964        1.8585163764192057E-030
   7.6923076923076927E-003   6.9230769230769233E-003   299.64380560859001        1.8479476484479147E-030
   7.6923076923076927E-003   7.3076923076923076E-003   299.57448940014569        1.8366560705955477E-030
   7.6923076923076927E-003   7.6923076923076927E-003   299.50412671538453        1.8253643275673313E-030
   7.6923076923076927E-003   8.0769230769230770E-003   299.43710309194131        1.8147658301303658E-030
   7.6923076923076927E-003   8.4615384615384613E-003   299.37761024527572        1.8054847661404196E-030
   7.6923076923076927E-003   8.8461538461538456E-003   299.32938044032466        1.7980466942149893E-030
   7.6923076923076927E-003   9.2307692307692299E-003   299.29544774236024        1.7928588015073943E-030
   7.6923076923076927E-003   9.6153846153846159E-003   299.27795209252923        1.7901978701319295E-030

   8.0769230769230770E-003   3.8461538461538462E-004   298.86881953755051        1.7370769924284711E-030
   8.0769230769230770E-003   7.6923076923076923E-004   298.87994833409550        1.7385371020925768E-030
   8.0769230769230770E-003   1.1538461538461537E-003   298.90136247572133        1.7413600704527243E-030
   8.0769230769230770E-003   1.5384615384615385E-003   298.93171933790211        1.7453861931217636E-030
   8.0769230769230770E-003   1.9230769230769232E-003   298.96911005192766        1.7503831407990098E-030
   8.0769230769230770E-003   2.3076923076923075E-003   299.01117903445726        1.7560555648295837E-030
   8.0769230769230770E-003   2.6923076923076922E-003   299.05527116874799        1.7620588187107702E-030
   8.0769230769230770E-003   3.0769230769230769E-003   299.09859749259687        1.7680170892405397E-030
   8.0769230769230770E-003   3.4615384615384616E-003   299.13840929249898        1.7735457399811636E-030
   8.0769230769230770E-003   3.8461538461538464E-003   299.17217007824132        1.7782769230672214E-030
   8.0769230769230770E-003   4.2307692307692307E-003   299.19771498471698        1.7818866386547133E-030
   8.0769230769230770E-003   4.6153846153846149E-003   299.21338773635784        1.7841206350834487E-030
   8.0769230769230770E-003   5.0000000000000001E-003   299.21814647006062        1.7848161120677688E-030
   8.0769230769230770E-003   5.3846153846153844E-003   299.21163148538636        1.7839163314575475E-030
   8.0769230769230770E-003   5.7692307692307696E-003   299.19419033796868        1.7814760262220129E-030
   8.0769230769230770E-003   6.1538461538461538E-003   299.16685845932926        1.7776567961550255E-030
   8.0769230769230770E-003   6.5384615384615381E-003   299.13129641915015        1.7727131781452901E-030
   8.0769230769230770E-003   6.9230769230769233E-003   299.08968775461227        1.7669713969808536E-030
   8.0769230769230770E-003   7.3076923076923076E-003   299.04460373409972        1.7608036244241282E-030
   8.0769230769230770E-003   7.6923076923076927E-003   298.99884336435986        1.7546007598885473E-030
   8.0769230769230770E-003   8.0769230769230770E-003   298.95525836576974        1.7487463589075853E-030
   8.0769230769230770E-003   8.4615384615384613E-003   298.91657376335621        1.7435935880167392E-030
   8.0769230769230770E-003   8.8461538461538456E-003   298.88521519007946        1.7394462388144739E-030
   8.0769230769230770E-003   9.2307692307692299E-003   298.86315392289578        1.7365441085750139E-030
   8.0769230769230770E-003   9.6153846153846159E-003   298.85177995067073        1.7350525729732254E-030

   8.4615384615384613E-003   3.8461538461538462E-004   298.57789150478277        1.7037313800329887E-030
   8.4615384615384613E-003   7.6923076923076923E-004   298.58512387664535        1.7045711967076725E-030
   8.4615384615384613E-003   1.1538461538461537E-003   298.59903832229844        1.7061926021415065E-030
   8.4615384615384613E-003   1.5384615384615385E-003   298.61876248964410        1.7085002528036828E-030
   8.4615384615384613E-003   1.9230769230769232E-003   298.64305601809201        1.7113566402639258E-030
   8.4615384615384613E-003   2.3076923076923075E-003   298.67038815874236        1.7145888878524083E-030
   8.4615384615384613E-003   2.6923076923076922E-003   298.69903342731618        1.7179978383241971E-030
   8.4615384615384613E-003   3.0769230769230769E-003   298.72717935063974        1.7213692851279001E-030
   8.4615384615384613E-003   3.4615384615384616E-003   298.75303971003717        1.7244869783258626E-030
   8.4615384615384613E-003   3.8461538461538464E-003   298.77496638896559        1.7271467436515169E-030
   8.4615384615384613E-003   4.2307692307692307E-003   298.79155298727943        1.7291707408786595E-030
   8.4615384615384613E-003   4.6153846153846149E-003   298.80172377834145        1.7304206358650983E-030
   8.4615384615384613E-003   5.0000000000000001E-003   298.80480237710100        1.7308083588449413E-030
   8.4615384615384613E-003   5.3846153846153844E-003   298.80055566294737        1.7303032375468790E-030
   8.4615384615384613E-003   5.7692307692307696E-003   298.78921002261501        1.7289346427944120E-030
   8.4615384615384613E-003   6.1538461538461538E-003   298.77143874782996        1.7267898138103181E-030
   8.4615384615384613E-003   6.5384615384615381E-003   298.74832129122950        1.7240071304337223E-030
   8.4615384615384613E-003   6.9230769230769233E-003   298.72127688630781        1.7207656369751933E-030
   8.4615384615384613E-003   7.3076923076923076E-003   298.69197663052569        1.7172719864773748E-030
   8.4615384615384613E-003   7.6923076923076927E-003   298.66223942589966        1.7137461105300999E-030
   8.4615384615384613E-003   8.0769230769230770E-003   298.63391813415740        1.7104068418309069E-030
   8.4615384615384613E-003   8.4615384615384613E-003   298.60878293107487        1.7074584899506993E-030
   8.4615384615384613E-003   8.8461538461538456E-003   298.58840913053564        1.7050790821492781E-030
   8.4615384615384613E-003   9.2307692307692299E-003   298.57407665864184        1.7034107075327629E-030
   8.4615384615384613E-003   9.6153846153846159E-003   298.56668783083688        1.7025521918025519E-030

   8.8461538461538456E-003   3.8461538461538462E-004   298.39101189970569        1.6842838109911074E-030
   8.8461538461538456E-003   7.6923076923076923E-004   298.39579628847133        1.6847843668658617E-030
   8.8461538461538456E-003   1.1538461538461537E-003   298.40499960000813        1.6857498742564463E-030
   8.8461538461538456E-003   1.5384615384615385E-003   298.41804485779062        1.6871222479023973E-030
   8.8461538461538456E-003   1.9230769230769232E-003   298.43411163555123        1.6888181385049184E-030
   8.8461538461538456E-003   2.3076923076923075E-003   298.45218737609093        1.6907334457608330E-030
   8.8461538461538456E-003   2.6923076923076922E-003   298.47113067052811        1.6927491622246014E-030
   8.8461538461538456E-003   3.0769230769230769E-003   298.48974257089122        1.6947383461027438E-030
   8.8461538461538456E-003   3.4615384615384616E-003   298.50684155576414        1.6965739154603032E-030
   8.8461538461538456E-003   3.8461538461538464E-003   298.52133756304022        1.6981368339925576E-030
   8.8461538461538456E-003   4.2307692307692307E-003   298.53230054419885        1.6993241405535181E-030
   8.8461538461538456E-003   4.6153846153846149E-003   298.53901928386978        1.7000561919729477E-030
   8.8461538461538456E-003   5.0000000000000001E-003   298.54104677107904        1.7002824742398188E-030
   8.8461538461538456E-003   5.3846153846153844E-003   298.53822919797511        1.6999854141531745E-030
   8.8461538461538456E-003   5.7692307692307696E-003   298.53071666645957        1.6991817947816736E-030
   8.8461538461538456E-003   6.1538461538461538E-003   298.51895483959038        1.6979216208321425E-030
   8.8461538461538456E-003   6.5384615384615381E-003   298.50365799301056        1.6962845505662185E-030
   8.8461538461538456E-003   6.9230769230769233E-003   298.48576510312012        1.6943742573310266E-030
   8.8461538461538456E-003   7.3076923076923076E-003   298.46638166626974        1.6923112623095705E-030
   8.8461538461538456E-003   7.6923076923076927E-003   298.44671081676728        1.6902248678804047E-030
   8.8461538461538456E-003   8.0769230769230770E-003   298.42797796931188        1.6882448202579608E-030
   8.8461538461538456E-003   8.4615384615384613E-003   298.41135363936354        1.6864932630730044E-030
   8.8461538461538456E-003   8.8461538461538456E-003   298.39787927973242        1.6850774413251305E-030
   8.8461538461538456E-003   9.2307692307692299E-003   298.38840089007107        1.6840835060287452E-030
   8.8461538461538456E-003   9.6153846153846159E-003   298.38351477687200        1.6835716719805275E-030

   9.2307692307692299E-003   3.8461538461538462E-004   298.28061329757202        1.6735614264576529E-030
   9.2307692307692299E-003   7.6923076923076923E-004   298.28397605801570        1.6738832782632193E-030
   9.2307692307692299E-003   1.1538461538461537E-003   298.29044375321604        1.6745037161993334E-030
   9.2307692307692299E-003   1.5384615384615385E-003   298.29961090993874        1.6753849374983035E-030
   9.2307692307692299E-003   1.9230769230769232E-003   298.31090094534113        1.6764728486138921E-030
   9.2307692307692299E-003   2.3076923076923075E-003   298.32360222238026        1.6777001348800661E-030
   9.2307692307692299E-003   2.6923076923076922E-003   298.33691252826509        1.6789901724706998E-030
   9.2307692307692299E-003   3.0769230769230769E-003   298.34998921661145        1.6802616115105995E-030
   9.2307692307692299E-003   3.4615384615384616E-003   298.36200192583630        1.6814334013997785E-030
   9.2307692307692299E-003   3.8461538461538464E-003   298.37218463658974        1.6824299699731418E-030
   9.2307692307692299E-003   4.2307692307692307E-003   298.37988386144440        1.6831862168652136E-030
   9.2307692307692299E-003   4.6153846153846149E-003   298.38459997160720        1.6836519521103172E-030
   9.2307692307692299E-003   5.0000000000000001E-003   298.38601905660551        1.6837954175961025E-030
   9.2307692307692299E-003   5.3846153846153844E-003   298.38403327385055        1.6836055807366949E-030
   9.2307692307692299E-003   5.7692307692307696E-003   298.37874835019676        1.6830929865036446E-030
   9.2307692307692299E-003   6.1538461538461538E-003   298.37047770326672        1.6822890843517727E-030
   9.2307692307692299E-003   6.5384615384615381E-003   298.35972349763421        1.6812440900521555E-030
   9.2307692307692299E-003   6.9230769230769233E-003   298.34714577609520        1.6800235749735602E-030
   9.2307692307692299E-003   7.3076923076923076E-003   298.33352155168097        1.6787040764775220E-030
   9.2307692307692299E-003   7.6923076923076927E-003   298.31969636884219        1.6773680814737190E-030
   9.2307692307692299E-003   8.0769230769230770E-003   298.30653131530073        1.6760987505005768E-030
   9.2307692307692299E-003   8.4615384615384613E-003   298.29484877292947        1.6749747305305235E-030
   9.2307692307692299E-003   8.8461538461538456E-003   298.28538032279403        1.6740653638049863E-030
   9.2307692307692299E-003   9.2307692307692299E-003   298.27872014987207        1.6734265492957129E-030
   9.2307692307692299E-003   9.6153846153846159E-003   298.27528701010630        1.6730974606933036E-030

   9.6153846153846159E-003   3.8461538461538462E-004   298.22951095809316        1.6688031911835279E-030
   9.6153846153846159E-003   7.6923076923076923E-004   298.23222282145770        1.6690479098738890E-030
   9.6153846153846159E-003   1.1538461538461537E-003   298.23743809625807        1.6695195073815104E-030
   9.6153846153846159E-003   1.5384615384615385E-003   298.24482982409739        1.6701890868579306E-030
   9.6153846153846159E-003   1.9230769230769232E-003   298.25393305912650        1.6710153492696772E-030
   9.6153846153846159E-003   2.3076923076923075E-003   298.26417393780218        1.6719469843564266E-030
   9.6153846153846159E-003   2.6923076923076922E-003   298.27490554921997        1.6729256976687362E-030
   9.6153846153846159E-003   3.0769230769230769E-003   298.28544838116511        1.6738897294845897E-030
   9.6153846153846159E-003   3.4615384615384616E-003   298.29513284781530        1.6747776808061254E-030
   9.6153846153846159E-003   3.8461538461538464E-003   298.30334128181073        1.6755324229400700E-030
   9.6153846153846159E-003   4.2307692307692307E-003   298.30954679890772        1.6761048366031782E-030
   9.6153846153846159E-003   4.6153846153846149E-003   298.31334661790407        1.6764571123713385E-030
   9.6153846153846159E-003   5.0000000000000001E-003   298.31448773868055        1.6765653547751981E-030
   9.6153846153846159E-003   5.3846153846153844E-003   298.31288333645472        1.6764212724715748E-030
   9.6153846153846159E-003   5.7692307692307696E-003   298.30861879869570        1.6760328059324731E-030
   9.6153846153846159E-003   6.1538461538461538E-003   298.30194697749459        1.6754236344426477E-030
   9.6153846153846159E-003   6.5384615384615381E-003   298.29327290934253        1.6746316028818271E-030
   9.6153846153846159E-003   6.9230769230769233E-003   298.28312891728842        1.6737062007340251E-030
   9.6153846153846159E-003   7.3076923076923076E-003   298.27214161270865        1.6727052980920089E-030
   9.6153846153846159E-003   7.6923076923076927E-003   298.26099282034124        1.6716913886060286E-030
   9.6153846153846159E-003   8.0769230769230770E-003   298.25037683675822        1.6707276064602495E-030
   9.6153846153846159E-003   8.4615384615384613E-003   298.24095668260526        1.6698737780498507E-030
   9.6153846153846159E-003   8.8461538461538456E-003   298.23332210942789        1.6691827462589450E-030
   9.6153846153846159E-003   9.2307692307692299E-003   298.22795205961057        1.6686971730276697E-030
   9.6153846153846159E-003   9.6153846153846159E-003   298.22518404186064        1.6684469889878080E-030

