   3.8461538461538462E-004   3.8461538461538462E-004   507.67713389070826        2.8808190494225397E-013
   3.8461538461538462E-004   7.6923076923076923E-004   663.65951762020291        1.4065558507380463E-008
   3.8461538461538462E-004   1.1538461538461537E-003   1977.4490124429597        1.0000000000000000     
   3.8461538461538462E-004   1.5384615384615385E-003   1657.2387337668254        1.0000000000000000     
   3.8461538461538462E-004   1.9230769230769232E-003   1692.9912555568433        1.0000000000000000     
   3.8461538461538462E-004   2.3076923076923075E-003   1703.8065244340089        1.0000000000000000     
   3.8461538461538462E-004   2.6923076923076922E-003   1714.9831730675626        1.0000000000000000     
   3.8461538461538462E-004   3.0769230769230769E-003   1726.9778958076431        1.0000000000000000     
   3.8461538461538462E-004   3.4615384615384616E-003   1738.8488058380640        1.0000000000000000     
   3.8461538461538462E-004   3.8461538461538464E-003   1749.0701639678921        1.0000000000000000     
   3.8461538461538462E-004   4.2307692307692307E-003   1756.0615672289032        1.0000000000000000     
   3.8461538461538462E-004   4.6153846153846149E-003   1759.4383199269028        1.0000000000000000     
   3.8461538461538462E-004   5.0000000000000001E-003   1760.1933565336856        1.0000000000000000     
   3.8461538461538462E-004   5.3846153846153844E-003   1759.0615339695853        1.0000000000000000     
   3.8461538461538462E-004   5.7692307692307696E-003   1755.2817395603963        1.0000000000000000     
   3.8461538461538462E-004   6.1538461538461538E-003   1747.8434775250889        1.0000000000000000     
   3.8461538461538462E-004   6.5384615384615381E-003   1737.0980016868632        1.0000000000000000     
   3.8461538461538462E-004   6.9230769230769233E-003   1724.5595583611334        1.0000000000000000     
   3.8461538461538462E-004   7.3076923076923076E-003   1711.7248929327527        1.0000000000000000     
   3.8461538461538462E-004   7.6923076923076927E-003   1699.7185941987016        1.0000000000000000     
   3.8461538461538462E-004   8.0769230769230770E-003   1689.4150982130609        1.0000000000000000     
   3.8461538461538462E-004   8.4615384615384613E-003   1637.6319756921318        1.0000000000000000     
   3.8461538461538462E-004   8.8461538461538456E-003   2056.7963290502248       0.99993102947002643     
   3.8461538461538462E-004   9.2307692307692299E-003   614.97222204458603        2.3027205085187847E-010
   3.8461538461538462E-004   9.6153846153846159E-003   496.09761057636746        6.4060341057754150E-014

   7.6923076923076923E-004   3.8461538461538462E-004   493.81778175091972        4.7177622304846941E-014
   7.6923076923076923E-004   7.6923076923076923E-004   606.49812638974493        1.0322934044077236E-010
   7.6923076923076923E-004   1.1538461538461537E-003   2080.8668677711207       0.97780499649548114     
   7.6923076923076923E-004   1.5384615384615385E-003   1635.4543422297702        1.0000000000000000     
   7.6923076923076923E-004   1.9230769230769232E-003   1682.0246146466093        1.0000000000000000     
   7.6923076923076923E-004   2.3076923076923075E-003   1688.7498299611955        1.0000000000000000     
   7.6923076923076923E-004   2.6923076923076922E-003   1698.5324471777799        1.0000000000000000     
   7.6923076923076923E-004   3.0769230769230769E-003   1710.5643433574719        1.0000000000000000     
   7.6923076923076923E-004   3.4615384615384616E-003   1723.4992157584252        1.0000000000000000     
   7.6923076923076923E-004   3.8461538461538464E-003   1735.2167929107311        1.0000000000000000     
   7.6923076923076923E-004   4.2307692307692307E-003   1743.6269969665395        1.0000000000000000     
   7.6923076923076923E-004   4.6153846153846149E-003   1748.0032544279613        1.0000000000000000     
   7.6923076923076923E-004   5.0000000000000001E-003   1749.1151300089266        1.0000000000000000     
   7.6923076923076923E-004   5.3846153846153844E-003   1747.6139387503831        1.0000000000000000     
   7.6923076923076923E-004   5.7692307692307696E-003   1742.8257616852029        1.0000000000000000     
   7.6923076923076923E-004   6.1538461538461538E-003   1733.9872585689309        1.0000000000000000     
   7.6923076923076923E-004   6.5384615384615381E-003   1721.8064124050227        1.0000000000000000     
   7.6923076923076923E-004   6.9230769230769233E-003   1708.2919868732465        1.0000000000000000     
   7.6923076923076923E-004   7.3076923076923076E-003   1695.5494592010934        1.0000000000000000     
   7.6923076923076923E-004   7.6923076923076927E-003   1685.0903333034987        1.0000000000000000     
   7.6923076923076923E-004   8.0769230769230770E-003   1679.3905284424052        1.0000000000000000     
   7.6923076923076923E-004   8.4615384615384613E-003   1623.4770821871191        1.0000000000000000     
   7.6923076923076923E-004   8.8461538461538456E-003   961.73390610714773        4.3829594146099535E-002
   7.6923076923076923E-004   9.2307692307692299E-003   565.97014124551004        1.9445607088008287E-011
   7.6923076923076923E-004   9.6153846153846159E-003   484.35553193108626        1.3990691468429500E-014

   1.1538461538461537E-003   3.8461538461538462E-004   472.53270297914474        2.9719926193388201E-015
   1.1538461538461537E-003   7.6923076923076923E-004   541.72528935998457        1.6216743834989284E-012
   1.1538461538461537E-003   1.1538461538461537E-003   871.98471844829669        3.3134379087061839E-003
   1.1538461538461537E-003   1.5384615384615385E-003   1629.7608468492278        1.0000000000000000     
   1.1538461538461537E-003   1.9230769230769232E-003   1658.2918203790018        1.0000000000000000     
   1.1538461538461537E-003   2.3076923076923075E-003   1659.5272668659752        1.0000000000000000     
   1.1538461538461537E-003   2.6923076923076922E-003   1668.9656099504837        1.0000000000000000     
   1.1538461538461537E-003   3.0769230769230769E-003   1682.2370163983971        1.0000000000000000     
   1.1538461538461537E-003   3.4615384615384616E-003   1697.3034474204219        1.0000000000000000     
   1.1538461538461537E-003   3.8461538461538464E-003   1711.2314685279082        1.0000000000000000     
   1.1538461538461537E-003   4.2307692307692307E-003   1721.4379075515108        1.0000000000000000     
   1.1538461538461537E-003   4.6153846153846149E-003   1726.9760856140267        1.0000000000000000     
   1.1538461538461537E-003   5.0000000000000001E-003   1728.4859644816347        1.0000000000000000     
   1.1538461538461537E-003   5.3846153846153844E-003   1726.5687125303978        1.0000000000000000     
   1.1538461538461537E-003   5.7692307692307696E-003   1720.6118001064344        1.0000000000000000     
   1.1538461538461537E-003   6.1538461538461538E-003   1710.0204495651176        1.0000000000000000     
   1.1538461538461537E-003   6.5384615384615381E-003   1695.7239261803404        1.0000000000000000     
   1.1538461538461537E-003   6.9230769230769233E-003   1680.1695798500887        1.0000000000000000     
   1.1538461538461537E-003   7.3076923076923076E-003   1666.2525752146564        1.0000000000000000     
   1.1538461538461537E-003   7.6923076923076927E-003   1656.1317450803765        1.0000000000000000     
   1.1538461538461537E-003   8.0769230769230770E-003   1656.1949879915505        1.0000000000000000     
   1.1538461538461537E-003   8.4615384615384613E-003   1651.7613207220197        1.0000000000000000     
   1.1538461538461537E-003   8.8461538461538456E-003   827.38610645272865        1.1378661377095735E-003
   1.1538461538461537E-003   9.2307692307692299E-003   529.05588176785807        4.3113848267246101E-013
   1.1538461538461537E-003   9.6153846153846159E-003   465.08142403535766        1.0487883027324932E-015

   1.5384615384615385E-003   3.8461538461538462E-004   447.46099497753841        9.4642945945845872E-017
   1.5384615384615385E-003   7.6923076923076923E-004   493.98223944171895        5.8489118842804818E-015
   1.5384615384615385E-003   1.1538461538461537E-003   746.98571045953940        1.2146453871521923E-005
   1.5384615384615385E-003   1.5384615384615385E-003   1668.5051733198836        1.0000000000000000     
   1.5384615384615385E-003   1.9230769230769232E-003   1622.6714212451539        1.0000000000000000     
   1.5384615384615385E-003   2.3076923076923075E-003   1623.3571958639488        1.0000000000000000     
   1.5384615384615385E-003   2.6923076923076922E-003   1634.8977294198678        1.0000000000000000     
   1.5384615384615385E-003   3.0769230769230769E-003   1650.4865307255689        1.0000000000000000     
   1.5384615384615385E-003   3.4615384615384616E-003   1667.5927607197748        1.0000000000000000     
   1.5384615384615385E-003   3.8461538461538464E-003   1682.9491828191515        1.0000000000000000     
   1.5384615384615385E-003   4.2307692307692307E-003   1693.9941391628267        1.0000000000000000     
   1.5384615384615385E-003   4.6153846153846149E-003   1699.9490806809779        1.0000000000000000     
   1.5384615384615385E-003   5.0000000000000001E-003   1701.5859376728868        1.0000000000000000     
   1.5384615384615385E-003   5.3846153846153844E-003   1699.5435820132245        1.0000000000000000     
   1.5384615384615385E-003   5.7692307692307696E-003   1693.1964604164834        1.0000000000000000     
   1.5384615384615385E-003   6.1538461538461538E-003   1681.8285941490265        1.0000000000000000     
   1.5384615384615385E-003   6.5384615384615381E-003   1666.1313207085129        1.0000000000000000     
   1.5384615384615385E-003   6.9230769230769233E-003   1648.4969822303281        1.0000000000000000     
   1.5384615384615385E-003   7.3076923076923076E-003   1632.0357938452544        1.0000000000000000     
   1.5384615384615385E-003   7.6923076923076927E-003   1619.5715967252022        1.0000000000000000     
   1.5384615384615385E-003   8.0769230769230770E-003   1619.6081453016513        1.0000000000000000     
   1.5384615384615385E-003   8.4615384615384613E-003   1692.2238559420432        1.0000000000000000     
   1.5384615384615385E-003   8.8461538461538456E-003   727.80295288576372        3.3518723596600020E-006
   1.5384615384615385E-003   9.2307692307692299E-003   484.47358368907754        1.6686292259755046E-015
   1.5384615384615385E-003   9.6153846153846159E-003   441.61264453952685        3.9098241686333313E-017

   1.9230769230769232E-003   3.8461538461538462E-004   422.37812923724744        2.1627279729594801E-018
   1.9230769230769232E-003   7.6923076923076923E-004   443.40765124868193        1.0088076994973206E-017
   1.9230769230769232E-003   1.1538461538461537E-003   567.18452951129552        1.7466929109389823E-012
   1.9230769230769232E-003   1.5384615384615385E-003   1907.4581247153137       0.85337962401488632     
   1.9230769230769232E-003   1.9230769230769232E-003   1524.9118012362521        1.0000000000000000     
   1.9230769230769232E-003   2.3076923076923075E-003   1593.3928134186413        1.0000000000000000     
   1.9230769230769232E-003   2.6923076923076922E-003   1604.4986638775779        1.0000000000000000     
   1.9230769230769232E-003   3.0769230769230769E-003   1621.1918343595685        1.0000000000000000     
   1.9230769230769232E-003   3.4615384615384616E-003   1639.3570053940164        1.0000000000000000     
   1.9230769230769232E-003   3.8461538461538464E-003   1654.9808608479832        1.0000000000000000     
   1.9230769230769232E-003   4.2307692307692307E-003   1665.7582478329953        1.0000000000000000     
   1.9230769230769232E-003   4.6153846153846149E-003   1671.3210293345799        1.0000000000000000     
   1.9230769230769232E-003   5.0000000000000001E-003   1672.8132957737205        1.0000000000000000     
   1.9230769230769232E-003   5.3846153846153844E-003   1671.0182981829312        1.0000000000000000     
   1.9230769230769232E-003   5.7692307692307696E-003   1665.1690099039583        1.0000000000000000     
   1.9230769230769232E-003   6.1538461538461538E-003   1654.0657309284838        1.0000000000000000     
   1.9230769230769232E-003   6.5384615384615381E-003   1637.8768597992005        1.0000000000000000     
   1.9230769230769232E-003   6.9230769230769233E-003   1619.0364869105915        1.0000000000000000     
   1.9230769230769232E-003   7.3076923076923076E-003   1600.9040800544490        1.0000000000000000     
   1.9230769230769232E-003   7.6923076923076927E-003   1590.2185798336750        1.0000000000000000     
   1.9230769230769232E-003   8.0769230769230770E-003   1504.2863285380274        1.0000000000000000     
   1.9230769230769232E-003   8.4615384615384613E-003   1011.8793370399354        8.8262223865624129E-002
   1.9230769230769232E-003   8.8461538461538456E-003   536.08651265638275        3.5781528176352955E-013
   1.9230769230769232E-003   9.2307692307692299E-003   437.25293261994216        4.4565703202876493E-018
   1.9230769230769232E-003   9.6153846153846159E-003   418.10459649167046        1.0311400133715372E-018

   2.3076923076923075E-003   3.8461538461538462E-004   400.39427471875268        4.5257650272304817E-020
   2.3076923076923075E-003   7.6923076923076923E-004   408.50149966645279        9.1916693064665663E-020
   2.3076923076923075E-003   1.1538461538461537E-003   445.73568707943394        4.2268979698340934E-018
   2.3076923076923075E-003   1.5384615384615385E-003   646.44042553931456        4.9393462087907841E-010
   2.3076923076923075E-003   1.9230769230769232E-003   1972.3791924016982       0.99999999998782896     
   2.3076923076923075E-003   2.3076923076923075E-003   1557.6233549211072        1.0000000000000000     
   2.3076923076923075E-003   2.6923076923076922E-003   1549.8289997552847        1.0000000000000000     
   2.3076923076923075E-003   3.0769230769230769E-003   1598.9739226840261        1.0000000000000000     
   2.3076923076923075E-003   3.4615384615384616E-003   1625.6359298710745        1.0000000000000000     
   2.3076923076923075E-003   3.8461538461538464E-003   1641.5923919360710        1.0000000000000000     
   2.3076923076923075E-003   4.2307692307692307E-003   1649.5101080354261        1.0000000000000000     
   2.3076923076923075E-003   4.6153846153846149E-003   1652.0262707674935        1.0000000000000000     
   2.3076923076923075E-003   5.0000000000000001E-003   1652.1914869403975        1.0000000000000000     
   2.3076923076923075E-003   5.3846153846153844E-003   1651.9632220626067        1.0000000000000000     
   2.3076923076923075E-003   5.7692307692307696E-003   1649.2809908854842        1.0000000000000000     
   2.3076923076923075E-003   6.1538461538461538E-003   1640.8110162330393        1.0000000000000000     
   2.3076923076923075E-003   6.5384615384615381E-003   1623.6942995884988        1.0000000000000000     
   2.3076923076923075E-003   6.9230769230769233E-003   1595.4443373734759        1.0000000000000000     
   2.3076923076923075E-003   7.3076923076923076E-003   1539.0550338463595        1.0000000000000000     
   2.3076923076923075E-003   7.6923076923076927E-003   1557.0682948408491        1.0000000000000000     
   2.3076923076923075E-003   8.0769230769230770E-003   2026.5733963077448       0.99999723053656486     
   2.3076923076923075E-003   8.4615384615384613E-003   604.14519545090934        3.8444487766713985E-011
   2.3076923076923075E-003   8.8461538461538456E-003   438.79266862130908        1.7478577386040179E-018
   2.3076923076923075E-003   9.2307692307692299E-003   404.94750146058425        5.0302416075211551E-020
   2.3076923076923075E-003   9.6153846153846159E-003   397.25442356647255        2.4366850214561297E-020

   2.6923076923076922E-003   3.8461538461538462E-004   381.57952296578873        1.0080650051748579E-021
   2.6923076923076922E-003   7.6923076923076923E-004   384.92740593807031        1.6038860104476277E-021
   2.6923076923076922E-003   1.1538461538461537E-003   396.20640681396219        4.9631111948364910E-021
   2.6923076923076922E-003   1.5384615384615385E-003   436.64419132131434        6.7586189541193147E-019
   2.6923076923076922E-003   1.9230769230769232E-003   589.19391891118096        1.2998942705975458E-011
   2.6923076923076922E-003   2.3076923076923075E-003   794.83223782939660        5.4140054531214342E-005
   2.6923076923076922E-003   2.6923076923076922E-003   2051.1500001845925       0.99999965312901751     
   2.6923076923076922E-003   3.0769230769230769E-003   1775.4627022555160        1.0000000000000000     
   2.6923076923076922E-003   3.4615384615384616E-003   1703.9034940672022        1.0000000000000000     
   2.6923076923076922E-003   3.8461538461538464E-003   1653.9539156129811        1.0000000000000000     
   2.6923076923076922E-003   4.2307692307692307E-003   1618.7065405443873        1.0000000000000000     
   2.6923076923076922E-003   4.6153846153846149E-003   1595.8545732593375        1.0000000000000000     
   2.6923076923076922E-003   5.0000000000000001E-003   1587.0420089266327        1.0000000000000000     
   2.6923076923076922E-003   5.3846153846153844E-003   1596.1672476683145        1.0000000000000000     
   2.6923076923076922E-003   5.7692307692307696E-003   1619.2308778476515        1.0000000000000000     
   2.6923076923076922E-003   6.1538461538461538E-003   1655.0041418978155        1.0000000000000000     
   2.6923076923076922E-003   6.5384615384615381E-003   1707.6270768314837        1.0000000000000000     
   2.6923076923076922E-003   6.9230769230769233E-003   1781.8008901488602        1.0000000000000000     
   2.6923076923076922E-003   7.3076923076923076E-003   2084.5663751007401       0.99810991041424024     
   2.6923076923076922E-003   7.6923076923076927E-003   778.50119651915793        2.3902566692458312E-005
   2.6923076923076922E-003   8.0769230769230770E-003   569.49158304025582        1.4000868779360343E-012
   2.6923076923076922E-003   8.4615384615384613E-003   430.67240343658796        3.0575771043050281E-019
   2.6923076923076922E-003   8.8461538461538456E-003   393.34433907901024        3.0721970898941658E-021
   2.6923076923076922E-003   9.2307692307692299E-003   382.53539865291066        9.7979514859013294E-022
   2.6923076923076922E-003   9.6153846153846159E-003   379.22589142765412        6.0296927442967683E-022

   3.0769230769230769E-003   3.8461538461538462E-004   365.46990604045072        2.6883150338877563E-023
   3.0769230769230769E-003   7.6923076923076923E-004   367.21287675094590        3.8077943391135570E-023
   3.0769230769230769E-003   1.1538461538461537E-003   371.53977559768208        7.6366772072155859E-023
   3.0769230769230769E-003   1.5384615384615385E-003   382.02370445018681        2.5586449277646305E-022
   3.0769230769230769E-003   1.9230769230769232E-003   409.11908298496672        8.5562261779622767E-021
   3.0769230769230769E-003   2.3076923076923075E-003   461.10331944005850        2.8282667572048806E-017
   3.0769230769230769E-003   2.6923076923076922E-003   562.15977291885395        6.1901987755701354E-013
   3.0769230769230769E-003   3.0769230769230769E-003   687.39202741240661        1.6074702561189053E-007
   3.0769230769230769E-003   3.4615384615384616E-003   762.15586721470481        3.0049768152259370E-005
   3.0769230769230769E-003   3.8461538461538464E-003   810.90873234815786        5.6062554762129589E-004
   3.0769230769230769E-003   4.2307692307692307E-003   843.71172610066276        3.1491467541678816E-003
   3.0769230769230769E-003   4.6153846153846149E-003   865.20436774895688        8.2105573399373286E-003
   3.0769230769230769E-003   5.0000000000000001E-003   872.95592747622902        1.1093589417757335E-002
   3.0769230769230769E-003   5.3846153846153844E-003   864.50014814692804        7.9885381296059405E-003
   3.0769230769230769E-003   5.7692307692307696E-003   842.43650169616785        2.9675264343163627E-003
   3.0769230769230769E-003   6.1538461538461538E-003   808.84553495021851        5.0085088905242852E-004
   3.0769230769230769E-003   6.5384615384615381E-003   758.72412886262691        2.4128041443345083E-005
   3.0769230769230769E-003   6.9230769230769233E-003   681.47622865795438        1.0160141346863503E-007
   3.0769230769230769E-003   7.3076923076923076E-003   548.96266347901246        1.3339870594079109E-013
   3.0769230769230769E-003   7.6923076923076927E-003   457.04787486278491        1.6330307494898195E-017
   3.0769230769230769E-003   8.0769230769230770E-003   405.85145823889843        5.1599989313860366E-021
   3.0769230769230769E-003   8.4615384615384613E-003   379.98568794938581        1.7884419736818058E-022
   3.0769230769230769E-003   8.8461538461538456E-003   369.79191239419777        5.2465546683197472E-023
   3.0769230769230769E-003   9.2307692307692299E-003   365.46518404357602        2.5392328684330709E-023
   3.0769230769230769E-003   9.6153846153846159E-003   363.69113088563626        1.7637387835052308E-023

   3.4615384615384616E-003   3.8461538461538462E-004   351.75693576561343        9.4753617095058121E-025
   3.4615384615384616E-003   7.6923076923076923E-004   352.86974161186953        1.2406759100435997E-024
   3.4615384615384616E-003   1.1538461538461537E-003   355.19277477152394        2.0874193339242265E-024
   3.4615384615384616E-003   1.5384615384615385E-003   359.23992700246060        4.4356246278881086E-024
   3.4615384615384616E-003   1.9230769230769232E-003   366.51138388119858        1.2433579770437652E-023
   3.4615384615384616E-003   2.3076923076923075E-003   378.99542779312486        6.4568265331566129E-023
   3.4615384615384616E-003   2.6923076923076922E-003   397.08862722265388        1.0409180402715790E-021
   3.4615384615384616E-003   3.0769230769230769E-003   423.65277589535731        7.9755120802519802E-020
   3.4615384615384616E-003   3.4615384615384616E-003   449.31454444257952        5.6515703308127403E-018
   3.4615384615384616E-003   3.8461538461538464E-003   471.00220467740672        1.5932285433816037E-016
   3.4615384615384616E-003   4.2307692307692307E-003   487.43376142629177        1.6869169493711327E-015
   3.4615384615384616E-003   4.6153846153846149E-003   497.78711965312920        6.9018947664177295E-015
   3.4615384615384616E-003   5.0000000000000001E-003   501.25218890620459        1.0909204286387246E-014
   3.4615384615384616E-003   5.3846153846153844E-003   497.46695193248166        6.6161587157215703E-015
   3.4615384615384616E-003   5.7692307692307696E-003   486.78912086733800        1.5431568957801497E-015
   3.4615384615384616E-003   6.1538461538461538E-003   469.98940301161099        1.3722554833857480E-016
   3.4615384615384616E-003   6.5384615384615381E-003   447.86758181974415        4.4807541963920209E-018
   3.4615384615384616E-003   6.9230769230769233E-003   421.84863999376370        5.8417454994827945E-020
   3.4615384615384616E-003   7.3076923076923076E-003   395.32845201377631        7.9748269369204410E-022
   3.4615384615384616E-003   7.6923076923076927E-003   377.64373747075751        5.0455269609190667E-023
   3.4615384615384616E-003   8.0769230769230770E-003   365.25400481109943        9.7042008600029796E-024
   3.4615384615384616E-003   8.4615384615384613E-003   358.03163689078832        3.3699113193720243E-024
   3.4615384615384616E-003   8.8461538461538456E-003   353.94225976793359        1.5386444087048133E-024
   3.4615384615384616E-003   9.2307692307692299E-003   351.55951076353585        8.9330046115369025E-025
   3.4615384615384616E-003   9.6153846153846159E-003   350.41397651308620        6.7436217640827110E-025

   3.8461538461538464E-003   3.8461538461538462E-004   340.24257052971052        4.7622394292080229E-026
   3.8461538461538464E-003   7.6923076923076923E-004   341.02181518856707        5.8623958485221298E-026
   3.8461538461538464E-003   1.1538461538461537E-003   342.55425757237379        8.7354252724978193E-026
   3.8461538461538464E-003   1.5384615384615385E-003   344.85217798705190        1.5346256267636087E-025
   3.8461538461538464E-003   1.9230769230769232E-003   348.05197716683352        3.0845696160323345E-025
   3.8461538461538464E-003   2.3076923076923075E-003   352.39952417465031        6.9331883620877407E-025
   3.8461538461538464E-003   2.6923076923076922E-003   357.89668233948061        1.7215646474652925E-024
   3.8461538461538464E-003   3.0769230769230769E-003   364.57677149415645        4.7205839873708307E-024
   3.8461538461538464E-003   3.4615384615384616E-003   371.69738529742853        1.4278898811681052E-023
   3.8461538461538464E-003   3.8461538461538464E-003   378.33671968246563        4.3815826502174991E-023
   3.8461538461538464E-003   4.2307692307692307E-003   383.73964628715282        1.1585448717010685E-022
   3.8461538461538464E-003   4.6153846153846149E-003   387.27642412820205        2.2344916048313030E-022
   3.8461538461538464E-003   5.0000000000000001E-003   388.47226372779932        2.7968900925743318E-022
   3.8461538461538464E-003   5.3846153846153844E-003   387.13505497369061        2.1725756042947952E-022
   3.8461538461538464E-003   5.7692307692307696E-003   383.46015417201983        1.0961351122417457E-022
   3.8461538461538464E-003   6.1538461538461538E-003   377.92173967375720        4.0411665454256666E-023
   3.8461538461538464E-003   6.5384615384615381E-003   371.15305455687775        1.2881773279837328E-023
   3.8461538461538464E-003   6.9230769230769233E-003   363.93817224819156        4.1816988700222440E-024
   3.8461538461538464E-003   7.3076923076923076E-003   357.21764823803841        1.4945595258815723E-024
   3.8461538461538464E-003   7.6923076923076927E-003   351.66526119396548        5.8692660873747980E-025
   3.8461538461538464E-003   8.0769230769230770E-003   347.25608689700113        2.5414214564044049E-025
   3.8461538461538464E-003   8.4615384615384613E-003   343.98818865146427        1.2309088344886267E-025
   3.8461538461538464E-003   8.8461538461538456E-003   341.62216511019744        6.8440961424983823E-026
   3.8461538461538464E-003   9.2307692307692299E-003   340.03775861229593        4.5156909316459269E-026
   3.8461538461538464E-003   9.6153846153846159E-003   339.23422261491851        3.6388410179232871E-026

   4.2307692307692307E-003   3.8461538461538462E-004   330.73474089500871        3.5837704017315061E-027
   4.2307692307692307E-003   7.6923076923076923E-004   331.29459330064697        4.1949030622194493E-027
   4.2307692307692307E-003   1.1538461538461537E-003   332.37825285356951        5.6750845098136422E-027
   4.2307692307692307E-003   1.5384615384615385E-003   333.93463647936869        8.6894501563547054E-027
   4.2307692307692307E-003   1.9230769230769232E-003   335.90994148425534        1.4641299196000363E-026
   4.2307692307692307E-003   2.3076923076923075E-003   338.25555810616203        2.6291371039543322E-026
   4.2307692307692307E-003   2.6923076923076922E-003   340.89074040359060        4.8634569334025691E-026
   4.2307692307692307E-003   3.0769230769230769E-003   343.69041804544565        8.9459876175996838E-026
   4.2307692307692307E-003   3.4615384615384616E-003   346.47141998570089        1.5791637632386971E-025
   4.2307692307692307E-003   3.8461538461538464E-003   348.99647192980302        2.5829234428579397E-025
   4.2307692307692307E-003   4.2307692307692307E-003   351.02520634087273        3.7849691587240459E-025
   4.2307692307692307E-003   4.6153846153846149E-003   352.33883750101194        4.8198197795112404E-025
   4.2307692307692307E-003   5.0000000000000001E-003   352.77300632144761        5.2115340314664873E-025
   4.2307692307692307E-003   5.3846153846153844E-003   352.26268159797269        4.7408732337920465E-025
   4.2307692307692307E-003   5.7692307692307696E-003   350.87346760647642        3.6609758824206961E-025
   4.2307692307692307E-003   6.1538461538461538E-003   348.76976255840975        2.4551499734928080E-025
   4.2307692307692307E-003   6.5384615384615381E-003   346.17065814453764        1.4736409238973728E-025
   4.2307692307692307E-003   6.9230769230769233E-003   343.31872096116354        8.1855262755568875E-026
   4.2307692307692307E-003   7.3076923076923076E-003   340.45072014007837        4.3578746336573344E-026
   4.2307692307692307E-003   7.6923076923076927E-003   337.74532833076915        2.3050381949484260E-026
   4.2307692307692307E-003   8.0769230769230770E-003   335.33129741043439        1.2560815548729050E-026
   4.2307692307692307E-003   8.4615384615384613E-003   333.29202002475455        7.3054829701559661E-027
   4.2307692307692307E-003   8.8461538461538456E-003   331.68157040779312        4.6908592129809022E-027
   4.2307692307692307E-003   9.2307692307692299E-003   330.56002897196890        3.4261357175739815E-027
   4.2307692307692307E-003   9.6153846153846159E-003   329.98336080496784        2.9110011435910677E-027

   4.6153846153846149E-003   3.8461538461538462E-004   323.01754774494145        4.1308172410582552E-028
   4.6153846153846149E-003   7.6923076923076923E-004   323.42034264104518        4.6401788195107234E-028
   4.6153846153846149E-003   1.1538461538461537E-003   324.19699443880347        5.8025658401635402E-028
   4.6153846153846149E-003   1.5384615384615385E-003   325.30115851901195        7.9574850595059085E-028
   4.6153846153846149E-003   1.9230769230769232E-003   326.67009050057993        1.1720088915826484E-027
   4.6153846153846149E-003   2.3076923076923075E-003   328.22995660354798        1.8080651167192236E-027
   4.6153846153846149E-003   2.6923076923076922E-003   329.89599665801148        2.8427657094529131E-027
   4.6153846153846149E-003   3.0769230769230769E-003   331.57116489506961        4.4290159558670105E-027
   4.6153846153846149E-003   3.4615384615384616E-003   333.15004671768156        6.6533425563338170E-027
   4.6153846153846149E-003   3.8461538461538464E-003   334.52407282046511        9.3978542331567157E-027
   4.6153846153846149E-003   4.2307692307692307E-003   335.59049874164612        1.2215037785701603E-026
   4.6153846153846149E-003   4.6153846153846149E-003   336.26163064412572        1.4365149227114015E-026
   4.6153846153846149E-003   5.0000000000000001E-003   336.47597083595343        1.5118583736096504E-026
   4.6153846153846149E-003   5.3846153846153844E-003   336.21047805430635        1.4183393195679023E-026
   4.6153846153846149E-003   5.7692307692307696E-003   335.48765153311496        1.1903821050548650E-026
   4.6153846153846149E-003   6.1538461538461538E-003   334.36848689038806        9.0336616311825819E-027
   4.6153846153846149E-003   6.5384615384615381E-003   332.94038300202868        6.3030915205779359E-027
   4.6153846153846149E-003   6.9230769230769233E-003   331.30621085045163        4.1315779848858115E-027
   4.6153846153846149E-003   7.3076923076923076E-003   329.57501562697058        2.6093984612197127E-027
   4.6153846153846149E-003   7.6923076923076927E-003   327.85322041723816        1.6326515183622709E-027
   4.6153846153846149E-003   8.0769230769230770E-003   326.24008000676201        1.0415970735905065E-027
   4.6153846153846149E-003   8.4615384615384613E-003   324.82323467837710        6.9706140856944421E-028
   4.6153846153846149E-003   8.8461538461538456E-003   323.68005120731948        5.0230390101268166E-028
   4.6153846153846149E-003   9.2307692307692299E-003   322.87677170246633        3.9841114925712227E-028
   4.6153846153846149E-003   9.6153846153846159E-003   322.46252008369140        3.5339540470228004E-028

   5.0000000000000001E-003   3.8461538461538462E-004   316.85835465511872        7.3162451238786046E-029
   5.0000000000000001E-003   7.6923076923076923E-004   317.14641455390387        7.9472169225168855E-029
   5.0000000000000001E-003   1.1538461538461537E-003   317.70128594720461        9.3210294081164070E-029
   5.0000000000000001E-003   1.5384615384615385E-003   318.48840029989310        1.1686406847405610E-028
   5.0000000000000001E-003   1.9230769230769232E-003   319.45921630758403        1.5439546005745468E-028
   5.0000000000000001E-003   2.3076923076923075E-003   320.55459555839934        2.1116387730552436E-028
   5.0000000000000001E-003   2.6923076923076922E-003   321.70802655335478        2.9307997391748214E-028
   5.0000000000000001E-003   3.0769230769230769E-003   322.84854870197483        4.0431314456611828E-028
   5.0000000000000001E-003   3.4615384615384616E-003   323.90437519013824        5.4325854666302763E-028
   5.0000000000000001E-003   3.8461538461538464E-003   324.80711763626653        6.9789023203134332E-028
   5.0000000000000001E-003   4.2307692307692307E-003   325.49624300624208        8.4373990513387579E-028
   5.0000000000000001E-003   4.6153846153846149E-003   325.92349187371428        9.4848467033481363E-028
   5.0000000000000001E-003   5.0000000000000001E-003   326.05720311908243        9.8387045405014360E-028
   5.0000000000000001E-003   5.3846153846153844E-003   325.88605020173912        9.3921274581414102E-028
   5.0000000000000001E-003   5.7692307692307696E-003   325.42078781150013        8.2713597501600774E-028
   5.0000000000000001E-003   6.1538461538461538E-003   324.69262310029802        6.7703446322965139E-028
   5.0000000000000001E-003   6.5384615384615381E-003   323.74960469388168        5.2127096435781139E-028
   5.0000000000000001E-003   6.9230769230769233E-003   322.65241660098212        3.8352952458724919E-028
   5.0000000000000001E-003   7.3076923076923076E-003   321.47006807769679        2.7476709248972364E-028
   5.0000000000000001E-003   7.6923076923076927E-003   320.27548206400451        1.9567237238771151E-028
   5.0000000000000001E-003   8.0769230769230770E-003   319.14130100773576        1.4149522251878741E-028
   5.0000000000000001E-003   8.4615384615384613E-003   318.13614712314944        1.0605595338328462E-028
   5.0000000000000001E-003   8.8461538461538456E-003   317.32148824965333        8.3928975444109634E-029
   5.0000000000000001E-003   9.2307692307692299E-003   316.74808207546994        7.1182472699600746E-029
   5.0000000000000001E-003   9.6153846153846159E-003   316.45224988136920        6.5384404699651117E-029

   5.3846153846153844E-003   3.8461538461538462E-004   312.02250548812691        1.9728316267881416E-029
   5.3846153846153844E-003   7.6923076923076923E-004   312.22680384229375        2.0854970589696819E-029
   5.3846153846153844E-003   1.1538461538461537E-003   312.62018694807108        2.3220578380471078E-029
   5.3846153846153844E-003   1.5384615384615385E-003   313.17796015338195        2.7067026581263842E-029
   5.3846153846153844E-003   1.9230769230769232E-003   313.86516595052865        3.2733728248081153E-029
   5.3846153846153844E-003   2.3076923076923075E-003   314.63886171325089        4.0597606146090560E-029
   5.3846153846153844E-003   2.6923076923076922E-003   315.45075510893651        5.0943151300393874E-029
   5.3846153846153844E-003   3.0769230769230769E-003   316.25000311684846        6.3744724718040993E-029
   5.3846153846153844E-003   3.4615384615384616E-003   316.98615916869909        7.8392682628941101E-029
   5.3846153846153844E-003   3.8461538461538464E-003   317.61221443158183        9.3481695482584147E-029
   5.3846153846153844E-003   4.2307692307692307E-003   318.08755786438888        1.0685304360122820E-028
   5.3846153846153844E-003   4.6153846153846149E-003   318.38068490558834        1.1604229824757282E-028
   5.3846153846153844E-003   5.0000000000000001E-003   318.47149238166213        1.1906741562294752E-028
   5.3846153846153844E-003   5.3846153846153844E-003   318.35292574179289        1.1520504101994047E-028
   5.3846153846153844E-003   5.7692307692307696E-003   318.03163807158023        1.0530352191707834E-028
   5.3846153846153844E-003   6.1538461538461538E-003   317.52743175218865        9.1430148570725121E-029
   5.3846153846153844E-003   6.5384615384615381E-003   316.87170704771262        7.6074647273573926E-029
   5.3846153846153844E-003   6.9230769230769233E-003   316.10524941793267        6.1366781001294462E-029
   5.3846153846153844E-003   7.3076923076923076E-003   315.27558276936509        4.8651602978637432E-029
   5.3846153846153844E-003   7.6923076923076927E-003   314.43402885233706        3.8472548599094938E-029
   5.3846153846153844E-003   8.0769230769230770E-003   313.63264249322032        3.0800325035285880E-029
   5.3846153846153844E-003   8.4615384615384613E-003   312.92117603504681        2.5313173627553210E-029
   5.3846153846153844E-003   8.8461538461538456E-003   312.34412842333779        2.1613171709813744E-029
   5.3846153846153844E-003   9.2307692307692299E-003   311.93791003085568        1.9351450709464092E-029
   5.3846153846153844E-003   9.6153846153846159E-003   311.72835352554711        1.8283420339276689E-029

   5.7692307692307696E-003   3.8461538461538462E-004   308.28593040986266        7.8694655547974437E-030
   5.7692307692307696E-003   7.6923076923076923E-004   308.42949215533173        8.1459353259617241E-030
   5.7692307692307696E-003   1.1538461538461537E-003   308.70585908962198        8.7108834282915273E-030
   5.7692307692307696E-003   1.5384615384615385E-003   309.09767089402686        9.5908754996863450E-030
   5.7692307692307696E-003   1.9230769230769232E-003   309.58029607758556        1.0816847080744080E-029
   5.7692307692307696E-003   2.3076923076923075E-003   310.12340280913440        1.2410899508580818E-029
   5.7692307692307696E-003   2.6923076923076922E-003   310.69284950304228        1.4365951809200172E-029
   5.7692307692307696E-003   3.0769230769230769E-003   311.25276940766435        1.6620030489499846E-029
   5.7692307692307696E-003   3.4615384615384616E-003   311.76774668062518        1.9032469331755940E-029
   5.7692307692307696E-003   3.8461538461538464E-003   312.20498820155018        2.1375376868208242E-029
   5.7692307692307696E-003   4.2307692307692307E-003   312.53637768508497        2.3355302739895136E-029
   5.7692307692307696E-003   4.6153846153846149E-003   312.74029079805132        2.4671279974743679E-029
   5.7692307692307696E-003   5.0000000000000001E-003   312.80304871467314        2.5096176920156117E-029
   5.7692307692307696E-003   5.3846153846153844E-003   312.71988532905664        2.4549069021246402E-029
   5.7692307692307696E-003   5.7692307692307696E-003   312.49531275347067        2.3123364370313657E-029
   5.7692307692307696E-003   6.1538461538461538E-003   312.14282941170973        2.1055671096341577E-029
   5.7692307692307696E-003   6.5384615384615381E-003   311.68402079130396        1.8651556241588086E-029
   5.7692307692307696E-003   6.9230769230769233E-003   311.14716145491093        1.6204004393242262E-029
   5.7692307692307696E-003   7.3076923076923076E-003   310.56543609474238        1.3936614257666357E-029
   5.7692307692307696E-003   7.6923076923076927E-003   309.97489311846022        1.1983828383636196E-029
   5.7692307692307696E-003   8.0769230769230770E-003   309.41224635729026        1.0401220404506473E-029
   5.7692307692307696E-003   8.4615384615384613E-003   308.91263305130781        9.1904419574969337E-030
   5.7692307692307696E-003   8.8461538461538456E-003   308.50742647800428        8.3254068773379770E-030
   5.7692307692307696E-003   9.2307692307692299E-003   308.22221746084949        7.7726324114087307E-030
   5.7692307692307696E-003   9.6153846153846159E-003   308.07511121016364        7.5042168973705287E-030

   6.1538461538461538E-003   3.8461538461538462E-004   305.44376326126536        4.3483756229595923E-030
   6.1538461538461538E-003   7.6923076923076923E-004   305.54366896372824        4.4363056936635454E-030
   6.1538461538461538E-003   1.1538461538461537E-003   305.73595330343682        4.6125098592944287E-030
   6.1538461538461538E-003   1.5384615384615385E-003   306.00854345905515        4.8786049867223492E-030
   6.1538461538461538E-003   1.9230769230769232E-003   306.34429463456217        5.2346172320197861E-030
   6.1538461538461538E-003   2.3076923076923075E-003   306.72207432174218        5.6760969800883428E-030
   6.1538461538461538E-003   2.6923076923076922E-003   307.11808228543680        6.1904954979235500E-030
   6.1538461538461538E-003   3.0769230769230769E-003   307.50732238146122        6.7535700184501279E-030
   6.1538461538461538E-003   3.4615384615384616E-003   307.86514270694499        7.3272250040687437E-030
   6.1538461538461538E-003   3.8461538461538464E-003   308.16876179029134        7.8605903627072956E-030
   6.1538461538461538E-003   4.2307692307692307E-003   308.39869640573238        8.2957363817362592E-030
   6.1538461538461538E-003   4.6153846153846149E-003   308.54000519062259        8.5778868572658375E-030
   6.1538461538461538E-003   5.0000000000000001E-003   308.58326482922899        8.6676965716826733E-030
   6.1538461538461538E-003   5.3846153846153844E-003   308.52520424059230        8.5513592426979433E-030
   6.1538461538461538E-003   5.7692307692307696E-003   308.36894077219210        8.2444359650923275E-030
   6.1538461538461538E-003   6.1538461538461538E-003   308.12379534363271        7.7877200346132773E-030
   6.1538461538461538E-003   6.5384615384615381E-003   307.80470488764519        7.2369063434263283E-030
   6.1538461538461538E-003   6.9230769230769233E-003   307.43128304630159        6.6502290068675754E-030
   6.1538461538461538E-003   7.3076923076923076E-003   307.02659852040011        6.0783064441947961E-030
   6.1538461538461538E-003   7.6923076923076927E-003   306.61574922909489        5.5585875866336305E-030
   6.1538461538461538E-003   8.0769230769230770E-003   306.22431439399509        5.1144742081631465E-030
   6.1538461538461538E-003   8.4615384615384613E-003   305.87676759494502        4.7576613359023929E-030
   6.1538461538461538E-003   8.8461538461538456E-003   305.59493606239931        4.4918615157973624E-030
   6.1538461538461538E-003   9.2307692307692299E-003   305.39659790617884        4.3164999755177822E-030
   6.1538461538461538E-003   9.6153846153846159E-003   305.29431421155982        4.2296281945494890E-030

   6.5384615384615381E-003   3.8461538461538462E-004   303.31526885795574        3.0325897311249811E-030
   6.5384615384615381E-003   7.6923076923076923E-004   303.38409924096487        3.0667006598091779E-030
   6.5384615384615381E-003   1.1538461538461537E-003   303.51654624478880        3.1341369368822367E-030
   6.5384615384615381E-003   1.5384615384615385E-003   303.70429809723515        3.2338114330881348E-030
   6.5384615384615381E-003   1.9230769230769232E-003   303.93554553179484        3.3634654076351369E-030
   6.5384615384615381E-003   2.3076923076923075E-003   304.19572552620133        3.5190132297250167E-030
   6.5384615384615381E-003   2.6923076923076922E-003   304.46843125466569        3.6938534542918537E-030
   6.5384615384615381E-003   3.0769230769230769E-003   304.73643124488933        3.8783702178841675E-030
   6.5384615384615381E-003   3.4615384615384616E-003   304.98273781027842        4.0599193578936779E-030
   6.5384615384615381E-003   3.8461538461538464E-003   305.19166393781052        4.2235810787958886E-030
   6.5384615384615381E-003   4.2307692307692307E-003   305.34980759560216        4.3538045091998955E-030
   6.5384615384615381E-003   4.6153846153846149E-003   305.44690349171469        4.4367652076738273E-030
   6.5384615384615381E-003   5.0000000000000001E-003   305.47648631536356        4.4629033713776237E-030
   6.5384615384615381E-003   5.3846153846153844E-003   305.43631808817292        4.4288926666793317E-030
   6.5384615384615381E-003   5.7692307692307696E-003   305.32854662448182        4.3383734302931992E-030
   6.5384615384615381E-003   6.1538461538461538E-003   305.15958206998880        4.2011846804494963E-030
   6.5384615384615381E-003   6.5384615384615381E-003   304.93970096413227        4.0313659495136990E-030
   6.5384615384615381E-003   6.9230769230769233E-003   304.68240719361785        3.8446003695831553E-030
   6.5384615384615381E-003   7.3076923076923076E-003   304.40359367118862        3.6558527663133097E-030
   6.5384615384615381E-003   7.6923076923076927E-003   304.12055760503461        3.4777354759574383E-030
   6.5384615384615381E-003   8.0769230769230770E-003   303.85092731012475        3.3197774556254194E-030
   6.5384615384615381E-003   8.4615384615384613E-003   303.61156146396917        3.1884653816102765E-030
   6.5384615384615381E-003   8.8461538461538456E-003   303.41748420332027        3.0877687760048777E-030
   6.5384615384615381E-003   9.2307692307692299E-003   303.28092164172227        3.0198505323031895E-030
   6.5384615384615381E-003   9.6153846153846159E-003   303.21050511115931        2.9857373139933673E-030

   6.9230769230769233E-003   3.8461538461538462E-004   301.74583841794583        2.4492193897170389E-030
   6.9230769230769233E-003   7.6923076923076923E-004   301.79277859058647        2.4645043265115522E-030
   6.9230769230769233E-003   1.1538461538461537E-003   301.88308458447540        2.4944476987991682E-030
   6.9230769230769233E-003   1.5384615384615385E-003   302.01109117698405        2.5380704565975007E-030
   6.9230769230769233E-003   1.9230769230769232E-003   302.16874692281488        2.5937477581477330E-030
   6.9230769230769233E-003   2.3076923076923075E-003   302.34611998299869        2.6590693979149442E-030
   6.9230769230769233E-003   2.6923076923076922E-003   302.53201879233973        2.7307282330618307E-030
   6.9230769230769233E-003   3.0769230769230769E-003   302.71468886390585        2.8045007741449316E-030
   6.9230769230769233E-003   3.4615384615384616E-003   302.88254406014198        2.8753869510479024E-030
   6.9230769230769233E-003   3.8461538461538464E-003   303.02488946134156        2.9379559386502332E-030
   6.9230769230769233E-003   4.2307692307692307E-003   303.13259303786958        2.9868962259508034E-030
   6.9230769230769233E-003   4.6153846153846149E-003   303.19866486960245        3.0176983297167585E-030
   6.9230769230769233E-003   5.0000000000000001E-003   303.21870637862042        3.0273316202784323E-030
   6.9230769230769233E-003   5.3846153846153844E-003   303.19119872798910        3.0147456024697587E-030
   6.9230769230769233E-003   5.7692307692307696E-003   303.11760950954556        2.9810547594192837E-030
   6.9230769230769233E-003   6.1538461538461538E-003   303.00230953057252        2.9293518751684705E-030
   6.9230769230769233E-003   6.5384615384615381E-003   302.85230528877821        2.8642043097910788E-030
   6.9230769230769233E-003   6.9230769230769233E-003   302.67680546183794        2.7909741314728469E-030
   6.9230769230769233E-003   7.3076923076923076E-003   302.48664989570148        2.7151325222567362E-030
   6.9230769230769233E-003   7.6923076923076927E-003   302.29363671688503        2.6417080525448386E-030
   6.9230769230769233E-003   8.0769230769230770E-003   302.10978777467250        2.5749411474566735E-030
   6.9230769230769233E-003   8.4615384615384613E-003   301.94659548314900        2.5181465657143922E-030
   6.9230769230769233E-003   8.8461538461538456E-003   301.81429592642939        2.4737363573786087E-030
   6.9230769230769233E-003   9.2307692307692299E-003   301.72121370955369        2.4433353562186575E-030
   6.9230769230769233E-003   9.6153846153846159E-003   301.67322251467141        2.4279242114573732E-030

   7.3076923076923076E-003   3.8461538461538462E-004   300.60684012330222        2.1573906332537350E-030
   7.3076923076923076E-003   7.6923076923076923E-004   300.63853325399049        2.1649645671281015E-030
   7.3076923076923076E-003   1.1538461538461537E-003   300.69949383645474        2.1797124053159965E-030
   7.3076923076923076E-003   1.5384615384615385E-003   300.78589843731044        2.2009936858717556E-030
   7.3076923076923076E-003   1.9230769230769232E-003   300.89231211454785        2.2278180424033412E-030
   7.3076923076923076E-003   2.3076923076923075E-003   301.01202932708463        2.2588283712745431E-030
   7.3076923076923076E-003   2.6923076923076922E-003   301.13749303856190        2.2923048046661054E-030
   7.3076923076923076E-003   3.0769230769230769E-003   301.26076593481588        2.3262079746157183E-030
   7.3076923076923076E-003   3.4615384615384616E-003   301.37402527358518        2.3582772574264253E-030
   7.3076923076923076E-003   3.8461538461538464E-003   301.47005184759860        2.3861904726634389E-030
   7.3076923076923076E-003   4.2307692307692307E-003   301.54268367404336        2.4077761337000261E-030
   7.3076923076923076E-003   4.6153846153846149E-003   301.58720640795252        2.4212511182792043E-030
   7.3076923076923076E-003   5.0000000000000001E-003   301.60065542488036        2.4254417516890358E-030
   7.3076923076923076E-003   5.3846153846153844E-003   301.58200933998847        2.4199417119407251E-030
   7.3076923076923076E-003   5.7692307692307696E-003   301.53226145964965        2.4051699918611394E-030
   7.3076923076923076E-003   6.1538461538461538E-003   301.45436386277544        2.3823147230760023E-030
   7.3076923076923076E-003   6.5384615384615381E-003   301.35304758806171        2.3531764255120455E-030
   7.3076923076923076E-003   6.9230769230769233E-003   301.23453068044756        2.3199470905335242E-030
   7.3076923076923076E-003   7.3076923076923076E-003   301.10613277563419        2.2849717272121643E-030
   7.3076923076923076E-003   7.6923076923076927E-003   300.97582010884645        2.2505347326501673E-030
   7.3076923076923076E-003   8.0769230769230770E-003   300.85170841805387        2.2186986773155421E-030
   7.3076923076923076E-003   8.4615384615384613E-003   300.74155349485534        2.1912047701035230E-030
   7.3076923076923076E-003   8.8461538461538456E-003   300.65226035021578        2.1694286919771841E-030
   7.3076923076923076E-003   9.2307692307692299E-003   300.58944200126132        2.1543760906964976E-030
   7.3076923076923076E-003   9.6153846153846159E-003   300.55705727858953        2.1466991370008798E-030

   7.6923076923076927E-003   3.8461538461538462E-004   299.79403399236003        1.9990458055866216E-030
   7.6923076923076927E-003   7.6923076923076923E-004   299.81524029195083        2.0030655630841367E-030
   7.6923076923076927E-003   1.1538461538461537E-003   299.85602178903065        2.0108615438092230E-030
   7.6923076923076927E-003   1.5384615384615385E-003   299.91382101015603        2.0220413786843384E-030
   7.6923076923076927E-003   1.9230769230769232E-003   299.98500207172066        2.0360187677803888E-030
   7.6923076923076927E-003   2.3076923076923075E-003   300.06507850491721        2.0520229306545606E-030
   7.6923076923076927E-003   2.6923076923076922E-003   300.14899370487348        2.0691198885336368E-030
   7.6923076923076927E-003   3.0769230769230769E-003   300.23143657105084        2.0862506731472505E-030
   7.6923076923076927E-003   3.4615384615384616E-003   300.30717312074944        2.1022897274284118E-030
   7.6923076923076927E-003   3.8461538461538464E-003   300.37137406503911        2.1161230708132422E-030
   7.6923076923076927E-003   4.2307692307692307E-003   300.41991846299936        2.1267407110122578E-030
   7.6923076923076927E-003   4.6153846153846149E-003   300.44965465414106        2.1333325123137500E-030
   7.6923076923076927E-003   5.0000000000000001E-003   300.45860183609085        2.1353730342264125E-030
   7.6923076923076927E-003   5.3846153846153844E-003   300.44607900894766        2.1326804113976768E-030
   7.6923076923076927E-003   5.7692307692307696E-003   300.41275249683247        2.1254379468697957E-030
   7.6923076923076927E-003   6.1538461538461538E-003   300.36059858845971        2.1141740748885877E-030
   7.6923076923076927E-003   6.5384615384615381E-003   300.29278350210780        2.0997046879506082E-030
   7.6923076923076927E-003   6.9230769230769233E-003   300.21346828503511        2.0830489107247634E-030
   7.6923076923076927E-003   7.3076923076923076E-003   300.12755091557534        2.0653331675128203E-030
   7.6923076923076927E-003   7.6923076923076927E-003   300.04036152847971        2.0476981049031592E-030
   7.6923076923076927E-003   8.0769230769230770E-003   299.95732930231173        2.0312193375685491E-030
   7.6923076923076927E-003   8.4615384615384613E-003   299.88364122677399        2.0168477447417847E-030
   7.6923076923076927E-003   8.8461538461538456E-003   299.82391377135951        2.0053699310792575E-030
   7.6923076923076927E-003   9.2307692307692299E-003   299.78189832224024        1.9973857271128474E-030
   7.6923076923076927E-003   9.6153846153846159E-003   299.76023990750485        1.9932977314061243E-030

   8.0769230769230770E-003   3.8461538461538462E-004   299.22515180600448        1.9086320510544997E-030
   8.0769230769230770E-003   7.6923076923076923E-004   299.23925486211090        1.9108694783135682E-030
   8.0769230769230770E-003   1.1538461538461537E-003   299.26637097685187        1.9151973382242033E-030
   8.0769230769230770E-003   1.5384615384615385E-003   299.30479976983486        1.9213787002575049E-030
   8.0769230769230770E-003   1.9230769230769232E-003   299.35212364086004        1.9290662258527608E-030
   8.0769230769230770E-003   2.3076923076923075E-003   299.40535915232607        1.9378140741994631E-030
   8.0769230769230770E-003   2.6923076923076922E-003   299.46114355164809        1.9470963051182808E-030
   8.0769230769230770E-003   3.0769230769230769E-003   299.51594484747341        1.9563329280161389E-030
   8.0769230769230770E-003   3.4615384615384616E-003   299.56628258243586        1.9649238486943079E-030
   8.0769230769230770E-003   3.8461538461538464E-003   299.60894587296929        1.9722895130164728E-030
   8.0769230769230770E-003   4.2307692307692307E-003   299.64119538952423        1.9779152790913171E-030
   8.0769230769230770E-003   4.6153846153846149E-003   299.66093674511052        1.9813949078786912E-030
   8.0769230769230770E-003   5.0000000000000001E-003   299.66685429116592        1.9824675877760750E-030
   8.0769230769230770E-003   5.3846153846153844E-003   299.65849660770556        1.9810430582073473E-030
   8.0769230769230770E-003   5.7692307692307696E-003   299.63630795216511        1.9772108333396951E-030
   8.0769230769230770E-003   6.1538461538461538E-003   299.60160340694193        1.9712319957679401E-030
   8.0769230769230770E-003   6.5384615384615381E-003   299.55648914048862        1.9635149070643512E-030
   8.0769230769230770E-003   6.9230769230769233E-003   299.50373273323493        1.9545786907231001E-030
   8.0769230769230770E-003   7.3076923076923076E-003   299.44659162937427        1.9450098458770414E-030
   8.0769230769230770E-003   7.6923076923076927E-003   299.38861028172124        1.9354175733020953E-030
   8.0769230769230770E-003   8.0769230769230770E-003   299.33339839865971        1.9263924835027736E-030
   8.0769230769230770E-003   8.4615384615384613E-003   299.28440388560927        1.9184717567483776E-030
   8.0769230769230770E-003   8.8461538461538456E-003   299.24469459818800        1.9121120779478294E-030
   8.0769230769230770E-003   9.2307692307692299E-003   299.21676283139220        1.9076702201699919E-030
   8.0769230769230770E-003   9.6153846153846159E-003   299.20236544183916        1.9053902455401332E-030

   8.4615384615384613E-003   3.8461538461538462E-004   298.83712654158495        1.8556547965409235E-030
   8.4615384615384613E-003   7.6923076923076923E-004   298.84652072663573        1.8569482799241440E-030
   8.4615384615384613E-003   1.1538461538461537E-003   298.86457956365587        1.8594458917341131E-030
   8.4615384615384613E-003   1.5384615384615385E-003   298.89017065846019        1.8630039174197088E-030
   8.4615384615384613E-003   1.9230769230769232E-003   298.92168387140498        1.8674140230873217E-030
   8.4615384615384613E-003   2.3076923076923075E-003   298.95713209333735        1.8724125892415578E-030
   8.4615384615384613E-003   2.6923076923076922E-003   298.99427549758667        1.8776936814583348E-030
   8.4615384615384613E-003   3.0769230769230769E-003   299.03076155348651        1.8829257083221032E-030
   8.4615384615384613E-003   3.4615384615384616E-003   299.06427219982356        1.8877713979644373E-030
   8.4615384615384613E-003   3.8461538461538464E-003   299.09266917382683        1.8919101397074341E-030
   8.4615384615384613E-003   4.2307692307692307E-003   299.11412856891644        1.8950610929774041E-030
   8.4615384615384613E-003   4.6153846153846149E-003   299.12725625907962        1.8970049255209758E-030
   8.4615384615384613E-003   5.0000000000000001E-003   299.13117689036943        1.8976017886760711E-030
   8.4615384615384613E-003   5.3846153846153844E-003   299.12559069093913        1.8968033071758623E-030
   8.4615384615384613E-003   5.7692307692307696E-003   299.11079433044989        1.8946569884154776E-030
   8.4615384615384613E-003   6.1538461538461538E-003   299.08766434246638        1.8913024398019005E-030
   8.4615384615384613E-003   6.5384615384615381E-003   299.05760402955667        1.8869599062513884E-030
   8.4615384615384613E-003   6.9230769230769233E-003   299.02245710061044        1.8819126401875591E-030
   8.4615384615384613E-003   7.3076923076923076E-003   298.98439336793007        1.8764852731619486E-030
   8.4615384615384613E-003   7.6923076923076927E-003   298.94577353792829        1.8710205637614792E-030
   8.4615384615384613E-003   8.0769230769230770E-003   298.90900140315080        1.8658566781066576E-030
   8.4615384615384613E-003   8.4615384615384613E-003   298.87637256123111        1.8613066502579642E-030
   8.4615384615384613E-003   8.8461538461538456E-003   298.84992912800942        1.8576410489757730E-030
   8.4615384615384613E-003   9.2307692307692299E-003   298.83132973686179        1.8550743066553247E-030
   8.4615384615384613E-003   9.6153846153846159E-003   298.82174336634483        1.8537547510896511E-030

   8.8461538461538456E-003   3.8461538461538462E-004   298.58334337298868        1.8246781592916655E-030
   8.8461538461538456E-003   7.6923076923076923E-004   298.58973008809699        1.8254602674202771E-030
   8.8461538461538456E-003   1.1538461538461537E-003   298.60200517855316        1.8269687014662301E-030
   8.8461538461538456E-003   1.5384615384615385E-003   298.61939892132517        1.8291140669300612E-030
   8.8461538461538456E-003   1.9230769230769232E-003   298.64081680654044        1.8317676289129105E-030
   8.8461538461538456E-003   2.3076923076923075E-003   298.66490802100247        1.8347678716588788E-030
   8.8461538461538456E-003   2.6923076923076922E-003   298.69014992685038        1.8379291934288206E-030
   8.8461538461538456E-003   3.0769230769230769E-003   298.71494329195974        1.8410525400992222E-030
   8.8461538461538456E-003   3.4615384615384616E-003   298.73771240521222        1.8439375767592865E-030
   8.8461538461538456E-003   3.8461538461538464E-003   298.75700392501545        1.8463957447358630E-030
   8.8461538461538456E-003   4.2307692307692307E-003   298.77157836682159        1.8482632986411119E-030
   8.8461538461538456E-003   4.6153846153846149E-003   298.78048853698448        1.8494132293815560E-030
   8.8461538461538456E-003   5.0000000000000001E-003   298.78313996409719        1.8497649219036941E-030
   8.8461538461538456E-003   5.3846153846153844E-003   298.77932944674291        1.8492905176840903E-030
   8.8461538461538456E-003   5.7692307692307696E-003   298.76925918057458        1.8480172574719721E-030
   8.8461538461538456E-003   6.1538461538461538E-003   298.75352546399051        1.8460255254401778E-030
   8.8461538461538456E-003   6.5384615384615381E-003   298.73308259756811        1.8434428163409542E-030
   8.8461538461538456E-003   6.9230769230769233E-003   298.70918416434984        1.8404343007935326E-030
   8.8461538461538456E-003   7.3076923076923076E-003   298.68330529473684        1.8371909838818039E-030
   8.8461538461538456E-003   7.6923076923076927E-003   298.65705069823747        1.8339165925960103E-030
   8.8461538461538456E-003   8.0769230769230770E-003   298.63205413321515        1.8308142916903785E-030
   8.8461538461538456E-003   8.4615384615384613E-003   298.60987555520541        1.8280741596197750E-030
   8.8461538461538456E-003   8.8461538461538456E-003   298.59190241066830        1.8258621212671025E-030
   8.8461538461538456E-003   9.2307692307692299E-003   298.57926139851565        1.8243107950242334E-030
   8.8461538461538456E-003   9.6153846153846159E-003   298.57274647759795        1.8235125130581398E-030

   9.2307692307692299E-003   3.8461538461538462E-004   298.43118365811659        1.8075058640239913E-030
   9.2307692307692299E-003   7.6923076923076923E-004   298.43579966951165        1.8080194122576338E-030
   9.2307692307692299E-003   1.1538461538461537E-003   298.44466992195498        1.8090091389490246E-030
   9.2307692307692299E-003   1.5384615384615385E-003   298.45723818465632        1.8104154134316406E-030
   9.2307692307692299E-003   1.9230769230769232E-003   298.47271349971447        1.8121526787154247E-030
   9.2307692307692299E-003   2.3076923076923075E-003   298.49011966363889        1.8141141028515212E-030
   9.2307692307692299E-003   2.6923076923076922E-003   298.50835628769181        1.8161776048761927E-030
   9.2307692307692299E-003   3.0769230769230769E-003   298.52626764795866        1.8182130413912262E-030
   9.2307692307692299E-003   3.4615384615384616E-003   298.54271507472072        1.8200902265210017E-030
   9.2307692307692299E-003   3.8461538461538464E-003   298.55664841915313        1.8216873320201991E-030
   9.2307692307692299E-003   4.2307692307692307E-003   298.56717217922352        1.8228990988330135E-030
   9.2307692307692299E-003   4.6153846153846149E-003   298.57360216620310        1.8236442165742871E-030
   9.2307692307692299E-003   5.0000000000000001E-003   298.57550914193320        1.8238712226858137E-030
   9.2307692307692299E-003   5.3846153846153844E-003   298.57274663579972        1.8235623573373346E-030
   9.2307692307692299E-003   5.7692307692307696E-003   298.56546112093469        1.8227349833385117E-030
   9.2307692307692299E-003   6.1538461538461538E-003   298.55408383175251        1.8214404199653673E-030
   9.2307692307692299E-003   6.5384615384615381E-003   298.53930466286738        1.8197603052516796E-030
   9.2307692307692299E-003   6.9230769230769233E-003   298.52202971974310        1.8178008454865867E-030
   9.2307692307692299E-003   7.3076923076923076E-003   298.50332511766368        1.8156854924805753E-030
   9.2307692307692299E-003   7.6923076923076927E-003   298.48435048701447        1.8135466852662073E-030
   9.2307692307692299E-003   8.0769230769230770E-003   298.46628629684182        1.8115173018788735E-030
   9.2307692307692299E-003   8.4615384615384613E-003   298.45025952641146        1.8097224060943565E-030
   9.2307692307692299E-003   8.8461538461538456E-003   298.43727237383843        1.8082717711853705E-030
   9.2307692307692299E-003   9.2307692307692299E-003   298.42813857205107        1.8072535461462358E-030
   9.2307692307692299E-003   9.6153846153846159E-003   298.42343147035734        1.8067293207990236E-030

   9.6153846153846159E-003   3.8461538461538462E-004   298.36004905957907        1.7998468287616547E-030
   9.6153846153846159E-003   7.6923076923076923E-004   298.36384677517782        1.8002444478999404E-030
   9.6153846153846159E-003   1.1538461538461537E-003   298.37114368366787        1.8010104514688638E-030
   9.6153846153846159E-003   1.5384615384615385E-003   298.38148220528780        1.8020983456872203E-030
   9.6153846153846159E-003   1.9230769230769232E-003   298.39421165280328        1.8034415311440210E-030
   9.6153846153846159E-003   2.3076923076923075E-003   298.40852893438858        1.8049570244906021E-030
   9.6153846153846159E-003   2.6923076923076922E-003   298.42352879135217        1.8065502345037921E-030
   9.6153846153846159E-003   3.0769230769230769E-003   298.43826045355826        1.8081205972476748E-030
   9.6153846153846159E-003   3.4615384615384616E-003   298.45178721075354        1.8095677947582701E-030
   9.6153846153846159E-003   3.8461538461538464E-003   298.46324522126457        1.8107981980294379E-030
   9.6153846153846159E-003   4.2307692307692307E-003   298.47189791670985        1.8117311032713858E-030
   9.6153846153846159E-003   4.6153846153846149E-003   298.47718261217875        1.8123042893530676E-030
   9.6153846153846159E-003   5.0000000000000001E-003   298.47874638804137        1.8124784318040627E-030
   9.6153846153846159E-003   5.3846153846153844E-003   298.47646895363101        1.8122399754323174E-030
   9.6153846153846159E-003   5.7692307692307696E-003   298.47047100124684        1.8116021921583875E-030
   9.6153846153846159E-003   6.1538461538461538E-003   298.46110746249622        1.8106043180082364E-030
   9.6153846153846159E-003   6.5384615384615381E-003   298.44894602713276        1.8093088473644658E-030
   9.6153846153846159E-003   6.9230769230769233E-003   298.43473221192443        1.8077972333130994E-030
   9.6153846153846159E-003   7.3076923076923076E-003   298.41934311258638        1.8061643739542974E-030
   9.6153846153846159E-003   7.6923076923076927E-003   298.40373268504169        1.8045123401921285E-030
   9.6153846153846159E-003   8.0769230769230770E-003   298.38887194559413        1.8029438185294361E-030
   9.6153846153846159E-003   8.4615384615384613E-003   298.37568782590245        1.8015557122633637E-030
   9.6153846153846159E-003   8.8461538461538456E-003   298.36500454739860        1.8004332825607546E-030
   9.6153846153846159E-003   9.2307692307692299E-003   298.35749127490504        1.7996451345561463E-030
   9.6153846153846159E-003   9.6153846153846159E-003   298.35361946120008        1.7992392766274694E-030

