   3.8461538461538462E-004   3.8461538461538462E-004   1894.6582146175781        1.0000000000000000     
   3.8461538461538462E-004   7.6923076923076923E-004   1824.4916061586948        1.0000000000000000     
   3.8461538461538462E-004   1.1538461538461537E-003   1748.4693318580155        1.0000000000000000     
   3.8461538461538462E-004   1.5384615384615385E-003   1702.8963059758153        1.0000000000000000     
   3.8461538461538462E-004   1.9230769230769232E-003   1685.9560234858470        1.0000000000000000     
   3.8461538461538462E-004   2.3076923076923075E-003   1685.2945846400860        1.0000000000000000     
   3.8461538461538462E-004   2.6923076923076922E-003   1692.0445690332126        1.0000000000000000     
   3.8461538461538462E-004   3.0769230769230769E-003   1701.6913489520407        1.0000000000000000     
   3.8461538461538462E-004   3.4615384615384616E-003   1711.8903458197417        1.0000000000000000     
   3.8461538461538462E-004   3.8461538461538464E-003   1721.1177276341120        1.0000000000000000     
   3.8461538461538462E-004   4.2307692307692307E-003   1728.2832264387791        1.0000000000000000     
   3.8461538461538462E-004   4.6153846153846149E-003   1732.7071502442789        1.0000000000000000     
   3.8461538461538462E-004   5.0000000000000001E-003   1734.0723767499687        1.0000000000000000     
   3.8461538461538462E-004   5.3846153846153844E-003   1732.2921502047830        1.0000000000000000     
   3.8461538461538462E-004   5.7692307692307696E-003   1727.4346592481102        1.0000000000000000     
   3.8461538461538462E-004   6.1538461538461538E-003   1719.7973563123048        1.0000000000000000     
   3.8461538461538462E-004   6.5384615384615381E-003   1710.0408164685011        1.0000000000000000     
   3.8461538461538462E-004   6.9230769230769233E-003   1699.2409641613590        1.0000000000000000     
   3.8461538461538462E-004   7.3076923076923076E-003   1688.9112592180934        1.0000000000000000     
   3.8461538461538462E-004   7.6923076923076927E-003   1681.3827286110966        1.0000000000000000     
   3.8461538461538462E-004   8.0769230769230770E-003   1681.1931809471955        1.0000000000000000     
   3.8461538461538462E-004   8.4615384615384613E-003   1697.4885533574272        1.0000000000000000     
   3.8461538461538462E-004   8.8461538461538456E-003   1743.5376807421585        1.0000000000000000     
   3.8461538461538462E-004   9.2307692307692299E-003   1822.3829170525214        1.0000000000000000     
   3.8461538461538462E-004   9.6153846153846159E-003   1896.6774198938813        1.0000000000000000     

   7.6923076923076923E-004   3.8461538461538462E-004   1888.5222158271399        1.0000000000000000     
   7.6923076923076923E-004   7.6923076923076923E-004   1816.7329083261000        1.0000000000000000     
   7.6923076923076923E-004   1.1538461538461537E-003   1739.5110317914346        1.0000000000000000     
   7.6923076923076923E-004   1.5384615384615385E-003   1693.4741720683044        1.0000000000000000     
   7.6923076923076923E-004   1.9230769230769232E-003   1676.3578518695485        1.0000000000000000     
   7.6923076923076923E-004   2.3076923076923075E-003   1675.6300493330687        1.0000000000000000     
   7.6923076923076923E-004   2.6923076923076922E-003   1682.4459898140287        1.0000000000000000     
   7.6923076923076923E-004   3.0769230769230769E-003   1692.2969593704472        1.0000000000000000     
   7.6923076923076923E-004   3.4615384615384616E-003   1702.7847337776659        1.0000000000000000     
   7.6923076923076923E-004   3.8461538461538464E-003   1712.3104194277400        1.0000000000000000     
   7.6923076923076923E-004   4.2307692307692307E-003   1719.7222616022118        1.0000000000000000     
   7.6923076923076923E-004   4.6153846153846149E-003   1724.3047804995995        1.0000000000000000     
   7.6923076923076923E-004   5.0000000000000001E-003   1725.7262726821907        1.0000000000000000     
   7.6923076923076923E-004   5.3846153846153844E-003   1723.8968686285575        1.0000000000000000     
   7.6923076923076923E-004   5.7692307692307696E-003   1718.8882081929064        1.0000000000000000     
   7.6923076923076923E-004   6.1538461538461538E-003   1711.0122162531050        1.0000000000000000     
   7.6923076923076923E-004   6.5384615384615381E-003   1700.9649170909906        1.0000000000000000     
   7.6923076923076923E-004   6.9230769230769233E-003   1689.8844066354311        1.0000000000000000     
   7.6923076923076923E-004   7.3076923076923076E-003   1679.3622970953732        1.0000000000000000     
   7.6923076923076923E-004   7.6923076923076927E-003   1671.7875417098257        1.0000000000000000     
   7.6923076923076923E-004   8.0769230769230770E-003   1671.6932228364585        1.0000000000000000     
   7.6923076923076923E-004   8.4615384615384613E-003   1688.1965080094642        1.0000000000000000     
   7.6923076923076923E-004   8.8461538461538456E-003   1734.7406132471635        1.0000000000000000     
   7.6923076923076923E-004   9.2307692307692299E-003   1814.8500217862641        1.0000000000000000     
   7.6923076923076923E-004   9.6153846153846159E-003   1890.8555649103819        1.0000000000000000     

   1.1538461538461537E-003   3.8461538461538462E-004   1874.9497807614880        1.0000000000000000     
   1.1538461538461537E-003   7.6923076923076923E-004   1800.4832714935485        1.0000000000000000     
   1.1538461538461537E-003   1.1538461538461537E-003   1721.6184514627371        1.0000000000000000     
   1.1538461538461537E-003   1.5384615384615385E-003   1675.3228571703573        1.0000000000000000     
   1.1538461538461537E-003   1.9230769230769232E-003   1658.3531418200387        1.0000000000000000     
   1.1538461538461537E-003   2.3076923076923075E-003   1657.8193548854058        1.0000000000000000     
   1.1538461538461537E-003   2.6923076923076922E-003   1664.9275467546879        1.0000000000000000     
   1.1538461538461537E-003   3.0769230769230769E-003   1675.1966229364677        1.0000000000000000     
   1.1538461538461537E-003   3.4615384615384616E-003   1686.1586098622747        1.0000000000000000     
   1.1538461538461537E-003   3.8461538461538464E-003   1696.1183160581711        1.0000000000000000     
   1.1538461538461537E-003   4.2307692307692307E-003   1703.8574291600303        1.0000000000000000     
   1.1538461538461537E-003   4.6153846153846149E-003   1708.6365952894866        1.0000000000000000     
   1.1538461538461537E-003   5.0000000000000001E-003   1710.1269538813203        1.0000000000000000     
   1.1538461538461537E-003   5.3846153846153844E-003   1708.2435882554830        1.0000000000000000     
   1.1538461538461537E-003   5.7692307692307696E-003   1703.0531272397836        1.0000000000000000     
   1.1538461538461537E-003   6.1538461538461538E-003   1694.8639008668663        1.0000000000000000     
   1.1538461538461537E-003   6.5384615384615381E-003   1684.3949384692758        1.0000000000000000     
   1.1538461538461537E-003   6.9230769230769233E-003   1672.8521873048396        1.0000000000000000     
   1.1538461538461537E-003   7.3076923076923076E-003   1661.9295594113148        1.0000000000000000     
   1.1538461538461537E-003   7.6923076923076927E-003   1654.0936227715572        1.0000000000000000     
   1.1538461538461537E-003   8.0769230769230770E-003   1653.8518929183192        1.0000000000000000     
   1.1538461538461537E-003   8.4615384615384613E-003   1670.2576055786974        1.0000000000000000     
   1.1538461538461537E-003   8.8461538461538456E-003   1717.1030718256434        1.0000000000000000     
   1.1538461538461537E-003   9.2307692307692299E-003   1798.9844385099561        1.0000000000000000     
   1.1538461538461537E-003   9.6153846153846159E-003   1877.9831392571839        1.0000000000000000     

   1.5384615384615385E-003   3.8461538461538462E-004   1854.5167389199642        1.0000000000000000     
   1.5384615384615385E-003   7.6923076923076923E-004   1776.7592881501616        1.0000000000000000     
   1.5384615384615385E-003   1.1538461538461537E-003   1696.4457543943481        1.0000000000000000     
   1.5384615384615385E-003   1.5384615384615385E-003   1650.7597933194063        1.0000000000000000     
   1.5384615384615385E-003   1.9230769230769232E-003   1634.7960922551299        1.0000000000000000     
   1.5384615384615385E-003   2.3076923076923075E-003   1635.0559975320134        1.0000000000000000     
   1.5384615384615385E-003   2.6923076923076922E-003   1642.8056214741325        1.0000000000000000     
   1.5384615384615385E-003   3.0769230769230769E-003   1653.6367025839429        1.0000000000000000     
   1.5384615384615385E-003   3.4615384615384616E-003   1665.0536497188123        1.0000000000000000     
   1.5384615384615385E-003   3.8461538461538464E-003   1675.3191953777202        1.0000000000000000     
   1.5384615384615385E-003   4.2307692307692307E-003   1683.2165949006055        1.0000000000000000     
   1.5384615384615385E-003   4.6153846153846149E-003   1688.0537688512477        1.0000000000000000     
   1.5384615384615385E-003   5.0000000000000001E-003   1689.5621644110402        1.0000000000000000     
   1.5384615384615385E-003   5.3846153846153844E-003   1687.6847364482724        1.0000000000000000     
   1.5384615384615385E-003   5.7692307692307696E-003   1682.4604647689082        1.0000000000000000     
   1.5384615384615385E-003   6.1538461538461538E-003   1674.1361521642036        1.0000000000000000     
   1.5384615384615385E-003   6.5384615384615381E-003   1663.3820373786909        1.0000000000000000     
   1.5384615384615385E-003   6.9230769230769233E-003   1651.4030638193638        1.0000000000000000     
   1.5384615384615385E-003   7.3076923076923076E-003   1639.9410322228846        1.0000000000000000     
   1.5384615384615385E-003   7.6923076923076927E-003   1631.4976170847551        1.0000000000000000     
   1.5384615384615385E-003   8.0769230769230770E-003   1630.5139438405713        1.0000000000000000     
   1.5384615384615385E-003   8.4615384615384613E-003   1645.9755399044561        1.0000000000000000     
   1.5384615384615385E-003   8.8461538461538456E-003   1692.2809672484721        1.0000000000000000     
   1.5384615384615385E-003   9.2307692307692299E-003   1775.8584296212532        1.0000000000000000     
   1.5384615384615385E-003   9.6153846153846159E-003   1858.7575739290664        1.0000000000000000     

   1.9230769230769232E-003   3.8461538461538462E-004   1830.0434717080568        1.0000000000000000     
   1.9230769230769232E-003   7.6923076923076923E-004   1748.4408725866094        1.0000000000000000     
   1.9230769230769232E-003   1.1538461538461537E-003   1667.0673237824119        1.0000000000000000     
   1.9230769230769232E-003   1.5384615384615385E-003   1623.2193458443496        1.0000000000000000     
   1.9230769230769232E-003   1.9230769230769232E-003   1609.3924949421339        1.0000000000000000     
   1.9230769230769232E-003   2.3076923076923075E-003   1611.1359618196441        1.0000000000000000     
   1.9230769230769232E-003   2.6923076923076922E-003   1619.7984290274205        1.0000000000000000     
   1.9230769230769232E-003   3.0769230769230769E-003   1631.1397125725903        1.0000000000000000     
   1.9230769230769232E-003   3.4615384615384616E-003   1642.7385858407993        1.0000000000000000     
   1.9230769230769232E-003   3.8461538461538464E-003   1652.9261270110326        1.0000000000000000     
   1.9230769230769232E-003   4.2307692307692307E-003   1660.5985807925570        1.0000000000000000     
   1.9230769230769232E-003   4.6153846153846149E-003   1665.2124383313264        1.0000000000000000     
   1.9230769230769232E-003   5.0000000000000001E-003   1666.6379083918098        1.0000000000000000     
   1.9230769230769232E-003   5.3846153846153844E-003   1664.8782831363269        1.0000000000000000     
   1.9230769230769232E-003   5.7692307692307696E-003   1659.9159062192507        1.0000000000000000     
   1.9230769230769232E-003   6.1538461538461538E-003   1651.8579676541081        1.0000000000000000     
   1.9230769230769232E-003   6.5384615384615381E-003   1641.2248490525471        1.0000000000000000     
   1.9230769230769232E-003   6.9230769230769233E-003   1629.1070346537294        1.0000000000000000     
   1.9230769230769232E-003   7.3076923076923076E-003   1617.1772229517294        1.0000000000000000     
   1.9230769230769232E-003   7.6923076923076927E-003   1607.8572835999598        1.0000000000000000     
   1.9230769230769232E-003   8.0769230769230770E-003   1605.4259591694909        1.0000000000000000     
   1.9230769230769232E-003   8.4615384615384613E-003   1618.7826124033036        1.0000000000000000     
   1.9230769230769232E-003   8.8461538461538456E-003   1663.2552778209679        1.0000000000000000     
   1.9230769230769232E-003   9.2307692307692299E-003   1748.1198874112877        1.0000000000000000     
   1.9230769230769232E-003   9.6153846153846159E-003   1835.6735265705083        1.0000000000000000     

   2.3076923076923075E-003   3.8461538461538462E-004   1804.5276548946438        1.0000000000000000     
   2.3076923076923075E-003   7.6923076923076923E-004   1718.6083993250184        1.0000000000000000     
   2.3076923076923075E-003   1.1538461538461537E-003   1636.9053528630179        1.0000000000000000     
   2.3076923076923075E-003   1.5384615384615385E-003   1596.3689776097788        1.0000000000000000     
   2.3076923076923075E-003   1.9230769230769232E-003   1585.7276302794291        1.0000000000000000     
   2.3076923076923075E-003   2.3076923076923075E-003   1589.3927564150476        1.0000000000000000     
   2.3076923076923075E-003   2.6923076923076922E-003   1598.9606636849119        1.0000000000000000     
   2.3076923076923075E-003   3.0769230769230769E-003   1610.5114502850406        1.0000000000000000     
   2.3076923076923075E-003   3.4615384615384616E-003   1621.8240949470924        1.0000000000000000     
   2.3076923076923075E-003   3.8461538461538464E-003   1631.4151369392143        1.0000000000000000     
   2.3076923076923075E-003   4.2307692307692307E-003   1638.3968187178834        1.0000000000000000     
   2.3076923076923075E-003   4.6153846153846149E-003   1642.4632159034131        1.0000000000000000     
   2.3076923076923075E-003   5.0000000000000001E-003   1643.6917798879199        1.0000000000000000     
   2.3076923076923075E-003   5.3846153846153844E-003   1642.1765512582306        1.0000000000000000     
   2.3076923076923075E-003   5.7692307692307696E-003   1637.8172831452127        1.0000000000000000     
   2.3076923076923075E-003   6.1538461538461538E-003   1630.5106094650457        1.0000000000000000     
   2.3076923076923075E-003   6.5384615384615381E-003   1620.5433727403304        1.0000000000000000     
   2.3076923076923075E-003   6.9230769230769233E-003   1608.7929563838072        1.0000000000000000     
   2.3076923076923075E-003   7.3076923076923076E-003   1596.7394761086621        1.0000000000000000     
   2.3076923076923075E-003   7.6923076923076927E-003   1586.5710336441919        1.0000000000000000     
   2.3076923076923075E-003   8.0769230769230770E-003   1582.2288192229939        1.0000000000000000     
   2.3076923076923075E-003   8.4615384615384613E-003   1592.3346102818227        1.0000000000000000     
   2.3076923076923075E-003   8.8461538461538456E-003   1633.2505289773489        1.0000000000000000     
   2.3076923076923075E-003   9.2307692307692299E-003   1718.4063776274220        1.0000000000000000     
   2.3076923076923075E-003   9.6153846153846159E-003   1810.9684932441205        1.0000000000000000     

   2.6923076923076922E-003   3.8461538461538462E-004   1779.3084250337852        1.0000000000000000     
   2.6923076923076922E-003   7.6923076923076923E-004   1689.7886518188045        1.0000000000000000     
   2.6923076923076922E-003   1.1538461538461537E-003   1609.5811413771610        1.0000000000000000     
   2.6923076923076922E-003   1.5384615384615385E-003   1573.4452611380111        1.0000000000000000     
   2.6923076923076922E-003   1.9230769230769232E-003   1566.3917162200300        1.0000000000000000     
   2.6923076923076922E-003   2.3076923076923075E-003   1571.9111889045289        1.0000000000000000     
   2.6923076923076922E-003   2.6923076923076922E-003   1582.0928880714112        1.0000000000000000     
   2.6923076923076922E-003   3.0769230769230769E-003   1593.4065172358962        1.0000000000000000     
   2.6923076923076922E-003   3.4615384615384616E-003   1603.9128002441118        1.0000000000000000     
   2.6923076923076922E-003   3.8461538461538464E-003   1612.4095949114298        1.0000000000000000     
   2.6923076923076922E-003   4.2307692307692307E-003   1618.2868115446115        1.0000000000000000     
   2.6923076923076922E-003   4.6153846153846149E-003   1621.5363373449734        1.0000000000000000     
   2.6923076923076922E-003   5.0000000000000001E-003   1622.4758153000901        1.0000000000000000     
   2.6923076923076922E-003   5.3846153846153844E-003   1621.3063159438973        1.0000000000000000     
   2.6923076923076922E-003   5.7692307692307696E-003   1617.8246097574229        1.0000000000000000     
   2.6923076923076922E-003   6.1538461538461538E-003   1611.6683267332196        1.0000000000000000     
   2.6923076923076922E-003   6.5384615384615381E-003   1602.8480543839214        1.0000000000000000     
   2.6923076923076922E-003   6.9230769230769233E-003   1591.9858827767671        1.0000000000000000     
   2.6923076923076922E-003   7.3076923076923076E-003   1580.2938584702658        1.0000000000000000     
   2.6923076923076922E-003   7.6923076923076927E-003   1569.6157975385095        1.0000000000000000     
   2.6923076923076922E-003   8.0769230769230770E-003   1563.4321321687798        1.0000000000000000     
   2.6923076923076922E-003   8.4615384615384613E-003   1569.7871840519658        1.0000000000000000     
   2.6923076923076922E-003   8.8461538461538456E-003   1605.7603823514712        1.0000000000000000     
   2.6923076923076922E-003   9.2307692307692299E-003   1689.1438789864203        1.0000000000000000     
   2.6923076923076922E-003   9.6153846153846159E-003   1786.1583306060038        1.0000000000000000     

   3.0769230769230769E-003   3.8461538461538462E-004   1745.6506748009797        1.0000000000000000     
   3.0769230769230769E-003   7.6923076923076923E-004   1668.3724567116403        1.0000000000000000     
   3.0769230769230769E-003   1.1538461538461537E-003   1587.4024160922872        1.0000000000000000     
   3.0769230769230769E-003   1.5384615384615385E-003   1554.8563349642325        1.0000000000000000     
   3.0769230769230769E-003   1.9230769230769232E-003   1552.3798567420786        1.0000000000000000     
   3.0769230769230769E-003   2.3076923076923075E-003   1560.1125915483487        1.0000000000000000     
   3.0769230769230769E-003   2.6923076923076922E-003   1570.6008678196017        1.0000000000000000     
   3.0769230769230769E-003   3.0769230769230769E-003   1580.9570660327927        1.0000000000000000     
   3.0769230769230769E-003   3.4615384615384616E-003   1589.8955845900764        1.0000000000000000     
   3.0769230769230769E-003   3.8461538461538464E-003   1596.7235331785632        1.0000000000000000     
   3.0769230769230769E-003   4.2307692307692307E-003   1601.0974402502604        1.0000000000000000     
   3.0769230769230769E-003   4.6153846153846149E-003   1603.3215037417617        1.0000000000000000     
   3.0769230769230769E-003   5.0000000000000001E-003   1603.9007273670907        1.0000000000000000     
   3.0769230769230769E-003   5.3846153846153844E-003   1603.1381225945790        1.0000000000000000     
   3.0769230769230769E-003   5.7692307692307696E-003   1600.7337776614859        1.0000000000000000     
   3.0769230769230769E-003   6.1538461538461538E-003   1596.0783467592287        1.0000000000000000     
   3.0769230769230769E-003   6.5384615384615381E-003   1588.8950468282130        1.0000000000000000     
   3.0769230769230769E-003   6.9230769230769233E-003   1579.5416556017708        1.0000000000000000     
   3.0769230769230769E-003   7.3076923076923076E-003   1568.8476426918344        1.0000000000000000     
   3.0769230769230769E-003   7.6923076923076927E-003   1557.8877173159722        1.0000000000000000     
   3.0769230769230769E-003   8.0769230769230770E-003   1549.3500575684418        1.0000000000000000     
   3.0769230769230769E-003   8.4615384615384613E-003   1550.9765880628349        1.0000000000000000     
   3.0769230769230769E-003   8.8461538461538456E-003   1584.0811013064169        1.0000000000000000     
   3.0769230769230769E-003   9.2307692307692299E-003   1667.9466919372462        1.0000000000000000     
   3.0769230769230769E-003   9.6153846153846159E-003   1745.4623419568586        1.0000000000000000     

   3.4615384615384616E-003   3.8461538461538462E-004   1998.1757756483580        1.0000000000000000     
   3.4615384615384616E-003   7.6923076923076923E-004   1689.9163795930867        1.0000000000000000     
   3.4615384615384616E-003   1.1538461538461537E-003   1517.0273206154568        1.0000000000000000     
   3.4615384615384616E-003   1.5384615384615385E-003   1544.6983470743769        1.0000000000000000     
   3.4615384615384616E-003   1.9230769230769232E-003   1554.3211235180659        1.0000000000000000     
   3.4615384615384616E-003   2.3076923076923075E-003   1561.1371438260085        1.0000000000000000     
   3.4615384615384616E-003   2.6923076923076922E-003   1565.3652934418637        1.0000000000000000     
   3.4615384615384616E-003   3.0769230769230769E-003   1569.8755265181385        1.0000000000000000     
   3.4615384615384616E-003   3.4615384615384616E-003   1575.5482338749239        1.0000000000000000     
   3.4615384615384616E-003   3.8461538461538464E-003   1580.4965312111003        1.0000000000000000     
   3.4615384615384616E-003   4.2307692307692307E-003   1583.6693490060488        1.0000000000000000     
   3.4615384615384616E-003   4.6153846153846149E-003   1585.2537663096284        1.0000000000000000     
   3.4615384615384616E-003   5.0000000000000001E-003   1585.5981766990060        1.0000000000000000     
   3.4615384615384616E-003   5.3846153846153844E-003   1585.0523556706964        1.0000000000000000     
   3.4615384615384616E-003   5.7692307692307696E-003   1583.3952939219491        1.0000000000000000     
   3.4615384615384616E-003   6.1538461538461538E-003   1580.0423749385932        1.0000000000000000     
   3.4615384615384616E-003   6.5384615384615381E-003   1574.7026911042383        1.0000000000000000     
   3.4615384615384616E-003   6.9230769230769233E-003   1568.3667168578909        1.0000000000000000     
   3.4615384615384616E-003   7.3076923076923076E-003   1563.7315387278059        1.0000000000000000     
   3.4615384615384616E-003   7.6923076923076927E-003   1559.0425858382548        1.0000000000000000     
   3.4615384615384616E-003   8.0769230769230770E-003   1550.2802098522804        1.0000000000000000     
   3.4615384615384616E-003   8.4615384615384613E-003   1538.2232806756974        1.0000000000000000     
   3.4615384615384616E-003   8.8461538461538456E-003   1518.8485031088185        1.0000000000000000     
   3.4615384615384616E-003   9.2307692307692299E-003   1716.4069036044880        1.0000000000000000     
   3.4615384615384616E-003   9.6153846153846159E-003   2056.1162939874876       0.99999999999999911     

   3.8461538461538464E-003   3.8461538461538462E-004   611.61505945736940        1.1448048337298369E-010
   3.8461538461538464E-003   7.6923076923076923E-004   719.15387417061049        1.4330279426569207E-006
   3.8461538461538464E-003   1.1538461538461537E-003   958.83143814685559        4.3578859204838019E-002
   3.8461538461538464E-003   1.5384615384615385E-003   1734.0355399632740        1.0000000000000000     
   3.8461538461538464E-003   1.9230769230769232E-003   1602.8147468833918        1.0000000000000000     
   3.8461538461538464E-003   2.3076923076923075E-003   1528.2264956122767        1.0000000000000000     
   3.8461538461538464E-003   2.6923076923076922E-003   1487.3139134266514        1.0000000000000000     
   3.8461538461538464E-003   3.0769230769230769E-003   1514.1365524723863        1.0000000000000000     
   3.8461538461538464E-003   3.4615384615384616E-003   1545.2911046286604        1.0000000000000000     
   3.8461538461538464E-003   3.8461538461538464E-003   1564.0357761933401        1.0000000000000000     
   3.8461538461538464E-003   4.2307692307692307E-003   1574.2389551774265        1.0000000000000000     
   3.8461538461538464E-003   4.6153846153846149E-003   1579.0413112325828        1.0000000000000000     
   3.8461538461538464E-003   5.0000000000000001E-003   1580.1385390130195        1.0000000000000000     
   3.8461538461538464E-003   5.3846153846153844E-003   1578.7466203003853        1.0000000000000000     
   3.8461538461538464E-003   5.7692307692307696E-003   1573.8872381725446        1.0000000000000000     
   3.8461538461538464E-003   6.1538461538461538E-003   1563.5655593236718        1.0000000000000000     
   3.8461538461538464E-003   6.5384615384615381E-003   1543.8661472579220        1.0000000000000000     
   3.8461538461538464E-003   6.9230769230769233E-003   1510.9506196826678        1.0000000000000000     
   3.8461538461538464E-003   7.3076923076923076E-003   1488.7615197470350        1.0000000000000000     
   3.8461538461538464E-003   7.6923076923076927E-003   1533.4575434136830        1.0000000000000000     
   3.8461538461538464E-003   8.0769230769230770E-003   1609.8060557622159        1.0000000000000000     
   3.8461538461538464E-003   8.4615384615384613E-003   1763.8679614775044        1.0000000000000000     
   3.8461538461538464E-003   8.8461538461538456E-003   910.14406797620597        1.5013397189326858E-002
   3.8461538461538464E-003   9.2307692307692299E-003   696.97829466235783        2.9755503908631216E-007
   3.8461538461538464E-003   9.6153846153846159E-003   571.64731418768235        1.4460524504119350E-012

   4.2307692307692307E-003   3.8461538461538462E-004   378.77175008091422        6.5749262204851046E-024
   4.2307692307692307E-003   7.6923076923076923E-004   413.43330281865860        7.2310621777237294E-021
   4.2307692307692307E-003   1.1538461538461537E-003   481.34612636655430        2.7652190064254280E-016
   4.2307692307692307E-003   1.5384615384615385E-003   651.76303526833419        1.0968580893161062E-008
   4.2307692307692307E-003   1.9230769230769232E-003   746.37428085411022        1.4842251219250537E-005
   4.2307692307692307E-003   2.3076923076923075E-003   810.56547328188697        7.1859505974295130E-004
   4.2307692307692307E-003   2.6923076923076922E-003   923.36576338265456        1.9145538460888581E-002
   4.2307692307692307E-003   3.0769230769230769E-003   2019.1493103463044       0.99999999999246980     
   4.2307692307692307E-003   3.4615384615384616E-003   1887.5098024022982        1.0000000000000000     
   4.2307692307692307E-003   3.8461538461538464E-003   1819.0983814999001        1.0000000000000000     
   4.2307692307692307E-003   4.2307692307692307E-003   1770.1416915360314        1.0000000000000000     
   4.2307692307692307E-003   4.6153846153846149E-003   1740.1066703886715        1.0000000000000000     
   4.2307692307692307E-003   5.0000000000000001E-003   1728.8602266842295        1.0000000000000000     
   4.2307692307692307E-003   5.3846153846153844E-003   1742.4991236565584        1.0000000000000000     
   4.2307692307692307E-003   5.7692307692307696E-003   1772.0617675643794        1.0000000000000000     
   4.2307692307692307E-003   6.1538461538461538E-003   1820.7771684940005        1.0000000000000000     
   4.2307692307692307E-003   6.5384615384615381E-003   1895.0432160501186        1.0000000000000000     
   4.2307692307692307E-003   6.9230769230769233E-003   2030.9678096027715       0.99999999944788032     
   4.2307692307692307E-003   7.3076923076923076E-003   911.12508725693272        1.3873678738871601E-002
   4.2307692307692307E-003   7.6923076923076927E-003   806.08291775826694        5.6479601015134255E-004
   4.2307692307692307E-003   8.0769230769230770E-003   739.63826069833704        9.4667743823859575E-006
   4.2307692307692307E-003   8.4615384615384613E-003   640.44834127698118        3.8298074829146242E-009
   4.2307692307692307E-003   8.8461538461538456E-003   472.44216925675852        8.3431696207756742E-017
   4.2307692307692307E-003   9.2307692307692299E-003   406.00162856860300        1.7655934005930786E-021
   4.2307692307692307E-003   9.6153846153846159E-003   371.55416908635078        1.5821338309110917E-024

   4.6153846153846149E-003   3.8461538461538462E-004   334.93518883816216        2.0719532066237830E-027
   4.6153846153846149E-003   7.6923076923076923E-004   342.62911913815412        5.8564627974343547E-027
   4.6153846153846149E-003   1.1538461538461537E-003   358.83953437980807        1.5804717600135348E-025
   4.6153846153846149E-003   1.5384615384615385E-003   389.71720469154280        7.8917923777906330E-023
   4.6153846153846149E-003   1.9230769230769232E-003   425.58340836890284        8.6556291698783585E-020
   4.6153846153846149E-003   2.3076923076923075E-003   458.90498386285350        2.4027073383705241E-017
   4.6153846153846149E-003   2.6923076923076922E-003   491.98968550060226        2.1289923253882950E-015
   4.6153846153846149E-003   3.0769230769230769E-003   572.47319738537340        2.3422816713450251E-012
   4.6153846153846149E-003   3.4615384615384616E-003   644.25428736474692        3.7772290743039072E-009
   4.6153846153846149E-003   3.8461538461538464E-003   692.80091552446913        2.1499704926418444E-007
   4.6153846153846149E-003   4.2307692307692307E-003   724.27220565914172        2.2507045504828584E-006
   4.6153846153846149E-003   4.6153846153846149E-003   741.95637298445854        7.8040514526696787E-006
   4.6153846153846149E-003   5.0000000000000001E-003   747.38061325073568        1.1353417209476930E-005
   4.6153846153846149E-003   5.3846153846153844E-003   741.20094650652618        7.3889819396535763E-006
   4.6153846153846149E-003   5.7692307692307696E-003   722.79179270948725        2.0258872025713257E-006
   4.6153846153846149E-003   6.1538461538461538E-003   690.42920819302753        1.7959457383309695E-007
   4.6153846153846149E-003   6.5384615384615381E-003   640.26839379480816        2.6241604593454286E-009
   4.6153846153846149E-003   6.9230769230769233E-003   566.93030051269102        1.2119082786833091E-012
   4.6153846153846149E-003   7.3076923076923076E-003   489.31247565523211        1.5351271249443126E-015
   4.6153846153846149E-003   7.6923076923076927E-003   456.31215706477491        1.5960144494647615E-017
   4.6153846153846149E-003   8.0769230769230770E-003   422.50278231010577        4.9416181439679768E-020
   4.6153846153846149E-003   8.4615384615384613E-003   386.31141096999204        3.8770805126113800E-023
   4.6153846153846149E-003   8.8461538461538456E-003   356.50231703172278        9.4218935178613151E-026
   4.6153846153846149E-003   9.2307692307692299E-003   340.70853689451445        4.0659743283645306E-027
   4.6153846153846149E-003   9.6153846153846159E-003   333.35591872690611        1.6275275630012355E-027

   5.0000000000000001E-003   3.8461538461538462E-004   321.74484200360700        2.0944146795101499E-028
   5.0000000000000001E-003   7.6923076923076923E-004   323.50628350528876        2.4508312367126572E-028
   5.0000000000000001E-003   1.1538461538461537E-003   327.34389664960946        3.6200964334257519E-028
   5.0000000000000001E-003   1.5384615384615385E-003   333.84836185318034        8.5436872601654592E-028
   5.0000000000000001E-003   1.9230769230769232E-003   342.89743217963661        4.7810017961028670E-027
   5.0000000000000001E-003   2.3076923076923075E-003   353.10406157016473        5.0456388317638484E-026
   5.0000000000000001E-003   2.6923076923076922E-003   363.59302623693048        5.7820073084529706E-025
   5.0000000000000001E-003   3.0769230769230769E-003   375.68148816638552        6.3147157729851328E-024
   5.0000000000000001E-003   3.4615384615384616E-003   389.61176057314947        9.0471510028468283E-023
   5.0000000000000001E-003   3.8461538461538464E-003   402.40167998613254        1.0864561312114282E-021
   5.0000000000000001E-003   4.2307692307692307E-003   412.56336255801733        7.5189248533409549E-021
   5.0000000000000001E-003   4.6153846153846149E-003   419.06647858663308        2.5189298894038469E-020
   5.0000000000000001E-003   5.0000000000000001E-003   421.22421360240349        3.7448952727326164E-020
   5.0000000000000001E-003   5.3846153846153844E-003   418.73899898903136        2.3692450444297363E-020
   5.0000000000000001E-003   5.7692307692307696E-003   412.01090742561291        6.7746480988657602E-021
   5.0000000000000001E-003   6.1538461538461538E-003   401.64993409649207        9.3923820867850197E-022
   5.0000000000000001E-003   6.5384615384615381E-003   388.62997301781496        7.4548443231106143E-023
   5.0000000000000001E-003   6.9230769230769233E-003   374.68355446623286        5.2134253836502441E-024
   5.0000000000000001E-003   7.3076923076923076E-003   362.71886674723083        4.7341986678718388E-025
   5.0000000000000001E-003   7.6923076923076927E-003   352.15103518076609        4.0074085172799508E-026
   5.0000000000000001E-003   8.0769230769230770E-003   341.90466156267513        3.8004333183653051E-027
   5.0000000000000001E-003   8.4615384615384613E-003   332.91466751308769        7.1194291514904661E-028
   5.0000000000000001E-003   8.8461538461538456E-003   326.56558610750932        3.1203989043243291E-028
   5.0000000000000001E-003   9.2307692307692299E-003   322.82202971586730        2.1362876235246036E-028
   5.0000000000000001E-003   9.6153846153846159E-003   321.13107760372378        1.8318897028634510E-028

   5.3846153846153844E-003   3.8461538461538462E-004   315.07473724339752        4.3925509351865381E-029
   5.3846153846153844E-003   7.6923076923076923E-004   315.58423227014026        4.7228897404160060E-029
   5.3846153846153844E-003   1.1538461538461537E-003   316.67087312825504        5.4664407403433535E-029
   5.3846153846153844E-003   1.5384615384615385E-003   318.41546059200425        6.8381178807329507E-029
   5.3846153846153844E-003   1.9230769230769232E-003   320.84242809129699        9.3147674056794940E-029
   5.3846153846153844E-003   2.3076923076923075E-003   323.78611272737953        1.3955722624129292E-028
   5.3846153846153844E-003   2.6923076923076922E-003   327.00544453904519        2.3060898435459868E-028
   5.3846153846153844E-003   3.0769230769230769E-003   330.33476897756566        4.1288479334244146E-028
   5.3846153846153844E-003   3.4615384615384616E-003   333.69901720811981        7.7211549281572782E-028
   5.3846153846153844E-003   3.8461538461538464E-003   336.82267688481375        1.4262395116414935E-027
   5.3846153846153844E-003   4.2307692307692307E-003   339.38246073267771        2.4133003088642412E-027
   5.3846153846153844E-003   4.6153846153846149E-003   341.06364337220100        3.4450229572149676E-027
   5.3846153846153844E-003   5.0000000000000001E-003   341.62550439282688        3.8858664677062768E-027
   5.3846153846153844E-003   5.3846153846153844E-003   340.96990371034644        3.3739191969615361E-027
   5.3846153846153844E-003   5.7692307692307696E-003   339.21428780111643        2.3237661425152483E-027
   5.3846153846153844E-003   6.1538461538461538E-003   336.59085126715195        1.3543696787860427E-027
   5.3846153846153844E-003   6.5384615384615381E-003   333.41222980006569        7.2563033809767641E-028
   5.3846153846153844E-003   6.9230769230769233E-003   330.01684345880636        3.8552167955312711E-028
   5.3846153846153844E-003   7.3076923076923076E-003   326.65645080594732        2.1411398833704118E-028
   5.3846153846153844E-003   7.6923076923076927E-003   323.40359814354309        1.2901434247941915E-028
   5.3846153846153844E-003   8.0769230769230770E-003   320.44466712539707        8.5819872024480419E-029
   5.3846153846153844E-003   8.4615384615384613E-003   318.02109200942630        6.2783621353201094E-029
   5.3846153846153844E-003   8.8461538461538456E-003   316.28775608940248        5.0024750111730003E-029
   5.3846153846153844E-003   9.2307692307692299E-003   315.21206215580298        4.3119906010786896E-029
   5.3846153846153844E-003   9.6153846153846159E-003   314.71205224628926        4.0069661668915432E-029

   5.7692307692307696E-003   3.8461538461538462E-004   310.55651003071085        1.4165076867942143E-029
   5.7692307692307696E-003   7.6923076923076923E-004   310.77171376423513        1.4790077044995379E-029
   5.7692307692307696E-003   1.1538461538461537E-003   311.20846228574891        1.6091855697250063E-029
   5.7692307692307696E-003   1.5384615384615385E-003   311.87153694200151        1.8186113104612484E-029
   5.7692307692307696E-003   1.9230769230769232E-003   312.74996045186532        2.1238072066189712E-029
   5.7692307692307696E-003   2.3076923076923075E-003   313.80328494878813        2.5439785002377471E-029
   5.7692307692307696E-003   2.6923076923076922E-003   314.96440684112929        3.0955390417688324E-029
   5.7692307692307696E-003   3.0769230769230769E-003   316.15591621050004        3.7821881682448468E-029
   5.7692307692307696E-003   3.4615384615384616E-003   317.30303110338093        4.5804193666538422E-029
   5.7692307692307696E-003   3.8461538461538464E-003   318.32506803153791        5.4234762017564543E-029
   5.7692307692307696E-003   4.2307692307692307E-003   319.13719033420409        6.1938073712845294E-029
   5.7692307692307696E-003   4.6153846153846149E-003   319.65851478501656        6.7387590876199308E-029
   5.7692307692307696E-003   5.0000000000000001E-003   319.82795280076306        6.9218597863277029E-029
   5.7692307692307696E-003   5.3846153846153844E-003   319.62196837550880        6.6899090365127271E-029
   5.7692307692307696E-003   5.7692307692307696E-003   319.06656528025678        6.1053224497374653E-029
   5.7692307692307696E-003   6.1538461538461538E-003   318.22261060328611        5.3093499180154397E-029
   5.7692307692307696E-003   6.5384615384615381E-003   317.17134226101655        4.4545134111666595E-029
   5.7692307692307696E-003   6.9230769230769233E-003   315.99825282046538        3.6550705125926224E-029
   5.7692307692307696E-003   7.3076923076923076E-003   314.78191031207280        2.9735157954436469E-029
   5.7692307692307696E-003   7.6923076923076927E-003   313.59844603434095        2.4301278560923725E-029
   5.7692307692307696E-003   8.0769230769230770E-003   312.52770537429802        2.0188367644408941E-029
   5.7692307692307696E-003   8.4615384615384613E-003   311.63671422471356        1.7216833956541154E-029
   5.7692307692307696E-003   8.8461538461538456E-003   310.96503403253166        1.5187112372170627E-029
   5.7692307692307696E-003   9.2307692307692299E-003   310.52356784546555        1.3931203194404808E-029
   5.7692307692307696E-003   9.6153846153846159E-003   310.30739116554912        1.3333041883319669E-029

   6.1538461538461538E-003   3.8461538461538462E-004   307.20346114651528        6.5540167861708892E-030
   6.1538461538461538E-003   7.6923076923076923E-004   307.32677195814955        6.7250863508327487E-030
   6.1538461538461538E-003   1.1538461538461537E-003   307.56858459060987        7.0707105647654689E-030
   6.1538461538461538E-003   1.5384615384615385E-003   307.92069648827487        7.5999763160803749E-030
   6.1538461538461538E-003   1.9230769230769232E-003   308.36785547902775        8.3214615825469543E-030
   6.1538461538461538E-003   2.3076923076923075E-003   308.88661960400049        9.2364893559760159E-030
   6.1538461538461538E-003   2.6923076923076922E-003   309.44595351077305        1.0329681674791811E-029
   6.1538461538461538E-003   3.0769230769230769E-003   310.00998419603172        1.1558166055381147E-029
   6.1538461538461538E-003   3.4615384615384616E-003   310.54120138349856        1.2842744841878889E-029
   6.1538461538461538E-003   3.8461538461538464E-003   311.00258710794128        1.4066281390934704E-029
   6.1538461538461538E-003   4.2307692307692307E-003   311.35976860225668        1.5085028038358112E-029
   6.1538461538461538E-003   4.6153846153846149E-003   311.58355395826931        1.5754979587156646E-029
   6.1538461538461538E-003   5.0000000000000001E-003   311.65375679449829        1.5968518291279254E-029
   6.1538461538461538E-003   5.3846153846153844E-003   311.56305428322713        1.5687456778792967E-029
   6.1538461538461538E-003   5.7692307692307696E-003   311.31904069315357        1.4956203154925824E-029
   6.1538461538461538E-003   6.1538461538461538E-003   310.94200791177457        1.3887080138261592E-029
   6.1538461538461538E-003   6.5384615384615381E-003   310.46130625194337        1.2626377701813482E-029
   6.1538461538461538E-003   6.9230769230769233E-003   309.91146475493264        1.1317723297480415E-029
   6.1538461538461538E-003   7.3076923076923076E-003   309.32952951177094        1.0076351470940722E-029
   6.1538461538461538E-003   7.6923076923076927E-003   308.75356793274392        8.9787405085567918E-030
   6.1538461538461538E-003   8.0769230769230770E-003   308.22018079443131        8.0648580807734400E-030
   6.1538461538461538E-003   8.4615384615384613E-003   307.76088636615651        7.3474870997761704E-030
   6.1538461538461538E-003   8.8461538461538456E-003   307.39957204077166        6.8233251068985314E-030
   6.1538461538461538E-003   9.2307692307692299E-003   307.15195259549392        6.4824756837488431E-030
   6.1538461538461538E-003   9.6153846153846159E-003   307.02659126522514        6.3151348198308133E-030

   6.5384615384615381E-003   3.8461538461538462E-004   304.67847361505818        4.0194618047957602E-030
   6.5384615384615381E-003   7.6923076923076923E-004   304.75922776170916        4.0793620979370174E-030
   6.5384615384615381E-003   1.1538461538461537E-003   304.91543124392717        4.1983368157081431E-030
   6.5384615384615381E-003   1.5384615384615385E-003   305.13873927567323        4.3756367361279271E-030
   6.5384615384615381E-003   1.9230769230769232E-003   305.41663373442464        4.6088047869666506E-030
   6.5384615384615381E-003   2.3076923076923075E-003   305.73278171678720        4.8921948530446611E-030
   6.5384615384615381E-003   2.6923076923076922E-003   306.06782478688342        5.2152835053141505E-030
   6.5384615384615381E-003   3.0769230769230769E-003   306.40059327225094        5.5612320110700010E-030
   6.5384615384615381E-003   3.4615384615384616E-003   306.70951615349020        5.9063732223920278E-030
   6.5384615384615381E-003   3.8461538461538464E-003   306.97401763855123        6.2213583624083461E-030
   6.5384615384615381E-003   4.2307692307692307E-003   307.17589483141103        6.4744261174391718E-030
   6.5384615384615381E-003   4.6153846153846149E-003   307.30063899289570        6.6365516883031532E-030
   6.5384615384615381E-003   5.0000000000000001E-003   307.33878608022394        6.6873211548832321E-030
   6.5384615384615381E-003   5.3846153846153844E-003   307.28702016364008        6.6196524153352080E-030
   6.5384615384615381E-003   5.7692307692307696E-003   307.14866250780216        6.4415705957513726E-030
   6.5384615384615381E-003   6.1538461538461538E-003   306.93320045616269        6.1742816329909006E-030
   6.5384615384615381E-003   6.5384615384615381E-003   306.65521127140704        5.8473388720203342E-030
   6.5384615384615381E-003   6.9230769230769233E-003   306.33302743529686        5.4927266728604984E-030
   6.5384615384615381E-003   7.3076923076923076E-003   305.98742783089341        5.1397350988247310E-030
   6.5384615384615381E-003   7.6923076923076927E-003   305.64033503194850        4.8117651599303471E-030
   6.5384615384615381E-003   8.0769230769230770E-003   305.31335694444061        4.5252694768125660E-030
   6.5384615384615381E-003   8.4615384615384613E-003   305.02630296940379        4.2903536223887202E-030
   6.5384615384615381E-003   8.8461538461538456E-003   304.79595760351714        4.1122867423093675E-030
   6.5384615384615381E-003   9.2307692307692299E-003   304.63525205745520        3.9932360350611074E-030
   6.5384615384615381E-003   9.6153846153846159E-003   304.55285656126011        3.9337726331959136E-030

   6.9230769230769233E-003   3.8461538461538462E-004   302.79059408624209        2.9878980041912983E-030
   6.9230769230769233E-003   7.6923076923076923E-004   302.84550191377451        3.0129015591613771E-030
   6.9230769230769233E-003   1.1538461538461537E-003   302.95123848226018        3.0620272413701511E-030
   6.9230769230769233E-003   1.5384615384615385E-003   303.10146399937634        3.1339838835507979E-030
   6.9230769230769233E-003   1.9230769230769232E-003   303.28705438282907        3.2264931531082667E-030
   6.9230769230769233E-003   2.3076923076923075E-003   303.49658384575002        3.3359608021875221E-030
   6.9230769230769233E-003   2.6923076923076922E-003   303.71698034112592        3.4571722599073315E-030
   6.9230769230769233E-003   3.0769230769230769E-003   303.93432286210373        3.5831425784278508E-030
   6.9230769230769233E-003   3.4615384615384616E-003   304.13471498833775        3.7052685464410631E-030
   6.9230769230769233E-003   3.8461538461538464E-003   304.30516690614292        3.8139018311814866E-030
   6.9230769230769233E-003   4.2307692307692307E-003   304.43444104027810        3.8993677984758792E-030
   6.9230769230769233E-003   4.6153846153846149E-003   304.51381681364217        3.9533034221794772E-030
   6.9230769230769233E-003   5.0000000000000001E-003   304.53774465887750        3.9700306727208851E-030
   6.9230769230769233E-003   5.3846153846153844E-003   304.50430799591129        3.9475940846694275E-030
   6.9230769230769233E-003   5.7692307692307696E-003   304.41540510724633        3.8881427163236122E-030
   6.9230769230769233E-003   6.1538461538461538E-003   304.27658979818335        3.7975294583474040E-030
   6.9230769230769233E-003   6.5384615384615381E-003   304.09662815243610        3.6842574947246613E-030
   6.9230769230769233E-003   6.9230769230769233E-003   303.88686062717409        3.5580967659747271E-030
   6.9230769230769233E-003   7.3076923076923076E-003   303.66044749943467        3.4287430818722269E-030
   6.9230769230769233E-003   7.6923076923076927E-003   303.43153000891442        3.3048037969658872E-030
   6.9230769230769233E-003   8.0769230769230770E-003   303.21432977062915        3.1932348357055121E-030
   6.9230769230769233E-003   8.4615384615384613E-003   303.02224741186092        3.0992024094992787E-030
   6.9230769230769233E-003   8.8461538461538456E-003   302.86703779456280        3.0262476315202464E-030
   6.9230769230769233E-003   9.2307692307692299E-003   302.75812079739114        2.9766035733212409E-030
   6.9230769230769233E-003   9.6153846153846159E-003   302.70206407114779        2.9515335210320048E-030

   7.3076923076923076E-003   3.8461538461538462E-004   301.39767604075820        2.5017915923137927E-030
   7.3076923076923076E-003   7.6923076923076923E-004   301.43518069367116        2.5136155639247622E-030
   7.3076923076923076E-003   1.1538461538461537E-003   301.50729881893426        2.5366809703192825E-030
   7.3076923076923076E-003   1.5384615384615385E-003   301.60956423384187        2.5700862977912440E-030
   7.3076923076923076E-003   1.9230769230769232E-003   301.73560938030840        2.6124008993471921E-030
   7.3076923076923076E-003   2.3076923076923075E-003   301.87754675708317        2.6616050178031152E-030
   7.3076923076923076E-003   2.6923076923076922E-003   302.02644801062621        2.7150594018172782E-030
   7.3076923076923076E-003   3.0769230769230769E-003   302.17289437812201        2.7695420867780124E-030
   7.3076923076923076E-003   3.4615384615384616E-003   302.30756373629589        2.8213871050420668E-030
   7.3076923076923076E-003   3.8461538461538464E-003   302.42181685124979        2.8667440321710205E-030
   7.3076923076923076E-003   4.2307692307692307E-003   302.50824816405679        2.9019476212210392E-030
   7.3076923076923076E-003   4.6153846153846149E-003   302.56116848203993        2.9239490950684475E-030
   7.3076923076923076E-003   5.0000000000000001E-003   302.57699023806225        2.9307278124441008E-030
   7.3076923076923076E-003   5.3846153846153844E-003   302.55448213100658        2.9215893936543827E-030
   7.3076923076923076E-003   5.7692307692307696E-003   302.49486443134685        2.8972745320970892E-030
   7.3076923076923076E-003   6.1538461538461538E-003   302.40173004126137        2.8598491685377265E-030
   7.3076923076923076E-003   6.5384615384615381E-003   302.28080391781936        2.8124050262193641E-030
   7.3076923076923076E-003   6.9230769230769233E-003   302.13956864172553        2.7586462916749964E-030
   7.3076923076923076E-003   7.3076923076923076E-003   301.98678729446073        2.7024566731607939E-030
   7.3076923076923076E-003   7.6923076923076927E-003   301.83195179432892        2.6475286456379524E-030
   7.3076923076923076E-003   8.0769230769230770E-003   301.68468677927518        2.5971037087667268E-030
   7.3076923076923076E-003   8.4615384615384613E-003   301.55414606539608        2.5538345323262402E-030
   7.3076923076923076E-003   8.8461538461538456E-003   301.44844144819376        2.5197498292763207E-030
   7.3076923076923076E-003   9.2307692307692299E-003   301.37414007294217        2.4962867183706066E-030
   7.3076923076923076E-003   9.6153846153846159E-003   301.33585997656689        2.4843525377740434E-030

   7.6923076923076927E-003   3.8461538461538462E-004   300.38622125844671        2.2480814421365620E-030
   7.6923076923076927E-003   7.6923076923076923E-004   300.41173661014801        2.2541838350617064E-030
   7.6923076923076927E-003   1.1538461538461537E-003   300.46077209631881        2.2660315619026957E-030
   7.6923076923076927E-003   1.5384615384615385E-003   300.53026321977643        2.2830635598147874E-030
   7.6923076923076927E-003   1.9230769230769232E-003   300.61585015362380        2.3044292937889374E-030
   7.6923076923076927E-003   2.3076923076923075E-003   300.71214757796753        2.3289908987814130E-030
   7.6923076923076927E-003   2.6923076923076922E-003   300.81307837750637        2.3553431972705265E-030
   7.6923076923076927E-003   3.0769230769230769E-003   300.91225140193740        2.3818624566238347E-030
   7.6923076923076927E-003   3.4615384615384616E-003   301.00336036439001        2.4067919142888696E-030
   7.6923076923076927E-003   3.8461538461538464E-003   301.08057948586213        2.4283654874459113E-030
   7.6923076923076927E-003   4.2307692307692307E-003   301.13893183570798        2.4449613496703096E-030
   7.6923076923076927E-003   4.6153846153846149E-003   301.17460772046070        2.4552664556683616E-030
   7.6923076923076927E-003   5.0000000000000001E-003   301.18521281170507        2.4584251771977884E-030
   7.6923076923076927E-003   5.3846153846153844E-003   301.16992819978282        2.4541435697383493E-030
   7.6923076923076927E-003   5.7692307692307696E-003   301.12956931275846        2.4427273261569300E-030
   7.6923076923076927E-003   6.1538461538461538E-003   301.06653807661593        2.4250450274956738E-030
   7.6923076923076927E-003   6.5384615384615381E-003   300.98467247990874        2.4024246922732369E-030
   7.6923076923076927E-003   6.9230769230769233E-003   300.88900544108543        2.3765053337937390E-030
   7.6923076923076927E-003   7.3076923076923076E-003   300.78544961201618        2.3490719912617129E-030
   7.6923076923076927E-003   7.6923076923076927E-003   300.68042762115698        2.3219012506191174E-030
   7.6923076923076927E-003   8.0769230769230770E-003   300.58046997929404        2.2966364394620673E-030
   7.6923076923076927E-003   8.4615384615384613E-003   300.49180533468478        2.2747010552786529E-030
   7.6923076923076927E-003   8.8461538461538456E-003   300.41996868480663        2.2572491534634821E-030
   7.6923076923076927E-003   9.2307692307692299E-003   300.36945213382546        2.2451447048694677E-030
   7.6923076923076927E-003   9.6153846153846159E-003   300.34342021571752        2.2389590282187423E-030

   8.0769230769230770E-003   3.8461538461538462E-004   299.66579517829740        2.1064942749052262E-030
   8.0769230769230770E-003   7.6923076923076923E-004   299.68309480138635        2.1098461387256234E-030
   8.0769230769230770E-003   1.1538461538461537E-003   299.71633036284391        2.1163332009487458E-030
   8.0769230769230770E-003   1.5384615384615385E-003   299.76341949698354        2.1256136539467492E-030
   8.0769230769230770E-003   1.9230769230769232E-003   299.82140097863726        2.1371819010199698E-030
   8.0769230769230770E-003   2.3076923076923075E-003   299.88661957262832        2.1503816910305750E-030
   8.0769230769230770E-003   2.6923076923076922E-003   299.95495404959610        2.1644291898199530E-030
   8.0769230769230770E-003   3.0769230769230769E-003   300.02207441132407        2.1784488944447657E-030
   8.0769230769230770E-003   3.4615384615384616E-003   300.08371263775547        2.1915237797044265E-030
   8.0769230769230770E-003   3.8461538461538464E-003   300.13593042913948        2.2027584091303732E-030
   8.0769230769230770E-003   4.2307692307692307E-003   300.17536753087126        2.2113503589709531E-030
   8.0769230769230770E-003   4.6153846153846149E-003   300.19945522032901        2.2166620262938639E-030
   8.0769230769230770E-003   5.0000000000000001E-003   300.20658135660864        2.2182827984936425E-030
   8.0769230769230770E-003   5.3846153846153844E-003   300.19619596654496        2.2160715994676587E-030
   8.0769230769230770E-003   5.7692307692307696E-003   300.16884988625372        2.2101723805599690E-030
   8.0769230769230770E-003   6.1538461538461538E-003   300.12616345760256        2.2009997283415870E-030
   8.0769230769230770E-003   6.5384615384615381E-003   300.07072729993314        2.1891971793277965E-030
   8.0769230769230770E-003   6.9230769230769233E-003   300.00594176383805        2.1755755007682303E-030
   8.0769230769230770E-003   7.3076923076923076E-003   299.93580535260327        2.1610408530539199E-030
   8.0769230769230770E-003   7.6923076923076927E-003   299.86466523226528        2.1465228928629229E-030
   8.0769230769230770E-003   8.0769230769230770E-003   299.79694512809215        2.1329108579001409E-030
   8.0769230769230770E-003   8.4615384615384613E-003   299.73686737498849        2.1210024296102452E-030
   8.0769230769230770E-003   8.8461538461538456E-003   299.68818644668312        2.1114667822326215E-030
   8.0769230769230770E-003   9.2307692307692299E-003   299.65395083161945        2.1048205444552246E-030
   8.0769230769230770E-003   9.6153846153846159E-003   299.63630865870181        2.1014138538276471E-030

   8.4615384615384613E-003   3.8461538461538462E-004   299.16603171403841        2.0244695829306776E-030
   8.4615384615384613E-003   7.6923076923076923E-004   299.17780848431624        2.0264047328845532E-030
   8.4615384615384613E-003   1.1538461538461537E-003   299.20042780459875        2.0301420416047919E-030
   8.4615384615384613E-003   1.5384615384615385E-003   299.23247144999738        2.0354718543220363E-030
   8.4615384615384613E-003   1.9230769230769232E-003   299.27192277972830        2.0420884342463403E-030
   8.4615384615384613E-003   2.3076923076923075E-003   299.31629288736798        2.0496020006376887E-030
   8.4615384615384613E-003   2.6923076923076922E-003   299.36277620495366        2.0575563542780143E-030
   8.4615384615384613E-003   3.0769230769230769E-003   299.40842593865801        2.0654526429599588E-030
   8.4615384615384613E-003   3.4615384615384616E-003   299.45033856098274        2.0727790832629632E-030
   8.4615384615384613E-003   3.8461538461538464E-003   299.48583604316536        2.0790453619701957E-030
   8.4615384615384613E-003   4.2307692307692307E-003   299.51263460170088        2.0838191885624515E-030
   8.4615384615384613E-003   4.6153846153846149E-003   299.52898945165072        2.0867613749781900E-030
   8.4615384615384613E-003   5.0000000000000001E-003   299.53380639426814        2.0876552397405206E-030
   8.4615384615384613E-003   5.3846153846153844E-003   299.52671298577718        2.0864263525615347E-030
   8.4615384615384613E-003   5.7692307692307696E-003   299.50808450333193        2.0831497330276820E-030
   8.4615384615384613E-003   6.1538461538461538E-003   299.47902282556231        2.0780434052889039E-030
   8.4615384615384613E-003   6.5384615384615381E-003   299.44128944457367        2.0714492704280007E-030
   8.4615384615384613E-003   6.9230769230769233E-003   299.39719679171441        2.0638040750620854E-030
   8.4615384615384613E-003   7.3076923076923076E-003   299.34946464845143        2.0556044005366644E-030
   8.4615384615384613E-003   7.6923076923076927E-003   299.30105052219676        2.0473698707352427E-030
   8.4615384615384613E-003   8.0769230769230770E-003   299.25496445111452        2.0396082455510202E-030
   8.4615384615384613E-003   8.4615384615384613E-003   299.21407971487974        2.0327850055461623E-030
   8.4615384615384613E-003   8.8461538461538456E-003   299.18095131084544        2.0272987988188019E-030
   8.4615384615384613E-003   9.2307692307692299E-003   299.15765375903095        2.0234630316319466E-030
   8.4615384615384613E-003   9.6153846153846159E-003   299.14564879187321        2.0214931410438903E-030

   8.8461538461538456E-003   3.8461538461538462E-004   298.83412983284859        1.9766837006315850E-030
   8.8461538461538456E-003   7.6923076923076923E-004   298.84233134299399        1.9778640284380389E-030
   8.8461538461538456E-003   1.1538461538461537E-003   298.85807996134230        1.9801403553810465E-030
   8.8461538461538456E-003   1.5384615384615385E-003   298.88038803363185        1.9833801639734483E-030
   8.8461538461538456E-003   1.9230769230769232E-003   298.90785115996124        1.9873918170003508E-030
   8.8461538461538456E-003   2.3076923076923075E-003   298.93873608672749        1.9919335970718773E-030
   8.8461538461538456E-003   2.6923076923076922E-003   298.97108915485717        1.9967260517744933E-030
   8.8461538461538456E-003   3.0769230769230769E-003   299.00285857846893        2.0014675580987362E-030
   8.8461538461538456E-003   3.4615384615384616E-003   299.03202301109235        2.0058526521124881E-030
   8.8461538461538456E-003   3.8461538461538464E-003   299.05671847877863        2.0095921872005781E-030
   8.8461538461538456E-003   4.2307692307692307E-003   299.07535583272977        2.0124338784605457E-030
   8.8461538461538456E-003   4.6153846153846149E-003   299.08672139937096        2.0141813912151534E-030
   8.8461538461538456E-003   5.0000000000000001E-003   299.09005447205118        2.0147099727488455E-030
   8.8461538461538456E-003   5.3846153846153844E-003   299.08509666483400        2.0139768040591707E-030
   8.8461538461538456E-003   5.7692307692307696E-003   299.07210987648023        2.0120247784787924E-030
   8.8461538461538456E-003   6.1538461538461538E-003   299.05186159136548        2.0089792139605504E-030
   8.8461538461538456E-003   6.5384615384615381E-003   299.02557832960861        2.0050379113308128E-030
   8.8461538461538456E-003   6.9230769230769233E-003   298.99487008371614        2.0004557847101293E-030
   8.8461538461538456E-003   7.3076923076923076E-003   298.96163039841025        1.9955258450016953E-030
   8.8461538461538456E-003   7.6923076923076927E-003   298.92791826329596        1.9905585250241305E-030
   8.8461538461538456E-003   8.0769230769230770E-003   298.89582912854598        1.9858612057339348E-030
   8.8461538461538456E-003   8.4615384615384613E-003   298.86736307555037        1.9817194283743866E-030
   8.8461538461538456E-003   8.8461538461538456E-003   298.84429843984009        1.9783807893417669E-030
   8.8461538461538456E-003   9.2307692307692299E-003   298.82807896100417        1.9760420411533859E-030
   8.8461538461538456E-003   9.6153846153846159E-003   298.81972180151621        1.9748395557874207E-030

   9.2307692307692299E-003   3.8461538461538462E-004   298.63264140985734        1.9501767524973069E-030
   9.2307692307692299E-003   7.6923076923076923E-004   298.63871398304707        1.9509640822723062E-030
   9.2307692307692299E-003   1.1538461538461537E-003   298.65037205626010        1.9524811106168173E-030
   9.2307692307692299E-003   1.5384615384615385E-003   298.66688444143830        1.9546376684996967E-030
   9.2307692307692299E-003   1.9230769230769232E-003   298.68721140661643        1.9573039683798287E-030
   9.2307692307692299E-003   2.3076923076923075E-003   298.71006975109623        1.9603172880198647E-030
   9.2307692307692299E-003   2.6923076923076922E-003   298.73401312316309        1.9634908100747920E-030
   9.2307692307692299E-003   3.0769230769230769E-003   298.75752259537899        1.9666243980143988E-030
   9.2307692307692299E-003   3.4615384615384616E-003   298.77910189632559        1.9695168810416830E-030
   9.2307692307692299E-003   3.8461538461538464E-003   298.79737141380252        1.9719791727333981E-030
   9.2307692307692299E-003   4.2307692307692307E-003   298.81115514331464        1.9738473078625290E-030
   9.2307692307692299E-003   4.6153846153846149E-003   298.81955515700764        1.9749943112058487E-030
   9.2307692307692299E-003   5.0000000000000001E-003   298.82200889950298        1.9753397717019853E-030
   9.2307692307692299E-003   5.3846153846153844E-003   298.81832564877698        1.9748561247070385E-030
   9.2307692307692299E-003   5.7692307692307696E-003   298.80869976028333        1.9735709460098196E-030
   9.2307692307692299E-003   6.1538461538461538E-003   298.79369976354451        1.9715649911223936E-030
   9.2307692307692299E-003   6.5384615384615381E-003   298.77423390359201        1.9689661936618699E-030
   9.2307692307692299E-003   6.9230769230769233E-003   298.75149420682646        1.9659402746214986E-030
   9.2307692307692299E-003   7.3076923076923076E-003   298.72688250220614        1.9626789299678180E-030
   9.2307692307692299E-003   7.6923076923076927E-003   298.70192296392878        1.9593867120933313E-030
   9.2307692307692299E-003   8.0769230769230770E-003   298.67816660170746        1.9562676999129269E-030
   9.2307692307692299E-003   8.4615384615384613E-003   298.65709366699735        1.9535128996486874E-030
   9.2307692307692299E-003   8.8461538461538456E-003   298.64002013664788        1.9512890920276263E-030
   9.2307692307692299E-003   9.2307692307692299E-003   298.62801425641896        1.9497296021223113E-030
   9.2307692307692299E-003   9.6153846153846159E-003   298.62182856373659        1.9489272621817405E-030

   9.6153846153846159E-003   3.8461538461538462E-004   298.53766510587326        1.9383319614993039E-030
   9.6153846153846159E-003   7.6923076923076923E-004   298.54274630573678        1.9389502591532209E-030
   9.6153846153846159E-003   1.1538461538461537E-003   298.55249975167243        1.9401410333012164E-030
   9.6153846153846159E-003   1.5384615384615385E-003   298.56631368626762        1.9418328434589586E-030
   9.6153846153846159E-003   1.9230769230769232E-003   298.58331819694678        1.9439230741662298E-030
   9.6153846153846159E-003   2.3076923076923075E-003   298.60243966315954        1.9462834174981668E-030
   9.6153846153846159E-003   2.6923076923076922E-003   298.62246796757114        1.9487670295004335E-030
   9.6153846153846159E-003   3.0769230769230769E-003   298.64213229903072        1.9512171306020133E-030
   9.6153846153846159E-003   3.4615384615384616E-003   298.66018085397934        1.9534766710456403E-030
   9.6153846153846159E-003   3.8461538461538464E-003   298.67545950286092        1.9553985145622282E-030
   9.6153846153846159E-003   4.2307692307692307E-003   298.68698453913453        1.9568554391446387E-030
   9.6153846153846159E-003   4.6153846153846149E-003   298.69400496974600        1.9577491528678069E-030
   9.6153846153846159E-003   5.0000000000000001E-003   298.69605042452582        1.9580175129270513E-030
   9.6153846153846159E-003   5.3846153846153844E-003   298.69296162996915        1.9576392406252511E-030
   9.6153846153846159E-003   5.7692307692307696E-003   298.68490146393498        1.9566356427109162E-030
   9.6153846153846159E-003   6.1538461538461538E-003   298.67234581691878        1.9550691512688756E-030
   9.6153846153846159E-003   6.5384615384615381E-003   298.65605475307791        1.9530388291537966E-030
   9.6153846153846159E-003   6.9230769230769233E-003   298.63702570450556        1.9506732958060649E-030
   9.6153846153846159E-003   7.3076923076923076E-003   298.61643156446092        1.9481217570367780E-030
   9.6153846153846159E-003   7.6923076923076927E-003   298.59554750086886        1.9455439412319898E-030
   9.6153846153846159E-003   8.0769230769230770E-003   298.57567103722937        1.9430997500331211E-030
   9.6153846153846159E-003   8.4615384615384613E-003   298.55804040485322        1.9409393449614079E-030
   9.6153846153846159E-003   8.8461538461538456E-003   298.54375632946147        1.9391942485078768E-030
   9.6153846153846159E-003   9.2307692307692299E-003   298.53371225765903        1.9379698775128981E-030
   9.6153846153846159E-003   9.6153846153846159E-003   298.52853754752869        1.9373397795443651E-030

