   3.8461538461538462E-004   3.8461538461538462E-004   1762.0251558732234        1.0000000000000000     
   3.8461538461538462E-004   7.6923076923076923E-004   1752.4956548679095        1.0000000000000000     
   3.8461538461538462E-004   1.1538461538461537E-003   1736.1646565697047        1.0000000000000000     
   3.8461538461538462E-004   1.5384615384615385E-003   1717.6414547796182        1.0000000000000000     
   3.8461538461538462E-004   1.9230769230769232E-003   1701.2885801121361        1.0000000000000000     
   3.8461538461538462E-004   2.3076923076923075E-003   1689.8514178231187        1.0000000000000000     
   3.8461538461538462E-004   2.6923076923076922E-003   1684.0769150539741        1.0000000000000000     
   3.8461538461538462E-004   3.0769230769230769E-003   1683.1473252472815        1.0000000000000000     
   3.8461538461538462E-004   3.4615384615384616E-003   1685.4371141289346        1.0000000000000000     
   3.8461538461538462E-004   3.8461538461538464E-003   1689.1784560368094        1.0000000000000000     
   3.8461538461538462E-004   4.2307692307692307E-003   1692.8639818197150        1.0000000000000000     
   3.8461538461538462E-004   4.6153846153846149E-003   1695.4099965020976        1.0000000000000000     
   3.8461538461538462E-004   5.0000000000000001E-003   1696.1802558393515        1.0000000000000000     
   3.8461538461538462E-004   5.3846153846153844E-003   1694.9637721567719        1.0000000000000000     
   3.8461538461538462E-004   5.7692307692307696E-003   1691.9632589696130        1.0000000000000000     
   3.8461538461538462E-004   6.1538461538461538E-003   1687.8126072667105        1.0000000000000000     
   3.8461538461538462E-004   6.5384615384615381E-003   1683.6057883501089        1.0000000000000000     
   3.8461538461538462E-004   6.9230769230769233E-003   1680.8800100016506        1.0000000000000000     
   3.8461538461538462E-004   7.3076923076923076E-003   1681.4564125885372        1.0000000000000000     
   3.8461538461538462E-004   7.6923076923076927E-003   1687.0320237600636        1.0000000000000000     
   3.8461538461538462E-004   8.0769230769230770E-003   1698.4935706023930        1.0000000000000000     
   3.8461538461538462E-004   8.4615384615384613E-003   1715.1256598413192        1.0000000000000000     
   3.8461538461538462E-004   8.8461538461538456E-003   1734.1440943027408        1.0000000000000000     
   3.8461538461538462E-004   9.2307692307692299E-003   1751.0752439198518        1.0000000000000000     
   3.8461538461538462E-004   9.6153846153846159E-003   1761.1795614145758        1.0000000000000000     

   7.6923076923076923E-004   3.8461538461538462E-004   1756.4487876364226        1.0000000000000000     
   7.6923076923076923E-004   7.6923076923076923E-004   1746.9398075013228        1.0000000000000000     
   7.6923076923076923E-004   1.1538461538461537E-003   1730.6573416932802        1.0000000000000000     
   7.6923076923076923E-004   1.5384615384615385E-003   1712.2153475247108        1.0000000000000000     
   7.6923076923076923E-004   1.9230769230769232E-003   1695.9710474485191        1.0000000000000000     
   7.6923076923076923E-004   2.3076923076923075E-003   1684.6541275175246        1.0000000000000000     
   7.6923076923076923E-004   2.6923076923076922E-003   1678.9921992928473        1.0000000000000000     
   7.6923076923076923E-004   3.0769230769230769E-003   1678.1525669328494        1.0000000000000000     
   7.6923076923076923E-004   3.4615384615384616E-003   1680.5035172340288        1.0000000000000000     
   7.6923076923076923E-004   3.8461538461538464E-003   1684.2795901888474        1.0000000000000000     
   7.6923076923076923E-004   4.2307692307692307E-003   1687.9811815553680        1.0000000000000000     
   7.6923076923076923E-004   4.6153846153846149E-003   1690.5337612417011        1.0000000000000000     
   7.6923076923076923E-004   5.0000000000000001E-003   1691.3081460547139        1.0000000000000000     
   7.6923076923076923E-004   5.3846153846153844E-003   1690.0959826869837        1.0000000000000000     
   7.6923076923076923E-004   5.7692307692307696E-003   1687.0973857774479        1.0000000000000000     
   7.6923076923076923E-004   6.1538461538461538E-003   1682.9392328494703        1.0000000000000000     
   7.6923076923076923E-004   6.5384615384615381E-003   1678.7064009571557        1.0000000000000000     
   7.6923076923076923E-004   6.9230769230769233E-003   1675.9284421887821        1.0000000000000000     
   7.6923076923076923E-004   7.3076923076923076E-003   1676.4242961145708        1.0000000000000000     
   7.6923076923076923E-004   7.6923076923076927E-003   1681.8973464107110        1.0000000000000000     
   7.6923076923076923E-004   8.0769230769230770E-003   1693.2491791264345        1.0000000000000000     
   7.6923076923076923E-004   8.4615384615384613E-003   1709.7825690937107        1.0000000000000000     
   7.6923076923076923E-004   8.8461538461538456E-003   1728.7249094688170        1.0000000000000000     
   7.6923076923076923E-004   9.2307692307692299E-003   1745.5959112187622        1.0000000000000000     
   7.6923076923076923E-004   9.6153846153846159E-003   1755.6139422266426        1.0000000000000000     

   1.1538461538461537E-003   3.8461538461538462E-004   1745.5868393129595        1.0000000000000000     
   1.1538461538461537E-003   7.6923076923076923E-004   1736.1333200430283        1.0000000000000000     
   1.1538461538461537E-003   1.1538461538461537E-003   1719.9720763404321        1.0000000000000000     
   1.1538461538461537E-003   1.5384615384615385E-003   1701.7189745592152        1.0000000000000000     
   1.1538461538461537E-003   1.9230769230769232E-003   1685.7132420405503        1.0000000000000000     
   1.1538461538461537E-003   2.3076923076923075E-003   1674.6482654990286        1.0000000000000000     
   1.1538461538461537E-003   2.6923076923076922E-003   1669.2115952089571        1.0000000000000000     
   1.1538461538461537E-003   3.0769230769230769E-003   1668.5423329967673        1.0000000000000000     
   1.1538461538461537E-003   3.4615384615384616E-003   1670.9999797513010        1.0000000000000000     
   1.1538461538461537E-003   3.8461538461538464E-003   1674.8279886030950        1.0000000000000000     
   1.1538461538461537E-003   4.2307692307692307E-003   1678.5461449050847        1.0000000000000000     
   1.1538461538461537E-003   4.6153846153846149E-003   1681.1012402911895        1.0000000000000000     
   1.1538461538461537E-003   5.0000000000000001E-003   1681.8800710465903        1.0000000000000000     
   1.1538461538461537E-003   5.3846153846153844E-003   1680.6801660670167        1.0000000000000000     
   1.1538461538461537E-003   5.7692307692307696E-003   1677.6957821254273        1.0000000000000000     
   1.1538461538461537E-003   6.1538461538461538E-003   1673.5378588478181        1.0000000000000000     
   1.1538461538461537E-003   6.5384615384615381E-003   1669.2700217590207        1.0000000000000000     
   1.1538461538461537E-003   6.9230769230769233E-003   1666.4025558471944        1.0000000000000000     
   1.1538461538461537E-003   7.3076923076923076E-003   1666.7457165501614        1.0000000000000000     
   1.1538461538461537E-003   7.6923076923076927E-003   1672.0120175139984        1.0000000000000000     
   1.1538461538461537E-003   8.0769230769230770E-003   1683.1314161220814        1.0000000000000000     
   1.1538461538461537E-003   8.4615384615384613E-003   1699.4458808849145        1.0000000000000000     
   1.1538461538461537E-003   8.8461538461538456E-003   1718.2160354268178        1.0000000000000000     
   1.1538461538461537E-003   9.2307692307692299E-003   1734.9746396651965        1.0000000000000000     
   1.1538461538461537E-003   9.6153846153846159E-003   1744.9397976065848        1.0000000000000000     

   1.5384615384615385E-003   3.8461538461538462E-004   1730.4533528996196        1.0000000000000000     
   1.5384615384615385E-003   7.6923076923076923E-004   1721.1106885848710        1.0000000000000000     
   1.5384615384615385E-003   1.1538461538461537E-003   1705.1771911851947        1.0000000000000000     
   1.5384615384615385E-003   1.5384615384615385E-003   1687.2567799645865        1.0000000000000000     
   1.5384615384615385E-003   1.9230769230769232E-003   1671.6470016647957        1.0000000000000000     
   1.5384615384615385E-003   2.3076923076923075E-003   1660.9772810466498        1.0000000000000000     
   1.5384615384615385E-003   2.6923076923076922E-003   1655.8728472020687        1.0000000000000000     
   1.5384615384615385E-003   3.0769230769230769E-003   1655.4345380737013        1.0000000000000000     
   1.5384615384615385E-003   3.4615384615384616E-003   1658.0163331036069        1.0000000000000000     
   1.5384615384615385E-003   3.8461538461538464E-003   1661.8836691284132        1.0000000000000000     
   1.5384615384615385E-003   4.2307692307692307E-003   1665.5931395906985        1.0000000000000000     
   1.5384615384615385E-003   4.6153846153846149E-003   1668.1293707880764        1.0000000000000000     
   1.5384615384615385E-003   5.0000000000000001E-003   1668.9067012825913        1.0000000000000000     
   1.5384615384615385E-003   5.3846153846153844E-003   1667.7326492574609        1.0000000000000000     
   1.5384615384615385E-003   5.7692307692307696E-003   1664.7914175681049        1.0000000000000000     
   1.5384615384615385E-003   6.1538461538461538E-003   1660.6663535337293        1.0000000000000000     
   1.5384615384615385E-003   6.5384615384615381E-003   1656.3832065669321        1.0000000000000000     
   1.5384615384615385E-003   6.9230769230769233E-003   1653.4154318690662        1.0000000000000000     
   1.5384615384615385E-003   7.3076923076923076E-003   1653.5513982176678        1.0000000000000000     
   1.5384615384615385E-003   7.6923076923076927E-003   1658.5094973977234        1.0000000000000000     
   1.5384615384615385E-003   8.0769230769230770E-003   1669.2584318188722        1.0000000000000000     
   1.5384615384615385E-003   8.4615384615384613E-003   1685.2022853438978        1.0000000000000000     
   1.5384615384615385E-003   8.8461538461538456E-003   1703.6635174605442        1.0000000000000000     
   1.5384615384615385E-003   9.2307692307692299E-003   1720.2123733439171        1.0000000000000000     
   1.5384615384615385E-003   9.6153846153846159E-003   1730.0752867305710        1.0000000000000000     

   1.9230769230769232E-003   3.8461538461538462E-004   1712.3780530901067        1.0000000000000000     
   1.9230769230769232E-003   7.6923076923076923E-004   1703.2219369813101        1.0000000000000000     
   1.9230769230769232E-003   1.1538461538461537E-003   1687.6556315530333        1.0000000000000000     
   1.9230769230769232E-003   1.5384615384615385E-003   1670.2451571980409        1.0000000000000000     
   1.9230769230769232E-003   1.9230769230769232E-003   1655.2108470542819        1.0000000000000000     
   1.9230769230769232E-003   2.3076923076923075E-003   1645.0834734306259        1.0000000000000000     
   1.9230769230769232E-003   2.6923076923076922E-003   1640.4032255844327        1.0000000000000000     
   1.9230769230769232E-003   3.0769230769230769E-003   1640.2273784335905        1.0000000000000000     
   1.9230769230769232E-003   3.4615384615384616E-003   1642.9148513681409        1.0000000000000000     
   1.9230769230769232E-003   3.8461538461538464E-003   1646.7733095216990        1.0000000000000000     
   1.9230769230769232E-003   4.2307692307692307E-003   1650.4193584877037        1.0000000000000000     
   1.9230769230769232E-003   4.6153846153846149E-003   1652.8959564931765        1.0000000000000000     
   1.9230769230769232E-003   5.0000000000000001E-003   1653.6588026175680        1.0000000000000000     
   1.9230769230769232E-003   5.3846153846153844E-003   1652.5302125542842        1.0000000000000000     
   1.9230769230769232E-003   5.7692307692307696E-003   1649.6793632780352        1.0000000000000000     
   1.9230769230769232E-003   6.1538461538461538E-003   1645.6480176417126        1.0000000000000000     
   1.9230769230769232E-003   6.5384615384615381E-003   1641.4033265010657        1.0000000000000000     
   1.9230769230769232E-003   6.9230769230769233E-003   1638.3583876541825        1.0000000000000000     
   1.9230769230769232E-003   7.3076923076923076E-003   1638.2590469113547        1.0000000000000000     
   1.9230769230769232E-003   7.6923076923076927E-003   1642.8188370373175        1.0000000000000000     
   1.9230769230769232E-003   8.0769230769230770E-003   1653.0506356969609        1.0000000000000000     
   1.9230769230769232E-003   8.4615384615384613E-003   1668.4440711446416        1.0000000000000000     
   1.9230769230769232E-003   8.8461538461538456E-003   1686.4192084516535        1.0000000000000000     
   1.9230769230769232E-003   9.2307692307692299E-003   1702.6199614641680        1.0000000000000000     
   1.9230769230769232E-003   9.6153846153846159E-003   1712.3057944240672        1.0000000000000000     

   2.3076923076923075E-003   3.8461538461538462E-004   1692.8107515547474        1.0000000000000000     
   2.3076923076923075E-003   7.6923076923076923E-004   1683.9291912327901        1.0000000000000000     
   2.3076923076923075E-003   1.1538461538461537E-003   1668.8885660401963        1.0000000000000000     
   2.3076923076923075E-003   1.5384615384615385E-003   1652.1818512687914        1.0000000000000000     
   2.3076923076923075E-003   1.9230769230769232E-003   1637.9075287997830        1.0000000000000000     
   2.3076923076923075E-003   2.3076923076923075E-003   1628.4584308885471        1.0000000000000000     
   2.3076923076923075E-003   2.6923076923076922E-003   1624.2685084003510        1.0000000000000000     
   2.3076923076923075E-003   3.0769230769230769E-003   1624.3520078992763        1.0000000000000000     
   2.3076923076923075E-003   3.4615384615384616E-003   1627.0902170475208        1.0000000000000000     
   2.3076923076923075E-003   3.8461538461538464E-003   1630.8589850576175        1.0000000000000000     
   2.3076923076923075E-003   4.2307692307692307E-003   1634.3617529277667        1.0000000000000000     
   2.3076923076923075E-003   4.6153846153846149E-003   1636.7221317384137        1.0000000000000000     
   2.3076923076923075E-003   5.0000000000000001E-003   1637.4517115191979        1.0000000000000000     
   2.3076923076923075E-003   5.3846153846153844E-003   1636.3925709872822        1.0000000000000000     
   2.3076923076923075E-003   5.7692307692307696E-003   1633.6936941918902        1.0000000000000000     
   2.3076923076923075E-003   6.1538461538461538E-003   1629.8405022888746        1.0000000000000000     
   2.3076923076923075E-003   6.5384615384615381E-003   1625.7189061320314        1.0000000000000000     
   2.3076923076923075E-003   6.9230769230769233E-003   1622.6543286547994        1.0000000000000000     
   2.3076923076923075E-003   7.3076923076923076E-003   1622.3234791718319        1.0000000000000000     
   2.3076923076923075E-003   7.6923076923076927E-003   1626.4169959714156        1.0000000000000000     
   2.3076923076923075E-003   8.0769230769230770E-003   1635.9912600378329        1.0000000000000000     
   2.3076923076923075E-003   8.4615384615384613E-003   1650.6433646521571        1.0000000000000000     
   2.3076923076923075E-003   8.8461538461538456E-003   1667.9318382199097        1.0000000000000000     
   2.3076923076923075E-003   9.2307692307692299E-003   1683.6206517741700        1.0000000000000000     
   2.3076923076923075E-003   9.6153846153846159E-003   1693.0384192453605        1.0000000000000000     

   2.6923076923076922E-003   3.8461538461538462E-004   1673.1270457285893        1.0000000000000000     
   2.6923076923076922E-003   7.6923076923076923E-004   1664.6064830192533        1.0000000000000000     
   2.6923076923076922E-003   1.1538461538461537E-003   1650.2461263782463        1.0000000000000000     
   2.6923076923076922E-003   1.5384615384615385E-003   1634.4279591117468        1.0000000000000000     
   2.6923076923076922E-003   1.9230769230769232E-003   1621.0802794388831        1.0000000000000000     
   2.6923076923076922E-003   2.3076923076923075E-003   1612.4178055977623        1.0000000000000000     
   2.6923076923076922E-003   2.6923076923076922E-003   1608.7505290940721        1.0000000000000000     
   2.6923076923076922E-003   3.0769230769230769E-003   1609.0561271773604        1.0000000000000000     
   2.6923076923076922E-003   3.4615384615384616E-003   1611.7609075314931        1.0000000000000000     
   2.6923076923076922E-003   3.8461538461538464E-003   1615.3374909905979        1.0000000000000000     
   2.6923076923076922E-003   4.2307692307692307E-003   1618.6030341293904        1.0000000000000000     
   2.6923076923076922E-003   4.6153846153846149E-003   1620.7827720501721        1.0000000000000000     
   2.6923076923076922E-003   5.0000000000000001E-003   1621.4572935106348        1.0000000000000000     
   2.6923076923076922E-003   5.3846153846153844E-003   1620.4928326060078        1.0000000000000000     
   2.6923076923076922E-003   5.7692307692307696E-003   1618.0135997930017        1.0000000000000000     
   2.6923076923076922E-003   6.1538461538461538E-003   1614.4353125779489        1.0000000000000000     
   2.6923076923076922E-003   6.5384615384615381E-003   1610.5412556184435        1.0000000000000000     
   2.6923076923076922E-003   6.9230769230769233E-003   1607.5416422581411        1.0000000000000000     
   2.6923076923076922E-003   7.3076923076923076E-003   1607.0145760679911        1.0000000000000000     
   2.6923076923076922E-003   7.6923076923076927E-003   1610.6042584245070        1.0000000000000000     
   2.6923076923076922E-003   8.0769230769230770E-003   1619.4037199955833        1.0000000000000000     
   2.6923076923076922E-003   8.4615384615384613E-003   1633.1359806303967        1.0000000000000000     
   2.6923076923076922E-003   8.8461538461538456E-003   1649.5403918502454        1.0000000000000000     
   2.6923076923076922E-003   9.2307692307692299E-003   1664.5522794995754        1.0000000000000000     
   2.6923076923076922E-003   9.6153846153846159E-003   1673.6097604936979        1.0000000000000000     

   3.0769230769230769E-003   3.8461538461538462E-004   1654.4830203119634        1.0000000000000000     
   3.0769230769230769E-003   7.6923076923076923E-004   1646.3908634168217        1.0000000000000000     
   3.0769230769230769E-003   1.1538461538461537E-003   1632.8339770231742        1.0000000000000000     
   3.0769230769230769E-003   1.5384615384615385E-003   1618.0516714623791        1.0000000000000000     
   3.0769230769230769E-003   1.9230769230769232E-003   1605.7567449686032        1.0000000000000000     
   3.0769230769230769E-003   2.3076923076923075E-003   1597.9484266316645        1.0000000000000000     
   3.0769230769230769E-003   2.6923076923076922E-003   1594.7995839289902        1.0000000000000000     
   3.0769230769230769E-003   3.0769230769230769E-003   1595.2625600634062        1.0000000000000000     
   3.0769230769230769E-003   3.4615384615384616E-003   1597.8336404151876        1.0000000000000000     
   3.0769230769230769E-003   3.8461538461538464E-003   1601.1095686680949        1.0000000000000000     
   3.0769230769230769E-003   4.2307692307692307E-003   1604.0442629319780        1.0000000000000000     
   3.0769230769230769E-003   4.6153846153846149E-003   1605.9810166256168        1.0000000000000000     
   3.0769230769230769E-003   5.0000000000000001E-003   1606.5790685786849        1.0000000000000000     
   3.0769230769230769E-003   5.3846153846153844E-003   1605.7319504258069        1.0000000000000000     
   3.0769230769230769E-003   5.7692307692307696E-003   1603.5358237566122        1.0000000000000000     
   3.0769230769230769E-003   6.1538461538461538E-003   1600.3267661395087        1.0000000000000000     
   3.0769230769230769E-003   6.5384615384615381E-003   1596.7684625461918        1.0000000000000000     
   3.0769230769230769E-003   6.9230769230769233E-003   1593.9320821056649        1.0000000000000000     
   3.0769230769230769E-003   7.3076923076923076E-003   1593.2687676138157        1.0000000000000000     
   3.0769230769230769E-003   7.6923076923076927E-003   1596.3502512695745        1.0000000000000000     
   3.0769230769230769E-003   8.0769230769230770E-003   1604.2943374614611        1.0000000000000000     
   3.0769230769230769E-003   8.4615384615384613E-003   1616.9638650119909        1.0000000000000000     
   3.0769230769230769E-003   8.8461538461538456E-003   1632.3192756821654        1.0000000000000000     
   3.0769230769230769E-003   9.2307692307692299E-003   1646.5167401577617        1.0000000000000000     
   3.0769230769230769E-003   9.6153846153846159E-003   1655.1388266088129        1.0000000000000000     

   3.4615384615384616E-003   3.8461538461538462E-004   1637.7440013884070        1.0000000000000000     
   3.4615384615384616E-003   7.6923076923076923E-004   1630.1094725512471        1.0000000000000000     
   3.4615384615384616E-003   1.1538461538461537E-003   1617.4196833469493        1.0000000000000000     
   3.4615384615384616E-003   1.5384615384615385E-003   1603.7565139677620        1.0000000000000000     
   3.4615384615384616E-003   1.9230769230769232E-003   1592.5814335861389        1.0000000000000000     
   3.4615384615384616E-003   2.3076923076923075E-003   1585.6462247515499        1.0000000000000000     
   3.4615384615384616E-003   2.6923076923076922E-003   1582.9778239761899        1.0000000000000000     
   3.4615384615384616E-003   3.0769230769230769E-003   1583.5169640563895        1.0000000000000000     
   3.4615384615384616E-003   3.4615384615384616E-003   1585.8535729624409        1.0000000000000000     
   3.4615384615384616E-003   3.8461538461538464E-003   1588.7308091855639        1.0000000000000000     
   3.4615384615384616E-003   4.2307692307692307E-003   1591.2553019475602        1.0000000000000000     
   3.4615384615384616E-003   4.6153846153846149E-003   1592.8979415720903        1.0000000000000000     
   3.4615384615384616E-003   5.0000000000000001E-003   1593.4014847029050        1.0000000000000000     
   3.4615384615384616E-003   5.3846153846153844E-003   1592.6882678522120        1.0000000000000000     
   3.4615384615384616E-003   5.7692307692307696E-003   1590.8248936517621        1.0000000000000000     
   3.4615384615384616E-003   6.1538461538461538E-003   1588.0626129159623        1.0000000000000000     
   3.4615384615384616E-003   6.5384615384615381E-003   1584.9352907592258        1.0000000000000000     
   3.4615384615384616E-003   6.9230769230769233E-003   1582.3582947458099        1.0000000000000000     
   3.4615384615384616E-003   7.3076923076923076E-003   1581.6325523720591        1.0000000000000000     
   3.4615384615384616E-003   7.6923076923076927E-003   1584.2324108476994        1.0000000000000000     
   3.4615384615384616E-003   8.0769230769230770E-003   1591.2856366953092        1.0000000000000000     
   3.4615384615384616E-003   8.4615384615384613E-003   1602.8042277924812        1.0000000000000000     
   3.4615384615384616E-003   8.8461538461538456E-003   1617.0054770063791        1.0000000000000000     
   3.4615384615384616E-003   9.2307692307692299E-003   1630.3077716227881        1.0000000000000000     
   3.4615384615384616E-003   9.6153846153846159E-003   1638.4564656385344        1.0000000000000000     

   3.8461538461538464E-003   3.8461538461538462E-004   1623.4765238394991        1.0000000000000000     
   3.8461538461538464E-003   7.6923076923076923E-004   1616.2718755121746        1.0000000000000000     
   3.8461538461538464E-003   1.1538461538461537E-003   1604.4287681782330        1.0000000000000000     
   3.8461538461538464E-003   1.5384615384615385E-003   1591.8842714407804        1.0000000000000000     
   3.8461538461538464E-003   1.9230769230769232E-003   1581.8263005789979        1.0000000000000000     
   3.8461538461538464E-003   2.3076923076923075E-003   1575.7335004793383        1.0000000000000000     
   3.8461538461538464E-003   2.6923076923076922E-003   1573.4812102534124        1.0000000000000000     
   3.8461538461538464E-003   3.0769230769230769E-003   1574.0118709376532        1.0000000000000000     
   3.8461538461538464E-003   3.4615384615384616E-003   1576.0277597739635        1.0000000000000000     
   3.8461538461538464E-003   3.8461538461538464E-003   1578.4326118838449        1.0000000000000000     
   3.8461538461538464E-003   4.2307692307692307E-003   1580.4925863342103        1.0000000000000000     
   3.8461538461538464E-003   4.6153846153846149E-003   1581.8076997145095        1.0000000000000000     
   3.8461538461538464E-003   5.0000000000000001E-003   1582.2041191165431        1.0000000000000000     
   3.8461538461538464E-003   5.3846153846153844E-003   1581.6330184424658        1.0000000000000000     
   3.8461538461538464E-003   5.7692307692307696E-003   1580.1318127642671        1.0000000000000000     
   3.8461538461538464E-003   6.1538461538461538E-003   1577.8667741521672        1.0000000000000000     
   3.8461538461538464E-003   6.5384615384615381E-003   1575.2396547557958        1.0000000000000000     
   3.8461538461538464E-003   6.9230769230769233E-003   1573.0026366083198        1.0000000000000000     
   3.8461538461538464E-003   7.3076923076923076E-003   1572.2914140103974        1.0000000000000000     
   3.8461538461538464E-003   7.6923076923076927E-003   1574.4624112708127        1.0000000000000000     
   3.8461538461538464E-003   8.0769230769230770E-003   1580.6379268168216        1.0000000000000000     
   3.8461538461538464E-003   8.4615384615384613E-003   1590.9849511335922        1.0000000000000000     
   3.8461538461538464E-003   8.8461538461538456E-003   1604.0084741765895        1.0000000000000000     
   3.8461538461538464E-003   9.2307692307692299E-003   1616.4181861749191        1.0000000000000000     
   3.8461538461538464E-003   9.6153846153846159E-003   1624.1125804770211        1.0000000000000000     

   4.2307692307692307E-003   3.8461538461538462E-004   1611.9682975070396        1.0000000000000000     
   4.2307692307692307E-003   7.6923076923076923E-004   1605.0941350638961        1.0000000000000000     
   4.2307692307692307E-003   1.1538461538461537E-003   1593.9803933434489        1.0000000000000000     
   4.2307692307692307E-003   1.5384615384615385E-003   1582.4658359351217        1.0000000000000000     
   4.2307692307692307E-003   1.9230769230769232E-003   1573.4543054388596        1.0000000000000000     
   4.2307692307692307E-003   2.3076923076923075E-003   1568.1305572261319        1.0000000000000000     
   4.2307692307692307E-003   2.6923076923076922E-003   1566.2147537087865        1.0000000000000000     
   4.2307692307692307E-003   3.0769230769230769E-003   1566.6617018435143        1.0000000000000000     
   4.2307692307692307E-003   3.4615384615384616E-003   1568.2971888309373        1.0000000000000000     
   4.2307692307692307E-003   3.8461538461538464E-003   1570.1899998685162        1.0000000000000000     
   4.2307692307692307E-003   4.2307692307692307E-003   1571.7629183957165        1.0000000000000000     
   4.2307692307692307E-003   4.6153846153846149E-003   1572.7383976767780        1.0000000000000000     
   4.2307692307692307E-003   5.0000000000000001E-003   1573.0218670143981        1.0000000000000000     
   4.2307692307692307E-003   5.3846153846153844E-003   1572.5926879472383        1.0000000000000000     
   4.2307692307692307E-003   5.7692307692307696E-003   1571.4611695997130        1.0000000000000000     
   4.2307692307692307E-003   6.1538461538461538E-003   1569.7128072893775        1.0000000000000000     
   4.2307692307692307E-003   6.5384615384615381E-003   1567.6233195940940        1.0000000000000000     
   4.2307692307692307E-003   6.9230769230769233E-003   1565.7847213418204        1.0000000000000000     
   4.2307692307692307E-003   7.3076923076923076E-003   1565.1616539812283        1.0000000000000000     
   4.2307692307692307E-003   7.6923076923076927E-003   1566.9778351229641        1.0000000000000000     
   4.2307692307692307E-003   8.0769230769230770E-003   1572.3357319155341        1.0000000000000000     
   4.2307692307692307E-003   8.4615384615384613E-003   1581.5618657500443        1.0000000000000000     
   4.2307692307692307E-003   8.8461538461538456E-003   1593.4769810702785        1.0000000000000000     
   4.2307692307692307E-003   9.2307692307692299E-003   1605.0983960844635        1.0000000000000000     
   4.2307692307692307E-003   9.6153846153846159E-003   1612.4313040220889        1.0000000000000000     

   4.6153846153846149E-003   3.8461538461538462E-004   1603.2488319536869        1.0000000000000000     
   4.6153846153846149E-003   7.6923076923076923E-004   1596.5295665951651        1.0000000000000000     
   4.6153846153846149E-003   1.1538461538461537E-003   1585.9414791781760        1.0000000000000000     
   4.6153846153846149E-003   1.5384615384615385E-003   1575.3016584980264        1.0000000000000000     
   4.6153846153846149E-003   1.9230769230769232E-003   1567.2178348440193        1.0000000000000000     
   4.6153846153846149E-003   2.3076923076923075E-003   1562.5615394925032        1.0000000000000000     
   4.6153846153846149E-003   2.6923076923076922E-003   1560.8977973664503        1.0000000000000000     
   4.6153846153846149E-003   3.0769230769230769E-003   1561.2027013524691        1.0000000000000000     
   4.6153846153846149E-003   3.4615384615384616E-003   1562.4301823575408        1.0000000000000000     
   4.6153846153846149E-003   3.8461538461538464E-003   1563.8092802214362        1.0000000000000000     
   4.6153846153846149E-003   4.2307692307692307E-003   1564.9076061623430        1.0000000000000000     
   4.6153846153846149E-003   4.6153846153846149E-003   1565.5544670517124        1.0000000000000000     
   4.6153846153846149E-003   5.0000000000000001E-003   1565.7274442400183        1.0000000000000000     
   4.6153846153846149E-003   5.3846153846153844E-003   1565.4334519446027        1.0000000000000000     
   4.6153846153846149E-003   5.7692307692307696E-003   1564.6593925175919        1.0000000000000000     
   4.6153846153846149E-003   6.1538461538461538E-003   1563.4177001862831        1.0000000000000000     
   4.6153846153846149E-003   6.5384615384615381E-003   1561.8739498777966        1.0000000000000000     
   4.6153846153846149E-003   6.9230769230769233E-003   1560.4733404102778        1.0000000000000000     
   4.6153846153846149E-003   7.3076923076923076E-003   1560.0098042181532        1.0000000000000000     
   4.6153846153846149E-003   7.6923076923076927E-003   1561.5627011214488        1.0000000000000000     
   4.6153846153846149E-003   8.0769230769230770E-003   1566.2010682356263        1.0000000000000000     
   4.6153846153846149E-003   8.4615384615384613E-003   1574.4180781064090        1.0000000000000000     
   4.6153846153846149E-003   8.8461538461538456E-003   1585.3795121529226        1.0000000000000000     
   4.6153846153846149E-003   9.2307692307692299E-003   1596.4174943486248        1.0000000000000000     
   4.6153846153846149E-003   9.6153846153846159E-003   1603.5608427323955        1.0000000000000000     

   5.0000000000000001E-003   3.8461538461538462E-004   1597.1691064603490        1.0000000000000000     
   5.0000000000000001E-003   7.6923076923076923E-004   1590.3468476209937        1.0000000000000000     
   5.0000000000000001E-003   1.1538461538461537E-003   1580.0144442674855        1.0000000000000000     
   5.0000000000000001E-003   1.5384615384615385E-003   1570.0654516350803        1.0000000000000000     
   5.0000000000000001E-003   1.9230769230769232E-003   1562.7712209804151        1.0000000000000000     
   5.0000000000000001E-003   2.3076923076923075E-003   1558.6633202035116        1.0000000000000000     
   5.0000000000000001E-003   2.6923076923076922E-003   1557.1605466836977        1.0000000000000000     
   5.0000000000000001E-003   3.0769230769230769E-003   1557.2754909908726        1.0000000000000000     
   5.0000000000000001E-003   3.4615384615384616E-003   1558.0963310096947        1.0000000000000000     
   5.0000000000000001E-003   3.8461538461538464E-003   1558.9966900994864        1.0000000000000000     
   5.0000000000000001E-003   4.2307692307692307E-003   1559.6698006376550        1.0000000000000000     
   5.0000000000000001E-003   4.6153846153846149E-003   1560.0242528950735        1.0000000000000000     
   5.0000000000000001E-003   5.0000000000000001E-003   1560.0999157000995        1.0000000000000000     
   5.0000000000000001E-003   5.3846153846153844E-003   1559.9287045106903        1.0000000000000000     
   5.0000000000000001E-003   5.7692307692307696E-003   1559.4807456311466        1.0000000000000000     
   5.0000000000000001E-003   6.1538461538461538E-003   1558.7061897280457        1.0000000000000000     
   5.0000000000000001E-003   6.5384615384615381E-003   1557.6908327323115        1.0000000000000000     
   5.0000000000000001E-003   6.9230769230769233E-003   1556.7561010963288        1.0000000000000000     
   5.0000000000000001E-003   7.3076923076923076E-003   1556.5267052881777        1.0000000000000000     
   5.0000000000000001E-003   7.6923076923076927E-003   1557.9246695249790        1.0000000000000000     
   5.0000000000000001E-003   8.0769230769230770E-003   1561.9689932486251        1.0000000000000000     
   5.0000000000000001E-003   8.4615384615384613E-003   1569.3347925912872        1.0000000000000000     
   5.0000000000000001E-003   8.8461538461538456E-003   1579.5650132654507        1.0000000000000000     
   5.0000000000000001E-003   9.2307692307692299E-003   1590.3071679901789        1.0000000000000000     
   5.0000000000000001E-003   9.6153846153846159E-003   1597.5089203497225        1.0000000000000000     

   5.3846153846153844E-003   3.8461538461538462E-004   1593.4059335715388        1.0000000000000000     
   5.3846153846153844E-003   7.6923076923076923E-004   1586.0442187948931        1.0000000000000000     
   5.3846153846153844E-003   1.1538461538461537E-003   1575.5728078899758        1.0000000000000000     
   5.3846153846153844E-003   1.5384615384615385E-003   1566.1431181816433        1.0000000000000000     
   5.3846153846153844E-003   1.9230769230769232E-003   1559.5673431707057        1.0000000000000000     
   5.3846153846153844E-003   2.3076923076923075E-003   1555.9440438983404        1.0000000000000000     
   5.3846153846153844E-003   2.6923076923076922E-003   1554.5495432348034        1.0000000000000000     
   5.3846153846153844E-003   3.0769230769230769E-003   1554.4679460243465        1.0000000000000000     
   5.3846153846153844E-003   3.4615384615384616E-003   1554.9423806286752        1.0000000000000000     
   5.3846153846153844E-003   3.8461538461538464E-003   1555.4531772121120        1.0000000000000000     
   5.3846153846153844E-003   4.2307692307692307E-003   1555.8009364070269        1.0000000000000000     
   5.3846153846153844E-003   4.6153846153846149E-003   1555.9288928651492        1.0000000000000000     
   5.3846153846153844E-003   5.0000000000000001E-003   1555.9358272462089        1.0000000000000000     
   5.3846153846153844E-003   5.3846153846153844E-003   1555.8628023614367        1.0000000000000000     
   5.3846153846153844E-003   5.7692307692307696E-003   1555.6808737625765        1.0000000000000000     
   5.3846153846153844E-003   6.1538461538461538E-003   1555.2821954533110        1.0000000000000000     
   5.3846153846153844E-003   6.5384615384615381E-003   1554.7202248524134        1.0000000000000000     
   5.3846153846153844E-003   6.9230769230769233E-003   1554.2161088267976        1.0000000000000000     
   5.3846153846153844E-003   7.3076923076923076E-003   1554.2339568828711        1.0000000000000000     
   5.3846153846153844E-003   7.6923076923076927E-003   1555.5314763657859        1.0000000000000000     
   5.3846153846153844E-003   8.0769230769230770E-003   1559.0639036680209        1.0000000000000000     
   5.3846153846153844E-003   8.4615384615384613E-003   1565.7331804350238        1.0000000000000000     
   5.3846153846153844E-003   8.8461538461538456E-003   1575.5101666711691        1.0000000000000000     
   5.3846153846153844E-003   9.2307692307692299E-003   1586.3560658520903        1.0000000000000000     
   5.3846153846153844E-003   9.6153846153846159E-003   1594.0061971090511        1.0000000000000000     

   5.7692307692307696E-003   3.8461538461538462E-004   1587.9677264759271        1.0000000000000000     
   5.7692307692307696E-003   7.6923076923076923E-004   1580.1052181591231        1.0000000000000000     
   5.7692307692307696E-003   1.1538461538461537E-003   1570.0224994550945        1.0000000000000000     
   5.7692307692307696E-003   1.5384615384615385E-003   1562.1306738670178        1.0000000000000000     
   5.7692307692307696E-003   1.9230769230769232E-003   1557.2627244622272        1.0000000000000000     
   5.7692307692307696E-003   2.3076923076923075E-003   1554.7529251485794        1.0000000000000000     
   5.7692307692307696E-003   2.6923076923076922E-003   1553.7620047916907        1.0000000000000000     
   5.7692307692307696E-003   3.0769230769230769E-003   1553.5958095899446        1.0000000000000000     
   5.7692307692307696E-003   3.4615384615384616E-003   1553.7538388482628        1.0000000000000000     
   5.7692307692307696E-003   3.8461538461538464E-003   1553.8458799001144        1.0000000000000000     
   5.7692307692307696E-003   4.2307692307692307E-003   1553.8824248513599        1.0000000000000000     
   5.7692307692307696E-003   4.6153846153846149E-003   1553.7689752622880        1.0000000000000000     
   5.7692307692307696E-003   5.0000000000000001E-003   1553.7298073759152        1.0000000000000000     
   5.7692307692307696E-003   5.3846153846153844E-003   1553.7341759427165        1.0000000000000000     
   5.7692307692307696E-003   5.7692307692307696E-003   1553.8300352708441        1.0000000000000000     
   5.7692307692307696E-003   6.1538461538461538E-003   1553.7917287619568        1.0000000000000000     
   5.7692307692307696E-003   6.5384615384615381E-003   1553.6806027865821        1.0000000000000000     
   5.7692307692307696E-003   6.9230769230769233E-003   1553.5314368583588        1.0000000000000000     
   5.7692307692307696E-003   7.3076923076923076E-003   1553.6299258341262        1.0000000000000000     
   5.7692307692307696E-003   7.6923076923076927E-003   1554.4574137548036        1.0000000000000000     
   5.7692307692307696E-003   8.0769230769230770E-003   1556.8758529124170        1.0000000000000000     
   5.7692307692307696E-003   8.4615384615384613E-003   1562.0445997369366        1.0000000000000000     
   5.7692307692307696E-003   8.8461538461538456E-003   1570.5095208675575        1.0000000000000000     
   5.7692307692307696E-003   9.2307692307692299E-003   1580.7922739069381        1.0000000000000000     
   5.7692307692307696E-003   9.6153846153846159E-003   1588.6887323126005        1.0000000000000000     

   6.1538461538461538E-003   3.8461538461538462E-004   1588.2201257836728        1.0000000000000000     
   6.1538461538461538E-003   7.6923076923076923E-004   1583.8738833704176        1.0000000000000000     
   6.1538461538461538E-003   1.1538461538461537E-003   1578.6691822198777        1.0000000000000000     
   6.1538461538461538E-003   1.5384615384615385E-003   1574.2256474960311        1.0000000000000000     
   6.1538461538461538E-003   1.9230769230769232E-003   1570.3217584738456        1.0000000000000000     
   6.1538461538461538E-003   2.3076923076923075E-003   1566.2279906402737        1.0000000000000000     
   6.1538461538461538E-003   2.6923076923076922E-003   1562.1245991465216        1.0000000000000000     
   6.1538461538461538E-003   3.0769230769230769E-003   1558.2337120251561        1.0000000000000000     
   6.1538461538461538E-003   3.4615384615384616E-003   1554.6209048821320        1.0000000000000000     
   6.1538461538461538E-003   3.8461538461538464E-003   1551.7506054538480        1.0000000000000000     
   6.1538461538461538E-003   4.2307692307692307E-003   1550.2813393548104        1.0000000000000000     
   6.1538461538461538E-003   4.6153846153846149E-003   1549.2944857701286        1.0000000000000000     
   6.1538461538461538E-003   5.0000000000000001E-003   1549.1333866924110        1.0000000000000000     
   6.1538461538461538E-003   5.3846153846153844E-003   1549.2860899425159        1.0000000000000000     
   6.1538461538461538E-003   5.7692307692307696E-003   1550.3147423058413        1.0000000000000000     
   6.1538461538461538E-003   6.1538461538461538E-003   1551.8842828555053        1.0000000000000000     
   6.1538461538461538E-003   6.5384615384615381E-003   1554.7225151838913        1.0000000000000000     
   6.1538461538461538E-003   6.9230769230769233E-003   1558.3008019698384        1.0000000000000000     
   6.1538461538461538E-003   7.3076923076923076E-003   1562.3206300044005        1.0000000000000000     
   6.1538461538461538E-003   7.6923076923076927E-003   1566.0185008648398        1.0000000000000000     
   6.1538461538461538E-003   8.0769230769230770E-003   1569.8403110709692        1.0000000000000000     
   6.1538461538461538E-003   8.4615384615384613E-003   1574.1013588654184        1.0000000000000000     
   6.1538461538461538E-003   8.8461538461538456E-003   1579.0139721520195        1.0000000000000000     
   6.1538461538461538E-003   9.2307692307692299E-003   1583.6284781272645        1.0000000000000000     
   6.1538461538461538E-003   9.6153846153846159E-003   1587.1118854982876        1.0000000000000000     

   6.5384615384615381E-003   3.8461538461538462E-004   1815.3574770350319        1.0000000000000000     
   6.5384615384615381E-003   7.6923076923076923E-004   1763.9182476610083        1.0000000000000000     
   6.5384615384615381E-003   1.1538461538461537E-003   1701.4144350162603        1.0000000000000000     
   6.5384615384615381E-003   1.5384615384615385E-003   1638.8649286066516        1.0000000000000000     
   6.5384615384615381E-003   1.9230769230769232E-003   1586.2404927949106        1.0000000000000000     
   6.5384615384615381E-003   2.3076923076923075E-003   1543.5529197294657        1.0000000000000000     
   6.5384615384615381E-003   2.6923076923076922E-003   1510.4713334198705        1.0000000000000000     
   6.5384615384615381E-003   3.0769230769230769E-003   1485.3616706697201        1.0000000000000000     
   6.5384615384615381E-003   3.4615384615384616E-003   1467.8906908637246        1.0000000000000000     
   6.5384615384615381E-003   3.8461538461538464E-003   1475.0068951236910        1.0000000000000000     
   6.5384615384615381E-003   4.2307692307692307E-003   1488.4323628081697        1.0000000000000000     
   6.5384615384615381E-003   4.6153846153846149E-003   1495.3485103659057        1.0000000000000000     
   6.5384615384615381E-003   5.0000000000000001E-003   1498.1783118347107        1.0000000000000000     
   6.5384615384615381E-003   5.3846153846153844E-003   1494.7481560657354        1.0000000000000000     
   6.5384615384615381E-003   5.7692307692307696E-003   1487.8042494569568        1.0000000000000000     
   6.5384615384615381E-003   6.1538461538461538E-003   1473.4369094720230        1.0000000000000000     
   6.5384615384615381E-003   6.5384615384615381E-003   1468.2526102416280        1.0000000000000000     
   6.5384615384615381E-003   6.9230769230769233E-003   1486.2653437196379        1.0000000000000000     
   6.5384615384615381E-003   7.3076923076923076E-003   1513.0617387452085        1.0000000000000000     
   6.5384615384615381E-003   7.6923076923076927E-003   1545.9475984177463        1.0000000000000000     
   6.5384615384615381E-003   8.0769230769230770E-003   1588.1648328967021        1.0000000000000000     
   6.5384615384615381E-003   8.4615384615384613E-003   1641.1010668292408        1.0000000000000000     
   6.5384615384615381E-003   8.8461538461538456E-003   1705.4416094117726        1.0000000000000000     
   6.5384615384615381E-003   9.2307692307692299E-003   1773.4122910470871        1.0000000000000000     
   6.5384615384615381E-003   9.6153846153846159E-003   1827.6224516989716        1.0000000000000000     

   6.9230769230769233E-003   3.8461538461538462E-004   714.59003458583175        1.0109604741874816E-006
   6.9230769230769233E-003   7.6923076923076923E-004   731.82930934912054        3.7285063189635798E-006
   6.9230769230769233E-003   1.1538461538461537E-003   758.21047809082779        2.3884185110230594E-005
   6.9230769230769233E-003   1.5384615384615385E-003   786.13163609645153        1.4973979316731869E-004
   6.9230769230769233E-003   1.9230769230769232E-003   812.11527971900352        7.3213945698135123E-004
   6.9230769230769233E-003   2.3076923076923075E-003   835.64078189257509        2.7040313841864391E-003
   6.9230769230769233E-003   2.6923076923076922E-003   859.16988937975930        8.1293473504674141E-003
   6.9230769230769233E-003   3.0769230769230769E-003   890.14536133462639        2.2408480898144387E-002
   6.9230769230769233E-003   3.4615384615384616E-003   979.97502405189277        7.5376042080718214E-002
   6.9230769230769233E-003   3.8461538461538464E-003   1947.2143578827825       0.89144659676790017     
   6.9230769230769233E-003   4.2307692307692307E-003   2023.3393000217607       0.99999999819112961     
   6.9230769230769233E-003   4.6153846153846149E-003   1996.1847813468726       0.99999999999998701     
   6.9230769230769233E-003   5.0000000000000001E-003   1985.2114932099109       0.99999999999999967     
   6.9230769230769233E-003   5.3846153846153844E-003   1998.7899311960084       0.99999999999997646     
   6.9230769230769233E-003   5.7692307692307696E-003   2024.0988110976969       0.99999999540096984     
   6.9230769230769233E-003   6.1538461538461538E-003   1850.0328019019521       0.80760666947649618     
   6.9230769230769233E-003   6.5384615384615381E-003   967.09530127125890        6.6611099798406737E-002
   6.9230769230769233E-003   6.9230769230769233E-003   886.65595637133958        2.0481956154121014E-002
   6.9230769230769233E-003   7.3076923076923076E-003   857.26701101341837        7.5151451133095614E-003
   6.9230769230769233E-003   7.6923076923076927E-003   833.59377581116826        2.4361549356858377E-003
   6.9230769230769233E-003   8.0769230769230770E-003   809.62035670642945        6.3722102468366613E-004
   6.9230769230769233E-003   8.4615384615384613E-003   782.97487389289756        1.2401454055877928E-004
   6.9230769230769233E-003   8.8461538461538456E-003   753.97707394038594        1.8165553092365266E-005
   6.9230769230769233E-003   9.2307692307692299E-003   726.03924930096605        2.4704921716741234E-006
   6.9230769230769233E-003   9.6153846153846159E-003   707.54649569281435        5.9655748758387652E-007

   7.3076923076923076E-003   3.8461538461538462E-004   394.87623773991248        1.7647147802641740E-022
   7.3076923076923076E-003   7.6923076923076923E-004   401.83864522428388        7.4197365382490814E-022
   7.3076923076923076E-003   1.1538461538461537E-003   413.83177415788998        7.9866688517679037E-021
   7.3076923076923076E-003   1.5384615384615385E-003   428.75365092602959        1.3096360719551870E-019
   7.3076923076923076E-003   1.9230769230769232E-003   444.66448279246828        2.1395227591718089E-018
   7.3076923076923076E-003   2.3076923076923075E-003   460.23806729342363        2.7558194538713545E-017
   7.3076923076923076E-003   2.6923076923076922E-003   474.77550859921990        2.5557784616395677E-016
   7.3076923076923076E-003   3.0769230769230769E-003   488.17546724416951        1.7011458520806025E-015
   7.3076923076923076E-003   3.4615384615384616E-003   501.92137693253352        8.4999970958105496E-015
   7.3076923076923076E-003   3.8461538461538464E-003   533.43972066331503        3.9858444935845826E-014
   7.3076923076923076E-003   4.2307692307692307E-003   563.48566409044463        8.7791382892141088E-013
   7.3076923076923076E-003   4.6153846153846149E-003   580.68042439635826        6.2739352824205532E-012
   7.3076923076923076E-003   5.0000000000000001E-003   586.45308094766062        1.1947947269708411E-011
   7.3076923076923076E-003   5.3846153846153844E-003   579.67339969636805        5.5862872015609448E-012
   7.3076923076923076E-003   5.7692307692307696E-003   562.05273222991809        7.4747596913055252E-013
   7.3076923076923076E-003   6.1538461538461538E-003   530.48661370753416        3.5283293933236034E-014
   7.3076923076923076E-003   6.5384615384615381E-003   500.78571182729166        7.6026771636491739E-015
   7.3076923076923076E-003   6.9230769230769233E-003   487.14423764618482        1.4827568092908987E-015
   7.3076923076923076E-003   7.3076923076923076E-003   473.63572102054934        2.1578443067469655E-016
   7.3076923076923076E-003   7.6923076923076927E-003   458.92863855565849        2.2392053473407912E-017
   7.3076923076923076E-003   8.0769230769230770E-003   443.20261213310113        1.6718979828922870E-018
   7.3076923076923076E-003   8.4615384615384613E-003   427.09685497674519        9.7150234180462110E-020
   7.3076923076923076E-003   8.8461538461538456E-003   411.88881383348939        5.4984877381104629E-021
   7.3076923076923076E-003   9.2307692307692299E-003   399.53271141495935        4.6521060018304173E-022
   7.3076923076923076E-003   9.6153846153846159E-003   392.36515540742454        1.0473684375140339E-022

   7.6923076923076927E-003   3.8461538461538462E-004   322.85985659898216        1.6352617534953455E-029
   7.6923076923076927E-003   7.6923076923076923E-004   324.56697960019142        2.3634375182715004E-029
   7.6923076923076927E-003   1.1538461538461537E-003   327.73036198117705        4.9837356526072764E-029
   7.6923076923076927E-003   1.5384615384615385E-003   332.01179768158903        1.4755665880112089E-028
   7.6923076923076927E-003   1.9230769230769232E-003   336.99707173016583        5.4485902222006380E-028
   7.6923076923076927E-003   2.3076923076923075E-003   342.29011303235268        2.1918277975349328E-027
   7.6923076923076927E-003   2.6923076923076922E-003   347.54699983358370        8.5882122804658431E-027
   7.6923076923076927E-003   3.0769230769230769E-003   352.50650341199088        3.0351862501847014E-026
   7.6923076923076927E-003   3.4615384615384616E-003   357.00375213254659        9.1912452773836266E-026
   7.6923076923076927E-003   3.8461538461538464E-003   361.23880584002603        2.3032456539790164E-025
   7.6923076923076927E-003   4.2307692307692307E-003   364.99373734584287        4.8093580721608326E-025
   7.6923076923076927E-003   4.6153846153846149E-003   367.51866947025070        7.8758193666547368E-025
   7.6923076923076927E-003   5.0000000000000001E-003   368.37566873687234        9.3014768431922993E-025
   7.6923076923076927E-003   5.3846153846153844E-003   367.38021623889142        7.6715313659695172E-025
   7.6923076923076927E-003   5.7692307692307696E-003   364.76945914139827        4.5951503239536293E-025
   7.6923076923076927E-003   6.1538461538461538E-003   360.93412534609911        2.1656905452140235E-025
   7.6923076923076927E-003   6.5384615384615381E-003   356.67889100863442        8.5000738488594002E-026
   7.6923076923076927E-003   6.9230769230769233E-003   352.12314567952268        2.7561904060967727E-026
   7.6923076923076927E-003   7.3076923076923076E-003   347.10146260329799        7.6501657453827859E-027
   7.6923076923076927E-003   7.6923076923076927E-003   341.80314575523249        1.9276004812311737E-027
   7.6923076923076927E-003   8.0769230769230770E-003   336.48316791829330        4.7523891952409245E-028
   7.6923076923076927E-003   8.4615384615384613E-003   331.46430613437025        1.2770603640754186E-028
   7.6923076923076927E-003   8.8461538461538456E-003   327.13943722505837        4.2953371030677377E-029
   7.6923076923076927E-003   9.2307692307692299E-003   323.93494714943284        2.0455143576695556E-029
   7.6923076923076927E-003   9.6153846153846159E-003   322.21302481927745        1.4273418707955582E-029

   8.0769230769230770E-003   3.8461538461538462E-004   305.72816435890002        2.7869394383410091E-030
   8.0769230769230770E-003   7.6923076923076923E-004   306.14941540865254        2.8188652893155904E-030
   8.0769230769230770E-003   1.1538461538461537E-003   306.94800301055074        2.8867824706635118E-030
   8.0769230769230770E-003   1.5384615384615385E-003   308.05940538719335        3.0008847822194753E-030
   8.0769230769230770E-003   1.9230769230769232E-003   309.40279823049138        3.1796061633674610E-030
   8.0769230769230770E-003   2.3076923076923075E-003   310.88935876388189        3.4517413949533562E-030
   8.0769230769230770E-003   2.6923076923076922E-003   312.42595445746059        3.8552131421062317E-030
   8.0769230769230770E-003   3.0769230769230769E-003   313.92356343992378        4.4286003359895206E-030
   8.0769230769230770E-003   3.4615384615384616E-003   315.30047434215828        5.1893187123985611E-030
   8.0769230769230770E-003   3.8461538461538464E-003   316.48464173013076        6.0932885974562632E-030
   8.0769230769230770E-003   4.2307692307692307E-003   317.40814313784369        7.0000966483618434E-030
   8.0769230769230770E-003   4.6153846153846149E-003   317.99577841190239        7.6885550791348490E-030
   8.0769230769230770E-003   5.0000000000000001E-003   318.18796184978385        7.9336322965800584E-030
   8.0769230769230770E-003   5.3846153846153844E-003   317.96336973329619        7.6464020064133780E-030
   8.0769230769230770E-003   5.7692307692307696E-003   317.34671594396480        6.9292335591290577E-030
   8.0769230769230770E-003   6.1538461538461538E-003   316.39706742761416        6.0117963345430227E-030
   8.0769230769230770E-003   6.5384615384615381E-003   315.19114158017840        5.1125269510820698E-030
   8.0769230769230770E-003   6.9230769230769233E-003   313.79391330469645        4.3632473611681731E-030
   8.0769230769230770E-003   7.3076923076923076E-003   312.27804560508685        3.8022229586436775E-030
   8.0769230769230770E-003   7.6923076923076927E-003   310.73072128953771        3.4102793888520904E-030
   8.0769230769230770E-003   8.0769230769230770E-003   309.23733132678984        3.1464057113719426E-030
   8.0769230769230770E-003   8.4615384615384613E-003   307.88641179569282        2.9728385546410887E-030
   8.0769230769230770E-003   8.8461538461538456E-003   306.76725951654964        2.8619024322287110E-030
   8.0769230769230770E-003   9.2307692307692299E-003   305.96380394487278        2.7959736769255317E-030
   8.0769230769230770E-003   9.6153846153846159E-003   305.54197045538547        2.7651314579746860E-030

   8.4615384615384613E-003   3.8461538461538462E-004   301.20187443295015        2.4612884238245947E-030
   8.4615384615384613E-003   7.6923076923076923E-004   301.31671286469987        2.4676292804891201E-030
   8.4615384615384613E-003   1.1538461538461537E-003   301.53543118372477        2.4800067220557175E-030
   8.4615384615384613E-003   1.5384615384615385E-003   301.84158800960273        2.4979984929125780E-030
   8.4615384615384613E-003   1.9230769230769232E-003   302.21540129936858        2.5209929837173309E-030
   8.4615384615384613E-003   2.3076923076923075E-003   302.63468969822020        2.5481382726107240E-030
   8.4615384615384613E-003   2.6923076923076922E-003   303.07491403319847        2.5782582563278740E-030
   8.4615384615384613E-003   3.0769230769230769E-003   303.51035753894053        2.6097823204595575E-030
   8.4615384615384613E-003   3.4615384615384616E-003   303.91515256251841        2.6407148739740300E-030
   8.4615384615384613E-003   3.8461538461538464E-003   304.26354147268904        2.6686585692610485E-030
   8.4615384615384613E-003   4.2307692307692307E-003   304.53148752780442        2.6909900505170871E-030
   8.4615384615384613E-003   4.6153846153846149E-003   304.69933201495525        2.7052967276288348E-030
   8.4615384615384613E-003   5.0000000000000001E-003   304.75316877938144        2.7098088877717219E-030
   8.4615384615384613E-003   5.3846153846153844E-003   304.68847996791789        2.7039266473711059E-030
   8.4615384615384613E-003   5.7692307692307696E-003   304.51024459597545        2.6883267004629647E-030
   8.4615384615384613E-003   6.1538461538461538E-003   304.23267114198825        2.6648370471491601E-030
   8.4615384615384613E-003   6.5384615384615381E-003   303.87585655807806        2.6359082736585623E-030
   8.4615384615384613E-003   6.9230769230769233E-003   303.46366884709556        2.6041567939887278E-030
   8.4615384615384613E-003   7.3076923076923076E-003   303.02191211780269        2.5719697119068342E-030
   8.4615384615384613E-003   7.6923076923076927E-003   302.57729529675424        2.5413382368174029E-030
   8.4615384615384613E-003   8.0769230769230770E-003   302.15473787284344        2.5137969773041540E-030
   8.4615384615384613E-003   8.4615384615384613E-003   301.77800243508347        2.4905002202752399E-030
   8.4615384615384613E-003   8.8461538461538456E-003   301.46947312112684        2.4723016497565271E-030
   8.4615384615384613E-003   9.2307692307692299E-003   301.24952430993562        2.4598207215190983E-030
   8.4615384615384613E-003   9.6153846153846159E-003   301.13460525435050        2.4534760661299958E-030

   8.8461538461538456E-003   3.8461538461538462E-004   299.80327263524185        2.3391389208419415E-030
   8.8461538461538456E-003   7.6923076923076923E-004   299.83989458019738        2.3420323428753547E-030
   8.8461538461538456E-003   1.1538461538461537E-003   299.90989629341033        2.3476221139921104E-030
   8.8461538461538456E-003   1.5384615384615385E-003   300.00831962051421        2.3556111966296191E-030
   8.8461538461538456E-003   1.9230769230769232E-003   300.12896386430145        2.3655696753075280E-030
   8.8461538461538456E-003   2.3076923076923075E-003   300.26472240620069        2.3769453564402173E-030
   8.8461538461538456E-003   2.6923076923076922E-003   300.40769045091400        2.3890785935045953E-030
   8.8461538461538456E-003   3.0769230769230769E-003   300.54941756245120        2.4012267809850070E-030
   8.8461538461538456E-003   3.4615384615384616E-003   300.68124161379171        2.4126010040324420E-030
   8.8461538461538456E-003   3.8461538461538464E-003   300.79457122734738        2.4224146745734187E-030
   8.8461538461538456E-003   4.2307692307692307E-003   300.88146886385687        2.4299445665679273E-030
   8.8461538461538456E-003   4.6153846153846149E-003   300.93553870040557        2.4346041002762401E-030
   8.8461538461538456E-003   5.0000000000000001E-003   300.95247607825837        2.4360074145176996E-030
   8.8461538461538456E-003   5.3846153846153844E-003   300.93087161836388        2.4340240518531297E-030
   8.8461538461538456E-003   5.7692307692307696E-003   300.87225519703463        2.4287944695883898E-030
   8.8461538461538456E-003   6.1538461538461538E-003   300.78104246910317        2.4207142921056784E-030
   8.8461538461538456E-003   6.5384615384615381E-003   300.66375297580339        2.4103794649764078E-030
   8.8461538461538456E-003   6.9230769230769233E-003   300.52835728021938        2.3985209594721162E-030
   8.8461538461538456E-003   7.3076923076923076E-003   300.38350193106879        2.3859335205784997E-030
   8.8461538461538456E-003   7.6923076923076927E-003   300.23797981840056        2.3734141089213510E-030
   8.8461538461538456E-003   8.0769230769230770E-003   300.10014050638682        2.3617113154678141E-030
   8.8461538461538456E-003   8.4615384615384613E-003   299.97779944528861        2.3514906624140044E-030
   8.8461538461538456E-003   8.8461538461538456E-003   299.87812654394605        2.3433110989922945E-030
   8.8461538461538456E-003   9.2307692307692299E-003   299.80743757782670        2.3376088436209557E-030
   8.8461538461538456E-003   9.6153846153846159E-003   299.77069141763508        2.3346848261816703E-030

   9.2307692307692299E-003   3.8461538461538462E-004   299.27941367115233        2.2779532076888252E-030
   9.2307692307692299E-003   7.6923076923076923E-004   299.29496345103360        2.2797360943207851E-030
   9.2307692307692299E-003   1.1538461538461537E-003   299.32476680126803        2.2831720046756276E-030
   9.2307692307692299E-003   1.5384615384615385E-003   299.36686511564204        2.2880659214737394E-030
   9.2307692307692299E-003   1.9230769230769232E-003   299.41863164891328        2.2941353914062279E-030
   9.2307692307692299E-003   2.3076923076923075E-003   299.47693182937945        2.3010221707810929E-030
   9.2307692307692299E-003   2.6923076923076922E-003   299.53825231421393        2.3083083591604970E-030
   9.2307692307692299E-003   3.0769230769230769E-003   299.59885206279972        2.3155377395087431E-030
   9.2307692307692299E-003   3.4615384615384616E-003   299.65494111552277        2.3222422718755692E-030
   9.2307692307692299E-003   3.8461538461538464E-003   299.70287193321968        2.3279727678805850E-030
   9.2307692307692299E-003   4.2307692307692307E-003   299.73937741987720        2.3323319286100255E-030
   9.2307692307692299E-003   4.6153846153846149E-003   299.76186467601781        2.3350072092669039E-030
   9.2307692307692299E-003   5.0000000000000001E-003   299.76864322490400        2.3357986472588014E-030
   9.2307692307692299E-003   5.3846153846153844E-003   299.75914848166792        2.3346385925701814E-030
   9.2307692307692299E-003   5.7692307692307696E-003   299.73398745308572        2.3315985280415107E-030
   9.2307692307692299E-003   6.1538461538461538E-003   299.69489353485028        2.3268825769186192E-030
   9.2307692307692299E-003   6.5384615384615381E-003   299.64450527884503        2.3208079831253980E-030
   9.2307692307692299E-003   6.9230769230769233E-003   299.58612630666192        2.3137773309657897E-030
   9.2307692307692299E-003   7.3076923076923076E-003   299.52344677930688        2.3062458719817975E-030
   9.2307692307692299E-003   7.6923076923076927E-003   299.46030451493635        2.2986882343845457E-030
   9.2307692307692299E-003   8.0769230769230770E-003   299.40046048951200        2.2915673400051372E-030
   9.2307692307692299E-003   8.4615384615384613E-003   299.34744840627167        2.2853076943201639E-030
   9.2307692307692299E-003   8.8461538461538456E-003   299.30444208049272        2.2802737750385202E-030
   9.2307692307692299E-003   9.2307692307692299E-003   299.27411046994405        2.2767533930585907E-030
   9.2307692307692299E-003   9.6153846153846159E-003   299.25843061860741        2.2749454955345181E-030

   9.6153846153846159E-003   3.8461538461538462E-004   299.08203477255034        2.2514055340852946E-030
   9.6153846153846159E-003   7.6923076923076923E-004   299.09199659349315        2.2527893198171867E-030
   9.6153846153846159E-003   1.1538461538461537E-003   299.11109991344256        2.2554535274467645E-030
   9.6153846153846159E-003   1.5384615384615385E-003   299.13814104206955        2.2592438308657468E-030
   9.6153846153846159E-003   1.9230769230769232E-003   299.17143694443973        2.2639369717235881E-030
   9.6153846153846159E-003   2.3076923076923075E-003   299.20892840517854        2.2692510296932527E-030
   9.6153846153846159E-003   2.6923076923076922E-003   299.24829274412662        2.2748594911922762E-030
   9.6153846153846159E-003   3.0769230769230769E-003   299.28706994938369        2.2804091417847514E-030
   9.6153846153846159E-003   3.4615384615384616E-003   299.32280075880567        2.2855413489118492E-030
   9.6153846153846159E-003   3.8461538461538464E-003   299.35317153166557        2.2899157213686406E-030
   9.6153846153846159E-003   4.2307692307692307E-003   299.37616408532097        2.2932345213139510E-030
   9.6153846153846159E-003   4.6153846153846149E-003   299.39020622062714        2.2952656978312963E-030
   9.6153846153846159E-003   5.0000000000000001E-003   299.39429640101127        2.2958619426082001E-030
   9.6153846153846159E-003   5.3846153846153844E-003   299.38809846411931        2.2949734820107716E-030
   9.6153846153846159E-003   5.7692307692307696E-003   299.37197173887677        2.2926526560349860E-030
   9.6153846153846159E-003   6.1538461538461538E-003   299.34694268491864        2.2890496668350558E-030
   9.6153846153846159E-003   6.5384615384615381E-003   299.31461132181170        2.2844000370887065E-030
   9.6153846153846159E-003   6.9230769230769233E-003   299.27702603960478        2.2790056930429287E-030
   9.6153846153846159E-003   7.3076923076923076E-003   299.23653540471292        2.2732119643742497E-030
   9.6153846153846159E-003   7.6923076923076927E-003   299.19563645254465        2.2673830188337170E-030
   9.6153846153846159E-003   8.0769230769230770E-003   299.15682511694052        2.2618779259090649E-030
   9.6153846153846159E-003   8.4615384615384613E-003   299.12245973993271        2.2570290327832540E-030
   9.6153846153846159E-003   8.8461538461538456E-003   299.09463568667383        2.2531236916255798E-030
   9.6153846153846159E-003   9.2307692307692299E-003   299.07506819787636        2.2503897866948620E-030
   9.6153846153846159E-003   9.6153846153846159E-003   299.06498296233622        2.2489850953079028E-030

