   3.8461538461538462E-004   3.8461538461538462E-004   330.53237742052943        1.0185960853526605E-027
   3.8461538461538462E-004   7.6923076923076923E-004   339.24123229574093        1.1656063753835375E-026
   3.8461538461538462E-004   1.1538461538461537E-003   352.30578518271847        3.5367645119757162E-025
   3.8461538461538462E-004   1.5384615384615385E-003   367.53104498059417        1.3839091154926079E-023
   3.8461538461538462E-004   1.9230769230769232E-003   383.78484823627815        5.0589288266752793E-022
   3.8461538461538462E-004   2.3076923076923075E-003   400.49150844542282        1.5221263943886521E-020
   3.8461538461538462E-004   2.6923076923076922E-003   417.35387115501135        3.6244613154096342E-019
   3.8461538461538462E-004   3.0769230769230769E-003   434.18041550124229        6.7798163212285878E-018
   3.8461538461538462E-004   3.4615384615384616E-003   450.75284077393991        9.9062374254207762E-017
   3.8461538461538462E-004   3.8461538461538464E-003   466.68232831607213        1.1023754292089238E-015
   3.8461538461538462E-004   4.2307692307692307E-003   481.20045829875664        8.7215212815816806E-015
   3.8461538461538462E-004   4.6153846153846149E-003   492.80835592809524        4.2176272153250574E-014
   3.8461538461538462E-004   5.0000000000000001E-003   498.61254183983937        9.0788285332812903E-014
   3.8461538461538462E-004   5.3846153846153844E-003   492.80806107815755        4.2175097132761273E-014
   3.8461538461538462E-004   5.7692307692307696E-003   481.19938091450558        8.7205588339480122E-015
   3.8461538461538462E-004   6.1538461538461538E-003   466.67884845876739        1.1019432499268427E-015
   3.8461538461538462E-004   6.5384615384615381E-003   450.74230532587603        9.8932338722840244E-017
   3.8461538461538462E-004   6.9230769230769233E-003   434.15045340729938        6.7517638624348458E-018
   3.8461538461538462E-004   7.3076923076923076E-003   417.27394093823108        3.5801315158740625E-019
   3.8461538461538462E-004   7.6923076923076927E-003   400.29166256901851        1.4707923877115860E-020
   3.8461538461538462E-004   8.0769230769230770E-003   383.31626723853719        4.6240933632979660E-022
   3.8461538461538462E-004   8.4615384615384613E-003   366.49741051939651        1.1085558681492297E-023
   3.8461538461538462E-004   8.8461538461538456E-003   350.14402741523855        2.1042333201260672E-025
   3.8461538461538462E-004   9.2307692307692299E-003   334.88675520409595        3.6333481907249516E-027
   3.8461538461538462E-004   9.6153846153846159E-003   321.83348166437924        7.9040743229368167E-029

   7.6923076923076923E-004   3.8461538461538462E-004   319.70250653727800        4.1406699588155043E-029
   7.6923076923076923E-004   7.6923076923076923E-004   324.06232839899377        1.4720896345452949E-028
   7.6923076923076923E-004   1.1538461538461537E-003   331.25448466696679        1.1114513902259055E-027
   7.6923076923076923E-004   1.5384615384615385E-003   340.03150449830900        1.1786302631419730E-026
   7.6923076923076923E-004   1.9230769230769232E-003   349.61146554602186        1.3738601635764422E-025
   7.6923076923076923E-004   2.3076923076923075E-003   359.55732343724196        1.5540117504928684E-024
   7.6923076923076923E-004   2.6923076923076922E-003   369.63119995002160        1.6096959573803430E-023
   7.6923076923076923E-004   3.0769230769230769E-003   379.67529924268246        1.4822511859051988E-022
   7.6923076923076923E-004   3.4615384615384616E-003   389.51082417641919        1.1803584510797067E-021
   7.6923076923076923E-004   3.8461538461538464E-003   398.83038924914393        7.7553450727939691E-021
   7.6923076923076923E-004   4.2307692307692307E-003   407.06242954317946        3.8446816516603428E-020
   7.6923076923076923E-004   4.6153846153846149E-003   413.21224452974172        1.2282170191557139E-019
   7.6923076923076923E-004   5.0000000000000001E-003   415.77787922892242        1.9796113455866645E-019
   7.6923076923076923E-004   5.3846153846153844E-003   413.21198925917599        1.2281728528254449E-019
   7.6923076923076923E-004   5.7692307692307696E-003   407.06149974723957        3.8441499581665709E-020
   7.6923076923076923E-004   6.1538461538461538E-003   398.82739910785858        7.7516610076970747E-021
   7.6923076923076923E-004   6.5384615384615381E-003   389.50182188430483        1.1785479270085009E-021
   7.6923076923076923E-004   6.9230769230769233E-003   379.64988556703798        1.4753606190319957E-022
   7.6923076923076923E-004   7.3076923076923076E-003   369.56408587919657        1.5885154079728797E-023
   7.6923076923076923E-004   7.6923076923076927E-003   359.39194125864879        1.5003301262641052E-024
   7.6923076923076923E-004   8.0769230769230770E-003   349.23215138548233        1.2595714115180343E-025
   7.6923076923076923E-004   8.4615384615384613E-003   339.22418348898043        9.6598221888969974E-027
   7.6923076923076923E-004   8.8461538461538456E-003   329.66866639532321        7.3065675031391086E-028
   7.6923076923076923E-004   9.2307692307692299E-003   321.23083983741645        6.6263901748363700E-029
   7.6923076923076923E-004   9.6153846153846159E-003   315.34930813814276        1.1436660196281318E-029

   1.1538461538461537E-003   3.8461538461538462E-004   310.93051780708487        3.1918968502936706E-030
   1.1538461538461537E-003   7.6923076923076923E-004   313.09502336559814        5.8529941171531080E-030
   1.1538461538461537E-003   1.1538461538461537E-003   316.84550443792705        1.6748572674174750E-029
   1.1538461538461537E-003   1.5384615384615385E-003   321.56795310390936        6.2491909797399838E-029
   1.1538461538461537E-003   1.9230769230769232E-003   326.81412761491447        2.6479177950122837E-028
   1.1538461538461537E-003   2.3076923076923075E-003   332.30877041623245        1.1691479231349824E-027
   1.1538461538461537E-003   2.6923076923076922E-003   337.89232278321458        5.1241270087905400E-027
   1.1538461538461537E-003   3.0769230769230769E-003   343.45486942641759        2.1618041884146644E-026
   1.1538461538461537E-003   3.4615384615384616E-003   348.87290177519299        8.5166458936119081E-026
   1.1538461538461537E-003   3.8461538461538464E-003   353.94369689973956        2.9913643891148673E-025
   1.1538461538461537E-003   4.2307692307692307E-003   358.31604841959148        8.6642160181938291E-025
   1.1538461538461537E-003   4.6153846153846149E-003   361.44299314037960        1.8347000093554438E-024
   1.1538461538461537E-003   5.0000000000000001E-003   362.64239340349621        2.4422012502035671E-024
   1.1538461538461537E-003   5.3846153846153844E-003   361.44280077551986        1.8346361142782136E-024
   1.1538461538461537E-003   5.7692307692307696E-003   358.31535166635581        8.6630806353692071E-025
   1.1538461538461537E-003   6.1538461538461538E-003   353.94147298103644        2.9900552552234939E-025
   1.1538461538461537E-003   6.5384615384615381E-003   348.86626922061384        8.5049958868674853E-026
   1.1538461538461537E-003   6.9230769230769233E-003   343.43636952189559        2.1531646451830626E-026
   1.1538461538461537E-003   7.3076923076923076E-003   337.84423082501468        5.0685129273918371E-027
   1.1538461538461537E-003   7.6923076923076927E-003   332.19275533763624        1.1373610984749075E-027
   1.1538461538461537E-003   8.0769230769230770E-003   326.55579794753152        2.4834592654573403E-028
   1.1538461538461537E-003   8.4615384615384613E-003   321.04096906270411        5.4541977631679130E-029
   1.1538461538461537E-003   8.8461538461538456E-003   315.87279198150935        1.2924046384934554E-029
   1.1538461538461537E-003   9.2307692307692299E-003   311.50958056260845        3.8031381255263947E-030
   1.1538461538461537E-003   9.6153846153846159E-003   308.77014407514270        1.7621760953257592E-030

   1.5384615384615385E-003   3.8461538461538462E-004   304.98532635515761        6.9259863190960201E-031
   1.5384615384615385E-003   7.6923076923076923E-004   306.02029535629583        8.7681031910704578E-031
   1.5384615384615385E-003   1.1538461538461537E-003   307.86253131090945        1.3563021580416527E-030
   1.5384615384615385E-003   1.5384615384615385E-003   310.23115847492448        2.4405353043470709E-030
   1.5384615384615385E-003   1.9230769230769232E-003   312.89781558824245        4.8547910472379838E-030
   1.5384615384615385E-003   2.3076923076923075E-003   315.71105851563709        1.0229407249389439E-029
   1.5384615384615385E-003   2.6923076923076922E-003   318.57788885894485        2.2131978671200866E-029
   1.5384615384615385E-003   3.0769230769230769E-003   321.43185392861960        4.8027868105215730E-029
   1.5384615384615385E-003   3.4615384615384616E-003   324.19892012245367        1.0207507789187788E-028
   1.5384615384615385E-003   3.8461538461538464E-003   326.76293012808549        2.0543226793066545E-028
   1.5384615384615385E-003   4.2307692307692307E-003   328.93507349033189        3.7157568031389152E-028
   1.5384615384615385E-003   4.6153846153846149E-003   330.44640987848197        5.6130010848052698E-028
   1.5384615384615385E-003   5.0000000000000001E-003   331.00350662896727        6.5361508451183241E-028
   1.5384615384615385E-003   5.3846153846153844E-003   330.44628258113295        5.6128599883035849E-028
   1.5384615384615385E-003   5.7692307692307696E-003   328.93461566857957        3.7154110494616466E-028
   1.5384615384615385E-003   6.1538461538461538E-003   326.76148240345680        2.0536990669271235E-028
   1.5384615384615385E-003   6.5384615384615381E-003   324.19465144789314        1.0198101092232849E-028
   1.5384615384615385E-003   6.9230769230769233E-003   321.42011378323485        4.7902988773947044E-029
   1.5384615384615385E-003   7.3076923076923076E-003   318.54790363855699        2.1982023678862621E-029
   1.5384615384615385E-003   7.6923076923076927E-003   315.64033910509255        1.0064104214239750E-029
   1.5384615384615385E-003   8.0769230769230770E-003   312.74490218326082        4.6856567337438681E-030
   1.5384615384615385E-003   8.4615384615384613E-003   309.93100911405674        2.2774237614422320E-030
   1.5384615384615385E-003   8.8461538461538456E-003   307.33563565780622        1.2040533852708307E-030
   1.5384615384615385E-003   9.2307692307692299E-003   305.21332527368821        7.3391353631748051E-031
   1.5384615384615385E-003   9.6153846153846159E-003   303.95266246702977        5.5325785259653491E-031

   1.9230769230769232E-003   3.8461538461538462E-004   301.44940549013370        3.5104660328329440E-031
   1.9230769230769232E-003   7.6923076923076923E-004   301.91859439883785        3.7863735811486775E-031
   1.9230769230769232E-003   1.1538461538461537E-003   302.76701739899909        4.3635079173239476E-031
   1.9230769230769232E-003   1.5384615384615385E-003   303.87339282429087        5.3075949272673677E-031
   1.9230769230769232E-003   1.9230769230769232E-003   305.13144342634632        6.7361122011713665E-031
   1.9230769230769232E-003   2.3076923076923075E-003   306.46634895922728        8.8323711032896106E-031
   1.9230769230769232E-003   2.6923076923076922E-003   307.82987215007705        1.1862059733209114E-030
   1.9230769230769232E-003   3.0769230769230769E-003   309.18642289416272        1.6175347576199621E-030
   1.9230769230769232E-003   3.4615384615384616E-003   310.49666107882967        2.2139839006756048E-030
   1.9230769230769232E-003   3.8461538461538464E-003   311.70126557801331        2.9882158635419209E-030
   1.9230769230769232E-003   4.2307692307692307E-003   312.70879717506341        3.8699087189479328E-030
   1.9230769230769232E-003   4.6153846153846149E-003   313.39758263385244        4.6363750014325812E-030
   1.9230769230769232E-003   5.0000000000000001E-003   313.64640741480201        4.9533282197473394E-030
   1.9230769230769232E-003   5.3846153846153844E-003   313.39750791339264        4.6363157049317597E-030
   1.9230769230769232E-003   5.7692307692307696E-003   312.70853053229433        3.8697286130531994E-030
   1.9230769230769232E-003   6.1538461538461538E-003   311.70043086679118        2.9877743786875909E-030
   1.9230769230769232E-003   6.5384615384615381E-003   310.49422937852222        2.2130263662640928E-030
   1.9230769230769232E-003   6.9230769230769233E-003   309.17983070785709        1.6156466171926487E-030
   1.9230769230769232E-003   7.3076923076923076E-003   307.81332656067576        1.1827771928668027E-030
   1.9230769230769232E-003   7.6923076923076927E-003   306.42815152699654        8.7747337457576968E-031
   1.9230769230769232E-003   8.0769230769230770E-003   305.05099559193275        6.6462999113630692E-031
   1.9230769230769232E-003   8.4615384615384613E-003   303.72049732855231        5.1777901444974743E-031
   1.9230769230769232E-003   8.8461538461538456E-003   302.50876423121997        4.1893590108925716E-031
   1.9230769230769232E-003   9.2307692307692299E-003   301.53950747866475        3.5699297419906493E-031
   1.9230769230769232E-003   9.6153846153846159E-003   300.98138056522396        3.2648907117949043E-031

   2.3076923076923075E-003   3.8461538461538462E-004   299.56581726643395        2.7181156465388346E-031
   2.3076923076923075E-003   7.6923076923076923E-004   299.76592203255274        2.7820771036589327E-031
   2.3076923076923075E-003   1.1538461538461537E-003   300.13135301842021        2.9044051621403657E-031
   2.3076923076923075E-003   1.5384615384615385E-003   300.61259309885634        3.0783888182951181E-031
   2.3076923076923075E-003   1.9230769230769232E-003   301.16390907889428        3.2992984436681288E-031
   2.3076923076923075E-003   2.3076923076923075E-003   301.75159204749292        3.5653979409578717E-031
   2.3076923076923075E-003   2.6923076923076922E-003   302.35302428288429        3.8772810551894836E-031
   2.3076923076923075E-003   3.0769230769230769E-003   302.95106316946902        4.2354990437089861E-031
   2.3076923076923075E-003   3.4615384615384616E-003   303.52688917086647        4.6354979212537584E-031
   2.3076923076923075E-003   3.8461538461538464E-003   304.05306099235656        5.0584469282688806E-031
   2.3076923076923075E-003   4.2307692307692307E-003   304.48906085075015        5.4590236296780518E-031
   2.3076923076923075E-003   4.6153846153846149E-003   304.78366750741964        5.7600519303974810E-031
   2.3076923076923075E-003   5.0000000000000001E-003   304.88891302322929        5.8743934349041254E-031
   2.3076923076923075E-003   5.3846153846153844E-003   304.78362821682737        5.7600286949688746E-031
   2.3076923076923075E-003   5.7692307692307696E-003   304.48892175785136        5.4589442781191799E-031
   2.3076923076923075E-003   6.1538461538461538E-003   304.05262998568423        5.0582166489268998E-031
   2.3076923076923075E-003   6.5384615384615381E-003   303.52564842004358        4.6348884333316983E-031
   2.3076923076923075E-003   6.9230769230769233E-003   302.94774594282279        4.2340107260454223E-031
   2.3076923076923075E-003   7.3076923076923076E-003   302.34483301266147        3.8739194206029662E-031
   2.3076923076923075E-003   7.6923076923076927E-003   301.73304159579578        3.5583897488197827E-031
   2.3076923076923075E-003   8.0769230769230770E-003   301.12571479452345        3.2858857966044815E-031
   2.3076923076923075E-003   8.4615384615384613E-003   300.54188813632021        3.0550133676502527E-031
   2.3076923076923075E-003   8.8461538461538456E-003   300.01538410568173        2.8677258403874410E-031
   2.3076923076923075E-003   9.2307692307692299E-003   299.60066137476906        2.7311265422145419E-031
   2.3076923076923075E-003   9.6153846153846159E-003   299.36624901819931        2.6570968925257946E-031

   2.6923076923076922E-003   3.8461538461538462E-004   298.65646612327674        2.4786076916812658E-031
   2.6923076923076922E-003   7.6923076923076923E-004   298.73649934944962        2.4966264757855350E-031
   2.6923076923076922E-003   1.1538461538461537E-003   298.88361631797397        2.5300090770799317E-031
   2.6923076923076922E-003   1.5384615384615385E-003   299.07872563753597        2.5750669957994897E-031
   2.6923076923076922E-003   1.9230769230769232E-003   299.30351878186980        2.6284946170522128E-031
   2.6923076923076922E-003   2.3076923076923075E-003   299.54401407693291        2.6879417146166112E-031
   2.6923076923076922E-003   2.6923076923076922E-003   299.79052015255286        2.7518708596881739E-031
   2.6923076923076922E-003   3.0769230769230769E-003   300.03552624201814        2.8190004895748064E-031
   2.6923076923076922E-003   3.4615384615384616E-003   300.27083498358496        2.8874699737098183E-031
   2.6923076923076922E-003   3.8461538461538464E-003   300.48482318116703        2.9537698442646164E-031
   2.6923076923076922E-003   4.2307692307692307E-003   300.66091314475659        3.0117384170920767E-031
   2.6923076923076922E-003   4.6153846153846149E-003   300.77894438505302        3.0526133215856918E-031
   2.6923076923076922E-003   5.0000000000000001E-003   300.82082666966363        3.0675693470593871E-031
   2.6923076923076922E-003   5.3846153846153844E-003   300.77892570627887        3.0526100285991742E-031
   2.6923076923076922E-003   5.7692307692307696E-003   300.66084753964765        3.0117265815116965E-031
   2.6923076923076922E-003   6.1538461538461538E-003   300.48462189814910        2.9537328626164342E-031
   2.6923076923076922E-003   6.5384615384615381E-003   300.27026209902516        2.8873632512335142E-031
   2.6923076923076922E-003   6.9230769230769233E-003   300.03401431639548        2.8187150387097063E-031
   2.6923076923076922E-003   7.3076923076923076E-003   299.78684161077734        2.7511653064015978E-031
   2.6923076923076922E-003   7.6923076923076927E-003   299.53582328746927        2.6863397268579175E-031
   2.6923076923076922E-003   8.0769230769230770E-003   299.28697556376466        2.6251820934221214E-031
   2.6923076923076922E-003   8.4615384615384613E-003   299.04874856488055        2.5689011249857530E-031
   2.6923076923076922E-003   8.8461538461538456E-003   298.83554744718293        2.5198348233566859E-031
   2.6923076923076922E-003   9.2307692307692299E-003   298.66944209624739        2.4820455613132871E-031
   2.6923076923076922E-003   9.6153846153846159E-003   298.57666014372359        2.4609327271463532E-031

   3.0769230769230769E-003   3.8461538461538462E-004   298.25527097234919        2.3989952158767171E-031
   3.0769230769230769E-003   7.6923076923076923E-004   298.28527144367047        2.4043978022871019E-031
   3.0769230769230769E-003   1.1538461538461537E-003   298.34067155498326        2.4143187136784934E-031
   3.0769230769230769E-003   1.5384615384615385E-003   298.41452816681260        2.4274913444169978E-031
   3.0769230769230769E-003   1.9230769230769232E-003   298.49999642946113        2.4427500433057629E-031
   3.0769230769230769E-003   2.3076923076923075E-003   298.59170218544637        2.4592473401632982E-031
   3.0769230769230769E-003   2.6923076923076922E-003   298.68582003764283        2.4764237937713988E-031
   3.0769230769230769E-003   3.0769230769230769E-003   298.77933023244759        2.4938463986445880E-031
   3.0769230769230769E-003   3.4615384615384616E-003   298.86895331104267        2.5109915374327490E-031
   3.0769230769230769E-003   3.8461538461538464E-003   298.95014613677608        2.5270108797860009E-031
   3.0769230769230769E-003   4.2307692307692307E-003   299.01660800201233        2.5405567980183193E-031
   3.0769230769230769E-003   4.6153846153846149E-003   299.06090058708185        2.5498490020241128E-031
   3.0769230769230769E-003   5.0000000000000001E-003   299.07654845296088        2.5531923437194205E-031
   3.0769230769230769E-003   5.3846153846153844E-003   299.06089249252045        2.5498481637059363E-031
   3.0769230769230769E-003   5.7692307692307696E-003   299.01657978736512        2.5405537384684481E-031
   3.0769230769230769E-003   6.1538461538461538E-003   298.95006038709147        2.5270010958747003E-031
   3.0769230769230769E-003   6.5384615384615381E-003   298.86871184441810        2.5109625254319228E-031
   3.0769230769230769E-003   6.9230769230769233E-003   298.77870051500958        2.4937666167204110E-031
   3.0769230769230769E-003   7.3076923076923076E-003   298.68430817216307        2.4762214160762920E-031
   3.0769230769230769E-003   7.6923076923076927E-003   298.58838528978379        2.4587773910696907E-031
   3.0769230769230769E-003   8.0769230769230770E-003   298.49340548078021        2.4417608448129311E-031
   3.0769230769230769E-003   8.4615384615384613E-003   298.40279181563147        2.4256275779446241E-031
   3.0769230769230769E-003   8.8461538461538456E-003   298.32218173776562        2.4112254315642811E-031
   3.0769230769230769E-003   9.2307692307692299E-003   298.25988158409137        2.3999653693365927E-031
   3.0769230769230769E-003   9.6153846153846159E-003   298.22535944727122        2.3936387229726960E-031

   3.4615384615384616E-003   3.8461538461538462E-004   298.09243468701845        2.3723244503799277E-031
   3.4615384615384616E-003   7.6923076923076923E-004   298.10298379637629        2.3739404270748999E-031
   3.4615384615384616E-003   1.1538461538461537E-003   298.12252964153345        2.3769064200723880E-031
   3.4615384615384616E-003   1.5384615384615385E-003   298.14869095299059        2.3808333788952356E-031
   3.4615384615384616E-003   1.9230769230769232E-003   298.17907077011330        2.3853554004924836E-031
   3.4615384615384616E-003   2.3076923076923075E-003   298.21174518184841        2.3902015001790969E-031
   3.4615384615384616E-003   2.6923076923076922E-003   298.24531438674194        2.3951909365407972E-031
   3.4615384615384616E-003   3.0769230769230769E-003   298.27865634089585        2.4001864289431272E-031
   3.4615384615384616E-003   3.4615384615384616E-003   298.31055764598204        2.4050318675340948E-031
   3.4615384615384616E-003   3.8461538461538464E-003   298.33936969132856        2.4094898978869267E-031
   3.4615384615384616E-003   4.2307692307692307E-003   298.36285779743281        2.4132019803343050E-031
   3.4615384615384616E-003   4.6153846153846149E-003   298.37844418270532        2.4157143376475128E-031
   3.4615384615384616E-003   5.0000000000000001E-003   298.38393379118821        2.4166105207043570E-031
   3.4615384615384616E-003   5.3846153846153844E-003   298.37844096171614        2.4157140750535842E-031
   3.4615384615384616E-003   5.7692307692307696E-003   298.36284665152829        2.4132010226345303E-031
   3.4615384615384616E-003   6.1538461538461538E-003   298.33933611826495        2.4094868328300716E-031
   3.4615384615384616E-003   6.5384615384615381E-003   298.31046404021714        2.4050227656469774E-031
   3.4615384615384616E-003   6.9230769230769233E-003   298.27841487231183        2.4001613787521323E-031
   3.4615384615384616E-003   7.3076923076923076E-003   298.24474152187588        2.3951274421677015E-031
   3.4615384615384616E-003   7.6923076923076927E-003   298.21050455292976        2.3900544914493282E-031
   3.4615384615384616E-003   8.0769230769230770E-003   298.17663953613709        2.3850476390197047E-031
   3.4615384615384616E-003   8.4615384615384613E-003   298.14442371158015        2.3802580989176353E-031
   3.4615384615384616E-003   8.8461538461538456E-003   298.11590087794184        2.3759610298515388E-031
   3.4615384615384616E-003   9.2307692307692299E-003   298.09399038059155        2.3725996168205700E-031
   3.4615384615384616E-003   9.6153846153846159E-003   298.08191790867068        2.3707160136218031E-031

   3.8461538461538464E-003   3.8461538461538462E-004   298.03128554691079        2.3636753915219871E-031
   3.8461538461538464E-003   7.6923076923076923E-004   298.03477116132706        2.3641437539267947E-031
   3.8461538461538464E-003   1.1538461538461537E-003   298.04124594107697        2.3650052271185990E-031
   3.8461538461538464E-003   1.5384615384615385E-003   298.04993922843943        2.3661478209406242E-031
   3.8461538461538464E-003   1.9230769230769232E-003   298.06006266660739        2.3674639892051651E-031
   3.8461538461538464E-003   2.3076923076923075E-003   298.07097207812922        2.3688723935216118E-031
   3.8461538461538464E-003   2.6923076923076922E-003   298.08219012514161        2.3703177662989834E-031
   3.8461538461538464E-003   3.0769230769230769E-003   298.09332923856516        2.3717579323507423E-031
   3.8461538461538464E-003   3.4615384615384616E-003   298.10397180927424        2.3731460920439491E-031
   3.8461538461538464E-003   3.8461538461538464E-003   298.11355966311180        2.3744136470088848E-031
   3.8461538461538464E-003   4.2307692307692307E-003   298.12135038697727        2.3754604171674741E-031
   3.8461538461538464E-003   4.6153846153846149E-003   298.12650321139029        2.3761634524408957E-031
   3.8461538461538464E-003   5.0000000000000001E-003   298.12831399836426        2.3764129596506498E-031
   3.8461538461538464E-003   5.3846153846153844E-003   298.12650202691083        2.3761633670475356E-031
   3.8461538461538464E-003   5.7692307692307696E-003   298.12134631634422        2.3754601078256542E-031
   3.8461538461538464E-003   6.1538461538461538E-003   298.11354750436669        2.3744126644438453E-031
   3.8461538461538464E-003   6.5384615384615381E-003   298.10393822013936        2.3731431977369445E-031
   3.8461538461538464E-003   6.9230769230769233E-003   298.09324344881168        2.3717500378166404E-031
   3.8461538461538464E-003   7.3076923076923076E-003   298.08198876105456        2.3702979591798622E-031
   3.8461538461538464E-003   7.6923076923076927E-003   298.07054093512880        2.3688270620214038E-031
   3.8461538461538464E-003   8.0769230769230770E-003   298.05922778874367        2.3673703047346671E-031
   3.8461538461538464E-003   8.4615384615384613E-003   298.04849145815876        2.3659751122188929E-031
   3.8461538461538464E-003   8.8461538461538456E-003   298.03902253477287        2.3647253303900215E-031
   3.8461538461538464E-003   9.2307692307692299E-003   298.03178303705118        2.3637516213992522E-031
   3.8461538461538464E-003   9.6153846153846159E-003   298.02781089470744        2.3632086070782179E-031

   4.2307692307692307E-003   3.8461538461538462E-004   298.00993268264796        2.3610047533765107E-031
   4.2307692307692307E-003   7.6923076923076923E-004   298.01101725069572        2.3611347624202695E-031
   4.2307692307692307E-003   1.1538461538461537E-003   298.01303595258298        2.3613745264003416E-031
   4.2307692307692307E-003   1.5384615384615385E-003   298.01575314622181        2.3616934752800408E-031
   4.2307692307692307E-003   1.9230769230769232E-003   298.01892466381355        2.3620617003325840E-031
   4.2307692307692307E-003   2.3076923076923075E-003   298.02234802964358        2.3624561159569821E-031
   4.2307692307692307E-003   2.6923076923076922E-003   298.02587087209912        2.3628607115131725E-031
   4.2307692307692307E-003   3.0769230769230769E-003   298.02936811840277        2.3632631180732445E-031
   4.2307692307692307E-003   3.4615384615384616E-003   298.03270542219065        2.3636497631307253E-031
   4.2307692307692307E-003   3.8461538461538464E-003   298.03570570644541        2.3640012560527576E-031
   4.2307692307692307E-003   4.2307692307692307E-003   298.03813715742234        2.3642900056179403E-031
   4.2307692307692307E-003   4.6153846153846149E-003   298.03974114704073        2.3644829541872403E-031
   4.2307692307692307E-003   5.0000000000000001E-003   298.04030384826592        2.3645511998226373E-031
   4.2307692307692307E-003   5.3846153846153844E-003   298.03974074221327        2.3644829272253755E-031
   4.2307692307692307E-003   5.7692307692307696E-003   298.03813577521089        2.3642899087795529E-031
   4.2307692307692307E-003   6.1538461538461538E-003   298.03570161029654        2.3640009515550408E-031
   4.2307692307692307E-003   6.5384615384615381E-003   298.03269420273921        2.3636488759121094E-031
   4.2307692307692307E-003   6.9230769230769233E-003   298.02933972276645        2.3632607263577871E-031
   4.2307692307692307E-003   7.3076923076923076E-003   298.02580486187509        2.3628547863532317E-031
   4.2307692307692307E-003   7.6923076923076927E-003   298.02220811399837        2.3624427381499837E-031
   4.2307692307692307E-003   8.0769230769230770E-003   298.01865651981996        2.3620344446852136E-031
   4.2307692307692307E-003   8.4615384615384613E-003   298.01529289630724        2.3616439514869039E-031
   4.2307692307692307E-003   8.8461538461538456E-003   298.01233578503133        2.3612953642234368E-031
   4.2307692307692307E-003   9.2307692307692299E-003   298.01008341949580        2.3610251217623810E-031
   4.2307692307692307E-003   9.6153846153846159E-003   298.00885159567844        2.3608751341037035E-031

   4.6153846153846149E-003   3.8461538461538462E-004   298.00296790444850        2.3602236347684776E-031
   4.6153846153846149E-003   7.6923076923076923E-004   298.00328645370183        2.3602580703364141E-031
   4.6153846153846149E-003   1.1538461538461537E-003   298.00388032854278        2.3603217351575336E-031
   4.6153846153846149E-003   1.5384615384615385E-003   298.00468134265429        2.3604066805082343E-031
   4.6153846153846149E-003   1.9230769230769232E-003   298.00561810003131        2.3605050040943200E-031
   4.6153846153846149E-003   2.3076923076923075E-003   298.00663065805543        2.3606104935432249E-031
   4.6153846153846149E-003   2.6923076923076922E-003   298.00767330625155        2.3607187558936597E-031
   4.6153846153846149E-003   3.0769230769230769E-003   298.00870817060775        2.3608263510280860E-031
   4.6153846153846149E-003   3.4615384615384616E-003   298.00969467963205        2.3609295277489594E-031
   4.6153846153846149E-003   3.8461538461538464E-003   298.01057999731233        2.3610230340571011E-031
   4.6153846153846149E-003   4.2307692307692307E-003   298.01129588445491        2.3610995547478220E-031
   4.6153846153846149E-003   4.6153846153846149E-003   298.01176714544687        2.3611504956969388E-031
   4.6153846153846149E-003   5.0000000000000001E-003   298.01193224511474        2.3611684686492957E-031
   4.6153846153846149E-003   5.3846153846153844E-003   298.01176701620795        2.3611504876162396E-031
   4.6153846153846149E-003   5.7692307692307696E-003   298.01129544590282        2.3610995259779756E-031
   4.6153846153846149E-003   6.1538461538461538E-003   298.01057870727072        2.3610229445334606E-031
   4.6153846153846149E-003   6.5384615384615381E-003   298.00969117417827        2.3609292698208988E-031
   4.6153846153846149E-003   6.9230769230769233E-003   298.00869937253827        2.3608256639858175E-031
   4.6153846153846149E-003   7.3076923076923076E-003   298.00765303172210        2.3607170752262506E-031
   4.6153846153846149E-003   7.6923076923076927E-003   298.00658806962304        2.3606067488149480E-031
   4.6153846153846149E-003   8.0769230769230770E-003   298.00553721932238        2.3604974774596052E-031
   4.6153846153846149E-003   8.4615384615384613E-003   298.00454373602167        2.3603931866470174E-031
   4.6153846153846149E-003   8.8461538461538456E-003   298.00367265412842        2.3603004311869655E-031
   4.6153846153846149E-003   9.2307692307692299E-003   298.00301120988252        2.3602288580243308E-031
   4.6153846153846149E-003   9.6153846153846159E-003   298.00265039431150        2.3601893002787589E-031

   5.0000000000000001E-003   3.8461538461538462E-004   298.00083723670633        2.3600072877583441E-031
   5.0000000000000001E-003   7.6923076923076923E-004   298.00092576776132        2.3600159883475321E-031
   5.0000000000000001E-003   1.1538461538461537E-003   298.00109103860177        2.3600321090941403E-031
   5.0000000000000001E-003   1.5384615384615385E-003   298.00131434191735        2.3600536766376992E-031
   5.0000000000000001E-003   1.9230769230769232E-003   298.00157591849711        2.3600787022135077E-031
   5.0000000000000001E-003   2.3076923076923075E-003   298.00185900253825        2.3601055969871303E-031
   5.0000000000000001E-003   2.6923076923076922E-003   298.00215066119563        2.3601332176030377E-031
   5.0000000000000001E-003   3.0769230769230769E-003   298.00244009122849        2.3601606571901966E-031
   5.0000000000000001E-003   3.4615384615384616E-003   298.00271574769414        2.3601869312049496E-031
   5.0000000000000001E-003   3.8461538461538464E-003   298.00296275268329        2.3602106844025363E-031
   5.0000000000000001E-003   4.2307692307692307E-003   298.00316211399229        2.3602300631645213E-031
   5.0000000000000001E-003   4.6153846153846149E-003   298.00329312078406        2.3602429253601729E-031
   5.0000000000000001E-003   5.0000000000000001E-003   298.00333896611386        2.3602474545442398E-031
   5.0000000000000001E-003   5.3846153846153844E-003   298.00329308207364        2.3602429230734596E-031
   5.0000000000000001E-003   5.7692307692307696E-003   298.00316198339823        2.3602300550914539E-031
   5.0000000000000001E-003   6.1538461538461538E-003   298.00296237120062        2.3602106595331262E-031
   5.0000000000000001E-003   6.5384615384615381E-003   298.00271471875453        2.3601868603218975E-031
   5.0000000000000001E-003   6.9230769230769233E-003   298.00243752866754        2.3601604705110452E-031
   5.0000000000000001E-003   7.3076923076923076E-003   298.00214480287082        2.3601327663243103E-031
   5.0000000000000001E-003   7.6923076923076927E-003   298.00184679606076        2.3601046037022171E-031
   5.0000000000000001E-003   8.0769230769230770E-003   298.00155292305107        2.3600767302506364E-031
   5.0000000000000001E-003   8.4615384615384613E-003   298.00127551846271        2.3600501833432558E-031
   5.0000000000000001E-003   8.8461538461538456E-003   298.00103284586459        2.3600266534118590E-031
   5.0000000000000001E-003   9.2307692307692299E-003   298.00084904853622        2.3600085713977046E-031
   5.0000000000000001E-003   9.6153846153846159E-003   298.00074899821129        2.3599986129589184E-031

   5.3846153846153844E-003   3.8461538461538462E-004   298.00022362780197        2.3599504528789004E-031
   5.3846153846153844E-003   7.6923076923076923E-004   298.00024696572694        2.3599525519871620E-031
   5.3846153846153844E-003   1.1538461538461537E-003   298.00029058269769        2.3599564485466276E-031
   5.3846153846153844E-003   1.5384615384615385E-003   298.00034960274695        2.3599616740138827E-031
   5.3846153846153844E-003   1.9230769230769232E-003   298.00041883750356        2.3599677506520868E-031
   5.3846153846153844E-003   2.3076923076923075E-003   298.00049384403280        2.3599742913799408E-031
   5.3846153846153844E-003   2.6923076923076922E-003   298.00057116035237        2.3599810132751904E-031
   5.3846153846153844E-003   3.0769230769230769E-003   298.00064787378989        2.3599876893388070E-031
   5.3846153846153844E-003   3.4615384615384616E-003   298.00072087833348        2.3599940740001439E-031
   5.3846153846153844E-003   3.8461538461538464E-003   298.00078620817021        2.3599998341684443E-031
   5.3846153846153844E-003   4.2307692307692307E-003   298.00083885224075        2.3600045214102724E-031
   5.3846153846153844E-003   4.6153846153846149E-003   298.00087339478461        2.3600076247364050E-031
   5.3846153846153844E-003   5.0000000000000001E-003   298.00088547155082        2.3600087157726284E-031
   5.3846153846153844E-003   5.3846153846153844E-003   298.00087338386271        2.3600076241250023E-031
   5.3846153846153844E-003   5.7692307692307696E-003   298.00083881559766        2.3600045192686487E-031
   5.3846153846153844E-003   6.1538461538461538E-003   298.00078610183408        2.3599998276334854E-031
   5.3846153846153844E-003   6.5384615384615381E-003   298.00072059351106        2.3599940555618044E-031
   5.3846153846153844E-003   6.9230769230769233E-003   298.00064716951943        2.3599876412897093E-031
   5.3846153846153844E-003   7.3076923076923076E-003   298.00056956205844        2.3599808983831090E-031
   5.3846153846153844E-003   7.6923076923076927E-003   298.00049053824767        2.3599740412976614E-031
   5.3846153846153844E-003   8.0769230769230770E-003   298.00041265465700        2.3599672596407527E-031
   5.3846153846153844E-003   8.4615384615384613E-003   298.00033923489775        2.3599608133803023E-031
   5.3846153846153844E-003   8.8461538461538456E-003   298.00027513442586        2.3599551171119240E-031
   5.3846153846153844E-003   9.2307692307692299E-003   298.00022669149166        2.3599507552147517E-031
   5.3846153846153844E-003   9.6153846153846159E-003   298.00020036780859        2.3599483600974728E-031

   5.7692307692307696E-003   3.8461538461538462E-004   298.00005671002162        2.3599362601648157E-031
   5.7692307692307696E-003   7.6923076923076923E-004   298.00006255919078        2.3599367444519342E-031
   5.7692307692307696E-003   1.1538461538461537E-003   298.00007350157870        2.3599376448742463E-031
   5.7692307692307696E-003   1.5384615384615385E-003   298.00008832735489        2.3599388548786021E-031
   5.7692307692307696E-003   1.9230769230769232E-003   298.00010574091868        2.3599402647226780E-031
   5.7692307692307696E-003   2.3076923076923075E-003   298.00012462382239        2.3599417843803344E-031
   5.7692307692307696E-003   2.6923076923076922E-003   298.00014409670138        2.3599433471321723E-031
   5.7692307692307696E-003   3.0769230769230769E-003   298.00016341500009        2.3599448988957652E-031
   5.7692307692307696E-003   3.4615384615384616E-003   298.00018178625919        2.3599463813425443E-031
   5.7692307692307696E-003   3.8461538461538464E-003   298.00019820696963        2.3599477163783196E-031
   5.7692307692307696E-003   4.2307692307692307E-003   298.00021142055272        2.3599488003211548E-031
   5.7692307692307696E-003   4.6153846153846149E-003   298.00022007951480        2.3599495164596991E-031
   5.7692307692307696E-003   5.0000000000000001E-003   298.00022310444746        2.3599497678949501E-031
   5.7692307692307696E-003   5.3846153846153844E-003   298.00022007660175        2.3599495163048434E-031
   5.7692307692307696E-003   5.7692307692307696E-003   298.00021141083084        2.3599487997827308E-031
   5.7692307692307696E-003   6.1538461538461538E-003   298.00019817893252        2.3599477147498715E-031
   5.7692307692307696E-003   6.5384615384615381E-003   298.00018171165169        2.3599463767910839E-031
   5.7692307692307696E-003   6.9230769230769233E-003   298.00016323175186        2.3599448871505386E-031
   5.7692307692307696E-003   7.3076923076923076E-003   298.00014368363941        2.3599433193282975E-031
   5.7692307692307696E-003   7.6923076923076927E-003   298.00012377521654        2.3599417244707258E-031
   5.7692307692307696E-003   8.0769230769230770E-003   298.00010416410129        2.3599401482648641E-031
   5.7692307692307696E-003   8.4615384615384613E-003   298.00008569924472        2.3599386526722405E-031
   5.7692307692307696E-003   8.8461538461538456E-003   298.00006960614576        2.3599373346431436E-031
   5.7692307692307696E-003   9.2307692307692299E-003   298.00005746701771        2.3599363284613900E-031
   5.7692307692307696E-003   9.6153846153846159E-003   298.00005088054951        2.3599357773615330E-031

   6.1538461538461538E-003   3.8461538461538462E-004   298.00001368816243        2.3599328834187998E-031
   6.1538461538461538E-003   7.6923076923076923E-004   298.00001508506608        2.3599329904340976E-031
   6.1538461538461538E-003   1.1538461538461537E-003   298.00001770057668        2.3599331896824294E-031
   6.1538461538461538E-003   1.5384615384615385E-003   298.00002124836101        2.3599334579218090E-031
   6.1538461538461538E-003   1.9230769230769232E-003   298.00002542006098        2.3599337710037979E-031
   6.1538461538461538E-003   2.3076923076923075E-003   298.00002994755954        2.3599341088993183E-031
   6.1538461538461538E-003   2.6923076923076922E-003   298.00003461834598        2.3599344565794814E-031
   6.1538461538461538E-003   3.0769230769230769E-003   298.00003925145847        2.3599348017501292E-031
   6.1538461538461538E-003   3.4615384615384616E-003   298.00004365462547        2.3599351311878298E-031
   6.1538461538461538E-003   3.8461538461538464E-003   298.00004758617240        2.3599354273925853E-031
   6.1538461538461538E-003   4.2307692307692307E-003   298.00005074592127        2.3599356674170007E-031
   6.1538461538461538E-003   4.6153846153846149E-003   298.00005281418942        2.3599358257053626E-031
   6.1538461538461538E-003   5.0000000000000001E-003   298.00005353621879        2.3599358812162862E-031
   6.1538461538461538E-003   5.3846153846153844E-003   298.00005281345238        2.3599358256680487E-031
   6.1538461538461538E-003   5.7692307692307696E-003   298.00005074347422        2.3599356672882888E-031
   6.1538461538461538E-003   6.1538461538461538E-003   298.00004757915798        2.3599354270066296E-031
   6.1538461538461538E-003   6.5384615384615381E-003   298.00004363607468        2.3599351301186553E-031
   6.1538461538461538E-003   6.9230769230769233E-003   298.00003920618042        2.3599347990161363E-031
   6.1538461538461538E-003   7.3076923076923076E-003   298.00003451692544        2.3599344501671488E-031
   6.1538461538461538E-003   7.6923076923076927E-003   298.00002974048903        2.3599340952099202E-031
   6.1538461538461538E-003   8.0769230769230770E-003   298.00002503758623        2.3599337446325282E-031
   6.1538461538461538E-003   8.4615384615384613E-003   298.00002061437084        2.3599334125188419E-031
   6.1538461538461538E-003   8.8461538461538456E-003   298.00001676525915        2.3599331205347261E-031
   6.1538461538461538E-003   9.2307692307692299E-003   298.00001386666958        2.3599328982309322E-031
   6.1538461538461538E-003   9.6153846153846159E-003   298.00001229599422        2.3599327767360568E-031

   6.5384615384615381E-003   3.8461538461538462E-004   298.00000315209468        2.3599321162794400E-031
   6.5384615384615381E-003   7.6923076923076923E-004   298.00000347066504        2.3599321389654707E-031
   6.5384615384615381E-003   1.1538461538461537E-003   298.00000406759847        2.3599321812556464E-031
   6.5384615384615381E-003   1.5384615384615385E-003   298.00000487812957        2.3599322382806164E-031
   6.5384615384615381E-003   1.9230769230769232E-003   298.00000583216087        2.3599323049417029E-031
   6.5384615384615381E-003   2.3076923076923075E-003   298.00000686834665        2.3599323769681821E-031
   6.5384615384615381E-003   2.6923076923076922E-003   298.00000793770738        2.3599324511196962E-031
   6.5384615384615381E-003   3.0769230769230769E-003   298.00000899831753        2.3599325247234905E-031
   6.5384615384615381E-003   3.4615384615384616E-003   298.00001000570268        2.3599325949118695E-031
   6.5384615384615381E-003   3.8461538461538464E-003   298.00001090433722        2.3599326579292883E-031
   6.5384615384615381E-003   4.2307692307692307E-003   298.00001162575722        2.3599327089056941E-031
   6.5384615384615381E-003   4.6153846153846149E-003   298.00001209750087        2.3599327424688036E-031
   6.5384615384615381E-003   5.0000000000000001E-003   298.00001226208474        2.3599327542273810E-031
   6.5384615384615381E-003   5.3846153846153844E-003   298.00001209732363        2.3599327424602215E-031
   6.5384615384615381E-003   5.7692307692307696E-003   298.00001162517140        2.3599327088763154E-031
   6.5384615384615381E-003   6.1538461538461538E-003   298.00001090266687        2.3599326578420211E-031
   6.5384615384615381E-003   6.5384615384615381E-003   298.00001000131192        2.3599325946721870E-031
   6.5384615384615381E-003   6.9230769230769233E-003   298.00000898766444        2.3599325241158849E-031
   6.5384615384615381E-003   7.3076923076923076E-003   298.00000791398537        2.3599324497068848E-031
   6.5384615384615381E-003   7.6923076923076927E-003   298.00000682019254        2.3599323739775987E-031
   6.5384615384615381E-003   8.0769230769230770E-003   298.00000574370313        2.3599322992279250E-031
   6.5384615384615381E-003   8.4615384615384613E-003   298.00000473223383        2.3599322285180953E-031
   6.5384615384615381E-003   8.8461538461538456E-003   298.00000385326973        2.3599321664850077E-031
   6.5384615384615381E-003   9.2307692307692299E-003   298.00000319234050        2.3599321193671561E-031
   6.5384615384615381E-003   9.6153846153846159E-003   298.00000283460969        2.3599320936645694E-031

   6.9230769230769233E-003   3.8461538461538462E-004   298.00000069401290        2.3599319495174617E-031
   6.9230769230769233E-003   7.6923076923076923E-004   298.00000076352910        2.3599319541383349E-031
   6.9230769230769233E-003   1.1538461538461537E-003   298.00000089387692        2.3599319627615556E-031
   6.9230769230769233E-003   1.5384615384615385E-003   298.00000107102966        2.3599319744060634E-031
   6.9230769230769233E-003   1.9230769230769232E-003   298.00000127973738        2.3599319880372849E-031
   6.9230769230769233E-003   2.3076923076923075E-003   298.00000150657513        2.3599320027809100E-031
   6.9230769230769233E-003   2.6923076923076922E-003   298.00000174075160        2.3599320179668892E-031
   6.9230769230769233E-003   3.0769230769230769E-003   298.00000197298664        2.3599320330383052E-031
   6.9230769230769233E-003   3.4615384615384616E-003   298.00000219344980        2.3599320473990764E-031
   6.9230769230769233E-003   3.8461538461538464E-003   298.00000238994335        2.3599320602759264E-031
   6.9230769230769233E-003   4.2307692307692307E-003   298.00000254752860        2.3599320706761017E-031
   6.9230769230769233E-003   4.6153846153846149E-003   298.00000265048209        2.3599320775139328E-031
   6.9230769230769233E-003   5.0000000000000001E-003   298.00000268638087        2.3599320799073375E-031
   6.9230769230769233E-003   5.3846153846153844E-003   298.00000265044122        2.3599320775120464E-031
   6.9230769230769233E-003   5.7692307692307696E-003   298.00000254739462        2.3599320706696942E-031
   6.9230769230769233E-003   6.1538461538461538E-003   298.00000238956392        2.3599320602570679E-031
   6.9230769230769233E-003   6.5384615384615381E-003   298.00000219245788        2.3599320473476514E-031
   6.9230769230769233E-003   6.9230769230769233E-003   298.00000197059393        2.3599320329090438E-031
   6.9230769230769233E-003   7.3076923076923076E-003   298.00000173545311        2.3599320176687428E-031
   6.9230769230769233E-003   7.6923076923076927E-003   298.00000149587743        2.3599320021549386E-031
   6.9230769230769233E-003   8.0769230769230770E-003   298.00000126018625        2.3599319868504153E-031
   6.9230769230769233E-003   8.4615384615384613E-003   298.00000103893126        2.3599319723921523E-031
   6.9230769230769233E-003   8.8461538461538456E-003   298.00000084690441        2.3599319597324563E-031
   6.9230769230769233E-003   9.2307692307692299E-003   298.00000070270352        2.3599319501368781E-031
   6.9230769230769233E-003   9.6153846153846159E-003   298.00000062473458        2.3599319449111743E-031

   7.3076923076923076E-003   3.8461538461538462E-004   298.00000014639573        2.3599319147629638E-031
   7.3076923076923076E-003   7.6923076923076923E-004   298.00000016093804        2.3599319156686620E-031
   7.3076923076923076E-003   1.1538461538461537E-003   298.00000018822283        2.3599319173604720E-031
   7.3076923076923076E-003   1.5384615384615385E-003   298.00000022533618        2.3599319196479836E-031
   7.3076923076923076E-003   1.9230769230769232E-003   298.00000026909692        2.3599319223291952E-031
   7.3076923076923076E-003   2.3076923076923075E-003   298.00000031668975        2.3599319252319775E-031
   7.3076923076923076E-003   2.6923076923076922E-003   298.00000036583702        2.3599319282231498E-031
   7.3076923076923076E-003   3.0769230769230769E-003   298.00000041457167        2.3599319311913859E-031
   7.3076923076923076E-003   3.4615384615384616E-003   298.00000046081340        2.3599319340175426E-031
   7.3076923076923076E-003   3.8461538461538464E-003   298.00000050199486        2.3599319365487260E-031
   7.3076923076923076E-003   4.2307692307692307E-003   298.00000053499133        2.3599319385901726E-031
   7.3076923076923076E-003   4.6153846153846149E-003   298.00000055653072        2.3599319399306350E-031
   7.3076923076923076E-003   5.0000000000000001E-003   298.00000056403763        2.3599319403994924E-031
   7.3076923076923076E-003   5.3846153846153844E-003   298.00000055652174        2.3599319399302282E-031
   7.3076923076923076E-003   5.7692307692307696E-003   298.00000053496188        2.3599319385888436E-031
   7.3076923076923076E-003   6.1538461538461538E-003   298.00000050191238        2.3599319365448282E-031
   7.3076923076923076E-003   6.5384615384615381E-003   298.00000046059915        2.3599319340069208E-031
   7.3076923076923076E-003   6.9230769230769233E-003   298.00000041405747        2.3599319311649802E-031
   7.3076923076923076E-003   7.3076923076923076E-003   298.00000036470431        2.3599319281628125E-031
   7.3076923076923076E-003   7.6923076923076927E-003   298.00000031441442        2.3599319251062014E-031
   7.3076923076923076E-003   8.0769230769230770E-003   298.00000026495849        2.3599319220923749E-031
   7.3076923076923076E-003   8.4615384615384613E-003   298.00000021857073        2.3599319192487037E-031
   7.3076923076923076E-003   8.8461538461538456E-003   298.00000017835754        2.3599319167631273E-031
   7.3076923076923076E-003   9.2307692307692299E-003   298.00000014819631        2.3599319148826943E-031
   7.3076923076923076E-003   9.6153846153846159E-003   298.00000013190356        2.3599319138600726E-031

   7.6923076923076927E-003   3.8461538461538462E-004   298.00000002964163        2.3599319078063091E-031
   7.6923076923076927E-003   7.6923076923076923E-004   298.00000003256309        2.3599319079773652E-031
   7.6923076923076927E-003   1.1538461538461537E-003   298.00000003804774        2.3599319082971849E-031
   7.6923076923076927E-003   1.5384615384615385E-003   298.00000004551401        2.3599319087301025E-031
   7.6923076923076927E-003   1.9230769230769232E-003   298.00000005432429        2.3599319092381918E-031
   7.6923076923076927E-003   2.3076923076923075E-003   298.00000006391184        2.3599319097887375E-031
   7.6923076923076927E-003   2.6923076923076922E-003   298.00000007381544        2.3599319103562388E-031
   7.6923076923076927E-003   3.0769230769230769E-003   298.00000008363480        2.3599319109193191E-031
   7.6923076923076927E-003   3.4615384615384616E-003   298.00000009294763        2.3599319114551073E-031
   7.6923076923076927E-003   3.8461538461538464E-003   298.00000010123523        2.3599319119344333E-031
   7.6923076923076927E-003   4.2307692307692307E-003   298.00000010786982        2.3599319123205352E-031
   7.6923076923076927E-003   4.6153846153846149E-003   298.00000011219765        2.3599319125737814E-031
   7.6923076923076927E-003   5.0000000000000001E-003   298.00000011370531        2.3599319126622887E-031
   7.6923076923076927E-003   5.3846153846153844E-003   298.00000011219566        2.3599319125736982E-031
   7.6923076923076927E-003   5.7692307692307696E-003   298.00000010786380        2.3599319123202747E-031
   7.6923076923076927E-003   6.1538461538461538E-003   298.00000010121784        2.3599319119336336E-031
   7.6923076923076927E-003   6.5384615384615381E-003   298.00000009290318        2.3599319114529694E-031
   7.6923076923076927E-003   6.9230769230769233E-003   298.00000008352873        2.3599319109141194E-031
   7.6923076923076927E-003   7.3076923076923076E-003   298.00000007358312        2.3599319103444583E-031
   7.6923076923076927E-003   7.6923076923076927E-003   298.00000006344777        2.3599319097644236E-031
   7.6923076923076927E-003   8.0769230769230770E-003   298.00000005348380        2.3599319091927079E-031
   7.6923076923076927E-003   8.4615384615384613E-003   298.00000004414517        2.3599319086538937E-031
   7.6923076923076927E-003   8.8461538461538456E-003   298.00000003605834        2.3599319081837537E-031
   7.6923076923076927E-003   9.2307692307692299E-003   298.00000002999997        2.3599319078286401E-031
   7.6923076923076927E-003   9.6153846153846159E-003   298.00000002672971        2.3599319076356910E-031

   8.0769230769230770E-003   3.8461538461538462E-004   298.00000000577131        2.3599319064666753E-031
   8.0769230769230770E-003   7.6923076923076923E-004   298.00000000633560        2.3599319064978139E-031
   8.0769230769230770E-003   1.1538461538461537E-003   298.00000000739601        2.3599319065561254E-031
   8.0769230769230770E-003   1.5384615384615385E-003   298.00000000884074        2.3599319066351788E-031
   8.0769230769230770E-003   1.9230769230769232E-003   298.00000001054661        2.3599319067280319E-031
   8.0769230769230770E-003   2.3076923076923075E-003   298.00000001240431        2.3599319068287664E-031
   8.0769230769230770E-003   2.6923076923076922E-003   298.00000001432392        2.3599319069326157E-031
   8.0769230769230770E-003   3.0769230769230769E-003   298.00000001622664        2.3599319070356515E-031
   8.0769230769230770E-003   3.4615384615384616E-003   298.00000001803051        2.3599319071336316E-031
   8.0769230769230770E-003   3.8461538461538464E-003   298.00000001963468        2.3599319072212171E-031
   8.0769230769230770E-003   4.2307692307692307E-003   298.00000002091809        2.3599319072916862E-031
   8.0769230769230770E-003   4.6153846153846149E-003   298.00000002175466        2.3599319073378358E-031
   8.0769230769230770E-003   5.0000000000000001E-003   298.00000002204581        2.3599319073539547E-031
   8.0769230769230770E-003   5.3846153846153844E-003   298.00000002175420        2.3599319073378113E-031
   8.0769230769230770E-003   5.7692307692307696E-003   298.00000002091684        2.3599319072916310E-031
   8.0769230769230770E-003   6.1538461538461538E-003   298.00000001963144        2.3599319072210652E-031
   8.0769230769230770E-003   6.5384615384615381E-003   298.00000001802192        2.3599319071332699E-031
   8.0769230769230770E-003   6.9230769230769233E-003   298.00000001620572        2.3599319070346802E-031
   8.0769230769230770E-003   7.3076923076923076E-003   298.00000001427804        2.3599319069304109E-031
   8.0769230769230770E-003   7.6923076923076927E-003   298.00000001231354        2.3599319068242529E-031
   8.0769230769230770E-003   8.0769230769230770E-003   298.00000001038268        2.3599319067196451E-031
   8.0769230769230770E-003   8.4615384615384613E-003   298.00000000857426        2.3599319066211575E-031
   8.0769230769230770E-003   8.8461538461538456E-003   298.00000000701027        2.3599319065353665E-031
   8.0769230769230770E-003   9.2307692307692299E-003   298.00000000583975        2.3599319064706580E-031
   8.0769230769230770E-003   9.6153846153846159E-003   298.00000000520811        2.3599319064354486E-031

   8.4615384615384613E-003   3.8461538461538462E-004   298.00000000108253        2.3599319062180753E-031
   8.4615384615384613E-003   7.6923076923076923E-004   298.00000000118740        2.3599319062235530E-031
   8.4615384615384613E-003   1.1538461538461537E-003   298.00000000138482        2.3599319062338154E-031
   8.4615384615384613E-003   1.5384615384615385E-003   298.00000000165414        2.3599319062477263E-031
   8.4615384615384613E-003   1.9230769230769232E-003   298.00000000197247        2.3599319062641184E-031
   8.4615384615384613E-003   2.3076923076923075E-003   298.00000000231910        2.3599319062819342E-031
   8.4615384615384613E-003   2.6923076923076922E-003   298.00000000267750        2.3599319063002956E-031
   8.4615384615384613E-003   3.0769230769230769E-003   298.00000000303271        2.3599319063185033E-031
   8.4615384615384613E-003   3.4615384615384616E-003   298.00000000336934        2.3599319063358312E-031
   8.4615384615384613E-003   3.8461538461538464E-003   298.00000000366839        2.3599319063512774E-031
   8.4615384615384613E-003   4.2307692307692307E-003   298.00000000390759        2.3599319063637100E-031
   8.4615384615384613E-003   4.6153846153846149E-003   298.00000000406357        2.3599319063718301E-031
   8.4615384615384613E-003   5.0000000000000001E-003   298.00000000411757        2.3599319063746585E-031
   8.4615384615384613E-003   5.3846153846153844E-003   298.00000000406345        2.3599319063718231E-031
   8.4615384615384613E-003   5.7692307692307696E-003   298.00000000390725        2.3599319063636934E-031
   8.4615384615384613E-003   6.1538461538461538E-003   298.00000000366771        2.3599319063512420E-031
   8.4615384615384613E-003   6.5384615384615381E-003   298.00000000336775        2.3599319063357743E-031
   8.4615384615384613E-003   6.9230769230769233E-003   298.00000000302873        2.3599319063183487E-031
   8.4615384615384613E-003   7.3076923076923076E-003   298.00000000266868        2.3599319062998949E-031
   8.4615384615384613E-003   7.6923076923076927E-003   298.00000000230199        2.3599319062811276E-031
   8.4615384615384613E-003   8.0769230769230770E-003   298.00000000194154        2.3599319062626409E-031
   8.4615384615384613E-003   8.4615384615384613E-003   298.00000000160406        2.3599319062452464E-031
   8.4615384615384613E-003   8.8461538461538456E-003   298.00000000131280        2.3599319062301251E-031
   8.4615384615384613E-003   9.2307692307692299E-003   298.00000000109480        2.3599319062187326E-031
   8.4615384615384613E-003   9.6153846153846159E-003   298.00000000097737        2.3599319062124705E-031

   8.8461538461538456E-003   3.8461538461538462E-004   298.00000000019611        2.3599319061735683E-031
   8.8461538461538456E-003   7.6923076923076923E-004   298.00000000021475        2.3599319061744866E-031
   8.8461538461538456E-003   1.1538461538461537E-003   298.00000000025022        2.3599319061762272E-031
   8.8461538461538456E-003   1.5384615384615385E-003   298.00000000029860        2.3599319061785849E-031
   8.8461538461538456E-003   1.9230769230769232E-003   298.00000000035584        2.3599319061813766E-031
   8.8461538461538456E-003   2.3076923076923075E-003   298.00000000041814        2.3599319061844270E-031
   8.8461538461538456E-003   2.6923076923076922E-003   298.00000000048294        2.3599319061875852E-031
   8.8461538461538456E-003   3.0769230769230769E-003   298.00000000054689        2.3599319061906961E-031
   8.8461538461538456E-003   3.4615384615384616E-003   298.00000000060754        2.3599319061936506E-031
   8.8461538461538456E-003   3.8461538461538464E-003   298.00000000066120        2.3599319061962619E-031
   8.8461538461538456E-003   4.2307692307692307E-003   298.00000000070423        2.3599319061983796E-031
   8.8461538461538456E-003   4.6153846153846149E-003   298.00000000073226        2.3599319061997533E-031
   8.8461538461538456E-003   5.0000000000000001E-003   298.00000000074215        2.3599319062002595E-031
   8.8461538461538456E-003   5.3846153846153844E-003   298.00000000073237        2.3599319061997656E-031
   8.8461538461538456E-003   5.7692307692307696E-003   298.00000000070423        2.3599319061983756E-031
   8.8461538461538456E-003   6.1538461538461538E-003   298.00000000066103        2.3599319061962601E-031
   8.8461538461538456E-003   6.5384615384615381E-003   298.00000000060714        2.3599319061936296E-031
   8.8461538461538456E-003   6.9230769230769233E-003   298.00000000054621        2.3599319061906646E-031
   8.8461538461538456E-003   7.3076923076923076E-003   298.00000000048129        2.3599319061874972E-031
   8.8461538461538456E-003   7.6923076923076927E-003   298.00000000041513        2.3599319061843088E-031
   8.8461538461538456E-003   8.0769230769230770E-003   298.00000000035033        2.3599319061811388E-031
   8.8461538461538456E-003   8.4615384615384613E-003   298.00000000028950        2.3599319061781680E-031
   8.8461538461538456E-003   8.8461538461538456E-003   298.00000000023715        2.3599319061755949E-031
   8.8461538461538456E-003   9.2307692307692299E-003   298.00000000019804        2.3599319061736510E-031
   8.8461538461538456E-003   9.6153846153846159E-003   298.00000000017712        2.3599319061725002E-031

   9.2307692307692299E-003   3.8461538461538462E-004   298.00000000003433        2.3599319061658502E-031
   9.2307692307692299E-003   7.6923076923076923E-004   298.00000000003763        2.3599319061660039E-031
   9.2307692307692299E-003   1.1538461538461537E-003   298.00000000004371        2.3599319061662903E-031
   9.2307692307692299E-003   1.5384615384615385E-003   298.00000000005207        2.3599319061666774E-031
   9.2307692307692299E-003   1.9230769230769232E-003   298.00000000006207        2.3599319061671433E-031
   9.2307692307692299E-003   2.3076923076923075E-003   298.00000000007310        2.3599319061676386E-031
   9.2307692307692299E-003   2.6923076923076922E-003   298.00000000008436        2.3599319061681571E-031
   9.2307692307692299E-003   3.0769230769230769E-003   298.00000000009555        2.3599319061686769E-031
   9.2307692307692299E-003   3.4615384615384616E-003   298.00000000010601        2.3599319061691616E-031
   9.2307692307692299E-003   3.8461538461538464E-003   298.00000000011545        2.3599319061696009E-031
   9.2307692307692299E-003   4.2307692307692307E-003   298.00000000012324        2.3599319061699626E-031
   9.2307692307692299E-003   4.6153846153846149E-003   298.00000000012807        2.3599319061701841E-031
   9.2307692307692299E-003   5.0000000000000001E-003   298.00000000012977        2.3599319061702586E-031
   9.2307692307692299E-003   5.3846153846153844E-003   298.00000000012813        2.3599319061701749E-031
   9.2307692307692299E-003   5.7692307692307696E-003   298.00000000012307        2.3599319061699359E-031
   9.2307692307692299E-003   6.1538461538461538E-003   298.00000000011551        2.3599319061695873E-031
   9.2307692307692299E-003   6.5384615384615381E-003   298.00000000010613        2.3599319061691691E-031
   9.2307692307692299E-003   6.9230769230769233E-003   298.00000000009544        2.3599319061686786E-031
   9.2307692307692299E-003   7.3076923076923076E-003   298.00000000008407        2.3599319061681378E-031
   9.2307692307692299E-003   7.6923076923076927E-003   298.00000000007248        2.3599319061676136E-031
   9.2307692307692299E-003   8.0769230769230770E-003   298.00000000006116        2.3599319061671026E-031
   9.2307692307692299E-003   8.4615384615384613E-003   298.00000000005053        2.3599319061666121E-031
   9.2307692307692299E-003   8.8461538461538456E-003   298.00000000004150        2.3599319061661979E-031
   9.2307692307692299E-003   9.2307692307692299E-003   298.00000000003473        2.3599319061658633E-031
   9.2307692307692299E-003   9.6153846153846159E-003   298.00000000003109        2.3599319061655866E-031

   9.6153846153846159E-003   3.8461538461538462E-004   298.00000000000665        2.3599319061644401E-031
   9.6153846153846159E-003   7.6923076923076923E-004   298.00000000000728        2.3599319061644717E-031
   9.6153846153846159E-003   1.1538461538461537E-003   298.00000000000841        2.3599319061645124E-031
   9.6153846153846159E-003   1.5384615384615385E-003   298.00000000000989        2.3599319061645789E-031
   9.6153846153846159E-003   1.9230769230769232E-003   298.00000000001182        2.3599319061646643E-031
   9.6153846153846159E-003   2.3076923076923075E-003   298.00000000001410        2.3599319061647585E-031
   9.6153846153846159E-003   2.6923076923076922E-003   298.00000000001631        2.3599319061648610E-031
   9.6153846153846159E-003   3.0769230769230769E-003   298.00000000001853        2.3599319061649547E-031
   9.6153846153846159E-003   3.4615384615384616E-003   298.00000000002063        2.3599319061650475E-031
   9.6153846153846159E-003   3.8461538461538464E-003   298.00000000002251        2.3599319061651338E-031
   9.6153846153846159E-003   4.2307692307692307E-003   298.00000000002393        2.3599319061651942E-031
   9.6153846153846159E-003   4.6153846153846149E-003   298.00000000002495        2.3599319061652358E-031
   9.6153846153846159E-003   5.0000000000000001E-003   298.00000000002524        2.3599319061652542E-031
   9.6153846153846159E-003   5.3846153846153844E-003   298.00000000002490        2.3599319061652327E-031
   9.6153846153846159E-003   5.7692307692307696E-003   298.00000000002393        2.3599319061651863E-031
   9.6153846153846159E-003   6.1538461538461538E-003   298.00000000002245        2.3599319061651198E-031
   9.6153846153846159E-003   6.5384615384615381E-003   298.00000000002058        2.3599319061650431E-031
   9.6153846153846159E-003   6.9230769230769233E-003   298.00000000001853        2.3599319061649512E-031
   9.6153846153846159E-003   7.3076923076923076E-003   298.00000000001631        2.3599319061648570E-031
   9.6153846153846159E-003   7.6923076923076927E-003   298.00000000001404        2.3599319061647672E-031
   9.6153846153846159E-003   8.0769230769230770E-003   298.00000000001188        2.3599319061646652E-031
   9.6153846153846159E-003   8.4615384615384613E-003   298.00000000000983        2.3599319061645772E-031
   9.6153846153846159E-003   8.8461538461538456E-003   298.00000000000807        2.3599319061644997E-031
   9.6153846153846159E-003   9.2307692307692299E-003   298.00000000000676        2.3599319061644397E-031
   9.6153846153846159E-003   9.6153846153846159E-003   298.00000000000591        2.3599319061643285E-031

