   3.8461538461538462E-004   3.8461538461538462E-004   613.30342886315213        8.6879344901564277E-008
   3.8461538461538462E-004   7.6923076923076923E-004   613.37821567876904        8.7454607237509139E-008
   3.8461538461538462E-004   1.1538461538461537E-003   613.41975870953502        8.7775254889315600E-008
   3.8461538461538462E-004   1.5384615384615385E-003   613.44585743118125        8.7976921442223738E-008
   3.8461538461538462E-004   1.9230769230769232E-003   613.46342829526805        8.8112709957118437E-008
   3.8461538461538462E-004   2.3076923076923075E-003   613.47587973126133        8.8208887653378365E-008
   3.8461538461538462E-004   2.6923076923076922E-003   613.48491621727385        8.8278633060333625E-008
   3.8461538461538462E-004   3.0769230769230769E-003   613.49156850289876        8.8329928029396928E-008
   3.8461538461538462E-004   3.4615384615384616E-003   613.49644061470178        8.8367460161288984E-008
   3.8461538461538462E-004   3.8461538461538464E-003   613.49991869514076        8.8394229748820391E-008
   3.8461538461538462E-004   4.2307692307692307E-003   613.50225160298930        8.8412172209758074E-008
   3.8461538461538462E-004   4.6153846153846149E-003   613.50359465368956        8.8422496270430219E-008
   3.8461538461538462E-004   5.0000000000000001E-003   613.50403324672118        8.8425866832035651E-008
   3.8461538461538462E-004   5.3846153846153844E-003   613.50359465368990        8.8422496270430828E-008
   3.8461538461538462E-004   5.7692307692307696E-003   613.50225160298930        8.8412172209758286E-008
   3.8461538461538462E-004   6.1538461538461538E-003   613.49991869514054        8.8394229748819544E-008
   3.8461538461538462E-004   6.5384615384615381E-003   613.49644061470178        8.8367460161288256E-008
   3.8461538461538462E-004   6.9230769230769233E-003   613.49156850289876        8.8329928029396213E-008
   3.8461538461538462E-004   7.3076923076923076E-003   613.48491621727385        8.8278633060332514E-008
   3.8461538461538462E-004   7.6923076923076927E-003   613.47587973126122        8.8208887653377518E-008
   3.8461538461538462E-004   8.0769230769230770E-003   613.46342829526805        8.8112709957118040E-008
   3.8461538461538462E-004   8.4615384615384613E-003   613.44585743118114        8.7976921442223407E-008
   3.8461538461538462E-004   8.8461538461538456E-003   613.41975870953490        8.7775254889315070E-008
   3.8461538461538462E-004   9.2307692307692299E-003   613.37821567876870        8.7454607237508027E-008
   3.8461538461538462E-004   9.6153846153846159E-003   613.30342886315191        8.6879344901563403E-008

   7.6923076923076923E-004   3.8461538461538462E-004   575.60686995494586        2.6753851709992180E-009
   7.6923076923076923E-004   7.6923076923076923E-004   575.70535820238968        2.7018276208508534E-009
   7.6923076923076923E-004   1.1538461538461537E-003   575.77080043282569        2.7195150660345924E-009
   7.6923076923076923E-004   1.5384615384615385E-003   575.81562835949239        2.7316782586661824E-009
   7.6923076923076923E-004   1.9230769230769232E-003   575.84766493430539        2.7403889415708525E-009
   7.6923076923076923E-004   2.3076923076923075E-003   575.87083035070020        2.7466947741857437E-009
   7.6923076923076923E-004   2.6923076923076922E-003   575.88794836661998        2.7513562440818122E-009
   7.6923076923076923E-004   3.0769230769230769E-003   575.90067403871114        2.7548214694854870E-009
   7.6923076923076923E-004   3.4615384615384616E-003   575.91005392679563        2.7573749308006254E-009
   7.6923076923076923E-004   3.8461538461538464E-003   575.91677818370783        2.7592047778009965E-009
   7.6923076923076923E-004   4.2307692307692307E-003   575.92130079037304        2.7604350477417135E-009
   7.6923076923076923E-004   4.6153846153846149E-003   575.92390875436320        2.7611442810608859E-009
   7.6923076923076923E-004   5.0000000000000001E-003   575.92476108919811        2.7613760366861970E-009
   7.6923076923076923E-004   5.3846153846153844E-003   575.92390875436320        2.7611442810608888E-009
   7.6923076923076923E-004   5.7692307692307696E-003   575.92130079037304        2.7604350477417015E-009
   7.6923076923076923E-004   6.1538461538461538E-003   575.91677818370783        2.7592047778009705E-009
   7.6923076923076923E-004   6.5384615384615381E-003   575.91005392679563        2.7573749308005762E-009
   7.6923076923076923E-004   6.9230769230769233E-003   575.90067403871092        2.7548214694854353E-009
   7.6923076923076923E-004   7.3076923076923076E-003   575.88794836661975        2.7513562440817518E-009
   7.6923076923076923E-004   7.6923076923076927E-003   575.87083035069998        2.7466947741856779E-009
   7.6923076923076923E-004   8.0769230769230770E-003   575.84766493430539        2.7403889415708244E-009
   7.6923076923076923E-004   8.4615384615384613E-003   575.81562835949182        2.7316782586661733E-009
   7.6923076923076923E-004   8.8461538461538456E-003   575.77080043282513        2.7195150660345717E-009
   7.6923076923076923E-004   9.2307692307692299E-003   575.70535820238899        2.7018276208507818E-009
   7.6923076923076923E-004   9.6153846153846159E-003   575.60686995494530        2.6753851709991250E-009

   1.1538461538461537E-003   3.8461538461538462E-004   541.62378880096367        7.7413914986305481E-011
   1.1538461538461537E-003   7.6923076923076923E-004   541.72823159699828        7.8328379671608855E-011
   1.1538461538461537E-003   1.1538461538461537E-003   541.80464968726494        7.9003391909647597E-011
   1.1538461538461537E-003   1.5384615384615385E-003   541.86137564291835        7.9507423385275162E-011
   1.1538461538461537E-003   1.9230769230769232E-003   541.90336535520362        7.9882027718868743E-011
   1.1538461538461537E-003   2.3076923076923075E-003   541.93472315235772        8.0162509542208922E-011
   1.1538461538461537E-003   2.6923076923076922E-003   541.95836099005555        8.0374272877423938E-011
   1.1538461538461537E-003   3.0769230769230769E-003   541.97616497162085        8.0533915975760704E-011
   1.1538461538461537E-003   3.4615384615384616E-003   541.98940576825635        8.0652696322174602E-011
   1.1538461538461537E-003   3.8461538461538464E-003   541.99895587112553        8.0738383564595062E-011
   1.1538461538461537E-003   4.2307692307692307E-003   542.00540519602657        8.0796251066968551E-011
   1.1538461538461537E-003   4.6153846153846149E-003   542.00913347205130        8.0829702532306508E-011
   1.1538461538461537E-003   5.0000000000000001E-003   542.01035339261011        8.0840647776901946E-011
   1.1538461538461537E-003   5.3846153846153844E-003   542.00913347205142        8.0829702532306676E-011
   1.1538461538461537E-003   5.7692307692307696E-003   542.00540519602669        8.0796251066967944E-011
   1.1538461538461537E-003   6.1538461538461538E-003   541.99895587112530        8.0738383564593666E-011
   1.1538461538461537E-003   6.5384615384615381E-003   541.98940576825578        8.0652696322171771E-011
   1.1538461538461537E-003   6.9230769230769233E-003   541.97616497162051        8.0533915975758197E-011
   1.1538461538461537E-003   7.3076923076923076E-003   541.95836099005533        8.0374272877421508E-011
   1.1538461538461537E-003   7.6923076923076927E-003   541.93472315235738        8.0162509542206944E-011
   1.1538461538461537E-003   8.0769230769230770E-003   541.90336535520316        7.9882027718865913E-011
   1.1538461538461537E-003   8.4615384615384613E-003   541.86137564291801        7.9507423385273637E-011
   1.1538461538461537E-003   8.8461538461538456E-003   541.80464968726471        7.9003391909645244E-011
   1.1538461538461537E-003   9.2307692307692299E-003   541.72823159699749        7.8328379671605663E-011
   1.1538461538461537E-003   9.6153846153846159E-003   541.62378880096310        7.7413914986301707E-011

   1.5384615384615385E-003   3.8461538461538462E-004   511.08816374971434        2.1687496500039402E-012
   1.5384615384615385E-003   7.6923076923076923E-004   511.19130645822912        2.1970970925979395E-012
   1.5384615384615385E-003   1.1538461538461537E-003   511.27206035796848        2.2195198419352622E-012
   1.5384615384615385E-003   1.5384615384615385E-003   511.33458810348668        2.2370144927092686E-012
   1.5384615384615385E-003   1.9230769230769232E-003   511.38267267292679        2.2505428646737142E-012
   1.5384615384615385E-003   2.3076923076923075E-003   511.41960168471627        2.2609734725327624E-012
   1.5384615384615385E-003   2.6923076923076922E-003   511.44799478551130        2.2690147214529689E-012
   1.5384615384615385E-003   3.0769230769230769E-003   511.46968336719203        2.2751683045284194E-012
   1.5384615384615385E-003   3.4615384615384616E-003   511.48597662676355        2.2797965537560879E-012
   1.5384615384615385E-003   3.8461538461538464E-003   511.49781244997001        2.2831610947542984E-012
   1.5384615384615385E-003   4.2307692307692307E-003   511.50584431443474        2.2854452767337050E-012
   1.5384615384615385E-003   4.6153846153846149E-003   511.51050153335859        2.2867700487543625E-012
   1.5384615384615385E-003   5.0000000000000001E-003   511.51202763235034        2.2872041989203376E-012
   1.5384615384615385E-003   5.3846153846153844E-003   511.51050153335893        2.2867700487543682E-012
   1.5384615384615385E-003   5.7692307692307696E-003   511.50584431443468        2.2854452767336512E-012
   1.5384615384615385E-003   6.1538461538461538E-003   511.49781244996962        2.2831610947542209E-012
   1.5384615384615385E-003   6.5384615384615381E-003   511.48597662676315        2.2797965537559845E-012
   1.5384615384615385E-003   6.9230769230769233E-003   511.46968336719164        2.2751683045283176E-012
   1.5384615384615385E-003   7.3076923076923076E-003   511.44799478551130        2.2690147214529338E-012
   1.5384615384615385E-003   7.6923076923076927E-003   511.41960168471633        2.2609734725327200E-012
   1.5384615384615385E-003   8.0769230769230770E-003   511.38267267292684        2.2505428646736431E-012
   1.5384615384615385E-003   8.4615384615384613E-003   511.33458810348606        2.2370144927092165E-012
   1.5384615384615385E-003   8.8461538461538456E-003   511.27206035796803        2.2195198419351822E-012
   1.5384615384615385E-003   9.2307692307692299E-003   511.19130645822861        2.1970970925978583E-012
   1.5384615384615385E-003   9.6153846153846159E-003   511.08816374971360        2.1687496500038385E-012

   1.9230769230769232E-003   3.8461538461538462E-004   483.74522476438807        6.0817860607057995E-014
   1.9230769230769232E-003   7.6923076923076923E-004   483.84431911276221        6.1668283295790847E-014
   1.9230769230769232E-003   1.1538461538461537E-003   483.92478467748026        6.2366719725804799E-014
   1.9230769230769232E-003   1.5384615384615385E-003   483.98932601355614        6.2931909508100696E-014
   1.9230769230769232E-003   1.9230769230769232E-003   484.04043985677788        6.3382551927159965E-014
   1.9230769230769232E-003   2.3076923076923075E-003   484.08063377582369        6.3738710892201223E-014
   1.9230769230769232E-003   2.6923076923076922E-003   484.11209921604956        6.4018555009129900E-014
   1.9230769230769232E-003   3.0769230769230769E-003   484.13646437240737        6.4235825499317260E-014
   1.9230769230769232E-003   3.4615384615384616E-003   484.15495599016606        6.4401026768252476E-014
   1.9230769230769232E-003   3.8461538461538464E-003   484.16848918670178        6.4522083135221737E-014
   1.9230769230769232E-003   4.2307692307692307E-003   484.17772078033124        6.4604728740127355E-014
   1.9230769230769232E-003   4.6153846153846149E-003   484.18309131011722        6.4652831619753597E-014
   1.9230769230769232E-003   5.0000000000000001E-003   484.18485396205057        6.4668622925984620E-014
   1.9230769230769232E-003   5.3846153846153844E-003   484.18309131011756        6.4652831619753092E-014
   1.9230769230769232E-003   5.7692307692307696E-003   484.17772078033141        6.4604728740125499E-014
   1.9230769230769232E-003   6.1538461538461538E-003   484.16848918670144        6.4522083135219477E-014
   1.9230769230769232E-003   6.5384615384615381E-003   484.15495599016572        6.4401026768249485E-014
   1.9230769230769232E-003   6.9230769230769233E-003   484.13646437240703        6.4235825499314900E-014
   1.9230769230769232E-003   7.3076923076923076E-003   484.11209921604950        6.4018555009128146E-014
   1.9230769230769232E-003   7.6923076923076927E-003   484.08063377582346        6.3738710892199545E-014
   1.9230769230769232E-003   8.0769230769230770E-003   484.04043985677754        6.3382551927158173E-014
   1.9230769230769232E-003   8.4615384615384613E-003   483.98932601355580        6.2931909508098588E-014
   1.9230769230769232E-003   8.8461538461538456E-003   483.92478467748015        6.2366719725802679E-014
   1.9230769230769232E-003   9.2307692307692299E-003   483.84431911276204        6.1668283295788966E-014
   1.9230769230769232E-003   9.6153846153846159E-003   483.74522476438796        6.0817860607057023E-014

   2.3076923076923075E-003   3.8461538461538462E-004   459.34978308121543        1.7689471744877743E-015
   2.3076923076923075E-003   7.6923076923076923E-004   459.44315949315364        1.7947299170859840E-015
   2.3076923076923075E-003   1.1538461538461537E-003   459.52101150832272        1.8164878250274185E-015
   2.3076923076923075E-003   1.5384615384615385E-003   459.58505876403774        1.8345629350874431E-015
   2.3076923076923075E-003   1.9230769230769232E-003   459.63694767928064        1.8493200831197451E-015
   2.3076923076923075E-003   2.3076923076923075E-003   459.67854987924323        1.8612223447856490E-015
   2.3076923076923075E-003   2.6923076923076922E-003   459.71163311247631        1.8707301896640631E-015
   2.3076923076923075E-003   3.0769230769230769E-003   459.73757186653296        1.8782099474508368E-015
   2.3076923076923075E-003   3.4615384615384616E-003   459.75744892286679        1.8839558712829086E-015
   2.3076923076923075E-003   3.8461538461538464E-003   459.77210211973039        1.8881991096301776E-015
   2.3076923076923075E-003   4.2307692307692307E-003   459.78214962571207        1.8911120668478366E-015
   2.3076923076923075E-003   4.6153846153846149E-003   459.78801430339797        1.8928135722078775E-015
   2.3076923076923075E-003   5.0000000000000001E-003   459.78994227352007        1.8933731210281308E-015
   2.3076923076923075E-003   5.3846153846153844E-003   459.78801430339797        1.8928135722078551E-015
   2.3076923076923075E-003   5.7692307692307696E-003   459.78214962571212        1.8911120668477877E-015
   2.3076923076923075E-003   6.1538461538461538E-003   459.77210211973022        1.8881991096300964E-015
   2.3076923076923075E-003   6.5384615384615381E-003   459.75744892286662        1.8839558712828258E-015
   2.3076923076923075E-003   6.9230769230769233E-003   459.73757186653251        1.8782099474507781E-015
   2.3076923076923075E-003   7.3076923076923076E-003   459.71163311247631        1.8707301896640276E-015
   2.3076923076923075E-003   7.6923076923076927E-003   459.67854987924306        1.8612223447856186E-015
   2.3076923076923075E-003   8.0769230769230770E-003   459.63694767928069        1.8493200831196895E-015
   2.3076923076923075E-003   8.4615384615384613E-003   459.58505876403768        1.8345629350873508E-015
   2.3076923076923075E-003   8.8461538461538456E-003   459.52101150832243        1.8164878250273010E-015
   2.3076923076923075E-003   9.2307692307692299E-003   459.44315949315336        1.7947299170859197E-015
   2.3076923076923075E-003   9.6153846153846159E-003   459.34978308121532        1.7689471744877534E-015

   2.6923076923076922E-003   3.8461538461538462E-004   437.66537898128666        5.5336174230381571E-017
   2.6923076923076922E-003   7.6923076923076923E-004   437.75238605473538        5.6161722583199244E-017
   2.6923076923076922E-003   1.1538461538461537E-003   437.82628394961785        5.6871761616340746E-017
   2.6923076923076922E-003   1.5384615384615385E-003   437.88822682372046        5.7473137015684963E-017
   2.6923076923076922E-003   1.9230769230769232E-003   437.93930132377494        5.7973176318332503E-017
   2.6923076923076922E-003   2.3076923076923075E-003   437.98089872354728        5.8383147087593909E-017
   2.6923076923076922E-003   2.6923076923076922E-003   438.01442199252017        5.8715256591286138E-017
   2.6923076923076922E-003   3.0769230769230769E-003   438.04099600161550        5.8979567020928177E-017
   2.6923076923076922E-003   3.4615384615384616E-003   438.06153970295316        5.9184506452709529E-017
   2.6923076923076922E-003   3.8461538461538464E-003   438.07678727011853        5.9336940834218191E-017
   2.6923076923076922E-003   4.2307692307692307E-003   438.08729389495431        5.9442134788070566E-017
   2.6923076923076922E-003   4.6153846153846149E-003   438.09344622869287        5.9503790100933460E-017
   2.6923076923076922E-003   5.0000000000000001E-003   438.09547195715743        5.9524099881602325E-017
   2.6923076923076922E-003   5.3846153846153844E-003   438.09344622869259        5.9503790100932104E-017
   2.6923076923076922E-003   5.7692307692307696E-003   438.08729389495420        5.9442134788068816E-017
   2.6923076923076922E-003   6.1538461538461538E-003   438.07678727011813        5.9336940834215171E-017
   2.6923076923076922E-003   6.5384615384615381E-003   438.06153970295298        5.9184506452706262E-017
   2.6923076923076922E-003   6.9230769230769233E-003   438.04099600161533        5.8979567020925157E-017
   2.6923076923076922E-003   7.3076923076923076E-003   438.01442199251977        5.8715256591284178E-017
   2.6923076923076922E-003   7.6923076923076927E-003   437.98089872354706        5.8383147087591518E-017
   2.6923076923076922E-003   8.0769230769230770E-003   437.93930132377477        5.7973176318330075E-017
   2.6923076923076922E-003   8.4615384615384613E-003   437.88822682372023        5.7473137015681142E-017
   2.6923076923076922E-003   8.8461538461538456E-003   437.82628394961739        5.6871761616336975E-017
   2.6923076923076922E-003   9.2307692307692299E-003   437.75238605473538        5.6161722583197161E-017
   2.6923076923076922E-003   9.6153846153846159E-003   437.66537898128666        5.5336174230380634E-017

   3.0769230769230769E-003   3.8461538461538462E-004   418.46490110974923        1.9290406256640594E-018
   3.0769230769230769E-003   7.6923076923076923E-004   418.54527840417228        1.9580349771133642E-018
   3.0769230769230769E-003   1.1538461538461537E-003   418.61447776259399        1.9833188578592288E-018
   3.0769230769230769E-003   1.5384615384615385E-003   418.67330779616225        2.0050461345174625E-018
   3.0769230769230769E-003   1.9230769230769232E-003   418.72248447488744        2.0233694755096740E-018
   3.0769230769230769E-003   2.3076923076923075E-003   418.76304659489602        2.0385911258333633E-018
   3.0769230769230769E-003   2.6923076923076922E-003   418.79610242330250        2.0510663217294374E-018
   3.0769230769230769E-003   3.0769230769230769E-003   418.82255567012282        2.0610939087070387E-018
   3.0769230769230769E-003   3.4615384615384616E-003   418.84316596048103        2.0689329540374364E-018
   3.0769230769230769E-003   3.8461538461538464E-003   418.85855695807896        2.0748014074530449E-018
   3.0769230769230769E-003   4.2307692307692307E-003   418.86921048089755        2.0788705627423817E-018
   3.0769230769230769E-003   4.6153846153846149E-003   418.87546742829778        2.0812630527587957E-018
   3.0769230769230769E-003   5.0000000000000001E-003   418.87753064537702        2.0820523906424545E-018
   3.0769230769230769E-003   5.3846153846153844E-003   418.87546742829761        2.0812630527587487E-018
   3.0769230769230769E-003   5.7692307692307696E-003   418.86921048089738        2.0788705627423170E-018
   3.0769230769230769E-003   6.1538461538461538E-003   418.85855695807862        2.0748014074529478E-018
   3.0769230769230769E-003   6.5384615384615381E-003   418.84316596048069        2.0689329540373216E-018
   3.0769230769230769E-003   6.9230769230769233E-003   418.82255567012248        2.0610939087069420E-018
   3.0769230769230769E-003   7.3076923076923076E-003   418.79610242330205        2.0510663217293249E-018
   3.0769230769230769E-003   7.6923076923076927E-003   418.76304659489557        2.0385911258332247E-018
   3.0769230769230769E-003   8.0769230769230770E-003   418.72248447488715        2.0233694755095515E-018
   3.0769230769230769E-003   8.4615384615384613E-003   418.67330779616191        2.0050461345172742E-018
   3.0769230769230769E-003   8.8461538461538456E-003   418.61447776259359        1.9833188578590844E-018
   3.0769230769230769E-003   9.2307692307692299E-003   418.54527840417222        1.9580349771132228E-018
   3.0769230769230769E-003   9.6153846153846159E-003   418.46490110974923        1.9290406256639831E-018

   3.4615384615384616E-003   3.8461538461538462E-004   401.53112905674624        7.7475398074703627E-020
   3.4615384615384616E-003   7.6923076923076923E-004   401.60485793637815        7.8631695065449920E-020
   3.4615384615384616E-003   1.1538461538461537E-003   401.66898661530320        7.9650394629856219E-020
   3.4615384615384616E-003   1.5384615384615385E-003   401.72410283787258        8.0535504578950927E-020
   3.4615384615384616E-003   1.9230769230769232E-003   401.77067316182121        8.1290183663179905E-020
   3.4615384615384616E-003   2.3076923076923075E-003   401.80947967751723        8.1923723016576016E-020
   3.4615384615384616E-003   2.6923076923076922E-003   401.84139976625050        8.2447956487472476E-020
   3.4615384615384616E-003   3.0769230769230769E-003   401.86715169750789        8.2872889746785312E-020
   3.4615384615384616E-003   3.4615384615384616E-003   401.88735217918065        8.3207435198070955E-020
   3.4615384615384616E-003   3.8461538461538464E-003   401.90251925813340        8.3459305036186653E-020
   3.4615384615384616E-003   4.2307692307692307E-003   401.91306050253161        8.3634693398026226E-020
   3.4615384615384616E-003   4.6153846153846149E-003   401.91926823538120        8.3738106044052080E-020
   3.4615384615384616E-003   5.0000000000000001E-003   401.92131798099092        8.3772272423847942E-020
   3.4615384615384616E-003   5.3846153846153844E-003   401.91926823538091        8.3738106044051177E-020
   3.4615384615384616E-003   5.7692307692307696E-003   401.91306050253161        8.3634693398024433E-020
   3.4615384615384616E-003   6.1538461538461538E-003   401.90251925813317        8.3459305036182704E-020
   3.4615384615384616E-003   6.5384615384615381E-003   401.88735217918014        8.3207435198066044E-020
   3.4615384615384616E-003   6.9230769230769233E-003   401.86715169750755        8.2872889746780918E-020
   3.4615384615384616E-003   7.3076923076923076E-003   401.84139976625005        8.2447956487467625E-020
   3.4615384615384616E-003   7.6923076923076927E-003   401.80947967751655        8.1923723016569805E-020
   3.4615384615384616E-003   8.0769230769230770E-003   401.77067316182070        8.1290183663174729E-020
   3.4615384615384616E-003   8.4615384615384613E-003   401.72410283787201        8.0535504578944487E-020
   3.4615384615384616E-003   8.8461538461538456E-003   401.66898661530257        7.9650394629849394E-020
   3.4615384615384616E-003   9.2307692307692299E-003   401.60485793637770        7.8631695065444118E-020
   3.4615384615384616E-003   9.6153846153846159E-003   401.53112905674618        7.7475398074698668E-020

   3.8461538461538464E-003   3.8461538461538462E-004   386.65748640038828        3.6929036368897552E-021
   3.8461538461538464E-003   7.6923076923076923E-004   386.72470345913274        3.7468868034843669E-021
   3.8461538461538464E-003   1.1538461538461537E-003   386.78363264841192        3.7948138921563583E-021
   3.8461538461538464E-003   1.5384615384615385E-003   386.83471496373306        3.8368103717732281E-021
   3.8461538461538464E-003   1.9230769230769232E-003   386.87824594858688        3.8729249284709270E-021
   3.8461538461538464E-003   2.3076923076923075E-003   386.91482027203114        3.9034961702037421E-021
   3.8461538461538464E-003   2.6923076923076922E-003   386.94513698174126        3.9289921007685132E-021
   3.8461538461538464E-003   3.0769230769230769E-003   386.96976362515142        3.9498041121545383E-021
   3.8461538461538464E-003   3.4615384615384616E-003   386.98919464796387        3.9662878838428991E-021
   3.8461538461538464E-003   3.8461538461538464E-003   387.00385335741390        3.9787588536301577E-021
   3.8461538461538464E-003   4.2307692307692307E-003   387.01407789601200        3.9874751868319764E-021
   3.8461538461538464E-003   4.6153846153846149E-003   387.02011360856687        3.9926273085528555E-021
   3.8461538461538464E-003   5.0000000000000001E-003   387.02210895633647        3.9943316354655032E-021
   3.8461538461538464E-003   5.3846153846153844E-003   387.02011360856676        3.9926273085527976E-021
   3.8461538461538464E-003   5.7692307692307696E-003   387.01407789601200        3.9874751868318786E-021
   3.8461538461538464E-003   6.1538461538461538E-003   387.00385335741373        3.9787588536300321E-021
   3.8461538461538464E-003   6.5384615384615381E-003   386.98919464796387        3.9662878838427344E-021
   3.8461538461538464E-003   6.9230769230769233E-003   386.96976362515136        3.9498041121543337E-021
   3.8461538461538464E-003   7.3076923076923076E-003   386.94513698174086        3.9289921007682694E-021
   3.8461538461538464E-003   7.6923076923076927E-003   386.91482027203057        3.9034961702034615E-021
   3.8461538461538464E-003   8.0769230769230770E-003   386.87824594858654        3.8729249284706111E-021
   3.8461538461538464E-003   8.4615384615384613E-003   386.83471496373261        3.8368103717729084E-021
   3.8461538461538464E-003   8.8461538461538456E-003   386.78363264841153        3.7948138921560528E-021
   3.8461538461538464E-003   9.2307692307692299E-003   386.72470345913257        3.7468868034840540E-021
   3.8461538461538464E-003   9.6153846153846159E-003   386.65748640038811        3.6929036368893610E-021

   4.2307692307692307E-003   3.8461538461538462E-004   373.64868254063629        2.1419199956388246E-022
   4.2307692307692307E-003   7.6923076923076923E-004   373.70962877697565        2.1721884358728832E-022
   4.2307692307692307E-003   1.1538461538461537E-003   373.76339449286280        2.1992185937913324E-022
   4.2307692307692307E-003   1.5384615384615385E-003   373.81031994538012        2.2230598729282194E-022
   4.2307692307692307E-003   1.9230769230769232E-003   373.85058122843913        2.2436982360465689E-022
   4.2307692307692307E-003   2.3076923076923075E-003   373.88463522376031        2.2612843395818940E-022
   4.2307692307692307E-003   2.6923076923076922E-003   373.91304399687039        2.2760447588469845E-022
   4.2307692307692307E-003   3.0769230769230769E-003   373.93625479088990        2.2881637743046149E-022
   4.2307692307692307E-003   3.4615384615384616E-003   373.95466052313543        2.2978110139174641E-022
   4.2307692307692307E-003   3.8461538461538464E-003   373.96860289153102        2.3051401651700769E-022
   4.2307692307692307E-003   4.2307692307692307E-003   373.97835830932610        2.3102790676993159E-022
   4.2307692307692307E-003   4.6153846153846149E-003   373.98412927772625        2.3133231546458244E-022
   4.2307692307692307E-003   5.0000000000000001E-003   373.98603913405822        2.3143312335790809E-022
   4.2307692307692307E-003   5.3846153846153844E-003   373.98412927772603        2.3133231546457891E-022
   4.2307692307692307E-003   5.7692307692307696E-003   373.97835830932587        2.3102790676992566E-022
   4.2307692307692307E-003   6.1538461538461538E-003   373.96860289153096        2.3051401651700238E-022
   4.2307692307692307E-003   6.5384615384615381E-003   373.95466052313537        2.2978110139174152E-022
   4.2307692307692307E-003   6.9230769230769233E-003   373.93625479088962        2.2881637743045514E-022
   4.2307692307692307E-003   7.3076923076923076E-003   373.91304399687021        2.2760447588468886E-022
   4.2307692307692307E-003   7.6923076923076927E-003   373.88463522376009        2.2612843395817817E-022
   4.2307692307692307E-003   8.0769230769230770E-003   373.85058122843890        2.2436982360464039E-022
   4.2307692307692307E-003   8.4615384615384613E-003   373.81031994537989        2.2230598729280915E-022
   4.2307692307692307E-003   8.8461538461538456E-003   373.76339449286263        2.1992185937911955E-022
   4.2307692307692307E-003   9.2307692307692299E-003   373.70962877697542        2.1721884358727073E-022
   4.2307692307692307E-003   9.6153846153846159E-003   373.64868254063629        2.1419199956385942E-022

   4.6153846153846149E-003   3.8461538461538462E-004   362.32125849583838        1.5414954263663030E-023
   4.6153846153846149E-003   7.6923076923076923E-004   362.37624707711677        1.5622905776477122E-023
   4.6153846153846149E-003   1.1538461538461537E-003   362.42499977418868        1.5809434552488940E-023
   4.6153846153846149E-003   1.5384615384615385E-003   362.46778579198826        1.5974799236549525E-023
   4.6153846153846149E-003   1.9230769230769232E-003   362.50469637718709        1.6118683037268299E-023
   4.6153846153846149E-003   2.3076923076923075E-003   362.53608624937357        1.6241924663305047E-023
   4.6153846153846149E-003   2.6923076923076922E-003   362.56241235623349        1.6345900225233302E-023
   4.6153846153846149E-003   3.0769230769230769E-003   362.58402693074470        1.6431679117308335E-023
   4.6153846153846149E-003   3.4615384615384616E-003   362.60124020129234        1.6500250863253191E-023
   4.6153846153846149E-003   3.8461538461538464E-003   362.61432546435788        1.6552528822228794E-023
   4.6153846153846149E-003   4.2307692307692307E-003   362.62350609939966        1.6589283328392838E-023
   4.6153846153846149E-003   4.6153846153846149E-003   362.62894706801046        1.6611095354521657E-023
   4.6153846153846149E-003   5.0000000000000001E-003   362.63074939034891        1.6618325338314548E-023
   4.6153846153846149E-003   5.3846153846153844E-003   362.62894706801029        1.6611095354521466E-023
   4.6153846153846149E-003   5.7692307692307696E-003   362.62350609939949        1.6589283328392559E-023
   4.6153846153846149E-003   6.1538461538461538E-003   362.61432546435771        1.6552528822228368E-023
   4.6153846153846149E-003   6.5384615384615381E-003   362.60124020129223        1.6500250863252800E-023
   4.6153846153846149E-003   6.9230769230769233E-003   362.58402693074459        1.6431679117307891E-023
   4.6153846153846149E-003   7.3076923076923076E-003   362.56241235623315        1.6345900225232817E-023
   4.6153846153846149E-003   7.6923076923076927E-003   362.53608624937340        1.6241924663304169E-023
   4.6153846153846149E-003   8.0769230769230770E-003   362.50469637718680        1.6118683037267029E-023
   4.6153846153846149E-003   8.4615384615384613E-003   362.46778579198786        1.5974799236548332E-023
   4.6153846153846149E-003   8.8461538461538456E-003   362.42499977418839        1.5809434552487958E-023
   4.6153846153846149E-003   9.2307692307692299E-003   362.37624707711677        1.5622905776475929E-023
   4.6153846153846149E-003   9.6153846153846159E-003   362.32125849583809        1.5414954263661329E-023

   5.0000000000000001E-003   3.8461538461538462E-004   352.50401841845672        1.3954530688459571E-024
   5.0000000000000001E-003   7.6923076923076923E-004   352.55341283427231        1.4132082514624146E-024
   5.0000000000000001E-003   1.1538461538461537E-003   352.59738349139684        1.4291878838611116E-024
   5.0000000000000001E-003   1.5384615384615385E-003   352.63614834941802        1.4434109495782413E-024
   5.0000000000000001E-003   1.9230769230769232E-003   352.66973749207631        1.4558350832825371E-024
   5.0000000000000001E-003   2.3076923076923075E-003   352.69842923381151        1.4665198479441953E-024
   5.0000000000000001E-003   2.6923076923076922E-003   352.72259974767462        1.4755719730788827E-024
   5.0000000000000001E-003   3.0769230769230769E-003   352.74252669705953        1.4830692977092683E-024
   5.0000000000000001E-003   3.4615384615384616E-003   352.75845383990463        1.4890836259999983E-024
   5.0000000000000001E-003   3.8461538461538464E-003   352.77059823184106        1.4936823155149408E-024
   5.0000000000000001E-003   4.2307692307692307E-003   352.77913879108434        1.4969228448298895E-024
   5.0000000000000001E-003   4.6153846153846149E-003   352.78420851795141        1.4988489393302730E-024
   5.0000000000000001E-003   5.0000000000000001E-003   352.78588922687521        1.4994878819368464E-024
   5.0000000000000001E-003   5.3846153846153844E-003   352.78420851795136        1.4988489393302625E-024
   5.0000000000000001E-003   5.7692307692307696E-003   352.77913879108422        1.4969228448298642E-024
   5.0000000000000001E-003   6.1538461538461538E-003   352.77059823184089        1.4936823155148965E-024
   5.0000000000000001E-003   6.5384615384615381E-003   352.75845383990463        1.4890836259999601E-024
   5.0000000000000001E-003   6.9230769230769233E-003   352.74252669705942        1.4830692977092374E-024
   5.0000000000000001E-003   7.3076923076923076E-003   352.72259974767439        1.4755719730788458E-024
   5.0000000000000001E-003   7.6923076923076927E-003   352.69842923381151        1.4665198479441472E-024
   5.0000000000000001E-003   8.0769230769230770E-003   352.66973749207597        1.4558350832824512E-024
   5.0000000000000001E-003   8.4615384615384613E-003   352.63614834941774        1.4434109495781612E-024
   5.0000000000000001E-003   8.8461538461538456E-003   352.59738349139667        1.4291878838610211E-024
   5.0000000000000001E-003   9.2307692307692299E-003   352.55341283427225        1.4132082514623309E-024
   5.0000000000000001E-003   9.6153846153846159E-003   352.50401841845644        1.3954530688458347E-024

   5.3846153846153844E-003   3.8461538461538462E-004   344.03834241247517        1.6014666614346216E-025
   5.3846153846153844E-003   7.6923076923076923E-004   344.08254087517503        1.6204645104866895E-025
   5.3846153846153844E-003   1.1538461538461537E-003   344.12201723479848        1.6376058080305232E-025
   5.3846153846153844E-003   1.5384615384615385E-003   344.15695179796234        1.6529105176921630E-025
   5.3846153846153844E-003   1.9230769230769232E-003   344.18732998793729        1.6663191552563007E-025
   5.3846153846153844E-003   2.3076923076923075E-003   344.21337250866259        1.6778864144713876E-025
   5.3846153846153844E-003   2.6923076923076922E-003   344.23539331446096        1.6877191359449529E-025
   5.3846153846153844E-003   3.0769230769230769E-003   344.25361175223424        1.6958892024891880E-025
   5.3846153846153844E-003   3.4615384615384616E-003   344.26821862932746        1.7024621115358669E-025
   5.3846153846153844E-003   3.8461538461538464E-003   344.27938539883075        1.7075001764842756E-025
   5.3846153846153844E-003   4.2307692307692307E-003   344.28725437240831        1.7110570950514277E-025
   5.3846153846153844E-003   4.6153846153846149E-003   344.29193191369563        1.7131740122585149E-025
   5.3846153846153844E-003   5.0000000000000001E-003   344.29348369528924        1.7138767238474711E-025
   5.3846153846153844E-003   5.3846153846153844E-003   344.29193191369546        1.7131740122584871E-025
   5.3846153846153844E-003   5.7692307692307696E-003   344.28725437240814        1.7110570950513724E-025
   5.3846153846153844E-003   6.1538461538461538E-003   344.27938539883058        1.7075001764842288E-025
   5.3846153846153844E-003   6.5384615384615381E-003   344.26821862932729        1.7024621115358379E-025
   5.3846153846153844E-003   6.9230769230769233E-003   344.25361175223424        1.6958892024891773E-025
   5.3846153846153844E-003   7.3076923076923076E-003   344.23539331446085        1.6877191359448941E-025
   5.3846153846153844E-003   7.6923076923076927E-003   344.21337250866247        1.6778864144713183E-025
   5.3846153846153844E-003   8.0769230769230770E-003   344.18732998793723        1.6663191552561946E-025
   5.3846153846153844E-003   8.4615384615384613E-003   344.15695179796234        1.6529105176920898E-025
   5.3846153846153844E-003   8.8461538461538456E-003   344.12201723479848        1.6376058080304727E-025
   5.3846153846153844E-003   9.2307692307692299E-003   344.08254087517531        1.6204645104866273E-025
   5.3846153846153844E-003   9.6153846153846159E-003   344.03834241247489        1.6014666614345158E-025

   5.7692307692307696E-003   3.8461538461538462E-004   336.77838401928898        2.3355161122311934E-026
   5.7692307692307696E-003   7.6923076923076923E-004   336.81780791611180        2.3610647996919709E-026
   5.7692307692307696E-003   1.1538461538461537E-003   336.85311731995699        2.3841603335507246E-026
   5.7692307692307696E-003   1.5384615384615385E-003   336.88446441939857        2.4048321029834070E-026
   5.7692307692307696E-003   1.9230769230769232E-003   336.91180164334355        2.4229825119284957E-026
   5.7692307692307696E-003   2.3076923076923075E-003   336.93530592610239        2.4386769409619734E-026
   5.7692307692307696E-003   2.6923076923076922E-003   336.95524316247668        2.4520539328942519E-026
   5.7692307692307696E-003   3.0769230769230769E-003   336.97178718983099        2.4631981862557150E-026
   5.7692307692307696E-003   3.4615384615384616E-003   336.98508691184389        2.4721851469647388E-026
   5.7692307692307696E-003   3.8461538461538464E-003   336.99527719249028        2.4790874888193265E-026
   5.7692307692307696E-003   4.2307692307692307E-003   337.00247061919526        2.4839683490207582E-026
   5.7692307692307696E-003   4.6153846153846149E-003   337.00675171963724        2.4868763954117067E-026
   5.7692307692307696E-003   5.0000000000000001E-003   337.00817284574259        2.4878422609184216E-026
   5.7692307692307696E-003   5.3846153846153844E-003   337.00675171963718        2.4868763954116301E-026
   5.7692307692307696E-003   5.7692307692307696E-003   337.00247061919521        2.4839683490206868E-026
   5.7692307692307696E-003   6.1538461538461538E-003   336.99527719249016        2.4790874888192834E-026
   5.7692307692307696E-003   6.5384615384615381E-003   336.98508691184378        2.4721851469646914E-026
   5.7692307692307696E-003   6.9230769230769233E-003   336.97178718983105        2.4631981862556685E-026
   5.7692307692307696E-003   7.3076923076923076E-003   336.95524316247668        2.4520539328941822E-026
   5.7692307692307696E-003   7.6923076923076927E-003   336.93530592610244        2.4386769409619240E-026
   5.7692307692307696E-003   8.0769230769230770E-003   336.91180164334355        2.4229825119284262E-026
   5.7692307692307696E-003   8.4615384615384613E-003   336.88446441939845        2.4048321029833048E-026
   5.7692307692307696E-003   8.8461538461538456E-003   336.85311731995677        2.3841603335506207E-026
   5.7692307692307696E-003   9.2307692307692299E-003   336.81780791611158        2.3610647996918572E-026
   5.7692307692307696E-003   9.6153846153846159E-003   336.77838401928869        2.3355161122310491E-026

   6.1538461538461538E-003   3.8461538461538462E-004   330.59116111249500        4.3181873714155893E-027
   6.1538461538461538E-003   7.6923076923076923E-004   330.62624629942491        4.3612914153018017E-027
   6.1538461538461538E-003   1.1538461538461537E-003   330.65774305311442        4.4003113257685643E-027
   6.1538461538461538E-003   1.5384615384615385E-003   330.68578222238392        4.4353048923648933E-027
   6.1538461538461538E-003   1.9230769230769232E-003   330.71029156815507        4.4660779364745569E-027
   6.1538461538461538E-003   2.3076923076923075E-003   330.73141452991797        4.4927321588072942E-027
   6.1538461538461538E-003   2.6923076923076922E-003   330.74937977745242        4.5154996414792816E-027
   6.1538461538461538E-003   3.0769230769230769E-003   330.76432568521250        4.5345077738952733E-027
   6.1538461538461538E-003   3.4615384615384616E-003   330.77636816973973        4.5498662276770122E-027
   6.1538461538461538E-003   3.8461538461538464E-003   330.78561298790862        4.5616818326910531E-027
   6.1538461538461538E-003   4.2307692307692307E-003   330.79214886242528        4.5700480287933088E-027
   6.1538461538461538E-003   4.6153846153846149E-003   330.79604265919636        4.5750371981869853E-027
   6.1538461538461538E-003   5.0000000000000001E-003   330.79733589992645        4.5766950487524871E-027
   6.1538461538461538E-003   5.3846153846153844E-003   330.79604265919636        4.5750371981868820E-027
   6.1538461538461538E-003   5.7692307692307696E-003   330.79214886242517        4.5700480287932622E-027
   6.1538461538461538E-003   6.1538461538461538E-003   330.78561298790873        4.5616818326910323E-027
   6.1538461538461538E-003   6.5384615384615381E-003   330.77636816973984        4.5498662276769167E-027
   6.1538461538461538E-003   6.9230769230769233E-003   330.76432568521255        4.5345077738951570E-027
   6.1538461538461538E-003   7.3076923076923076E-003   330.74937977745230        4.5154996414791704E-027
   6.1538461538461538E-003   7.6923076923076927E-003   330.73141452991814        4.4927321588072885E-027
   6.1538461538461538E-003   8.0769230769230770E-003   330.71029156815501        4.4660779364744507E-027
   6.1538461538461538E-003   8.4615384615384613E-003   330.68578222238381        4.4353048923647792E-027
   6.1538461538461538E-003   8.8461538461538456E-003   330.65774305311413        4.4003113257683692E-027
   6.1538461538461538E-003   9.2307692307692299E-003   330.62624629942474        4.3612914153015836E-027
   6.1538461538461538E-003   9.6153846153846159E-003   330.59116111249483        4.3181873714154831E-027

   6.5384615384615381E-003   3.8461538461538462E-004   325.35655277372433        1.0061871085684728E-027
   6.5384615384615381E-003   7.6923076923076923E-004   325.38774302920302        1.0152580326933278E-027
   6.5384615384615381E-003   1.1538461538461537E-003   325.41579906374278        1.0234780437232572E-027
   6.5384615384615381E-003   1.5384615384615385E-003   325.44083519191338        1.0308616658307207E-027
   6.5384615384615381E-003   1.9230769230769232E-003   325.46276046226910        1.0373614083039085E-027
   6.5384615384615381E-003   2.3076923076923075E-003   325.48169249731228        1.0429977046553029E-027
   6.5384615384615381E-003   2.6923076923076922E-003   325.49783106873889        1.0478203900281208E-027
   6.5384615384615381E-003   3.0769230769230769E-003   325.51128696466418        1.0518538244012831E-027
   6.5384615384615381E-003   3.4615384615384616E-003   325.52215026653960        1.0551180266361785E-027
   6.5384615384615381E-003   3.8461538461538464E-003   325.53050375913267        1.0576327047211764E-027
   6.5384615384615381E-003   4.2307692307692307E-003   325.53641719926935        1.0594151949146426E-027
   6.5384615384615381E-003   4.6153846153846149E-003   325.53994333660211        1.0604789818594410E-027
   6.5384615384615381E-003   5.0000000000000001E-003   325.54111500189617        1.0608326037526650E-027
   6.5384615384615381E-003   5.3846153846153844E-003   325.53994333660205        1.0604789818594379E-027
   6.5384615384615381E-003   5.7692307692307696E-003   325.53641719926929        1.0594151949146315E-027
   6.5384615384615381E-003   6.1538461538461538E-003   325.53050375913273        1.0576327047211598E-027
   6.5384615384615381E-003   6.5384615384615381E-003   325.52215026653948        1.0551180266361455E-027
   6.5384615384615381E-003   6.9230769230769233E-003   325.51128696466424        1.0518538244012645E-027
   6.5384615384615381E-003   7.3076923076923076E-003   325.49783106873900        1.0478203900281074E-027
   6.5384615384615381E-003   7.6923076923076927E-003   325.48169249731228        1.0429977046552762E-027
   6.5384615384615381E-003   8.0769230769230770E-003   325.46276046226910        1.0373614083038692E-027
   6.5384615384615381E-003   8.4615384615384613E-003   325.44083519191338        1.0308616658306819E-027
   6.5384615384615381E-003   8.8461538461538456E-003   325.41579906374267        1.0234780437232235E-027
   6.5384615384615381E-003   9.2307692307692299E-003   325.38774302920291        1.0152580326932959E-027
   6.5384615384615381E-003   9.6153846153846159E-003   325.35655277372405        1.0061871085684333E-027

   6.9230769230769233E-003   3.8461538461538462E-004   320.96721739826955        2.9299154749331789E-028
   6.9230769230769233E-003   7.6923076923076923E-004   320.99495967190484        2.9535184088089017E-028
   6.9230769230769233E-003   1.1538461538461537E-003   321.01995776474973        2.9749242522419773E-028
   6.9230769230769233E-003   1.5384615384615385E-003   321.04231273106791        2.9941781252602889E-028
   6.9230769230769233E-003   1.9230769230769232E-003   321.06191913457644        3.0111368345157647E-028
   6.9230769230769233E-003   2.3076923076923075E-003   321.07887455956893        3.0258527228248739E-028
   6.9230769230769233E-003   2.6923076923076922E-003   321.09335632958698        3.0384614545283731E-028
   6.9230769230769233E-003   3.0769230769230769E-003   321.10545384804158        3.0490218301372307E-028
   6.9230769230769233E-003   3.4615384615384616E-003   321.11523709613442        3.0575793618861340E-028
   6.9230769230769233E-003   3.8461538461538464E-003   321.12277089052532        3.0641793441445349E-028
   6.9230769230769233E-003   4.2307692307692307E-003   321.12811007694557        3.0688618202400409E-028
   6.9230769230769233E-003   4.6153846153846149E-003   321.13129625815668        3.0716580461071249E-028
   6.9230769230769233E-003   5.0000000000000001E-003   321.13235538049787        3.0725878567816186E-028
   6.9230769230769233E-003   5.3846153846153844E-003   321.13129625815657        3.0716580461071096E-028
   6.9230769230769233E-003   5.7692307692307696E-003   321.12811007694563        3.0688618202400149E-028
   6.9230769230769233E-003   6.1538461538461538E-003   321.12277089052537        3.0641793441445116E-028
   6.9230769230769233E-003   6.5384615384615381E-003   321.11523709613425        3.0575793618860686E-028
   6.9230769230769233E-003   6.9230769230769233E-003   321.10545384804146        3.0490218301371504E-028
   6.9230769230769233E-003   7.3076923076923076E-003   321.09335632958687        3.0384614545282767E-028
   6.9230769230769233E-003   7.6923076923076927E-003   321.07887455956887        3.0258527228247201E-028
   6.9230769230769233E-003   8.0769230769230770E-003   321.06191913457661        3.0111368345156118E-028
   6.9230769230769233E-003   8.4615384615384613E-003   321.04231273106797        2.9941781252601310E-028
   6.9230769230769233E-003   8.8461538461538456E-003   321.01995776474956        2.9749242522418383E-028
   6.9230769230769233E-003   9.2307692307692299E-003   320.99495967190472        2.9535184088087940E-028
   6.9230769230769233E-003   9.6153846153846159E-003   320.96721739826933        2.9299154749330874E-028

   7.3076923076923076E-003   3.8461538461538462E-004   317.32844896695303        1.0555609891247447E-028
   7.3076923076923076E-003   7.6923076923076923E-004   317.35319032926446        1.0630730728536157E-028
   7.3076923076923076E-003   1.1538461538461537E-003   317.37551946867165        1.0698903813771664E-028
   7.3076923076923076E-003   1.5384615384615385E-003   317.39552612889986        1.0760297736436600E-028
   7.3076923076923076E-003   1.9230769230769232E-003   317.41309336879635        1.0814381847096408E-028
   7.3076923076923076E-003   2.3076923076923075E-003   317.42830315858731        1.0861324380016991E-028
   7.3076923076923076E-003   2.6923076923076922E-003   317.44131545200912        1.0901587634557561E-028
   7.3076923076923076E-003   3.0769230769230769E-003   317.45220320977251        1.0935349165055747E-028
   7.3076923076923076E-003   3.4615384615384616E-003   317.46102094324795        1.0962736563495701E-028
   7.3076923076923076E-003   3.8461538461538464E-003   317.46781958982831        1.0983878347220617E-028
   7.3076923076923076E-003   4.2307692307692307E-003   317.47264243075148        1.0998888658696592E-028
   7.3076923076923076E-003   4.6153846153846149E-003   317.47552239226877        1.1007856861038980E-028
   7.3076923076923076E-003   5.0000000000000001E-003   317.47648004767973        1.1010839769335267E-028
   7.3076923076923076E-003   5.3846153846153844E-003   317.47552239226877        1.1007856861039071E-028
   7.3076923076923076E-003   5.7692307692307696E-003   317.47264243075153        1.0998888658696579E-028
   7.3076923076923076E-003   6.1538461538461538E-003   317.46781958982842        1.0983878347220516E-028
   7.3076923076923076E-003   6.5384615384615381E-003   317.46102094324777        1.0962736563495555E-028
   7.3076923076923076E-003   6.9230769230769233E-003   317.45220320977228        1.0935349165055442E-028
   7.3076923076923076E-003   7.3076923076923076E-003   317.44131545200889        1.0901587634557135E-028
   7.3076923076923076E-003   7.6923076923076927E-003   317.42830315858731        1.0861324380016340E-028
   7.3076923076923076E-003   8.0769230769230770E-003   317.41309336879641        1.0814381847095812E-028
   7.3076923076923076E-003   8.4615384615384613E-003   317.39552612889986        1.0760297736436130E-028
   7.3076923076923076E-003   8.8461538461538456E-003   317.37551946867148        1.0698903813771184E-028
   7.3076923076923076E-003   9.2307692307692299E-003   317.35319032926435        1.0630730728535706E-028
   7.3076923076923076E-003   9.6153846153846159E-003   317.32844896695303        1.0555609891246850E-028

   7.6923076923076927E-003   3.8461538461538462E-004   314.35798991166587        4.6497450132714759E-029
   7.6923076923076927E-003   7.6923076923076923E-004   314.38017659185505        4.6786432493334249E-029
   7.6923076923076927E-003   1.1538461538461537E-003   314.40022927497211        4.7048849789779754E-029
   7.6923076923076927E-003   1.5384615384615385E-003   314.41822731429710        4.7285441949675694E-029
   7.6923076923076927E-003   1.9230769230769232E-003   314.43404453060197        4.7493813241140668E-029
   7.6923076923076927E-003   2.3076923076923075E-003   314.44775084263335        4.7674631911198353E-029
   7.6923076923076927E-003   2.6923076923076922E-003   314.45949296535292        4.7829843437724508E-029
   7.6923076923076927E-003   3.0769230769230769E-003   314.46933144995069        4.7960112389134758E-029
   7.6923076923076927E-003   3.4615384615384616E-003   314.47730913748865        4.8065875619814277E-029
   7.6923076923076927E-003   3.8461538461538464E-003   314.48346645840394        4.8147579219729104E-029
   7.6923076923076927E-003   4.2307692307692307E-003   314.48783790170546        4.8205621012498815E-029
   7.6923076923076927E-003   4.6153846153846149E-003   314.49044977121832        4.8240313198226424E-029
   7.6923076923076927E-003   5.0000000000000001E-003   314.49131852742181        4.8251854533478035E-029
   7.6923076923076927E-003   5.3846153846153844E-003   314.49044977121832        4.8240313198226172E-029
   7.6923076923076927E-003   5.7692307692307696E-003   314.48783790170552        4.8205621012498479E-029
   7.6923076923076927E-003   6.1538461538461538E-003   314.48346645840394        4.8147579219728381E-029
   7.6923076923076927E-003   6.5384615384615381E-003   314.47730913748836        4.8065875619813728E-029
   7.6923076923076927E-003   6.9230769230769233E-003   314.46933144995046        4.7960112389133435E-029
   7.6923076923076927E-003   7.3076923076923076E-003   314.45949296535258        4.7829843437722731E-029
   7.6923076923076927E-003   7.6923076923076927E-003   314.44775084263324        4.7674631911196100E-029
   7.6923076923076927E-003   8.0769230769230770E-003   314.43404453060191        4.7493813241138397E-029
   7.6923076923076927E-003   8.4615384615384613E-003   314.41822731429687        4.7285441949673564E-029
   7.6923076923076927E-003   8.8461538461538456E-003   314.40022927497188        4.7048849789777282E-029
   7.6923076923076927E-003   9.2307692307692299E-003   314.38017659185459        4.6786432493331328E-029
   7.6923076923076927E-003   9.6153846153846159E-003   314.35798991166564        4.6497450132711587E-029

   8.0769230769230770E-003   3.8461538461538462E-004   311.98579282986407        2.4667933043496986E-029
   8.0769230769230770E-003   7.6923076923076923E-004   312.00587857455923        2.4800793546520615E-029
   8.0769230769230770E-003   1.1538461538461537E-003   312.02404973792409        2.4921459850262322E-029
   8.0769230769230770E-003   1.5384615384615385E-003   312.04038281865843        2.5030364447197634E-029
   8.0769230769230770E-003   1.9230769230769232E-003   312.05474487693249        2.5126213413942895E-029
   8.0769230769230770E-003   2.3076923076923075E-003   312.06719692603156        2.5209331310968187E-029
   8.0769230769230770E-003   2.6923076923076922E-003   312.07787597367019        2.5280714109383395E-029
   8.0769230769230770E-003   3.0769230769230769E-003   312.08683357790585        2.5340667780644125E-029
   8.0769230769230770E-003   3.4615384615384616E-003   312.09410411078994        2.5389374097646390E-029
   8.0769230769230770E-003   3.8461538461538464E-003   312.09972032288641        2.5427021268333776E-029
   8.0769230769230770E-003   4.2307692307692307E-003   312.10371022712638        2.5453777528983995E-029
   8.0769230769230770E-003   4.6153846153846149E-003   312.10609521841758        2.5469775020570947E-029
   8.0769230769230770E-003   5.0000000000000001E-003   312.10688869532999        2.5475097894557191E-029
   8.0769230769230770E-003   5.3846153846153844E-003   312.10609521841786        2.5469775020571031E-029
   8.0769230769230770E-003   5.7692307692307696E-003   312.10371022712656        2.5453777528983956E-029
   8.0769230769230770E-003   6.1538461538461538E-003   312.09972032288636        2.5427021268333300E-029
   8.0769230769230770E-003   6.5384615384615381E-003   312.09410411078983        2.5389374097645981E-029
   8.0769230769230770E-003   6.9230769230769233E-003   312.08683357790574        2.5340667780643256E-029
   8.0769230769230770E-003   7.3076923076923076E-003   312.07787597366990        2.5280714109382560E-029
   8.0769230769230770E-003   7.6923076923076927E-003   312.06719692603127        2.5209331310967201E-029
   8.0769230769230770E-003   8.0769230769230770E-003   312.05474487693220        2.5126213413942144E-029
   8.0769230769230770E-003   8.4615384615384613E-003   312.04038281865809        2.5030364447196605E-029
   8.0769230769230770E-003   8.8461538461538456E-003   312.02404973792375        2.4921459850260632E-029
   8.0769230769230770E-003   9.2307692307692299E-003   312.00587857455878        2.4800793546518785E-029
   8.0769230769230770E-003   9.6153846153846159E-003   311.98579282986356        2.4667933043495142E-029

   8.4615384615384613E-003   3.8461538461538462E-004   310.15385911350501        1.5456251323594494E-029
   8.4615384615384613E-003   7.6923076923076923E-004   310.17217815165213        1.5527891979745856E-029
   8.4615384615384613E-003   1.1538461538461537E-003   310.18887420903530        1.5593543565563702E-029
   8.4615384615384613E-003   1.5384615384615385E-003   310.20388747092181        1.5652791566953992E-029
   8.4615384615384613E-003   1.9230769230769232E-003   310.21709209992474        1.5704877441354334E-029
   8.4615384615384613E-003   2.3076923076923075E-003   310.22854301232331        1.5749991635602980E-029
   8.4615384615384613E-003   2.6923076923076922E-003   310.23837063539980        1.5788743232042984E-029
   8.4615384615384613E-003   3.0769230769230769E-003   310.24662058101353        1.5821304691053293E-029
   8.4615384615384613E-003   3.4615384615384616E-003   310.25332154885530        1.5847768554542853E-029
   8.4615384615384613E-003   3.8461538461538464E-003   310.25850102714094        1.5868231338011744E-029
   8.4615384615384613E-003   4.2307692307692307E-003   310.26218250475262        1.5882779045399556E-029
   8.4615384615384613E-003   4.6153846153846149E-003   310.26438390074662        1.5891479041623809E-029
   8.4615384615384613E-003   5.0000000000000001E-003   310.26511642775409        1.5894374147875287E-029
   8.4615384615384613E-003   5.3846153846153844E-003   310.26438390074679        1.5891479041623745E-029
   8.4615384615384613E-003   5.7692307692307696E-003   310.26218250475273        1.5882779045399368E-029
   8.4615384615384613E-003   6.1538461538461538E-003   310.25850102714094        1.5868231338011357E-029
   8.4615384615384613E-003   6.5384615384615381E-003   310.25332154885524        1.5847768554542466E-029
   8.4615384615384613E-003   6.9230769230769233E-003   310.24662058101353        1.5821304691052567E-029
   8.4615384615384613E-003   7.3076923076923076E-003   310.23837063539946        1.5788743232042311E-029
   8.4615384615384613E-003   7.6923076923076927E-003   310.22854301232280        1.5749991635602582E-029
   8.4615384615384613E-003   8.0769230769230770E-003   310.21709209992446        1.5704877441353970E-029
   8.4615384615384613E-003   8.4615384615384613E-003   310.20388747092159        1.5652791566953437E-029
   8.4615384615384613E-003   8.8461538461538456E-003   310.18887420903508        1.5593543565562844E-029
   8.4615384615384613E-003   9.2307692307692299E-003   310.17217815165156        1.5527891979744953E-029
   8.4615384615384613E-003   9.6153846153846159E-003   310.15385911350455        1.5456251323593530E-029

   8.8461538461538456E-003   3.8461538461538462E-004   308.81594215266466        1.1180038065980047E-029
   8.8461538461538456E-003   7.6923076923076923E-004   308.83307922115523        1.1225792962446896E-029
   8.8461538461538456E-003   1.1538461538461537E-003   308.84845880851134        1.1266789490921970E-029
   8.8461538461538456E-003   1.5384615384615385E-003   308.86251242585649        1.1304631366896901E-029
   8.8461538461538456E-003   1.9230769230769232E-003   308.87485812515638        1.1337794821147088E-029
   8.8461538461538456E-003   2.3076923076923075E-003   308.88556252408807        1.1366471734576201E-029
   8.8461538461538456E-003   2.6923076923076922E-003   308.89475237527677        1.1391098064634431E-029
   8.8461538461538456E-003   3.0769230769230769E-003   308.90247030356687        1.1411792782229973E-029
   8.8461538461538456E-003   3.4615384615384616E-003   308.90874189426438        1.1428614821280824E-029
   8.8461538461538456E-003   3.8461538461538464E-003   308.91359146624632        1.1441624714549826E-029
   8.8461538461538456E-003   4.2307692307692307E-003   308.91703962618760        1.1450875598495021E-029
   8.8461538461538456E-003   4.6153846153846149E-003   308.91910200831262        1.1456408704243333E-029
   8.8461538461538456E-003   5.0000000000000001E-003   308.91978836460243        1.1458250101394868E-029
   8.8461538461538456E-003   5.3846153846153844E-003   308.91910200831273        1.1456408704243249E-029
   8.8461538461538456E-003   5.7692307692307696E-003   308.91703962618760        1.1450875598494871E-029
   8.8461538461538456E-003   6.1538461538461538E-003   308.91359146624620        1.1441624714549497E-029
   8.8461538461538456E-003   6.5384615384615381E-003   308.90874189426432        1.1428614821280450E-029
   8.8461538461538456E-003   6.9230769230769233E-003   308.90247030356687        1.1411792782229634E-029
   8.8461538461538456E-003   7.3076923076923076E-003   308.89475237527654        1.1391098064634189E-029
   8.8461538461538456E-003   7.6923076923076927E-003   308.88556252408773        1.1366471734575894E-029
   8.8461538461538456E-003   8.0769230769230770E-003   308.87485812515604        1.1337794821146732E-029
   8.8461538461538456E-003   8.4615384615384613E-003   308.86251242585627        1.1304631366896646E-029
   8.8461538461538456E-003   8.8461538461538456E-003   308.84845880851134        1.1266789490921557E-029
   8.8461538461538456E-003   9.2307692307692299E-003   308.83307922115495        1.1225792962446426E-029
   8.8461538461538456E-003   9.6153846153846159E-003   308.81594215266426        1.1180038065979499E-029

   9.2307692307692299E-003   3.8461538461538462E-004   307.93762084887550        9.1311743068440242E-030
   9.2307692307692299E-003   7.6923076923076923E-004   307.95386261828804        9.1648169203763273E-030
   9.2307692307692299E-003   1.1538461538461537E-003   307.96862031158082        9.1955004172433145E-030
   9.2307692307692299E-003   1.5384615384615385E-003   307.98181976521391        9.2229341088744718E-030
   9.2307692307692299E-003   1.9230769230769232E-003   307.99361600903433        9.2475786530485589E-030
   9.2307692307692299E-003   2.3076923076923075E-003   308.00382813522015        9.2688136006420919E-030
   9.2307692307692299E-003   2.6923076923076922E-003   308.01259365201480        9.2870336779570275E-030
   9.2307692307692299E-003   3.0769230769230769E-003   308.01995567621367        9.3023403849504175E-030
   9.2307692307692299E-003   3.4615384615384616E-003   308.02593908011312        9.3147815385132071E-030
   9.2307692307692299E-003   3.8461538461538464E-003   308.03056677028871        9.3244035361251333E-030
   9.2307692307692299E-003   4.2307692307692307E-003   308.03385780267797        9.3312458567151306E-030
   9.2307692307692299E-003   4.6153846153846149E-003   308.03582649086758        9.3353386294782206E-030
   9.2307692307692299E-003   5.0000000000000001E-003   308.03648171663951        9.3367007420839605E-030
   9.2307692307692299E-003   5.3846153846153844E-003   308.03582649086752        9.3353386294782710E-030
   9.2307692307692299E-003   5.7692307692307696E-003   308.03385780267797        9.3312458567150114E-030
   9.2307692307692299E-003   6.1538461538461538E-003   308.03056677028866        9.3244035361248405E-030
   9.2307692307692299E-003   6.5384615384615381E-003   308.02593908011295        9.3147815385129647E-030
   9.2307692307692299E-003   6.9230769230769233E-003   308.01995567621367        9.3023403849501989E-030
   9.2307692307692299E-003   7.3076923076923076E-003   308.01259365201480        9.2870336779568271E-030
   9.2307692307692299E-003   7.6923076923076927E-003   308.00382813522003        9.2688136006419252E-030
   9.2307692307692299E-003   8.0769230769230770E-003   307.99361600903410        9.2475786530482618E-030
   9.2307692307692299E-003   8.4615384615384613E-003   307.98181976521363        9.2229341088741943E-030
   9.2307692307692299E-003   8.8461538461538456E-003   307.96862031158082        9.1955004172430314E-030
   9.2307692307692299E-003   9.2307692307692299E-003   307.95386261828804        9.1648169203760344E-030
   9.2307692307692299E-003   9.6153846153846159E-003   307.93762084887544        9.1311743068436598E-030

   9.6153846153846159E-003   3.8461538461538462E-004   307.49577523258716        8.2760043151725139E-030
   9.6153846153846159E-003   7.6923076923076923E-004   307.51149829980801        8.3045841649492853E-030
   9.6153846153846159E-003   1.1538461538461537E-003   307.52582237723539        8.3307521347508847E-030
   9.6153846153846159E-003   1.5384615384615385E-003   307.53876582081159        8.3545218397725283E-030
   9.6153846153846159E-003   1.9230769230769232E-003   307.55018918097159        8.3754565544190347E-030
   9.6153846153846159E-003   2.3076923076923075E-003   307.56016585417905        8.3937316269116280E-030
   9.6153846153846159E-003   2.6923076923076922E-003   307.56871772616506        8.4093738410825620E-030
   9.6153846153846159E-003   3.0769230769230769E-003   307.57589879454991        8.4225076161865866E-030
   9.6153846153846159E-003   3.4615384615384616E-003   307.58173507661394        8.4331803960906212E-030
   9.6153846153846159E-003   3.8461538461538464E-003   307.58624926317509        8.4414342185622985E-030
   9.6153846153846159E-003   4.2307692307692307E-003   307.58945982367078        8.4473035992029438E-030
   9.6153846153846159E-003   4.6153846153846149E-003   307.59138049497682        8.4508144568147559E-030
   9.6153846153846159E-003   5.0000000000000001E-003   307.59201976178520        8.4519829170076060E-030
   9.6153846153846159E-003   5.3846153846153844E-003   307.59138049497687        8.4508144568148428E-030
   9.6153846153846159E-003   5.7692307692307696E-003   307.58945982367078        8.4473035992029704E-030
   9.6153846153846159E-003   6.1538461538461538E-003   307.58624926317509        8.4414342185621318E-030
   9.6153846153846159E-003   6.5384615384615381E-003   307.58173507661394        8.4331803960904110E-030
   9.6153846153846159E-003   6.9230769230769233E-003   307.57589879454980        8.4225076161864534E-030
   9.6153846153846159E-003   7.3076923076923076E-003   307.56871772616472        8.4093738410823560E-030
   9.6153846153846159E-003   7.6923076923076927E-003   307.56016585417859        8.3937316269113674E-030
   9.6153846153846159E-003   8.0769230769230770E-003   307.55018918097113        8.3754565544187699E-030
   9.6153846153846159E-003   8.4615384615384613E-003   307.53876582081119        8.3545218397722060E-030
   9.6153846153846159E-003   8.8461538461538456E-003   307.52582237723522        8.3307521347506675E-030
   9.6153846153846159E-003   9.2307692307692299E-003   307.51149829980801        8.3045841649489938E-030
   9.6153846153846159E-003   9.6153846153846159E-003   307.49577523258716        8.2760043151722028E-030

