   3.8461538461538462E-004   3.8461538461538462E-004   1672.1261297051474        1.0000000000000000     
   3.8461538461538462E-004   7.6923076923076923E-004   1671.5374776654423        1.0000000000000000     
   3.8461538461538462E-004   1.1538461538461537E-003   1670.1973357420088        1.0000000000000000     
   3.8461538461538462E-004   1.5384615384615385E-003   1668.2488894937292        1.0000000000000000     
   3.8461538461538462E-004   1.9230769230769232E-003   1665.8800859911314        1.0000000000000000     
   3.8461538461538462E-004   2.3076923076923075E-003   1663.2977790566692        1.0000000000000000     
   3.8461538461538462E-004   2.6923076923076922E-003   1660.7022456007624        1.0000000000000000     
   3.8461538461538462E-004   3.0769230769230769E-003   1658.2668086146462        1.0000000000000000     
   3.8461538461538462E-004   3.4615384615384616E-003   1656.1257515193327        1.0000000000000000     
   3.8461538461538462E-004   3.8461538461538464E-003   1654.3715188033661        1.0000000000000000     
   3.8461538461538462E-004   4.2307692307692307E-003   1653.0599411256255        1.0000000000000000     
   3.8461538461538462E-004   4.6153846153846149E-003   1652.2204460977284        1.0000000000000000     
   3.8461538461538462E-004   5.0000000000000001E-003   1651.8673110699744        1.0000000000000000     
   3.8461538461538462E-004   5.3846153846153844E-003   1652.0081440571726        1.0000000000000000     
   3.8461538461538462E-004   5.7692307692307696E-003   1652.6468624901506        1.0000000000000000     
   3.8461538461538462E-004   6.1538461538461538E-003   1653.7801891043334        1.0000000000000000     
   3.8461538461538462E-004   6.5384615384615381E-003   1655.3886757917899        1.0000000000000000     
   3.8461538461538462E-004   6.9230769230769233E-003   1657.4250263503452        1.0000000000000000     
   3.8461538461538462E-004   7.3076923076923076E-003   1659.8035889087139        1.0000000000000000     
   3.8461538461538462E-004   7.6923076923076927E-003   1662.3950351304336        1.0000000000000000     
   3.8461538461538462E-004   8.0769230769230770E-003   1665.0293572824203        1.0000000000000000     
   3.8461538461538462E-004   8.4615384615384613E-003   1667.5085888133758        1.0000000000000000     
   3.8461538461538462E-004   8.8461538461538456E-003   1669.6286026074333        1.0000000000000000     
   3.8461538461538462E-004   9.2307692307692299E-003   1671.2079576138219        1.0000000000000000     
   3.8461538461538462E-004   9.6153846153846159E-003   1672.1233642259201        1.0000000000000000     

   7.6923076923076923E-004   3.8461538461538462E-004   1670.3958450604384        1.0000000000000000     
   7.6923076923076923E-004   7.6923076923076923E-004   1669.8128316674636        1.0000000000000000     
   7.6923076923076923E-004   1.1538461538461537E-003   1668.4837243985728        1.0000000000000000     
   7.6923076923076923E-004   1.5384615384615385E-003   1666.5506963886005        1.0000000000000000     
   7.6923076923076923E-004   1.9230769230769232E-003   1664.2003585533384        1.0000000000000000     
   7.6923076923076923E-004   2.3076923076923075E-003   1661.6380827507728        1.0000000000000000     
   7.6923076923076923E-004   2.6923076923076922E-003   1659.0626961933813        1.0000000000000000     
   7.6923076923076923E-004   3.0769230769230769E-003   1656.6462501873534        1.0000000000000000     
   7.6923076923076923E-004   3.4615384615384616E-003   1654.5220248423425        1.0000000000000000     
   7.6923076923076923E-004   3.8461538461538464E-003   1652.7817559900343        1.0000000000000000     
   7.6923076923076923E-004   4.2307692307692307E-003   1651.4808294974473        1.0000000000000000     
   7.6923076923076923E-004   4.6153846153846149E-003   1650.6484243506336        1.0000000000000000     
   7.6923076923076923E-004   5.0000000000000001E-003   1650.2986883588544        1.0000000000000000     
   7.6923076923076923E-004   5.3846153846153844E-003   1650.4391599549681        1.0000000000000000     
   7.6923076923076923E-004   5.7692307692307696E-003   1651.0737255107158        1.0000000000000000     
   7.6923076923076923E-004   6.1538461538461538E-003   1652.1991381458511        1.0000000000000000     
   7.6923076923076923E-004   6.5384615384615381E-003   1653.7961002039592        1.0000000000000000     
   7.6923076923076923E-004   6.9230769230769233E-003   1655.8176574781717        1.0000000000000000     
   7.6923076923076923E-004   7.3076923076923076E-003   1658.1787419478917        1.0000000000000000     
   7.6923076923076923E-004   7.6923076923076927E-003   1660.7508352547334        1.0000000000000000     
   7.6923076923076923E-004   8.0769230769230770E-003   1663.3648123885098        1.0000000000000000     
   7.6923076923076923E-004   8.4615384615384613E-003   1665.8231950285222        1.0000000000000000     
   7.6923076923076923E-004   8.8461538461538456E-003   1667.9205711564082        1.0000000000000000     
   7.6923076923076923E-004   9.2307692307692299E-003   1669.4678383625126        1.0000000000000000     
   7.6923076923076923E-004   9.6153846153846159E-003   1670.3103041768356        1.0000000000000000     

   1.1538461538461537E-003   3.8461538461538462E-004   1666.7982671420491        1.0000000000000000     
   1.1538461538461537E-003   7.6923076923076923E-004   1666.2263773843329        1.0000000000000000     
   1.1538461538461537E-003   1.1538461538461537E-003   1664.9190635895709        1.0000000000000000     
   1.1538461538461537E-003   1.5384615384615385E-003   1663.0164888312822        1.0000000000000000     
   1.1538461538461537E-003   1.9230769230769232E-003   1660.7026130039187        1.0000000000000000     
   1.1538461538461537E-003   2.3076923076923075E-003   1658.1798707125770        1.0000000000000000     
   1.1538461538461537E-003   2.6923076923076922E-003   1655.6442203424676        1.0000000000000000     
   1.1538461538461537E-003   3.0769230769230769E-003   1653.2652024611780        1.0000000000000000     
   1.1538461538461537E-003   3.4615384615384616E-003   1651.1741231869084        1.0000000000000000     
   1.1538461538461537E-003   3.8461538461538464E-003   1649.4613315227762        1.0000000000000000     
   1.1538461538461537E-003   4.2307692307692307E-003   1648.1813500462795        1.0000000000000000     
   1.1538461538461537E-003   4.6153846153846149E-003   1647.3628808467204        1.0000000000000000     
   1.1538461538461537E-003   5.0000000000000001E-003   1647.0198258014984        1.0000000000000000     
   1.1538461538461537E-003   5.3846153846153844E-003   1647.1595895261689        1.0000000000000000     
   1.1538461538461537E-003   5.7692307692307696E-003   1647.7859940872097        1.0000000000000000     
   1.1538461538461537E-003   6.1538461538461538E-003   1648.8958451281710        1.0000000000000000     
   1.1538461538461537E-003   6.5384615384615381E-003   1650.4701350658738        1.0000000000000000     
   1.1538461538461537E-003   6.9230769230769233E-003   1652.4625879781702        1.0000000000000000     
   1.1538461538461537E-003   7.3076923076923076E-003   1654.7893218794827        1.0000000000000000     
   1.1538461538461537E-003   7.6923076923076927E-003   1657.3235341900142        1.0000000000000000     
   1.1538461538461537E-003   8.0769230769230770E-003   1659.8982102199395        1.0000000000000000     
   1.1538461538461537E-003   8.4615384615384613E-003   1662.3180511925270        1.0000000000000000     
   1.1538461538461537E-003   8.8461538461538456E-003   1664.3794773306859        1.0000000000000000     
   1.1538461538461537E-003   9.2307692307692299E-003   1665.8952442276820        1.0000000000000000     
   1.1538461538461537E-003   9.6153846153846159E-003   1666.7190568911276        1.0000000000000000     

   1.5384615384615385E-003   3.8461538461538462E-004   1661.5314025325304        1.0000000000000000     
   1.5384615384615385E-003   7.6923076923076923E-004   1660.9756232199666        1.0000000000000000     
   1.5384615384615385E-003   1.1538461538461537E-003   1659.6998720653887        1.0000000000000000     
   1.5384615384615385E-003   1.5384615384615385E-003   1657.8413824748443        1.0000000000000000     
   1.5384615384615385E-003   1.9230769230769232E-003   1655.5802543502218        1.0000000000000000     
   1.5384615384615385E-003   2.3076923076923075E-003   1653.1146522995164        1.0000000000000000     
   1.5384615384615385E-003   2.6923076923076922E-003   1650.6363741536529        1.0000000000000000     
   1.5384615384615385E-003   3.0769230769230769E-003   1648.3113323479747        1.0000000000000000     
   1.5384615384615385E-003   3.4615384615384616E-003   1646.2679961516569        1.0000000000000000     
   1.5384615384615385E-003   3.8461538461538464E-003   1644.5947385940378        1.0000000000000000     
   1.5384615384615385E-003   4.2307692307692307E-003   1643.3448687646210        1.0000000000000000     
   1.5384615384615385E-003   4.6153846153846149E-003   1642.5464315303971        1.0000000000000000     
   1.5384615384615385E-003   5.0000000000000001E-003   1642.2129956530923        1.0000000000000000     
   1.5384615384615385E-003   5.3846153846153844E-003   1642.3517799661947        1.0000000000000000     
   1.5384615384615385E-003   5.7692307692307696E-003   1642.9665056229703        1.0000000000000000     
   1.5384615384615385E-003   6.1538461538461538E-003   1644.0540347407978        1.0000000000000000     
   1.5384615384615385E-003   6.5384615384615381E-003   1645.5957576723742        1.0000000000000000     
   1.5384615384615385E-003   6.9230769230769233E-003   1647.5463716465090        1.0000000000000000     
   1.5384615384615385E-003   7.3076923076923076E-003   1649.8237420762312        1.0000000000000000     
   1.5384615384615385E-003   7.6923076923076927E-003   1652.3036685536529        1.0000000000000000     
   1.5384615384615385E-003   8.0769230769230770E-003   1654.8225001827739        1.0000000000000000     
   1.5384615384615385E-003   8.4615384615384613E-003   1657.1888073632176        1.0000000000000000     
   1.5384615384615385E-003   8.8461538461538456E-003   1659.2031073431067        1.0000000000000000     
   1.5384615384615385E-003   9.2307692307692299E-003   1660.6825552352277        1.0000000000000000     
   1.5384615384615385E-003   9.6153846153846159E-003   1661.4863147508865        1.0000000000000000     

   1.9230769230769232E-003   3.8461538461538462E-004   1654.8716301024501        1.0000000000000000     
   1.9230769230769232E-003   7.6923076923076923E-004   1654.3362413770856        1.0000000000000000     
   1.9230769230769232E-003   1.1538461538461537E-003   1653.1004198853623        1.0000000000000000     
   1.9230769230769232E-003   1.5384615384615385E-003   1651.2976619401011        1.0000000000000000     
   1.9230769230769232E-003   1.9230769230769232E-003   1649.1031502849698        1.0000000000000000     
   1.9230769230769232E-003   2.3076923076923075E-003   1646.7096217318449        1.0000000000000000     
   1.9230769230769232E-003   2.6923076923076922E-003   1644.3036026967643        1.0000000000000000     
   1.9230769230769232E-003   3.0769230769230769E-003   1642.0464315666241        1.0000000000000000     
   1.9230769230769232E-003   3.4615384615384616E-003   1640.0630285363379        1.0000000000000000     
   1.9230769230769232E-003   3.8461538461538464E-003   1638.4393245990573        1.0000000000000000     
   1.9230769230769232E-003   4.2307692307692307E-003   1637.2271585065544        1.0000000000000000     
   1.9230769230769232E-003   4.6153846153846149E-003   1636.4538023617438        1.0000000000000000     
   1.9230769230769232E-003   5.0000000000000001E-003   1636.1324436772209        1.0000000000000000     
   1.9230769230769232E-003   5.3846153846153844E-003   1636.2700796519625        1.0000000000000000     
   1.9230769230769232E-003   5.7692307692307696E-003   1636.8702886441326        1.0000000000000000     
   1.9230769230769232E-003   6.1538461538461538E-003   1637.9299664816713        1.0000000000000000     
   1.9230769230769232E-003   6.5384615384615381E-003   1639.4309600866416        1.0000000000000000     
   1.9230769230769232E-003   6.9230769230769233E-003   1641.3291620497134        1.0000000000000000     
   1.9230769230769232E-003   7.3076923076923076E-003   1643.5446502731620        1.0000000000000000     
   1.9230769230769232E-003   7.6923076923076927E-003   1645.9565897484431        1.0000000000000000     
   1.9230769230769232E-003   8.0769230769230770E-003   1648.4057717525695        1.0000000000000000     
   1.9230769230769232E-003   8.4615384615384613E-003   1650.7059940676102        1.0000000000000000     
   1.9230769230769232E-003   8.8461538461538456E-003   1652.6633586087526        1.0000000000000000     
   1.9230769230769232E-003   9.2307692307692299E-003   1654.1005222550732        1.0000000000000000     
   1.9230769230769232E-003   9.6153846153846159E-003   1654.8815513723894        1.0000000000000000     

   2.3076923076923075E-003   3.8461538461538462E-004   1647.1520123181308        1.0000000000000000     
   2.3076923076923075E-003   7.6923076923076923E-004   1646.6404273327682        1.0000000000000000     
   2.3076923076923075E-003   1.1538461538461537E-003   1645.4511848795833        1.0000000000000000     
   2.3076923076923075E-003   1.5384615384615385E-003   1643.7133769614145        1.0000000000000000     
   2.3076923076923075E-003   1.9230769230769232E-003   1641.5964010018206        1.0000000000000000     
   2.3076923076923075E-003   2.3076923076923075E-003   1639.2866248018142        1.0000000000000000     
   2.3076923076923075E-003   2.6923076923076922E-003   1636.9644146948031        1.0000000000000000     
   2.3076923076923075E-003   3.0769230769230769E-003   1634.7857976502371        1.0000000000000000     
   2.3076923076923075E-003   3.4615384615384616E-003   1632.8716134541871        1.0000000000000000     
   2.3076923076923075E-003   3.8461538461538464E-003   1631.3050305753052        1.0000000000000000     
   2.3076923076923075E-003   4.2307692307692307E-003   1630.1362691134193        1.0000000000000000     
   2.3076923076923075E-003   4.6153846153846149E-003   1629.3917869122322        1.0000000000000000     
   2.3076923076923075E-003   5.0000000000000001E-003   1629.0843861118078        1.0000000000000000     
   2.3076923076923075E-003   5.3846153846153844E-003   1629.2208243679372        1.0000000000000000     
   2.3076923076923075E-003   5.7692307692307696E-003   1629.8044889726268        1.0000000000000000     
   2.3076923076923075E-003   6.1538461538461538E-003   1630.8322547821313        1.0000000000000000     
   2.3076923076923075E-003   6.5384615384615381E-003   1632.2864227776026        1.0000000000000000     
   2.3076923076923075E-003   6.9230769230769233E-003   1634.1242076746069        1.0000000000000000     
   2.3076923076923075E-003   7.3076923076923076E-003   1636.2682294114384        1.0000000000000000     
   2.3076923076923075E-003   7.6923076923076927E-003   1638.6015977486513        1.0000000000000000     
   2.3076923076923075E-003   8.0769230769230770E-003   1640.9703755913886        1.0000000000000000     
   2.3076923076923075E-003   8.4615384615384613E-003   1643.1946006406174        1.0000000000000000     
   2.3076923076923075E-003   8.8461538461538456E-003   1645.0869892221801        1.0000000000000000     
   2.3076923076923075E-003   9.2307692307692299E-003   1646.4764439022927        1.0000000000000000     
   2.3076923076923075E-003   9.6153846153846159E-003   1647.2320581956894        1.0000000000000000     

   2.6923076923076922E-003   3.8461538461538462E-004   1638.7384463816970        1.0000000000000000     
   2.6923076923076922E-003   7.6923076923076923E-004   1638.2531125260743        1.0000000000000000     
   2.6923076923076922E-003   1.1538461538461537E-003   1637.1151883327257        1.0000000000000000     
   2.6923076923076922E-003   1.5384615384615385E-003   1635.4488542752565        1.0000000000000000     
   2.6923076923076922E-003   1.9230769230769232E-003   1633.4170689310686        1.0000000000000000     
   2.6923076923076922E-003   2.3076923076923075E-003   1631.1991340701491        1.0000000000000000     
   2.6923076923076922E-003   2.6923076923076922E-003   1628.9686153106984        1.0000000000000000     
   2.6923076923076922E-003   3.0769230769230769E-003   1626.8757205697768        1.0000000000000000     
   2.6923076923076922E-003   3.4615384615384616E-003   1625.0368737754300        1.0000000000000000     
   2.6923076923076922E-003   3.8461538461538464E-003   1623.5323147128947        1.0000000000000000     
   2.6923076923076922E-003   4.2307692307692307E-003   1622.4106087792777        1.0000000000000000     
   2.6923076923076922E-003   4.6153846153846149E-003   1621.6974327569549        1.0000000000000000     
   2.6923076923076922E-003   5.0000000000000001E-003   1621.4052428631987        1.0000000000000000     
   2.6923076923076922E-003   5.3846153846153844E-003   1621.5405571057424        1.0000000000000000     
   2.6923076923076922E-003   5.7692307692307696E-003   1622.1065174681758        1.0000000000000000     
   2.6923076923076922E-003   6.1538461538461538E-003   1623.0998911308807        1.0000000000000000     
   2.6923076923076922E-003   6.5384615384615381E-003   1624.5033665692852        1.0000000000000000     
   2.6923076923076922E-003   6.9230769230769233E-003   1626.2755033105204        1.0000000000000000     
   2.6923076923076922E-003   7.3076923076923076E-003   1628.3416408697776        1.0000000000000000     
   2.6923076923076922E-003   7.6923076923076927E-003   1630.5892071100689        1.0000000000000000     
   2.6923076923076922E-003   8.0769230769230770E-003   1632.8701035013826        1.0000000000000000     
   2.6923076923076922E-003   8.4615384615384613E-003   1635.0113092177035        1.0000000000000000     
   2.6923076923076922E-003   8.8461538461538456E-003   1636.8328692759990        1.0000000000000000     
   2.6923076923076922E-003   9.2307692307692299E-003   1638.1704910042786        1.0000000000000000     
   2.6923076923076922E-003   9.6153846153846159E-003   1638.8985724714430        1.0000000000000000     

   3.0769230769230769E-003   3.8461538461538462E-004   1630.0072525559906        1.0000000000000000     
   3.0769230769230769E-003   7.6923076923076923E-004   1629.5496240767216        1.0000000000000000     
   3.0769230769230769E-003   1.1538461538461537E-003   1628.4657961400274        1.0000000000000000     
   3.0769230769230769E-003   1.5384615384615385E-003   1626.8747001785814        1.0000000000000000     
   3.0769230769230769E-003   1.9230769230769232E-003   1624.9324287135739        1.0000000000000000     
   3.0769230769230769E-003   2.3076923076923075E-003   1622.8107756618160        1.0000000000000000     
   3.0769230769230769E-003   2.6923076923076922E-003   1620.6761212603142        1.0000000000000000     
   3.0769230769230769E-003   3.0769230769230769E-003   1618.6725797676922        1.0000000000000000     
   3.0769230769230769E-003   3.4615384615384616E-003   1616.9120179747695        1.0000000000000000     
   3.0769230769230769E-003   3.8461538461538464E-003   1615.4717293018798        1.0000000000000000     
   3.0769230769230769E-003   4.2307692307692307E-003   1614.3986925324782        1.0000000000000000     
   3.0769230769230769E-003   4.6153846153846149E-003   1613.7179032383626        1.0000000000000000     
   3.0769230769230769E-003   5.0000000000000001E-003   1613.4415490031561        1.0000000000000000     
   3.0769230769230769E-003   5.3846153846153844E-003   1613.5759239581764        1.0000000000000000     
   3.0769230769230769E-003   5.7692307692307696E-003   1614.1238668057779        1.0000000000000000     
   3.0769230769230769E-003   6.1538461538461538E-003   1615.0819238329973        1.0000000000000000     
   3.0769230769230769E-003   6.5384615384615381E-003   1616.4330472577506        1.0000000000000000     
   3.0769230769230769E-003   6.9230769230769233E-003   1618.1370660463435        1.0000000000000000     
   3.0769230769230769E-003   7.3076923076923076E-003   1620.1220687848872        1.0000000000000000     
   3.0769230769230769E-003   7.6923076923076927E-003   1622.2799724809386        1.0000000000000000     
   3.0769230769230769E-003   8.0769230769230770E-003   1624.4688323953392        1.0000000000000000     
   3.0769230769230769E-003   8.4615384615384613E-003   1626.5229895073098        1.0000000000000000     
   3.0769230769230769E-003   8.8461538461538456E-003   1628.2702650823355        1.0000000000000000     
   3.0769230769230769E-003   9.2307692307692299E-003   1629.5535498234469        1.0000000000000000     
   3.0769230769230769E-003   9.6153846153846159E-003   1630.2527868856350        1.0000000000000000     

   3.4615384615384616E-003   3.8461538461538462E-004   1621.3278536611570        1.0000000000000000     
   3.4615384615384616E-003   7.6923076923076923E-004   1620.8984398948232        1.0000000000000000     
   3.4615384615384616E-003   1.1538461538461537E-003   1619.8696222488618        1.0000000000000000     
   3.4615384615384616E-003   1.5384615384615385E-003   1618.3549137874372        1.0000000000000000     
   3.4615384615384616E-003   1.9230769230769232E-003   1616.5033364160115        1.0000000000000000     
   3.4615384615384616E-003   2.3076923076923075E-003   1614.4789826482145        1.0000000000000000     
   3.4615384615384616E-003   2.6923076923076922E-003   1612.4409076904938        1.0000000000000000     
   3.4615384615384616E-003   3.0769230769230769E-003   1610.5270755332365        1.0000000000000000     
   3.4615384615384616E-003   3.4615384615384616E-003   1608.8448304403253        1.0000000000000000     
   3.4615384615384616E-003   3.8461538461538464E-003   1607.4686304323916        1.0000000000000000     
   3.4615384615384616E-003   4.2307692307692307E-003   1606.4440208363230        1.0000000000000000     
   3.4615384615384616E-003   4.6153846153846149E-003   1605.7954667058018        1.0000000000000000     
   3.4615384615384616E-003   5.0000000000000001E-003   1605.5349917706078        1.0000000000000000     
   3.4615384615384616E-003   5.3846153846153844E-003   1605.6686944968872        1.0000000000000000     
   3.4615384615384616E-003   5.7692307692307696E-003   1606.1990524743810        1.0000000000000000     
   3.4615384615384616E-003   6.1538461538461538E-003   1607.1222618323040        1.0000000000000000     
   3.4615384615384616E-003   6.5384615384615381E-003   1608.4213730618305        1.0000000000000000     
   3.4615384615384616E-003   6.9230769230769233E-003   1610.0573296886432        1.0000000000000000     
   3.4615384615384616E-003   7.3076923076923076E-003   1611.9608710108923        1.0000000000000000     
   3.4615384615384616E-003   7.6923076923076927E-003   1614.0283936642452        1.0000000000000000     
   3.4615384615384616E-003   8.0769230769230770E-003   1616.1241948637294        1.0000000000000000     
   3.4615384615384616E-003   8.4615384615384613E-003   1618.0901444377926        1.0000000000000000     
   3.4615384615384616E-003   8.8461538461538456E-003   1619.7620434119974        1.0000000000000000     
   3.4615384615384616E-003   9.2307692307692299E-003   1620.9901537712490        1.0000000000000000     
   3.4615384615384616E-003   9.6153846153846159E-003   1621.6600961850932        1.0000000000000000     

   3.8461538461538464E-003   3.8461538461538462E-004   1613.0537516849329        1.0000000000000000     
   3.8461538461538464E-003   7.6923076923076923E-004   1612.6522370528589        1.0000000000000000     
   3.8461538461538464E-003   1.1538461538461537E-003   1611.6777161666578        1.0000000000000000     
   3.8461538461538464E-003   1.5384615384615385E-003   1610.2382698373501        1.0000000000000000     
   3.8461538461538464E-003   1.9230769230769232E-003   1608.4758486590449        1.0000000000000000     
   3.8461538461538464E-003   2.3076923076923075E-003   1606.5468742095616        1.0000000000000000     
   3.8461538461538464E-003   2.6923076923076922E-003   1604.6031532994273        1.0000000000000000     
   3.8461538461538464E-003   3.0769230769230769E-003   1602.7766293039731        1.0000000000000000     
   3.8461538461538464E-003   3.4615384615384616E-003   1601.1703016801230        1.0000000000000000     
   3.8461538461538464E-003   3.8461538461538464E-003   1599.8560011514426        1.0000000000000000     
   3.8461538461538464E-003   4.2307692307692307E-003   1598.8780500418104        1.0000000000000000     
   3.8461538461538464E-003   4.6153846153846149E-003   1598.2605627214132        1.0000000000000000     
   3.8461538461538464E-003   5.0000000000000001E-003   1598.0155176073972        1.0000000000000000     
   3.8461538461538464E-003   5.3846153846153844E-003   1598.1488535927463        1.0000000000000000     
   3.8461538461538464E-003   5.7692307692307696E-003   1598.6626344175618        1.0000000000000000     
   3.8461538461538464E-003   6.1538461538461538E-003   1599.5525746758642        1.0000000000000000     
   3.8461538461538464E-003   6.5384615384615381E-003   1600.8016376147032        1.0000000000000000     
   3.8461538461538464E-003   6.9230769230769233E-003   1602.3716746810426        1.0000000000000000     
   3.8461538461538464E-003   7.3076923076923076E-003   1604.1958818101200        1.0000000000000000     
   3.8461538461538464E-003   7.6923076923076927E-003   1606.1749802173488        1.0000000000000000     
   3.8461538461538464E-003   8.0769230769230770E-003   1608.1794064601215        1.0000000000000000     
   3.8461538461538464E-003   8.4615384615384613E-003   1610.0585073220082        1.0000000000000000     
   3.8461538461538464E-003   8.8461538461538456E-003   1611.6560482722325        1.0000000000000000     
   3.8461538461538464E-003   9.2307692307692299E-003   1612.8296646243625        1.0000000000000000     
   3.8461538461538464E-003   9.6153846153846159E-003   1613.4706591369616        1.0000000000000000     

   4.2307692307692307E-003   3.8461538461538462E-004   1605.5238864834914        1.0000000000000000     
   4.2307692307692307E-003   7.6923076923076923E-004   1605.1493079390668        1.0000000000000000     
   4.2307692307692307E-003   1.1538461538461537E-003   1604.2270886438134        1.0000000000000000     
   4.2307692307692307E-003   1.5384615384615385E-003   1602.8599964129319        1.0000000000000000     
   4.2307692307692307E-003   1.9230769230769232E-003   1601.1830822345837        1.0000000000000000     
   4.2307692307692307E-003   2.3076923076923075E-003   1599.3453128095655        1.0000000000000000     
   4.2307692307692307E-003   2.6923076923076922E-003   1597.4914966980932        1.0000000000000000     
   4.2307692307692307E-003   3.0769230769230769E-003   1595.7478282770317        1.0000000000000000     
   4.2307692307692307E-003   3.4615384615384616E-003   1594.2132400173557        1.0000000000000000     
   4.2307692307692307E-003   3.8461538461538464E-003   1592.9572015006711        1.0000000000000000     
   4.2307692307692307E-003   4.2307692307692307E-003   1592.0230469378955        1.0000000000000000     
   4.2307692307692307E-003   4.6153846153846149E-003   1591.4347242170386        1.0000000000000000     
   4.2307692307692307E-003   5.0000000000000001E-003   1591.2042833952971        1.0000000000000000     
   4.2307692307692307E-003   5.3846153846153844E-003   1591.3375426199009        1.0000000000000000     
   4.2307692307692307E-003   5.7692307692307696E-003   1591.8361094070221        1.0000000000000000     
   4.2307692307692307E-003   6.1538461538461538E-003   1592.6950986780646        1.0000000000000000     
   4.2307692307692307E-003   6.5384615384615381E-003   1593.8972055050976        1.0000000000000000     
   4.2307692307692307E-003   6.9230769230769233E-003   1595.4049635799049        1.0000000000000000     
   4.2307692307692307E-003   7.3076923076923076E-003   1597.1537749420711        1.0000000000000000     
   4.2307692307692307E-003   7.6923076923076927E-003   1599.0484286253816        1.0000000000000000     
   4.2307692307692307E-003   8.0769230769230770E-003   1600.9652527948674        1.0000000000000000     
   4.2307692307692307E-003   8.4615384615384613E-003   1602.7608438020573        1.0000000000000000     
   4.2307692307692307E-003   8.8461538461538456E-003   1604.2867329811609        1.0000000000000000     
   4.2307692307692307E-003   9.2307692307692299E-003   1605.4077669666365        1.0000000000000000     
   4.2307692307692307E-003   9.6153846153846159E-003   1606.0208140748186        1.0000000000000000     

   4.6153846153846149E-003   3.8461538461538462E-004   1599.0744123937241        1.0000000000000000     
   4.6153846153846149E-003   7.6923076923076923E-004   1598.7253680578101        1.0000000000000000     
   4.6153846153846149E-003   1.1538461538461537E-003   1597.8525765101540        1.0000000000000000     
   4.6153846153846149E-003   1.5384615384615385E-003   1596.5537166987981        1.0000000000000000     
   4.6153846153846149E-003   1.9230769230769232E-003   1594.9572450018470        1.0000000000000000     
   4.6153846153846149E-003   2.3076923076923075E-003   1593.2050283799240        1.0000000000000000     
   4.6153846153846149E-003   2.6923076923076922E-003   1591.4352506844873        1.0000000000000000     
   4.6153846153846149E-003   3.0769230769230769E-003   1589.7687208633822        1.0000000000000000     
   4.6153846153846149E-003   3.4615384615384616E-003   1588.3006356606452        1.0000000000000000     
   4.6153846153846149E-003   3.8461538461538464E-003   1587.0983869655977        1.0000000000000000     
   4.6153846153846149E-003   4.2307692307692307E-003   1586.2045471603190        1.0000000000000000     
   4.6153846153846149E-003   4.6153846153846149E-003   1585.6430620254171        1.0000000000000000     
   4.6153846153846149E-003   5.0000000000000001E-003   1585.4261538859344        1.0000000000000000     
   4.6153846153846149E-003   5.3846153846153844E-003   1585.5595566783893        1.0000000000000000     
   4.6153846153846149E-003   5.7692307692307696E-003   1586.0443943995265        1.0000000000000000     
   4.6153846153846149E-003   6.1538461538461538E-003   1586.8750917521932        1.0000000000000000     
   4.6153846153846149E-003   6.5384615384615381E-003   1588.0339230115580        1.0000000000000000     
   4.6153846153846149E-003   6.9230769230769233E-003   1589.4838919641372        1.0000000000000000     
   4.6153846153846149E-003   7.3076923076923076E-003   1591.1623401778622        1.0000000000000000     
   4.6153846153846149E-003   7.6923076923076927E-003   1592.9778125609546        1.0000000000000000     
   4.6153846153846149E-003   8.0769230769230770E-003   1594.8121858959114        1.0000000000000000     
   4.6153846153846149E-003   8.4615384615384613E-003   1596.5289524193552        1.0000000000000000     
   4.6153846153846149E-003   8.8461538461538456E-003   1597.9870710548573        1.0000000000000000     
   4.6153846153846149E-003   9.2307692307692299E-003   1599.0583069276204        1.0000000000000000     
   4.6153846153846149E-003   9.6153846153846159E-003   1599.6448768790115        1.0000000000000000     

   5.0000000000000001E-003   3.8461538461538462E-004   1594.0577119102270        1.0000000000000000     
   5.0000000000000001E-003   7.6923076923076923E-004   1593.7325634815561        1.0000000000000000     
   5.0000000000000001E-003   1.1538461538461537E-003   1592.9058338926498        1.0000000000000000     
   5.0000000000000001E-003   1.5384615384615385E-003   1591.6704133754506        1.0000000000000000     
   5.0000000000000001E-003   1.9230769230769232E-003   1590.1485626419783        1.0000000000000000     
   5.0000000000000001E-003   2.3076923076923075E-003   1588.4754972798607        1.0000000000000000     
   5.0000000000000001E-003   2.6923076923076922E-003   1586.7832252573155        1.0000000000000000     
   5.0000000000000001E-003   3.0769230769230769E-003   1585.1875791239108        1.0000000000000000     
   5.0000000000000001E-003   3.4615384615384616E-003   1583.7803627926939        1.0000000000000000     
   5.0000000000000001E-003   3.8461538461538464E-003   1582.6271561270664        1.0000000000000000     
   5.0000000000000001E-003   4.2307692307692307E-003   1581.7699600264646        1.0000000000000000     
   5.0000000000000001E-003   4.6153846153846149E-003   1581.2328433688047        1.0000000000000000     
   5.0000000000000001E-003   5.0000000000000001E-003   1581.0282734953662        1.0000000000000000     
   5.0000000000000001E-003   5.3846153846153844E-003   1581.1619303098273        1.0000000000000000     
   5.0000000000000001E-003   5.7692307692307696E-003   1581.6344453530228        1.0000000000000000     
   5.0000000000000001E-003   6.1538461538461538E-003   1582.4395008963738        1.0000000000000000     
   5.0000000000000001E-003   6.5384615384615381E-003   1583.5588446149238        1.0000000000000000     
   5.0000000000000001E-003   6.9230769230769233E-003   1584.9557782999661        1.0000000000000000     
   5.0000000000000001E-003   7.3076923076923076E-003   1586.5693348201598        1.0000000000000000     
   5.0000000000000001E-003   7.6923076923076927E-003   1588.3114890728141        1.0000000000000000     
   5.0000000000000001E-003   8.0769230769230770E-003   1590.0692741086928        1.0000000000000000     
   5.0000000000000001E-003   8.4615384615384613E-003   1591.7126451449444        1.0000000000000000     
   5.0000000000000001E-003   8.8461538461538456E-003   1593.1075545581577        1.0000000000000000     
   5.0000000000000001E-003   9.2307692307692299E-003   1594.1322984564208        1.0000000000000000     
   5.0000000000000001E-003   9.6153846153846159E-003   1594.6941498386880        1.0000000000000000     

   5.3846153846153844E-003   3.8461538461538462E-004   1590.8611344989417        1.0000000000000000     
   5.3846153846153844E-003   7.6923076923076923E-004   1590.5581598449869        1.0000000000000000     
   5.3846153846153844E-003   1.1538461538461537E-003   1589.7739211809874        1.0000000000000000     
   5.3846153846153844E-003   1.5384615384615385E-003   1588.5968731276907        1.0000000000000000     
   5.3846153846153844E-003   1.9230769230769232E-003   1587.1435427177014        1.0000000000000000     
   5.3846153846153844E-003   2.3076923076923075E-003   1585.5430006833037        1.0000000000000000     
   5.3846153846153844E-003   2.6923076923076922E-003   1583.9215677183342        1.0000000000000000     
   5.3846153846153844E-003   3.0769230769230769E-003   1582.3905217600213        1.0000000000000000     
   5.3846153846153844E-003   3.4615384615384616E-003   1581.0386007373052        1.0000000000000000     
   5.3846153846153844E-003   3.8461538461538464E-003   1579.9297987612601        1.0000000000000000     
   5.3846153846153844E-003   4.2307692307692307E-003   1579.1056841226007        1.0000000000000000     
   5.3846153846153844E-003   4.6153846153846149E-003   1578.5905246526895        1.0000000000000000     
   5.3846153846153844E-003   5.0000000000000001E-003   1578.3970717747311        1.0000000000000000     
   5.3846153846153844E-003   5.3846153846153844E-003   1578.5309729523408        1.0000000000000000     
   5.3846153846153844E-003   5.7692307692307696E-003   1578.9923777401873        1.0000000000000000     
   5.3846153846153844E-003   6.1538461538461538E-003   1579.7742167413021        1.0000000000000000     
   5.3846153846153844E-003   6.5384615384615381E-003   1580.8576611208002        1.0000000000000000     
   5.3846153846153844E-003   6.9230769230769233E-003   1582.2061931884787        1.0000000000000000     
   5.3846153846153844E-003   7.3076923076923076E-003   1583.7603280200669        1.0000000000000000     
   5.3846153846153844E-003   7.6923076923076927E-003   1585.4351577103723        1.0000000000000000     
   5.3846153846153844E-003   8.0769230769230770E-003   1587.1224620028638        1.0000000000000000     
   5.3846153846153844E-003   8.4615384615384613E-003   1588.6981817627977        1.0000000000000000     
   5.3846153846153844E-003   8.8461538461538456E-003   1590.0347668222830        1.0000000000000000     
   5.3846153846153844E-003   9.2307692307692299E-003   1591.0165914759082        1.0000000000000000     
   5.3846153846153844E-003   9.6153846153846159E-003   1591.5556386207384        1.0000000000000000     

   5.7692307692307696E-003   3.8461538461538462E-004   1589.9132762277557        1.0000000000000000     
   5.7692307692307696E-003   7.6923076923076923E-004   1589.6307329941869        1.0000000000000000     
   5.7692307692307696E-003   1.1538461538461537E-003   1588.8853224647432        1.0000000000000000     
   5.7692307692307696E-003   1.5384615384615385E-003   1587.7614580206609        1.0000000000000000     
   5.7692307692307696E-003   1.9230769230769232E-003   1586.3704431648371        1.0000000000000000     
   5.7692307692307696E-003   2.3076923076923075E-003   1584.8357528924080        1.0000000000000000     
   5.7692307692307696E-003   2.6923076923076922E-003   1583.2785352098515        1.0000000000000000     
   5.7692307692307696E-003   3.0769230769230769E-003   1581.8059377097568        1.0000000000000000     
   5.7692307692307696E-003   3.4615384615384616E-003   1580.5039372004569        1.0000000000000000     
   5.7692307692307696E-003   3.8461538461538464E-003   1579.4351270599325        1.0000000000000000     
   5.7692307692307696E-003   4.2307692307692307E-003   1578.6407314231024        1.0000000000000000     
   5.7692307692307696E-003   4.6153846153846149E-003   1578.1452458879619        1.0000000000000000     
   5.7692307692307696E-003   5.0000000000000001E-003   1577.9617132400153        1.0000000000000000     
   5.7692307692307696E-003   5.3846153846153844E-003   1578.0957617987578        1.0000000000000000     
   5.7692307692307696E-003   5.7692307692307696E-003   1578.5470872736601        1.0000000000000000     
   5.7692307692307696E-003   6.1538461538461538E-003   1579.3078990680817        1.0000000000000000     
   5.7692307692307696E-003   6.5384615384615381E-003   1580.3587942860011        1.0000000000000000     
   5.7692307692307696E-003   6.9230769230769233E-003   1581.6633707931653        1.0000000000000000     
   5.7692307692307696E-003   7.3076923076923076E-003   1583.1634569772125        1.0000000000000000     
   5.7692307692307696E-003   7.6923076923076927E-003   1584.7769677868894        1.0000000000000000     
   5.7692307692307696E-003   8.0769230769230770E-003   1586.4000126916083        1.0000000000000000     
   5.7692307692307696E-003   8.4615384615384613E-003   1587.9140098255555        1.0000000000000000     
   5.7692307692307696E-003   8.8461538461538456E-003   1589.1973636306470        1.0000000000000000     
   5.7692307692307696E-003   9.2307692307692299E-003   1590.1400226991116        1.0000000000000000     
   5.7692307692307696E-003   9.6153846153846159E-003   1590.6582906647056        1.0000000000000000     

   6.1538461538461538E-003   3.8461538461538462E-004   1591.6624783194145        1.0000000000000000     
   6.1538461538461538E-003   7.6923076923076923E-004   1591.3985595734416        1.0000000000000000     
   6.1538461538461538E-003   1.1538461538461537E-003   1590.6881310710453        1.0000000000000000     
   6.1538461538461538E-003   1.5384615384615385E-003   1589.6120026617878        1.0000000000000000     
   6.1538461538461538E-003   1.9230769230769232E-003   1588.2768169481999        1.0000000000000000     
   6.1538461538461538E-003   2.3076923076923075E-003   1586.8010524615559        1.0000000000000000     
   6.1538461538461538E-003   2.6923076923076922E-003   1585.3012365514708        1.0000000000000000     
   6.1538461538461538E-003   3.0769230769230769E-003   1583.8808286065869        1.0000000000000000     
   6.1538461538461538E-003   3.4615384615384616E-003   1582.6233456711495        1.0000000000000000     
   6.1538461538461538E-003   3.8461538461538464E-003   1581.5901440334444        1.0000000000000000     
   6.1538461538461538E-003   4.2307692307692307E-003   1580.8221606966365        1.0000000000000000     
   6.1538461538461538E-003   4.6153846153846149E-003   1580.3441164147891        1.0000000000000000     
   6.1538461538461538E-003   5.0000000000000001E-003   1580.1693308709332        1.0000000000000000     
   6.1538461538461538E-003   5.3846153846153844E-003   1580.3034212093603        1.0000000000000000     
   6.1538461538461538E-003   5.7692307692307696E-003   1580.7456705237221        1.0000000000000000     
   6.1538461538461538E-003   6.1538461538461538E-003   1581.4876256765340        1.0000000000000000     
   6.1538461538461538E-003   6.5384615384615381E-003   1582.5093476667098        1.0000000000000000     
   6.1538461538461538E-003   6.9230769230769233E-003   1583.7745175471205        1.0000000000000000     
   6.1538461538461538E-003   7.3076923076923076E-003   1585.2261277848372        1.0000000000000000     
   6.1538461538461538E-003   7.6923076923076927E-003   1586.7846213618363        1.0000000000000000     
   6.1538461538461538E-003   8.0769230769230770E-003   1588.3499973738305        1.0000000000000000     
   6.1538461538461538E-003   8.4615384615384613E-003   1589.8085999662585        1.0000000000000000     
   6.1538461538461538E-003   8.8461538461538456E-003   1591.0441904866366        1.0000000000000000     
   6.1538461538461538E-003   9.2307692307692299E-003   1591.9517319923868        1.0000000000000000     
   6.1538461538461538E-003   9.6153846153846159E-003   1592.4514142147841        1.0000000000000000     

   6.5384615384615381E-003   3.8461538461538462E-004   1596.5135378872228        1.0000000000000000     
   6.5384615384615381E-003   7.6923076923076923E-004   1596.2662374638730        1.0000000000000000     
   6.5384615384615381E-003   1.1538461538461537E-003   1595.5865058902291        1.0000000000000000     
   6.5384615384615381E-003   1.5384615384615385E-003   1594.5520430423899        1.0000000000000000     
   6.5384615384615381E-003   1.9230769230769232E-003   1593.2654646667870        1.0000000000000000     
   6.5384615384615381E-003   2.3076923076923075E-003   1591.8409274620649        1.0000000000000000     
   6.5384615384615381E-003   2.6923076923076922E-003   1590.3909584093908        1.0000000000000000     
   6.5384615384615381E-003   3.0769230769230769E-003   1589.0158237742039        1.0000000000000000     
   6.5384615384615381E-003   3.4615384615384616E-003   1587.7969158764940        1.0000000000000000     
   6.5384615384615381E-003   3.8461538461538464E-003   1586.7945327070699        1.0000000000000000     
   6.5384615384615381E-003   4.2307692307692307E-003   1586.0493824318748        1.0000000000000000     
   6.5384615384615381E-003   4.6153846153846149E-003   1585.5864026883150        1.0000000000000000     
   6.5384615384615381E-003   5.0000000000000001E-003   1585.4191700661188        1.0000000000000000     
   6.5384615384615381E-003   5.3846153846153844E-003   1585.5532981614488        1.0000000000000000     
   6.5384615384615381E-003   5.7692307692307696E-003   1585.9877050072562        1.0000000000000000     
   6.5384615384615381E-003   6.1538461538461538E-003   1586.7133439965510        1.0000000000000000     
   6.5384615384615381E-003   6.5384615384615381E-003   1587.7097865377195        1.0000000000000000     
   6.5384615384615381E-003   6.9230769230769233E-003   1588.9407636209487        1.0000000000000000     
   6.5384615384615381E-003   7.3076923076923076E-003   1590.3502652554585        1.0000000000000000     
   6.5384615384615381E-003   7.6923076923076927E-003   1591.8609296893319        1.0000000000000000     
   6.5384615384615381E-003   8.0769230769230770E-003   1593.3761470341947        1.0000000000000000     
   6.5384615384615381E-003   8.4615384615384613E-003   1594.7865620044120        1.0000000000000000     
   6.5384615384615381E-003   8.8461538461538456E-003   1595.9806143744920        1.0000000000000000     
   6.5384615384615381E-003   9.2307692307692299E-003   1596.8576461147536        1.0000000000000000     
   6.5384615384615381E-003   9.6153846153846159E-003   1597.3412396526380        1.0000000000000000     

   6.9230769230769233E-003   3.8461538461538462E-004   1604.7173875443470        1.0000000000000000     
   6.9230769230769233E-003   7.6923076923076923E-004   1604.4843377905020        1.0000000000000000     
   6.9230769230769233E-003   1.1538461538461537E-003   1603.8302876394837        1.0000000000000000     
   6.9230769230769233E-003   1.5384615384615385E-003   1602.8303893165432        1.0000000000000000     
   6.9230769230769233E-003   1.9230769230769232E-003   1601.5839569783261        1.0000000000000000     
   6.9230769230769233E-003   2.3076923076923075E-003   1600.2016022006565        1.0000000000000000     
   6.9230769230769233E-003   2.6923076923076922E-003   1598.7925731794953        1.0000000000000000     
   6.9230769230769233E-003   3.0769230769230769E-003   1597.4545289785244        1.0000000000000000     
   6.9230769230769233E-003   3.4615384615384616E-003   1596.2671463192655        1.0000000000000000     
   6.9230769230769233E-003   3.8461538461538464E-003   1595.2898986274008        1.0000000000000000     
   6.9230769230769233E-003   4.2307692307692307E-003   1594.5633604599323        1.0000000000000000     
   6.9230769230769233E-003   4.6153846153846149E-003   1594.1127004917121        1.0000000000000000     
   6.9230769230769233E-003   5.0000000000000001E-003   1593.9517443526809        1.0000000000000000     
   6.9230769230769233E-003   5.3846153846153844E-003   1594.0861147505479        1.0000000000000000     
   6.9230769230769233E-003   5.7692307692307696E-003   1594.5144111117290        1.0000000000000000     
   6.9230769230769233E-003   6.1538461538461538E-003   1595.2270534655838        1.0000000000000000     
   6.9230769230769233E-003   6.5384615384615381E-003   1596.2031494287203        1.0000000000000000     
   6.9230769230769233E-003   6.9230769230769233E-003   1597.4064095302579        1.0000000000000000     
   6.9230769230769233E-003   7.3076923076923076E-003   1598.7815975115825        1.0000000000000000     
   6.9230769230769233E-003   7.6923076923076927E-003   1600.2531357323969        1.0000000000000000     
   6.9230769230769233E-003   8.0769230769230770E-003   1601.7272100791613        1.0000000000000000     
   6.9230769230769233E-003   8.4615384615384613E-003   1603.0980325477910        1.0000000000000000     
   6.9230769230769233E-003   8.8461538461538456E-003   1604.2579343079956        1.0000000000000000     
   6.9230769230769233E-003   9.2307692307692299E-003   1605.1099038604407        1.0000000000000000     
   6.9230769230769233E-003   9.6153846153846159E-003   1605.5803500485310        1.0000000000000000     

   7.3076923076923076E-003   3.8461538461538462E-004   1616.2257846579307        1.0000000000000000     
   7.3076923076923076E-003   7.6923076923076923E-004   1616.0041640442780        1.0000000000000000     
   7.3076923076923076E-003   1.1538461538461537E-003   1615.3699155514651        1.0000000000000000     
   7.3076923076923076E-003   1.5384615384615385E-003   1614.3962733334690        1.0000000000000000     
   7.3076923076923076E-003   1.9230769230769232E-003   1613.1800668572719        1.0000000000000000     
   7.3076923076923076E-003   2.3076923076923075E-003   1611.8292458567341        1.0000000000000000     
   7.3076923076923076E-003   2.6923076923076922E-003   1610.4506127318728        1.0000000000000000     
   7.3076923076923076E-003   3.0769230769230769E-003   1609.1399122026246        1.0000000000000000     
   7.3076923076923076E-003   3.4615384615384616E-003   1607.9756096514882        1.0000000000000000     
   7.3076923076923076E-003   3.8461538461538464E-003   1607.0166663028974        1.0000000000000000     
   7.3076923076923076E-003   4.2307692307692307E-003   1606.3036784365213        1.0000000000000000     
   7.3076923076923076E-003   4.6153846153846149E-003   1605.8621015820590        1.0000000000000000     
   7.3076923076923076E-003   5.0000000000000001E-003   1605.7060269892672        1.0000000000000000     
   7.3076923076923076E-003   5.3846153846153844E-003   1605.8411076253467        1.0000000000000000     
   7.3076923076923076E-003   5.7692307692307696E-003   1606.2656637229982        1.0000000000000000     
   7.3076923076923076E-003   6.1538461538461538E-003   1606.9696187318023        1.0000000000000000     
   7.3076923076923076E-003   6.5384615384615381E-003   1607.9316010418127        1.0000000000000000     
   7.3076923076923076E-003   6.9230769230769233E-003   1609.1151695327073        1.0000000000000000     
   7.3076923076923076E-003   7.3076923076923076E-003   1610.4655570292682        1.0000000000000000     
   7.3076923076923076E-003   7.6923076923076927E-003   1611.9084597265089        1.0000000000000000     
   7.3076923076923076E-003   8.0769230769230770E-003   1613.3521513623984        1.0000000000000000     
   7.3076923076923076E-003   8.4615384615384613E-003   1614.6935594190816        1.0000000000000000     
   7.3076923076923076E-003   8.8461538461538456E-003   1615.8280051800443        1.0000000000000000     
   7.3076923076923076E-003   9.2307692307692299E-003   1616.6612924508306        1.0000000000000000     
   7.3076923076923076E-003   9.6153846153846159E-003   1617.1220173198537        1.0000000000000000     

   7.6923076923076927E-003   3.8461538461538462E-004   1630.5456381108220        1.0000000000000000     
   7.6923076923076927E-003   7.6923076923076923E-004   1630.3322466144100        1.0000000000000000     
   7.6923076923076927E-003   1.1538461538461537E-003   1629.7112680759888        1.0000000000000000     
   7.6923076923076927E-003   1.5384615384615385E-003   1628.7546855711507        1.0000000000000000     
   7.6923076923076927E-003   1.9230769230769232E-003   1627.5577143404589        1.0000000000000000     
   7.6923076923076927E-003   2.3076923076923075E-003   1626.2265919405345        1.0000000000000000     
   7.6923076923076927E-003   2.6923076923076922E-003   1624.8665826721256        1.0000000000000000     
   7.6923076923076927E-003   3.0769230769230769E-003   1623.5722874867156        1.0000000000000000     
   7.6923076923076927E-003   3.4615384615384616E-003   1622.4215398795195        1.0000000000000000     
   7.6923076923076927E-003   3.8461538461538464E-003   1621.4731688141021        1.0000000000000000     
   7.6923076923076927E-003   4.2307692307692307E-003   1620.7680034678194        1.0000000000000000     
   7.6923076923076927E-003   4.6153846153846149E-003   1620.3318832635146        1.0000000000000000     
   7.6923076923076927E-003   5.0000000000000001E-003   1620.1792065476247        1.0000000000000000     
   7.6923076923076927E-003   5.3846153846153844E-003   1620.3156855142802        1.0000000000000000     
   7.6923076923076927E-003   5.7692307692307696E-003   1620.7393912557070        1.0000000000000000     
   7.6923076923076927E-003   6.1538461538461538E-003   1621.4397612357866        1.0000000000000000     
   7.6923076923076927E-003   6.5384615384615381E-003   1622.3948869411886        1.0000000000000000     
   7.6923076923076927E-003   6.9230769230769233E-003   1623.5679874943096        1.0000000000000000     
   7.6923076923076927E-003   7.3076923076923076E-003   1624.9043908061742        1.0000000000000000     
   7.6923076923076927E-003   7.6923076923076927E-003   1626.3304782190992        1.0000000000000000     
   7.6923076923076927E-003   8.0769230769230770E-003   1627.7558204658128        1.0000000000000000     
   7.6923076923076927E-003   8.4615384615384613E-003   1629.0791267635336        1.0000000000000000     
   7.6923076923076927E-003   8.8461538461538456E-003   1630.1977322212592        1.0000000000000000     
   7.6923076923076927E-003   9.2307692307692299E-003   1631.0193624636770        1.0000000000000000     
   7.6923076923076927E-003   9.6153846153846159E-003   1631.4741171086507        1.0000000000000000     

   8.0769230769230770E-003   3.8461538461538462E-004   1646.6468733143297        1.0000000000000000     
   8.0769230769230770E-003   7.6923076923076923E-004   1646.4384229905684        1.0000000000000000     
   8.0769230769230770E-003   1.1538461538461537E-003   1645.8241721745180        1.0000000000000000     
   8.0769230769230770E-003   1.5384615384615385E-003   1644.8754941314253        1.0000000000000000     
   8.0769230769230770E-003   1.9230769230769232E-003   1643.6868303628148        1.0000000000000000     
   8.0769230769230770E-003   2.3076923076923075E-003   1642.3636289252956        1.0000000000000000     
   8.0769230769230770E-003   2.6923076923076922E-003   1641.0105055036636        1.0000000000000000     
   8.0769230769230770E-003   3.0769230769230769E-003   1639.7216813727259        1.0000000000000000     
   8.0769230769230770E-003   3.4615384615384616E-003   1638.5749425695028        1.0000000000000000     
   8.0769230769230770E-003   3.8461538461538464E-003   1637.6293791779433        1.0000000000000000     
   8.0769230769230770E-003   4.2307692307692307E-003   1636.9262816865919        1.0000000000000000     
   8.0769230769230770E-003   4.6153846153846149E-003   1636.4919864070325        1.0000000000000000     
   8.0769230769230770E-003   5.0000000000000001E-003   1636.3412506063632        1.0000000000000000     
   8.0769230769230770E-003   5.3846153846153844E-003   1636.4798767062593        1.0000000000000000     
   8.0769230769230770E-003   5.7692307692307696E-003   1636.9057098219034        1.0000000000000000     
   8.0769230769230770E-003   6.1538461538461538E-003   1637.6076977094294        1.0000000000000000     
   8.0769230769230770E-003   6.5384615384615381E-003   1638.5633187196820        1.0000000000000000     
   8.0769230769230770E-003   6.9230769230769233E-003   1639.7352454632662        1.0000000000000000     
   8.0769230769230770E-003   7.3076923076923076E-003   1641.0685124286451        1.0000000000000000     
   8.0769230769230770E-003   7.6923076923076927E-003   1642.4895904541629        1.0000000000000000     
   8.0769230769230770E-003   8.0769230769230770E-003   1643.9085588252046        1.0000000000000000     
   8.0769230769230770E-003   8.4615384615384613E-003   1645.2249862573369        1.0000000000000000     
   8.0769230769230770E-003   8.8461538461538456E-003   1646.3372635041626        1.0000000000000000     
   8.0769230769230770E-003   9.2307692307692299E-003   1647.1541649121741        1.0000000000000000     
   8.0769230769230770E-003   9.6153846153846159E-003   1647.6066274567975        1.0000000000000000     

   8.4615384615384613E-003   3.8461538461538462E-004   1662.9817166205944        1.0000000000000000     
   8.4615384615384613E-003   7.6923076923076923E-004   1662.7752901167783        1.0000000000000000     
   8.4615384615384613E-003   1.1538461538461537E-003   1662.1621764235888        1.0000000000000000     
   8.4615384615384613E-003   1.5384615384615385E-003   1661.2136687274342        1.0000000000000000     
   8.4615384615384613E-003   1.9230769230769232E-003   1660.0241304140666        1.0000000000000000     
   8.4615384615384613E-003   2.3076923076923075E-003   1658.6989850779073        1.0000000000000000     
   8.4615384615384613E-003   2.6923076923076922E-003   1657.3429379309987        1.0000000000000000     
   8.4615384615384613E-003   3.0769230769230769E-003   1656.0504637640390        1.0000000000000000     
   8.4615384615384613E-003   3.4615384615384616E-003   1654.8997826867994        1.0000000000000000     
   8.4615384615384613E-003   3.8461538461538464E-003   1653.9505655435871        1.0000000000000000     
   8.4615384615384613E-003   4.2307692307692307E-003   1653.2447442643775        1.0000000000000000     
   8.4615384615384613E-003   4.6153846153846149E-003   1652.8092359670909        1.0000000000000000     
   8.4615384615384613E-003   5.0000000000000001E-003   1652.6591924388933        1.0000000000000000     
   8.4615384615384613E-003   5.3846153846153844E-003   1652.8005296028168        1.0000000000000000     
   8.4615384615384613E-003   5.7692307692307696E-003   1653.2308894876564        1.0000000000000000     
   8.4615384615384613E-003   6.1538461538461538E-003   1653.9387361352437        1.0000000000000000     
   8.4615384615384613E-003   6.5384615384615381E-003   1654.9008835209340        1.0000000000000000     
   8.4615384615384613E-003   6.9230769230769233E-003   1656.0792976109667        1.0000000000000000     
   8.4615384615384613E-003   7.3076923076923076E-003   1657.4184044770109        1.0000000000000000     
   8.4615384615384613E-003   7.6923076923076927E-003   1658.8442712454776        1.0000000000000000     
   8.4615384615384613E-003   8.0769230769230770E-003   1660.2668258112419        1.0000000000000000     
   8.4615384615384613E-003   8.4615384615384613E-003   1661.5857200980415        1.0000000000000000     
   8.4615384615384613E-003   8.8461538461538456E-003   1662.6995917469719        1.0000000000000000     
   8.4615384615384613E-003   9.2307692307692299E-003   1663.5175260607652        1.0000000000000000     
   8.4615384615384613E-003   9.6153846153846159E-003   1663.9707342944239        1.0000000000000000     

   8.8461538461538456E-003   3.8461538461538462E-004   1677.6524190787975        1.0000000000000000     
   8.8461538461538456E-003   7.6923076923076923E-004   1677.4459472791793        1.0000000000000000     
   8.8461538461538456E-003   1.1538461538461537E-003   1676.8303050963052        1.0000000000000000     
   8.8461538461538456E-003   1.5384615384615385E-003   1675.8770419365908        1.0000000000000000     
   8.8461538461538456E-003   1.9230769230769232E-003   1674.6808833889986        1.0000000000000000     
   8.8461538461538456E-003   2.3076923076923075E-003   1673.3477090980946        1.0000000000000000     
   8.8461538461538456E-003   2.6923076923076922E-003   1671.9827695744384        1.0000000000000000     
   8.8461538461538456E-003   3.0769230769230769E-003   1670.6811709106478        1.0000000000000000     
   8.8461538461538456E-003   3.4615384615384616E-003   1669.5218358224092        1.0000000000000000     
   8.8461538461538456E-003   3.8461538461538464E-003   1668.5651708484431        1.0000000000000000     
   8.8461538461538456E-003   4.2307692307692307E-003   1667.8538112760352        1.0000000000000000     
   8.8461538461538456E-003   4.6153846153846149E-003   1667.4152608579327        1.0000000000000000     
   8.8461538461538456E-003   5.0000000000000001E-003   1667.2650561075325        1.0000000000000000     
   8.8461538461538456E-003   5.3846153846153844E-003   1667.4092316344324        1.0000000000000000     
   8.8461538461538456E-003   5.7692307692307696E-003   1667.8452571612477        1.0000000000000000     
   8.8461538461538456E-003   6.1538461538461538E-003   1668.5611561110097        1.0000000000000000     
   8.8461538461538456E-003   6.5384615384615381E-003   1669.5330998142229        1.0000000000000000     
   8.8461538461538456E-003   6.9230769230769233E-003   1670.7223039019232        1.0000000000000000     
   8.8461538461538456E-003   7.3076923076923076E-003   1672.0724363011027        1.0000000000000000     
   8.8461538461538456E-003   7.6923076923076927E-003   1673.5088812337856        1.0000000000000000     
   8.8461538461538456E-003   8.0769230769230770E-003   1674.9410100847567        1.0000000000000000     
   8.8461538461538456E-003   8.4615384615384613E-003   1676.2680604701636        1.0000000000000000     
   8.8461538461538456E-003   8.8461538461538456E-003   1677.3883859636367        1.0000000000000000     
   8.8461538461538456E-003   9.2307692307692299E-003   1678.2108918889812        1.0000000000000000     
   8.8461538461538456E-003   9.6153846153846159E-003   1678.6666863419211        1.0000000000000000     

   9.2307692307692299E-003   3.8461538461538462E-004   1688.7189782763951        1.0000000000000000     
   9.2307692307692299E-003   7.6923076923076923E-004   1688.5115355976072        1.0000000000000000     
   9.2307692307692299E-003   1.1538461538461537E-003   1687.8921992830858        1.0000000000000000     
   9.2307692307692299E-003   1.5384615384615385E-003   1686.9328738116833        1.0000000000000000     
   9.2307692307692299E-003   1.9230769230769232E-003   1685.7287718895539        1.0000000000000000     
   9.2307692307692299E-003   2.3076923076923075E-003   1684.3863549543819        1.0000000000000000     
   9.2307692307692299E-003   2.6923076923076922E-003   1683.0115181054832        1.0000000000000000     
   9.2307692307692299E-003   3.0769230769230769E-003   1681.7000489037466        1.0000000000000000     
   9.2307692307692299E-003   3.4615384615384616E-003   1680.5315625344897        1.0000000000000000     
   9.2307692307692299E-003   3.8461538461538464E-003   1679.5671355822442        1.0000000000000000     
   9.2307692307692299E-003   4.2307692307692307E-003   1678.8500062086723        1.0000000000000000     
   9.2307692307692299E-003   4.6153846153846149E-003   1678.4081608651597        1.0000000000000000     
   9.2307692307692299E-003   5.0000000000000001E-003   1678.2574465817925        1.0000000000000000     
   9.2307692307692299E-003   5.3846153846153844E-003   1678.4039972729331        1.0000000000000000     
   9.2307692307692299E-003   5.7692307692307696E-003   1678.8451550422340        1.0000000000000000     
   9.2307692307692299E-003   6.1538461538461538E-003   1679.5686015385247        1.0000000000000000     
   9.2307692307692299E-003   6.5384615384615381E-003   1680.5499916322303        1.0000000000000000     
   9.2307692307692299E-003   6.9230769230769233E-003   1681.7499076572710        1.0000000000000000     
   9.2307692307692299E-003   7.3076923076923076E-003   1683.1113313137005        1.0000000000000000     
   9.2307692307692299E-003   7.6923076923076927E-003   1684.5589653826805        1.0000000000000000     
   9.2307692307692299E-003   8.0769230769230770E-003   1686.0015480832340        1.0000000000000000     
   9.2307692307692299E-003   8.4615384615384613E-003   1687.3377598724148        1.0000000000000000     
   9.2307692307692299E-003   8.8461538461538456E-003   1688.4654892815504        1.0000000000000000     
   9.2307692307692299E-003   9.2307692307692299E-003   1689.2932794743344        1.0000000000000000     
   9.2307692307692299E-003   9.6153846153846159E-003   1689.7519890366807        1.0000000000000000     

   9.6153846153846159E-003   3.8461538461538462E-004   1694.5825405290827        1.0000000000000000     
   9.6153846153846159E-003   7.6923076923076923E-004   1694.3742959647436        1.0000000000000000     
   9.6153846153846159E-003   1.1538461538461537E-003   1693.7524530948369        1.0000000000000000     
   9.6153846153846159E-003   1.5384615384615385E-003   1692.7891527672125        1.0000000000000000     
   9.6153846153846159E-003   1.9230769230769232E-003   1691.5799298268125        1.0000000000000000     
   9.6153846153846159E-003   2.3076923076923075E-003   1690.2316257057512        1.0000000000000000     
   9.6153846153846159E-003   2.6923076923076922E-003   1688.8505482953651        1.0000000000000000     
   9.6153846153846159E-003   3.0769230769230769E-003   1687.5329102165642        1.0000000000000000     
   9.6153846153846159E-003   3.4615384615384616E-003   1686.3587458382201        1.0000000000000000     
   9.6153846153846159E-003   3.8461538461538464E-003   1685.3895256545288        1.0000000000000000     
   9.6153846153846159E-003   4.2307692307692307E-003   1684.6688335334470        1.0000000000000000     
   9.6153846153846159E-003   4.6153846153846149E-003   1684.2249277608432        1.0000000000000000     
   9.6153846153846159E-003   5.0000000000000001E-003   1684.0738286757510        1.0000000000000000     
   9.6153846153846159E-003   5.3846153846153844E-003   1684.2217265268846        1.0000000000000000     
   9.6153846153846159E-003   5.7692307692307696E-003   1684.6658951659197        1.0000000000000000     
   9.6153846153846159E-003   6.1538461538461538E-003   1685.3938290649940        1.0000000000000000     
   9.6153846153846159E-003   6.5384615384615381E-003   1686.3808953234679        1.0000000000000000     
   9.6153846153846159E-003   6.9230769230769233E-003   1687.5873153882699        1.0000000000000000     
   9.6153846153846159E-003   7.3076923076923076E-003   1688.9556682532359        1.0000000000000000     
   9.6153846153846159E-003   7.6923076923076927E-003   1690.4102419817875        1.0000000000000000     
   9.6153846153846159E-003   8.0769230769230770E-003   1691.8593729692270        1.0000000000000000     
   9.6153846153846159E-003   8.4615384615384613E-003   1693.2013721976778        1.0000000000000000     
   9.6153846153846159E-003   8.8461538461538456E-003   1694.3338068403766        1.0000000000000000     
   9.6153846153846159E-003   9.2307692307692299E-003   1695.1649611617324        1.0000000000000000     
   9.6153846153846159E-003   9.6153846153846159E-003   1695.6255110302488        1.0000000000000000     

