   3.8461538461538462E-004   3.8461538461538462E-004   1657.9455064427282        1.0000000000000000     
   3.8461538461538462E-004   7.6923076923076923E-004   1657.6967490302902        1.0000000000000000     
   3.8461538461538462E-004   1.1538461538461537E-003   1656.9959292028684        1.0000000000000000     
   3.8461538461538462E-004   1.5384615384615385E-003   1655.9084761003483        1.0000000000000000     
   3.8461538461538462E-004   1.9230769230769232E-003   1654.5242368139156        1.0000000000000000     
   3.8461538461538462E-004   2.3076923076923075E-003   1652.9489621539337        1.0000000000000000     
   3.8461538461538462E-004   2.6923076923076922E-003   1651.2951014850253        1.0000000000000000     
   3.8461538461538462E-004   3.0769230769230769E-003   1649.6731428715796        1.0000000000000000     
   3.8461538461538462E-004   3.4615384615384616E-003   1648.1844627426519        1.0000000000000000     
   3.8461538461538462E-004   3.8461538461538464E-003   1646.9162128063165        1.0000000000000000     
   3.8461538461538462E-004   4.2307692307692307E-003   1645.9382838147110        1.0000000000000000     
   3.8461538461538462E-004   4.6153846153846149E-003   1645.3019655985079        1.0000000000000000     
   3.8461538461538462E-004   5.0000000000000001E-003   1645.0396676517594        1.0000000000000000     
   3.8461538461538462E-004   5.3846153846153844E-003   1645.1650261314585        1.0000000000000000     
   3.8461538461538462E-004   5.7692307692307696E-003   1645.6728964290098        1.0000000000000000     
   3.8461538461538462E-004   6.1538461538461538E-003   1646.5390564189456        1.0000000000000000     
   3.8461538461538462E-004   6.5384615384615381E-003   1647.7198265821087        1.0000000000000000     
   3.8461538461538462E-004   6.9230769230769233E-003   1649.1521382253613        1.0000000000000000     
   3.8461538461538462E-004   7.3076923076923076E-003   1650.7547534651630        1.0000000000000000     
   3.8461538461538462E-004   7.6923076923076927E-003   1652.4313049485493        1.0000000000000000     
   3.8461538461538462E-004   8.0769230769230770E-003   1654.0755853763199        1.0000000000000000     
   3.8461538461538462E-004   8.4615384615384613E-003   1655.5791632399028        1.0000000000000000     
   3.8461538461538462E-004   8.8461538461538456E-003   1656.8411471426175        1.0000000000000000     
   3.8461538461538462E-004   9.2307692307692299E-003   1657.7803209672020        1.0000000000000000     
   3.8461538461538462E-004   9.6153846153846159E-003   1658.3527531094430        1.0000000000000000     

   7.6923076923076923E-004   3.8461538461538462E-004   1656.7426244924898        1.0000000000000000     
   7.6923076923076923E-004   7.6923076923076923E-004   1656.4964177204652        1.0000000000000000     
   7.6923076923076923E-004   1.1538461538461537E-003   1655.8007094343693        1.0000000000000000     
   7.6923076923076923E-004   1.5384615384615385E-003   1654.7205487567146        1.0000000000000000     
   7.6923076923076923E-004   1.9230769230769232E-003   1653.3452616567210        1.0000000000000000     
   7.6923076923076923E-004   2.3076923076923075E-003   1651.7799867869824        1.0000000000000000     
   7.6923076923076923E-004   2.6923076923076922E-003   1650.1365242531322        1.0000000000000000     
   7.6923076923076923E-004   3.0769230769230769E-003   1648.5247261683430        1.0000000000000000     
   7.6923076923076923E-004   3.4615384615384616E-003   1647.0453874468558        1.0000000000000000     
   7.6923076923076923E-004   3.8461538461538464E-003   1645.7851614577471        1.0000000000000000     
   7.6923076923076923E-004   4.2307692307692307E-003   1644.8135400055928        1.0000000000000000     
   7.6923076923076923E-004   4.6153846153846149E-003   1644.1815194861574        1.0000000000000000     
   7.6923076923076923E-004   5.0000000000000001E-003   1643.9213214638423        1.0000000000000000     
   7.6923076923076923E-004   5.3846153846153844E-003   1644.0464976611856        1.0000000000000000     
   7.6923076923076923E-004   5.7692307692307696E-003   1644.5519214178412        1.0000000000000000     
   7.6923076923076923E-004   6.1538461538461538E-003   1645.4134913098947        1.0000000000000000     
   7.6923076923076923E-004   6.5384615384615381E-003   1646.5877507439068        1.0000000000000000     
   7.6923076923076923E-004   6.9230769230769233E-003   1648.0119489491565        1.0000000000000000     
   7.6923076923076923E-004   7.3076923076923076E-003   1649.6052365050764        1.0000000000000000     
   7.6923076923076923E-004   7.6923076923076927E-003   1651.2716424354712        1.0000000000000000     
   7.6923076923076923E-004   8.0769230769230770E-003   1652.9052097053579        1.0000000000000000     
   7.6923076923076923E-004   8.4615384615384613E-003   1654.3971981890293        1.0000000000000000     
   7.6923076923076923E-004   8.8461538461538456E-003   1655.6445802302767        1.0000000000000000     
   7.6923076923076923E-004   9.2307692307692299E-003   1656.5577431586962        1.0000000000000000     
   7.6923076923076923E-004   9.6153846153846159E-003   1657.0610324959855        1.0000000000000000     

   1.1538461538461537E-003   3.8461538461538462E-004   1654.1657988142733        1.0000000000000000     
   1.1538461538461537E-003   7.6923076923076923E-004   1653.9246343395880        1.0000000000000000     
   1.1538461538461537E-003   1.1538461538461537E-003   1653.2390627993329        1.0000000000000000     
   1.1538461538461537E-003   1.5384615384615385E-003   1652.1733766742439        1.0000000000000000     
   1.1538461538461537E-003   1.9230769230769232E-003   1650.8158645700953        1.0000000000000000     
   1.1538461538461537E-003   2.3076923076923075E-003   1649.2704469375858        1.0000000000000000     
   1.1538461538461537E-003   2.6923076923076922E-003   1647.6476323764116        1.0000000000000000     
   1.1538461538461537E-003   3.0769230769230769E-003   1646.0560086044261        1.0000000000000000     
   1.1538461538461537E-003   3.4615384615384616E-003   1644.5952150580868        1.0000000000000000     
   1.1538461538461537E-003   3.8461538461538464E-003   1643.3509155603103        1.0000000000000000     
   1.1538461538461537E-003   4.2307692307692307E-003   1642.3918102963689        1.0000000000000000     
   1.1538461538461537E-003   4.6153846153846149E-003   1641.7683138578732        1.0000000000000000     
   1.1538461538461537E-003   5.0000000000000001E-003   1641.5122755987115        1.0000000000000000     
   1.1538461538461537E-003   5.3846153846153844E-003   1641.6370806342600        1.0000000000000000     
   1.1538461538461537E-003   5.7692307692307696E-003   1642.1376394924162        1.0000000000000000     
   1.1538461538461537E-003   6.1538461538461538E-003   1642.9900935994681        1.0000000000000000     
   1.1538461538461537E-003   6.5384615384615381E-003   1644.1514364604229        1.0000000000000000     
   1.1538461538461537E-003   6.9230769230769233E-003   1645.5595666447894        1.0000000000000000     
   1.1538461538461537E-003   7.3076923076923076E-003   1647.1344516595898        1.0000000000000000     
   1.1538461538461537E-003   7.6923076923076927E-003   1648.7810310780458        1.0000000000000000     
   1.1538461538461537E-003   8.0769230769230770E-003   1650.3942121680338        1.0000000000000000     
   1.1538461538461537E-003   8.4615384615384613E-003   1651.8658487629059        1.0000000000000000     
   1.1538461538461537E-003   8.8461538461538456E-003   1653.0930151017303        1.0000000000000000     
   1.1538461538461537E-003   9.2307692307692299E-003   1653.9863260342781        1.0000000000000000     
   1.1538461538461537E-003   9.6153846153846159E-003   1654.4771846159904        1.0000000000000000     

   1.5384615384615385E-003   3.8461538461538462E-004   1650.3451410259656        1.0000000000000000     
   1.5384615384615385E-003   7.6923076923076923E-004   1650.1113124128117        1.0000000000000000     
   1.5384615384615385E-003   1.1538461538461537E-003   1649.4404989296136        1.0000000000000000     
   1.5384615384615385E-003   1.5384615384615385E-003   1648.3958885711529        1.0000000000000000     
   1.5384615384615385E-003   1.9230769230769232E-003   1647.0642562623761        1.0000000000000000     
   1.5384615384615385E-003   2.3076923076923075E-003   1645.5477458717667        1.0000000000000000     
   1.5384615384615385E-003   2.6923076923076922E-003   1643.9549838602343        1.0000000000000000     
   1.5384615384615385E-003   3.0769230769230769E-003   1642.3927169440751        1.0000000000000000     
   1.5384615384615385E-003   3.4615384615384616E-003   1640.9589038892286        1.0000000000000000     
   1.5384615384615385E-003   3.8461538461538464E-003   1639.7377708521885        1.0000000000000000     
   1.5384615384615385E-003   4.2307692307692307E-003   1638.7968692809859        1.0000000000000000     
   1.5384615384615385E-003   4.6153846153846149E-003   1638.1857704913134        1.0000000000000000     
   1.5384615384615385E-003   5.0000000000000001E-003   1637.9357850774059        1.0000000000000000     
   1.5384615384615385E-003   5.3846153846153844E-003   1638.0600579426775        1.0000000000000000     
   1.5384615384615385E-003   5.7692307692307696E-003   1638.5535559727264        1.0000000000000000     
   1.5384615384615385E-003   6.1538461538461538E-003   1639.3927781926079        1.0000000000000000     
   1.5384615384615385E-003   6.5384615384615381E-003   1640.5353834525724        1.0000000000000000     
   1.5384615384615385E-003   6.9230769230769233E-003   1641.9202404372313        1.0000000000000000     
   1.5384615384615385E-003   7.3076923076923076E-003   1643.4685642608483        1.0000000000000000     
   1.5384615384615385E-003   7.6923076923076927E-003   1645.0867548542653        1.0000000000000000     
   1.5384615384615385E-003   8.0769230769230770E-003   1646.6712883625019        1.0000000000000000     
   1.5384615384615385E-003   8.4615384615384613E-003   1648.1155840481338        1.0000000000000000     
   1.5384615384615385E-003   8.8461538461538456E-003   1649.3182823230052        1.0000000000000000     
   1.5384615384615385E-003   9.2307692307692299E-003   1650.1920037867037        1.0000000000000000     
   1.5384615384615385E-003   9.6153846153846159E-003   1650.6717226280839        1.0000000000000000     

   1.9230769230769232E-003   3.8461538461538462E-004   1645.4675985832123        1.0000000000000000     
   1.9230769230769232E-003   7.6923076923076923E-004   1645.2431202973989        1.0000000000000000     
   1.9230769230769232E-003   1.1538461538461537E-003   1644.5911166290427        1.0000000000000000     
   1.9230769230769232E-003   1.5384615384615385E-003   1643.5733640289266        1.0000000000000000     
   1.9230769230769232E-003   1.9230769230769232E-003   1642.2747039518304        1.0000000000000000     
   1.9230769230769232E-003   2.3076923076923075E-003   1640.7950127062447        1.0000000000000000     
   1.9230769230769232E-003   2.6923076923076922E-003   1639.2405168550390        1.0000000000000000     
   1.9230769230769232E-003   3.0769230769230769E-003   1637.7156185587839        1.0000000000000000     
   1.9230769230769232E-003   3.4615384615384616E-003   1636.3161393020364        1.0000000000000000     
   1.9230769230769232E-003   3.8461538461538464E-003   1635.1244798999426        1.0000000000000000     
   1.9230769230769232E-003   4.2307692307692307E-003   1634.2067356848856        1.0000000000000000     
   1.9230769230769232E-003   4.6153846153846149E-003   1633.6114107057731        1.0000000000000000     
   1.9230769230769232E-003   5.0000000000000001E-003   1633.3691347335734        1.0000000000000000     
   1.9230769230769232E-003   5.3846153846153844E-003   1633.4927502086857        1.0000000000000000     
   1.9230769230769232E-003   5.7692307692307696E-003   1633.9772981052208        1.0000000000000000     
   1.9230769230769232E-003   6.1538461538461538E-003   1634.7997364240762        1.0000000000000000     
   1.9230769230769232E-003   6.5384615384615381E-003   1635.9185808925063        1.0000000000000000     
   1.9230769230769232E-003   6.9230769230769233E-003   1637.2739594881912        1.0000000000000000     
   1.9230769230769232E-003   7.3076923076923076E-003   1638.7887285831000        1.0000000000000000     
   1.9230769230769232E-003   7.6923076923076927E-003   1640.3712530418088        1.0000000000000000     
   1.9230769230769232E-003   8.0769230769230770E-003   1641.9202014976588        1.0000000000000000     
   1.9230769230769232E-003   8.4615384615384613E-003   1643.3313037790160        1.0000000000000000     
   1.9230769230769232E-003   8.8461538461538456E-003   1644.5055632937933        1.0000000000000000     
   1.9230769230769232E-003   9.2307692307692299E-003   1645.3580508779091        1.0000000000000000     
   1.9230769230769232E-003   9.6153846153846159E-003   1645.8262541724216        1.0000000000000000     

   2.3076923076923075E-003   3.8461538461538462E-004   1639.7682462634118        1.0000000000000000     
   2.3076923076923075E-003   7.6923076923076923E-004   1639.5547927299024        1.0000000000000000     
   2.3076923076923075E-003   1.1538461538461537E-003   1638.9249556907102        1.0000000000000000     
   2.3076923076923075E-003   1.5384615384615385E-003   1637.9388431229622        1.0000000000000000     
   2.3076923076923075E-003   1.9230769230769232E-003   1636.6790126089695        1.0000000000000000     
   2.3076923076923075E-003   2.3076923076923075E-003   1635.2426645076025        1.0000000000000000     
   2.3076923076923075E-003   2.6923076923076922E-003   1633.7331968148410        1.0000000000000000     
   2.3076923076923075E-003   3.0769230769230769E-003   1632.2522526497914        1.0000000000000000     
   2.3076923076923075E-003   3.4615384615384616E-003   1630.8931429676709        1.0000000000000000     
   2.3076923076923075E-003   3.8461538461538464E-003   1629.7361287939348        1.0000000000000000     
   2.3076923076923075E-003   4.2307692307692307E-003   1628.8456020005910        1.0000000000000000     
   2.3076923076923075E-003   4.6153846153846149E-003   1628.2688204020287        1.0000000000000000     
   2.3076923076923075E-003   5.0000000000000001E-003   1628.0356200174228        1.0000000000000000     
   2.3076923076923075E-003   5.3846153846153844E-003   1628.1584915431949        1.0000000000000000     
   2.3076923076923075E-003   5.7692307692307696E-003   1628.6325646335902        1.0000000000000000     
   2.3076923076923075E-003   6.1538461538461538E-003   1629.4353386411237        1.0000000000000000     
   2.3076923076923075E-003   6.5384615384615381E-003   1630.5263431916869        1.0000000000000000     
   2.3076923076923075E-003   6.9230769230769233E-003   1631.8472048392200        1.0000000000000000     
   2.3076923076923075E-003   7.3076923076923076E-003   1633.3227481535632        1.0000000000000000     
   2.3076923076923075E-003   7.6923076923076927E-003   1634.8637172794945        1.0000000000000000     
   2.3076923076923075E-003   8.0769230769230770E-003   1636.3714636748284        1.0000000000000000     
   2.3076923076923075E-003   8.4615384615384613E-003   1637.7445573321354        1.0000000000000000     
   2.3076923076923075E-003   8.8461538461538456E-003   1638.8868361990449        1.0000000000000000     
   2.3076923076923075E-003   9.2307692307692299E-003   1639.7160257169114        1.0000000000000000     
   2.3076923076923075E-003   9.6153846153846159E-003   1640.1718291660318        1.0000000000000000     

   2.6923076923076922E-003   3.8461538461538462E-004   1633.5205713088287        1.0000000000000000     
   2.6923076923076922E-003   7.6923076923076923E-004   1633.3194396744414        1.0000000000000000     
   2.6923076923076922E-003   1.1538461538461537E-003   1632.7143532154357        1.0000000000000000     
   2.6923076923076922E-003   1.5384615384615385E-003   1631.7635508157455        1.0000000000000000     
   2.6923076923076922E-003   1.9230769230769232E-003   1630.5470335941291        1.0000000000000000     
   2.6923076923076922E-003   2.3076923076923075E-003   1629.1590099657701        1.0000000000000000     
   2.6923076923076922E-003   2.6923076923076922E-003   1627.6997200604335        1.0000000000000000     
   2.6923076923076922E-003   3.0769230769230769E-003   1626.2677324574545        1.0000000000000000     
   2.6923076923076922E-003   3.4615384615384616E-003   1624.9535666032448        1.0000000000000000     
   2.6923076923076922E-003   3.8461538461538464E-003   1623.8351099765925        1.0000000000000000     
   2.6923076923076922E-003   4.2307692307692307E-003   1622.9748694893626        1.0000000000000000     
   2.6923076923076922E-003   4.6153846153846149E-003   1622.4187268745386        1.0000000000000000     
   2.6923076923076922E-003   5.0000000000000001E-003   1622.1956429862907        1.0000000000000000     
   2.6923076923076922E-003   5.3846153846153844E-003   1622.3177210710164        1.0000000000000000     
   2.6923076923076922E-003   5.7692307692307696E-003   1622.7801895296927        1.0000000000000000     
   2.6923076923076922E-003   6.1538461538461538E-003   1623.5611486106784        1.0000000000000000     
   2.6923076923076922E-003   6.5384615384615381E-003   1624.6212573606249        1.0000000000000000     
   2.6923076923076922E-003   6.9230769230769233E-003   1625.9038193450547        1.0000000000000000     
   2.6923076923076922E-003   7.3076923076923076E-003   1627.3358725852697        1.0000000000000000     
   2.6923076923076922E-003   7.6923076923076927E-003   1628.8308491218963        1.0000000000000000     
   2.6923076923076922E-003   8.0769230769230770E-003   1630.2931387305603        1.0000000000000000     
   2.6923076923076922E-003   8.4615384615384613E-003   1631.6245162683470        1.0000000000000000     
   2.6923076923076922E-003   8.8461538461538456E-003   1632.7319599595908        1.0000000000000000     
   2.6923076923076922E-003   9.2307692307692299E-003   1633.5360034868415        1.0000000000000000     
   2.6923076923076922E-003   9.6153846153846159E-003   1633.9785194260685        1.0000000000000000     

   3.0769230769230769E-003   3.8461538461538462E-004   1627.0268234582904        1.0000000000000000     
   3.0769230769230769E-003   7.6923076923076923E-004   1626.8389212805127        1.0000000000000000     
   3.0769230769230769E-003   1.1538461538461537E-003   1626.2603683692571        1.0000000000000000     
   3.0769230769230769E-003   1.5384615384615385E-003   1625.3473930406960        1.0000000000000000     
   3.0769230769230769E-003   1.9230769230769232E-003   1624.1772489098769        1.0000000000000000     
   3.0769230769230769E-003   2.3076923076923075E-003   1622.8409329962233        1.0000000000000000     
   3.0769230769230769E-003   2.6923076923076922E-003   1621.4353016899406        1.0000000000000000     
   3.0769230769230769E-003   3.0769230769230769E-003   1620.0556360810374        1.0000000000000000     
   3.0769230769230769E-003   3.4615384615384616E-003   1618.7894782108795        1.0000000000000000     
   3.0769230769230769E-003   3.8461538461538464E-003   1617.7121909361372        1.0000000000000000     
   3.0769230769230769E-003   4.2307692307692307E-003   1616.8842817889592        1.0000000000000000     
   3.0769230769230769E-003   4.6153846153846149E-003   1616.3501763283509        1.0000000000000000     
   3.0769230769230769E-003   5.0000000000000001E-003   1616.1379105276847        1.0000000000000000     
   3.0769230769230769E-003   5.3846153846153844E-003   1616.2591778449682        1.0000000000000000     
   3.0769230769230769E-003   5.7692307692307696E-003   1616.7093102854135        1.0000000000000000     
   3.0769230769230769E-003   6.1538461538461538E-003   1617.4670443043581        1.0000000000000000     
   3.0769230769230769E-003   6.5384615384615381E-003   1618.4942399847455        1.0000000000000000     
   3.0769230769230769E-003   6.9230769230769233E-003   1619.7359920703614        1.0000000000000000     
   3.0769230769230769E-003   7.3076923076923076E-003   1621.1217122066153        1.0000000000000000     
   3.0769230769230769E-003   7.6923076923076927E-003   1622.5677234221414        1.0000000000000000     
   3.0769230769230769E-003   8.0769230769230770E-003   1623.9816863008830        1.0000000000000000     
   3.0769230769230769E-003   8.4615384615384613E-003   1625.2688153006918        1.0000000000000000     
   3.0769230769230769E-003   8.8461538461538456E-003   1626.3394255379530        1.0000000000000000     
   3.0769230769230769E-003   9.2307692307692299E-003   1627.1169755167530        1.0000000000000000     
   3.0769230769230769E-003   9.6153846153846159E-003   1627.5455324125662        1.0000000000000000     

   3.4615384615384616E-003   3.8461538461538462E-004   1620.6091456911549        1.0000000000000000     
   3.4615384615384616E-003   7.6923076923076923E-004   1620.4350020837637        1.0000000000000000     
   3.4615384615384616E-003   1.1538461538461537E-003   1619.8839833838249        1.0000000000000000     
   3.4615384615384616E-003   1.5384615384615385E-003   1619.0102246535475        1.0000000000000000     
   3.4615384615384616E-003   1.9230769230769232E-003   1617.8881218042302        1.0000000000000000     
   3.4615384615384616E-003   2.3076923076923075E-003   1616.6053363443580        1.0000000000000000     
   3.4615384615384616E-003   2.6923076923076922E-003   1615.2552166872056        1.0000000000000000     
   3.4615384615384616E-003   3.0769230769230769E-003   1613.9296436634320        1.0000000000000000     
   3.4615384615384616E-003   3.4615384615384616E-003   1612.7130882746496        1.0000000000000000     
   3.4615384615384616E-003   3.8461538461538464E-003   1611.6783173294109        1.0000000000000000     
   3.4615384615384616E-003   4.2307692307692307E-003   1610.8837887191085        1.0000000000000000     
   3.4615384615384616E-003   4.6153846153846149E-003   1610.3724390176255        1.0000000000000000     
   3.4615384615384616E-003   5.0000000000000001E-003   1610.1713595602514        1.0000000000000000     
   3.4615384615384616E-003   5.3846153846153844E-003   1610.2918242105050        1.0000000000000000     
   3.4615384615384616E-003   5.7692307692307696E-003   1610.7292683171597        1.0000000000000000     
   3.4615384615384616E-003   6.1538461538461538E-003   1611.4630765391378        1.0000000000000000     
   3.4615384615384616E-003   6.5384615384615381E-003   1612.4563393455508        1.0000000000000000     
   3.4615384615384616E-003   6.9230769230769233E-003   1613.6559950527283        1.0000000000000000     
   3.4615384615384616E-003   7.3076923076923076E-003   1614.9939081401133        1.0000000000000000     
   3.4615384615384616E-003   7.6923076923076927E-003   1616.3893977523835        1.0000000000000000     
   3.4615384615384616E-003   8.0769230769230770E-003   1617.7535184342871        1.0000000000000000     
   3.4615384615384616E-003   8.4615384615384613E-003   1618.9950496463111        1.0000000000000000     
   3.4615384615384616E-003   8.8461538461538456E-003   1620.0277497281579        1.0000000000000000     
   3.4615384615384616E-003   9.2307692307692299E-003   1620.7780703034728        1.0000000000000000     
   3.4615384615384616E-003   9.6153846153846159E-003   1621.1922998816030        1.0000000000000000     

   3.8461538461538464E-003   3.8461538461538462E-004   1614.6015621673282        1.0000000000000000     
   3.8461538461538464E-003   7.6923076923076923E-004   1614.4413583062669        1.0000000000000000     
   3.8461538461538464E-003   1.1538461538461537E-003   1613.9181495579303        1.0000000000000000     
   3.8461538461538464E-003   1.5384615384615385E-003   1613.0839507686674        1.0000000000000000     
   3.8461538461538464E-003   1.9230769230769232E-003   1612.0102663208531        1.0000000000000000     
   3.8461538461538464E-003   2.3076923076923075E-003   1610.7813877488970        1.0000000000000000     
   3.8461538461538464E-003   2.6923076923076922E-003   1609.4871262509355        1.0000000000000000     
   3.8461538461538464E-003   3.0769230769230769E-003   1608.2159425775403        1.0000000000000000     
   3.8461538461538464E-003   3.4615384615384616E-003   1607.0492279334123        1.0000000000000000     
   3.8461538461538464E-003   3.8461538461538464E-003   1606.0571542588316        1.0000000000000000     
   3.8461538461538464E-003   4.2307692307692307E-003   1605.2961375042948        1.0000000000000000     
   3.8461538461538464E-003   4.6153846153846149E-003   1604.8076348417756        1.0000000000000000     
   3.8461538461538464E-003   5.0000000000000001E-003   1604.6177999634128        1.0000000000000000     
   3.8461538461538464E-003   5.3846153846153844E-003   1604.7374885745687        1.0000000000000000     
   3.8461538461538464E-003   5.7692307692307696E-003   1605.1622347019272        1.0000000000000000     
   3.8461538461538464E-003   6.1538461538461538E-003   1605.8720625698404        1.0000000000000000     
   3.8461538461538464E-003   6.5384615384615381E-003   1606.8312846815340        1.0000000000000000     
   3.8461538461538464E-003   6.9230769230769233E-003   1607.9886799921983        1.0000000000000000     
   3.8461538461538464E-003   7.3076923076923076E-003   1609.2785725927256        1.0000000000000000     
   3.8461538461538464E-003   7.6923076923076927E-003   1610.6232959140814        1.0000000000000000     
   3.8461538461538464E-003   8.0769230769230770E-003   1611.9373257985792        1.0000000000000000     
   3.8461538461538464E-003   8.4615384615384613E-003   1613.1330369409366        1.0000000000000000     
   3.8461538461538464E-003   8.8461538461538456E-003   1614.1276555186500        1.0000000000000000     
   3.8461538461538464E-003   9.2307692307692299E-003   1614.8506386441961        1.0000000000000000     
   3.8461538461538464E-003   9.6153846153846159E-003   1615.2504964976856        1.0000000000000000     

   4.2307692307692307E-003   3.8461538461538462E-004   1609.3420725618098        1.0000000000000000     
   4.2307692307692307E-003   7.6923076923076923E-004   1609.1956853241402        1.0000000000000000     
   4.2307692307692307E-003   1.1538461538461537E-003   1608.6999213315601        1.0000000000000000     
   4.2307692307692307E-003   1.5384615384615385E-003   1607.9046989456194        1.0000000000000000     
   4.2307692307692307E-003   1.9230769230769232E-003   1606.8786664042987        1.0000000000000000     
   4.2307692307692307E-003   2.3076923076923075E-003   1605.7027915967540        1.0000000000000000     
   4.2307692307692307E-003   2.6923076923076922E-003   1604.4634042577486        1.0000000000000000     
   4.2307692307692307E-003   3.0769230769230769E-003   1603.2456076479807        1.0000000000000000     
   4.2307692307692307E-003   3.4615384615384616E-003   1602.1277788839654        1.0000000000000000     
   4.2307692307692307E-003   3.8461538461538464E-003   1601.1775591878959        1.0000000000000000     
   4.2307692307692307E-003   4.2307692307692307E-003   1600.4493799712345        1.0000000000000000     
   4.2307692307692307E-003   4.6153846153846149E-003   1599.9832646106993        1.0000000000000000     
   4.2307692307692307E-003   5.0000000000000001E-003   1599.8044588101018        1.0000000000000000     
   4.2307692307692307E-003   5.3846153846153844E-003   1599.9234112312181        1.0000000000000000     
   4.2307692307692307E-003   5.7692307692307696E-003   1600.3357465782835        1.0000000000000000     
   4.2307692307692307E-003   6.1538461538461538E-003   1601.0221030535881        1.0000000000000000     
   4.2307692307692307E-003   6.5384615384615381E-003   1601.9479753326800        1.0000000000000000     
   4.2307692307692307E-003   6.9230769230769233E-003   1603.0639332904664        1.0000000000000000     
   4.2307692307692307E-003   7.3076923076923076E-003   1604.3067056660825        1.0000000000000000     
   4.2307692307692307E-003   7.6923076923076927E-003   1605.6015838652495        1.0000000000000000     
   4.2307692307692307E-003   8.0769230769230770E-003   1606.8664099172561        1.0000000000000000     
   4.2307692307692307E-003   8.4615384615384613E-003   1608.0171010303341        1.0000000000000000     
   4.2307692307692307E-003   8.8461538461538456E-003   1608.9743015754423        1.0000000000000000     
   4.2307692307692307E-003   9.2307692307692299E-003   1609.6704293822277        1.0000000000000000     
   4.2307692307692307E-003   9.6153846153846159E-003   1610.0561807177378        1.0000000000000000     

   4.6153846153846149E-003   3.8461538461538462E-004   1605.1632743113687        1.0000000000000000     
   4.6153846153846149E-003   7.6923076923076923E-004   1605.0303256592988        1.0000000000000000     
   4.6153846153846149E-003   1.1538461538461537E-003   1604.5610968090059        1.0000000000000000     
   4.6153846153846149E-003   1.5384615384615385E-003   1603.8034779256250        1.0000000000000000     
   4.6153846153846149E-003   1.9230769230769232E-003   1602.8233570552561        1.0000000000000000     
   4.6153846153846149E-003   2.3076923076923075E-003   1601.6984950310602        1.0000000000000000     
   4.6153846153846149E-003   2.6923076923076922E-003   1600.5118691712323        1.0000000000000000     
   4.6153846153846149E-003   3.0769230769230769E-003   1599.3453581630283        1.0000000000000000     
   4.6153846153846149E-003   3.4615384615384616E-003   1598.2744534955723        1.0000000000000000     
   4.6153846153846149E-003   3.8461538461538464E-003   1597.3643821480698        1.0000000000000000     
   4.6153846153846149E-003   4.2307692307692307E-003   1596.6676891171378        1.0000000000000000     
   4.6153846153846149E-003   4.6153846153846149E-003   1596.2230387756924        1.0000000000000000     
   4.6153846153846149E-003   5.0000000000000001E-003   1596.0548168004709        1.0000000000000000     
   4.6153846153846149E-003   5.3846153846153844E-003   1596.1730839495003        1.0000000000000000     
   4.6153846153846149E-003   5.7692307692307696E-003   1596.5735454118060        1.0000000000000000     
   4.6153846153846149E-003   6.1538461538461538E-003   1597.2374147544770        1.0000000000000000     
   4.6153846153846149E-003   6.5384615384615381E-003   1598.1313040443183        1.0000000000000000     
   4.6153846153846149E-003   6.9230769230769233E-003   1599.2074866065602        1.0000000000000000     
   4.6153846153846149E-003   7.3076923076923076E-003   1600.4049902332213        1.0000000000000000     
   4.6153846153846149E-003   7.6923076923076927E-003   1601.6519460674970        1.0000000000000000     
   4.6153846153846149E-003   8.0769230769230770E-003   1602.8694377150841        1.0000000000000000     
   4.6153846153846149E-003   8.4615384615384613E-003   1603.9768009127404        1.0000000000000000     
   4.6153846153846149E-003   8.8461538461538456E-003   1604.8979826434320        1.0000000000000000     
   4.6153846153846149E-003   9.2307692307692299E-003   1605.5682628487605        1.0000000000000000     
   4.6153846153846149E-003   9.6153846153846159E-003   1605.9404512038498        1.0000000000000000     

   5.0000000000000001E-003   3.8461538461538462E-004   1602.3793788089965        1.0000000000000000     
   5.0000000000000001E-003   7.6923076923076923E-004   1602.2592837330239        1.0000000000000000     
   5.0000000000000001E-003   1.1538461538461537E-003   1601.8152317191566        1.0000000000000000     
   5.0000000000000001E-003   1.5384615384615385E-003   1601.0931911470193        1.0000000000000000     
   5.0000000000000001E-003   1.9230769230769232E-003   1600.1564374105153        1.0000000000000000     
   5.0000000000000001E-003   2.3076923076923075E-003   1599.0797003249475        1.0000000000000000     
   5.0000000000000001E-003   2.6923076923076922E-003   1597.9427953049778        1.0000000000000000     
   5.0000000000000001E-003   3.0769230769230769E-003   1596.8245676865326        1.0000000000000000     
   5.0000000000000001E-003   3.4615384615384616E-003   1595.7978030952252        1.0000000000000000     
   5.0000000000000001E-003   3.8461538461538464E-003   1594.9254728388507        1.0000000000000000     
   5.0000000000000001E-003   4.2307692307692307E-003   1594.2583658467640        1.0000000000000000     
   5.0000000000000001E-003   4.6153846153846149E-003   1593.8338850629011        1.0000000000000000     
   5.0000000000000001E-003   5.0000000000000001E-003   1593.6756183445025        1.0000000000000000     
   5.0000000000000001E-003   5.3846153846153844E-003   1593.7932641361388        1.0000000000000000     
   5.0000000000000001E-003   5.7692307692307696E-003   1594.1825967030009        1.0000000000000000     
   5.0000000000000001E-003   6.1538461538461538E-003   1594.8253568637044        1.0000000000000000     
   5.0000000000000001E-003   6.5384615384615381E-003   1595.6891903708145        1.0000000000000000     
   5.0000000000000001E-003   6.9230769230769233E-003   1596.7279570547926        1.0000000000000000     
   5.0000000000000001E-003   7.3076923076923076E-003   1597.8828377293894        1.0000000000000000     
   5.0000000000000001E-003   7.6923076923076927E-003   1599.0846346244814        1.0000000000000000     
   5.0000000000000001E-003   8.0769230769230770E-003   1600.2574907105663        1.0000000000000000     
   5.0000000000000001E-003   8.4615384615384613E-003   1601.3239760385675        1.0000000000000000     
   5.0000000000000001E-003   8.8461538461538456E-003   1602.2111674917196        1.0000000000000000     
   5.0000000000000001E-003   9.2307692307692299E-003   1602.8570603065293        1.0000000000000000     
   5.0000000000000001E-003   9.6153846153846159E-003   1603.2164703302847        1.0000000000000000     

   5.3846153846153844E-003   3.8461538461538462E-004   1601.2675194468352        1.0000000000000000     
   5.3846153846153844E-003   7.6923076923076923E-004   1601.1595270019425        1.0000000000000000     
   5.3846153846153844E-003   1.1538461538461537E-003   1600.7389301160542        1.0000000000000000     
   5.3846153846153844E-003   1.5384615384615385E-003   1600.0499137395866        1.0000000000000000     
   5.3846153846153844E-003   1.9230769230769232E-003   1599.1533312042998        1.0000000000000000     
   5.3846153846153844E-003   2.3076923076923075E-003   1598.1211066555200        1.0000000000000000     
   5.3846153846153844E-003   2.6923076923076922E-003   1597.0301346757717        1.0000000000000000     
   5.3846153846153844E-003   3.0769230769230769E-003   1595.9564659071098        1.0000000000000000     
   5.3846153846153844E-003   3.4615384615384616E-003   1594.9704010422347        1.0000000000000000     
   5.3846153846153844E-003   3.8461538461538464E-003   1594.1328475202633        1.0000000000000000     
   5.3846153846153844E-003   4.2307692307692307E-003   1593.4929935465234        1.0000000000000000     
   5.3846153846153844E-003   4.6153846153846149E-003   1593.0870956217645        1.0000000000000000     
   5.3846153846153844E-003   5.0000000000000001E-003   1592.9380168324444        1.0000000000000000     
   5.3846153846153844E-003   5.3846153846153844E-003   1593.0551239657989        1.0000000000000000     
   5.3846153846153844E-003   5.7692307692307696E-003   1593.4342484052358        1.0000000000000000     
   5.3846153846153844E-003   6.1538461538461538E-003   1594.0576033446487        1.0000000000000000     
   5.3846153846153844E-003   6.5384615384615381E-003   1594.8937703891904        1.0000000000000000     
   5.3846153846153844E-003   6.9230769230769233E-003   1595.8980562199363        1.0000000000000000     
   5.3846153846153844E-003   7.3076923076923076E-003   1597.0136167021672        1.0000000000000000     
   5.3846153846153844E-003   7.6923076923076927E-003   1598.1737158569597        1.0000000000000000     
   5.3846153846153844E-003   8.0769230769230770E-003   1599.3053265293947        1.0000000000000000     
   5.3846153846153844E-003   8.4615384615384613E-003   1600.3340185754369        1.0000000000000000     
   5.3846153846153844E-003   8.8461538461538456E-003   1601.1897774833358        1.0000000000000000     
   5.3846153846153844E-003   9.2307692307692299E-003   1601.8131251461464        1.0000000000000000     
   5.3846153846153844E-003   9.6153846153846159E-003   1602.1607457692298        1.0000000000000000     

   5.7692307692307696E-003   3.8461538461538462E-004   1602.0421393136089        1.0000000000000000     
   5.7692307692307696E-003   7.6923076923076923E-004   1601.9453642875344        1.0000000000000000     
   5.7692307692307696E-003   1.1538461538461537E-003   1601.5462086534012        1.0000000000000000     
   5.7692307692307696E-003   1.5384615384615385E-003   1600.8872384782781        1.0000000000000000     
   5.7692307692307696E-003   1.9230769230769232E-003   1600.0271108047916        1.0000000000000000     
   5.7692307692307696E-003   2.3076923076923075E-003   1599.0352095657611        1.0000000000000000     
   5.7692307692307696E-003   2.6923076923076922E-003   1597.9857904390581        1.0000000000000000     
   5.7692307692307696E-003   3.0769230769230769E-003   1596.9523860266543        1.0000000000000000     
   5.7692307692307696E-003   3.4615384615384616E-003   1596.0030656206202        1.0000000000000000     
   5.7692307692307696E-003   3.8461538461538464E-003   1595.1968905455590        1.0000000000000000     
   5.7692307692307696E-003   4.2307692307692307E-003   1594.5816228424208        1.0000000000000000     
   5.7692307692307696E-003   4.6153846153846149E-003   1594.1925007496893        1.0000000000000000     
   5.7692307692307696E-003   5.0000000000000001E-003   1594.0517437986368        1.0000000000000000     
   5.7692307692307696E-003   5.3846153846153844E-003   1594.1684216713440        1.0000000000000000     
   5.7692307692307696E-003   5.7692307692307696E-003   1594.5384106942206        1.0000000000000000     
   5.7692307692307696E-003   6.1538461538461538E-003   1595.1443366780661        1.0000000000000000     
   5.7692307692307696E-003   6.5384615384615381E-003   1595.9556086200878        1.0000000000000000     
   5.7692307692307696E-003   6.9230769230769233E-003   1596.9288228400542        1.0000000000000000     
   5.7692307692307696E-003   7.3076923076923076E-003   1598.0089070622055        1.0000000000000000     
   5.7692307692307696E-003   7.6923076923076927E-003   1599.1313451556709        1.0000000000000000     
   5.7692307692307696E-003   8.0769230769230770E-003   1600.2256718275830        1.0000000000000000     
   5.7692307692307696E-003   8.4615384615384613E-003   1601.2201807214221        1.0000000000000000     
   5.7692307692307696E-003   8.8461538461538456E-003   1602.0475040449073        1.0000000000000000     
   5.7692307692307696E-003   9.2307692307692299E-003   1602.6504663515061        1.0000000000000000     
   5.7692307692307696E-003   9.6153846153846159E-003   1602.9874562614443        1.0000000000000000     

   6.1538461538461538E-003   3.8461538461538462E-004   1604.8230974253909        1.0000000000000000     
   6.1538461538461538E-003   7.6923076923076923E-004   1604.7365437816231        1.0000000000000000     
   6.1538461538461538E-003   1.1538461538461537E-003   1604.3565837913663        1.0000000000000000     
   6.1538461538461538E-003   1.5384615384615385E-003   1603.7243497721254        1.0000000000000000     
   6.1538461538461538E-003   1.9230769230769232E-003   1602.8965558507557        1.0000000000000000     
   6.1538461538461538E-003   2.3076923076923075E-003   1601.9403425705657        1.0000000000000000     
   6.1538461538461538E-003   2.6923076923076922E-003   1600.9276404369648        1.0000000000000000     
   6.1538461538461538E-003   3.0769230769230769E-003   1599.9297700594523        1.0000000000000000     
   6.1538461538461538E-003   3.4615384615384616E-003   1599.0128478719284        1.0000000000000000     
   6.1538461538461538E-003   3.8461538461538464E-003   1598.2343265346619        1.0000000000000000     
   6.1538461538461538E-003   4.2307692307692307E-003   1597.6407308840955        1.0000000000000000     
   6.1538461538461538E-003   4.6153846153846149E-003   1597.2664188393730        1.0000000000000000     
   6.1538461538461538E-003   5.0000000000000001E-003   1597.1330535826203        1.0000000000000000     
   6.1538461538461538E-003   5.3846153846153844E-003   1597.2494451110231        1.0000000000000000     
   6.1538461538461538E-003   5.7692307692307696E-003   1597.6115023949078        1.0000000000000000     
   6.1538461538461538E-003   6.1538461538461538E-003   1598.2022005088991        1.0000000000000000     
   6.1538461538461538E-003   6.5384615384615381E-003   1598.9916593773019        1.0000000000000000     
   6.1538461538461538E-003   6.9230769230769233E-003   1599.9375942850813        1.0000000000000000     
   6.1538461538461538E-003   7.3076923076923076E-003   1600.9864820062328        1.0000000000000000     
   6.1538461538461538E-003   7.6923076923076927E-003   1602.0757586309896        1.0000000000000000     
   6.1538461538461538E-003   8.0769230769230770E-003   1603.1372221231650        1.0000000000000000     
   6.1538461538461538E-003   8.4615384615384613E-003   1604.1015806607957        1.0000000000000000     
   6.1538461538461538E-003   8.8461538461538456E-003   1604.9038185433365        1.0000000000000000     
   6.1538461538461538E-003   9.2307692307692299E-003   1605.4888102747827        1.0000000000000000     
   6.1538461538461538E-003   9.6153846153846159E-003   1605.8164636074266        1.0000000000000000     

   6.5384615384615381E-003   3.8461538461538462E-004   1609.6007544637348        1.0000000000000000     
   6.5384615384615381E-003   7.6923076923076923E-004   1609.5233348529391        1.0000000000000000     
   6.5384615384615381E-003   1.1538461538461537E-003   1609.1601516302487        1.0000000000000000     
   6.5384615384615381E-003   1.5384615384615385E-003   1608.5511030543203        1.0000000000000000     
   6.5384615384615381E-003   1.9230769230769232E-003   1607.7512331773835        1.0000000000000000     
   6.5384615384615381E-003   2.3076923076923075E-003   1606.8257580162447        1.0000000000000000     
   6.5384615384615381E-003   2.6923076923076922E-003   1605.8446188607959        1.0000000000000000     
   6.5384615384615381E-003   3.0769230769230769E-003   1604.8772507542124        1.0000000000000000     
   6.5384615384615381E-003   3.4615384615384616E-003   1603.9881129659366        1.0000000000000000     
   6.5384615384615381E-003   3.8461538461538464E-003   1603.2333002547207        1.0000000000000000     
   6.5384615384615381E-003   4.2307692307692307E-003   1602.6582987725822        1.0000000000000000     
   6.5384615384615381E-003   4.6153846153846149E-003   1602.2967304200110        1.0000000000000000     
   6.5384615384615381E-003   5.0000000000000001E-003   1602.1697930798055        1.0000000000000000     
   6.5384615384615381E-003   5.3846153846153844E-003   1602.2860763187311        1.0000000000000000     
   6.5384615384615381E-003   5.7692307692307696E-003   1602.6415093682035        1.0000000000000000     
   6.5384615384615381E-003   6.1538461538461538E-003   1603.2193508225619        1.0000000000000000     
   6.5384615384615381E-003   6.5384615384615381E-003   1603.9903096139385        1.0000000000000000     
   6.5384615384615381E-003   6.9230769230769233E-003   1604.9130399470614        1.0000000000000000     
   6.5384615384615381E-003   7.3076923076923076E-003   1605.9353309447738        1.0000000000000000     
   6.5384615384615381E-003   7.6923076923076927E-003   1606.9962848643713        1.0000000000000000     
   6.5384615384615381E-003   8.0769230769230770E-003   1608.0296421508119        1.0000000000000000     
   6.5384615384615381E-003   8.4615384615384613E-003   1608.9681919882412        1.0000000000000000     
   6.5384615384615381E-003   8.8461538461538456E-003   1609.7489520731303        1.0000000000000000     
   6.5384615384615381E-003   9.2307692307692299E-003   1610.3185729365232        1.0000000000000000     
   6.5384615384615381E-003   9.6153846153846159E-003   1610.6382803533586        1.0000000000000000     

   6.9230769230769233E-003   3.8461538461538462E-004   1616.2041373568645        1.0000000000000000     
   6.9230769230769233E-003   7.6923076923076923E-004   1616.1346945526732        1.0000000000000000     
   6.9230769230769233E-003   1.1538461538461537E-003   1615.7857632992047        1.0000000000000000     
   6.9230769230769233E-003   1.5384615384615385E-003   1615.1962149481010        1.0000000000000000     
   6.9230769230769233E-003   1.9230769230769232E-003   1614.4197061906268        1.0000000000000000     
   6.9230769230769233E-003   2.3076923076923075E-003   1613.5198583717768        1.0000000000000000     
   6.9230769230769233E-003   2.6923076923076922E-003   1612.5649703337599        1.0000000000000000     
   6.9230769230769233E-003   3.0769230769230769E-003   1611.6229275380276        1.0000000000000000     
   6.9230769230769233E-003   3.4615384615384616E-003   1610.7568354170337        1.0000000000000000     
   6.9230769230769233E-003   3.8461538461538464E-003   1610.0216870933943        1.0000000000000000     
   6.9230769230769233E-003   4.2307692307692307E-003   1609.4621321344518        1.0000000000000000     
   6.9230769230769233E-003   4.6153846153846149E-003   1609.1112028498635        1.0000000000000000     
   6.9230769230769233E-003   5.0000000000000001E-003   1608.9897240693315        1.0000000000000000     
   6.9230769230769233E-003   5.3846153846153844E-003   1609.1061048125841        1.0000000000000000     
   6.9230769230769233E-003   5.7692307692307696E-003   1609.4562823064264        1.0000000000000000     
   6.9230769230769233E-003   6.1538461538461538E-003   1610.0237322301916        1.0000000000000000     
   6.9230769230769233E-003   6.5384615384615381E-003   1610.7796285350589        1.0000000000000000     
   6.9230769230769233E-003   6.9230769230769233E-003   1611.6833801844712        1.0000000000000000     
   6.9230769230769233E-003   7.3076923076923076E-003   1612.6838452582508        1.0000000000000000     
   6.9230769230769233E-003   7.6923076923076927E-003   1613.7214966943179        1.0000000000000000     
   6.9230769230769233E-003   8.0769230769230770E-003   1614.7316848184826        1.0000000000000000     
   6.9230769230769233E-003   8.4615384615384613E-003   1615.6489329733267        1.0000000000000000     
   6.9230769230769233E-003   8.8461538461538456E-003   1616.4119600907763        1.0000000000000000     
   6.9230769230769233E-003   9.2307692307692299E-003   1616.9689067737929        1.0000000000000000     
   6.9230769230769233E-003   9.6153846153846159E-003   1617.2821066540964        1.0000000000000000     

   7.3076923076923076E-003   3.8461538461538462E-004   1624.2804636479077        1.0000000000000000     
   7.3076923076923076E-003   7.6923076923076923E-004   1624.2177989347961        1.0000000000000000     
   7.3076923076923076E-003   1.1538461538461537E-003   1623.8805730637616        1.0000000000000000     
   7.3076923076923076E-003   1.5384615384615385E-003   1623.3068365982847        1.0000000000000000     
   7.3076923076923076E-003   1.9230769230769232E-003   1622.5491399024938        1.0000000000000000     
   7.3076923076923076E-003   2.3076923076923075E-003   1621.6698370827469        1.0000000000000000     
   7.3076923076923076E-003   2.6923076923076922E-003   1620.7359280990022        1.0000000000000000     
   7.3076923076923076E-003   3.0769230769230769E-003   1619.8140808991277        1.0000000000000000     
   7.3076923076923076E-003   3.4615384615384616E-003   1618.9663459816470        1.0000000000000000     
   7.3076923076923076E-003   3.8461538461538464E-003   1618.2468665140602        1.0000000000000000     
   7.3076923076923076E-003   4.2307692307692307E-003   1617.6996532876205        1.0000000000000000     
   7.3076923076923076E-003   4.6153846153846149E-003   1617.3572919360358        1.0000000000000000     
   7.3076923076923076E-003   5.0000000000000001E-003   1617.2403241683255        1.0000000000000000     
   7.3076923076923076E-003   5.3846153846153844E-003   1617.3570174874951        1.0000000000000000     
   7.3076923076923076E-003   5.7692307692307696E-003   1617.7033054921608        1.0000000000000000     
   7.3076923076923076E-003   6.1538461538461538E-003   1618.2628164371440        1.0000000000000000     
   7.3076923076923076E-003   6.5384615384615381E-003   1619.0070680913691        1.0000000000000000     
   7.3076923076923076E-003   6.9230769230769233E-003   1619.8960431239075        1.0000000000000000     
   7.3076923076923076E-003   7.3076923076923076E-003   1620.8794280618113        1.0000000000000000     
   7.3076923076923076E-003   7.6923076923076927E-003   1621.8987732574878        1.0000000000000000     
   7.3076923076923076E-003   8.0769230769230770E-003   1622.8907076344865        1.0000000000000000     
   7.3076923076923076E-003   8.4615384615384613E-003   1623.7911422471816        1.0000000000000000     
   7.3076923076923076E-003   8.8461538461538456E-003   1624.5401647787698        1.0000000000000000     
   7.3076923076923076E-003   9.2307692307692299E-003   1625.0871192310174        1.0000000000000000     
   7.3076923076923076E-003   9.6153846153846159E-003   1625.3952361816605        1.0000000000000000     

   7.6923076923076927E-003   3.8461538461538462E-004   1633.2948423586943        1.0000000000000000     
   7.6923076923076927E-003   7.6923076923076923E-004   1633.2377526300018        1.0000000000000000     
   7.6923076923076927E-003   1.1538461538461537E-003   1632.9097648274812        1.0000000000000000     
   7.6923076923076927E-003   1.5384615384615385E-003   1632.3483042111861        1.0000000000000000     
   7.6923076923076927E-003   1.9230769230769232E-003   1631.6050810411093        1.0000000000000000     
   7.6923076923076927E-003   2.3076923076923075E-003   1630.7414918281861        1.0000000000000000     
   7.6923076923076927E-003   2.6923076923076922E-003   1629.8235617875928        1.0000000000000000     
   7.6923076923076927E-003   3.0769230769230769E-003   1628.9170536983852        1.0000000000000000     
   7.6923076923076927E-003   3.4615384615384616E-003   1628.0832432417039        1.0000000000000000     
   7.6923076923076927E-003   3.8461538461538464E-003   1627.3756585122976        1.0000000000000000     
   7.6923076923076927E-003   4.2307692307692307E-003   1626.8378553611126        1.0000000000000000     
   7.6923076923076927E-003   4.6153846153846149E-003   1626.5021051348433        1.0000000000000000     
   7.6923076923076927E-003   5.0000000000000001E-003   1626.3887496891462        1.0000000000000000     
   7.6923076923076927E-003   5.3846153846153844E-003   1626.5059514560176        1.0000000000000000     
   7.6923076923076927E-003   5.7692307692307696E-003   1626.8496303123611        1.0000000000000000     
   7.6923076923076927E-003   6.1538461538461538E-003   1627.4035080761689        1.0000000000000000     
   7.6923076923076927E-003   6.5384615384615381E-003   1628.1393342688455        1.0000000000000000     
   7.6923076923076927E-003   6.9230769230769233E-003   1629.0174964792113        1.0000000000000000     
   7.6923076923076927E-003   7.3076923076923076E-003   1629.9882838882977        1.0000000000000000     
   7.6923076923076927E-003   7.6923076923076927E-003   1630.9940473195650        1.0000000000000000     
   7.6923076923076927E-003   8.0769230769230770E-003   1631.9723799605997        1.0000000000000000     
   7.6923076923076927E-003   8.4615384615384613E-003   1632.8602506324835        1.0000000000000000     
   7.6923076923076927E-003   8.8461538461538456E-003   1633.5987982309209        1.0000000000000000     
   7.6923076923076927E-003   9.2307692307692299E-003   1634.1382958119464        1.0000000000000000     
   7.6923076923076927E-003   9.6153846153846159E-003   1634.4426687823168        1.0000000000000000     

   8.0769230769230770E-003   3.8461538461538462E-004   1642.5570894937487        1.0000000000000000     
   8.0769230769230770E-003   7.6923076923076923E-004   1642.5044100182727        1.0000000000000000     
   8.0769230769230770E-003   1.1538461538461537E-003   1642.1833799543538        1.0000000000000000     
   8.0769230769230770E-003   1.5384615384615385E-003   1641.6309744673736        1.0000000000000000     
   8.0769230769230770E-003   1.9230769230769232E-003   1640.8983018798947        1.0000000000000000     
   8.0769230769230770E-003   2.3076923076923075E-003   1640.0460773608447        1.0000000000000000     
   8.0769230769230770E-003   2.6923076923076922E-003   1639.1396394862052        1.0000000000000000     
   8.0769230769230770E-003   3.0769230769230769E-003   1638.2441221526562        1.0000000000000000     
   8.0769230769230770E-003   3.4615384615384616E-003   1637.4202725451528        1.0000000000000000     
   8.0769230769230770E-003   3.8461538461538464E-003   1636.7212088540193        1.0000000000000000     
   8.0769230769230770E-003   4.2307692307692307E-003   1636.1901915034250        1.0000000000000000     
   8.0769230769230770E-003   4.6153846153846149E-003   1635.8592918639497        1.0000000000000000     
   8.0769230769230770E-003   5.0000000000000001E-003   1635.7487238635340        1.0000000000000000     
   8.0769230769230770E-003   5.3846153846153844E-003   1635.8665769390143        1.0000000000000000     
   8.0769230769230770E-003   5.7692307692307696E-003   1636.2087498069932        1.0000000000000000     
   8.0769230769230770E-003   6.1538461538461538E-003   1636.7590084102455        1.0000000000000000     
   8.0769230769230770E-003   6.5384615384615381E-003   1637.4892381547493        1.0000000000000000     
   8.0769230769230770E-003   6.9230769230769233E-003   1638.3600850255484        1.0000000000000000     
   8.0769230769230770E-003   7.3076923076923076E-003   1639.3222424814669        1.0000000000000000     
   8.0769230769230770E-003   7.6923076923076927E-003   1640.3186161108408        1.0000000000000000     
   8.0769230769230770E-003   8.0769230769230770E-003   1641.2874823092468        1.0000000000000000     
   8.0769230769230770E-003   8.4615384615384613E-003   1642.1665708684186        1.0000000000000000     
   8.0769230769230770E-003   8.8461538461538456E-003   1642.8977849649614        1.0000000000000000     
   8.0769230769230770E-003   9.2307692307692299E-003   1643.4320779974430        1.0000000000000000     
   8.0769230769230770E-003   9.6153846153846159E-003   1643.7338865661982        1.0000000000000000     

   8.4615384615384613E-003   3.8461538461538462E-004   1651.2781286403676        1.0000000000000000     
   8.4615384615384613E-003   7.6923076923076923E-004   1651.2287738375676        1.0000000000000000     
   8.4615384615384613E-003   1.1538461538461537E-003   1650.9127029084661        1.0000000000000000     
   8.4615384615384613E-003   1.5384615384615385E-003   1650.3665878846159        1.0000000000000000     
   8.4615384615384613E-003   1.9230769230769232E-003   1649.6411342725723        1.0000000000000000     
   8.4615384615384613E-003   2.3076923076923075E-003   1648.7966057584115        1.0000000000000000     
   8.4615384615384613E-003   2.6923076923076922E-003   1647.8978924269554        1.0000000000000000     
   8.4615384615384613E-003   3.0769230769230769E-003   1647.0097257214093        1.0000000000000000     
   8.4615384615384613E-003   3.4615384615384616E-003   1646.1925240757159        1.0000000000000000     
   8.4615384615384613E-003   3.8461538461538464E-003   1645.4991601415286        1.0000000000000000     
   8.4615384615384613E-003   4.2307692307692307E-003   1644.9727251564721        1.0000000000000000     
   8.4615384615384613E-003   4.6153846153846149E-003   1644.6451801855294        1.0000000000000000     
   8.4615384615384613E-003   5.0000000000000001E-003   1644.5366677573086        1.0000000000000000     
   8.4615384615384613E-003   5.3846153846153844E-003   1644.6552305205776        1.0000000000000000     
   8.4615384615384613E-003   5.7692307692307696E-003   1644.9967423346413        1.0000000000000000     
   8.4615384615384613E-003   6.1538461538461538E-003   1645.5449770967746        1.0000000000000000     
   8.4615384615384613E-003   6.5384615384615381E-003   1646.2718827202325        1.0000000000000000     
   8.4615384615384613E-003   6.9230769230769233E-003   1647.1382481246435        1.0000000000000000     
   8.4615384615384613E-003   7.3076923076923076E-003   1648.0950111472612        1.0000000000000000     
   8.4615384615384613E-003   7.6923076923076927E-003   1649.0854305334119        1.0000000000000000     
   8.4615384615384613E-003   8.0769230769230770E-003   1650.0482320685919        1.0000000000000000     
   8.4615384615384613E-003   8.4615384615384613E-003   1650.9216569999003        1.0000000000000000     
   8.4615384615384613E-003   8.8461538461538456E-003   1651.6481296791699        1.0000000000000000     
   8.4615384615384613E-003   9.2307692307692299E-003   1652.1790719485680        1.0000000000000000     
   8.4615384615384613E-003   9.6153846153846159E-003   1652.4792745643770        1.0000000000000000     

   8.8461538461538456E-003   3.8461538461538462E-004   1658.6520630986049        1.0000000000000000     
   8.8461538461538456E-003   7.6923076923076923E-004   1658.6050551725191        1.0000000000000000     
   8.8461538461538456E-003   1.1538461538461537E-003   1658.2922844692168        1.0000000000000000     
   8.8461538461538456E-003   1.5384615384615385E-003   1657.7502342263260        1.0000000000000000     
   8.8461538461538456E-003   1.9230769230769232E-003   1657.0293611622776        1.0000000000000000     
   8.8461538461538456E-003   2.3076923076923075E-003   1656.1896537552564        1.0000000000000000     
   8.8461538461538456E-003   2.6923076923076922E-003   1655.2957340470807        1.0000000000000000     
   8.8461538461538456E-003   3.0769230769230769E-003   1654.4120998779867        1.0000000000000000     
   8.8461538461538456E-003   3.4615384615384616E-003   1653.5989869005189        1.0000000000000000     
   8.8461538461538456E-003   3.8461538461538464E-003   1652.9091395034459        1.0000000000000000     
   8.8461538461538456E-003   4.2307692307692307E-003   1652.3855676019059        1.0000000000000000     
   8.8461538461538456E-003   4.6153846153846149E-003   1652.0601832348761        1.0000000000000000     
   8.8461538461538456E-003   5.0000000000000001E-003   1651.9530963561738        1.0000000000000000     
   8.8461538461538456E-003   5.3846153846153844E-003   1652.0723223489179        1.0000000000000000     
   8.8461538461538456E-003   5.7692307692307696E-003   1652.4137109595638        1.0000000000000000     
   8.8461538461538456E-003   6.1538461538461538E-003   1652.9610233636447        1.0000000000000000     
   8.8461538461538456E-003   6.5384615384615381E-003   1653.6862228305833        1.0000000000000000     
   8.8461538461538456E-003   6.9230769230769233E-003   1654.5501619888123        1.0000000000000000     
   8.8461538461538456E-003   7.3076923076923076E-003   1655.5039080836375        1.0000000000000000     
   8.8461538461538456E-003   7.6923076923076927E-003   1656.4909229588297        1.0000000000000000     
   8.8461538461538456E-003   8.0769230769230770E-003   1657.4502032484597        1.0000000000000000     
   8.8461538461538456E-003   8.4615384615384613E-003   1658.3203075155554        1.0000000000000000     
   8.8461538461538456E-003   8.8461538461538456E-003   1659.0439895471138        1.0000000000000000     
   8.8461538461538456E-003   9.2307692307692299E-003   1659.5729708982878        1.0000000000000000     
   8.8461538461538456E-003   9.6153846153846159E-003   1659.8722706443662        1.0000000000000000     

   9.2307692307692299E-003   3.8461538461538462E-004   1663.9532075985246        1.0000000000000000     
   9.2307692307692299E-003   7.6923076923076923E-004   1663.9076839066311        1.0000000000000000     
   9.2307692307692299E-003   1.1538461538461537E-003   1663.5968953270624        1.0000000000000000     
   9.2307692307692299E-003   1.5384615384615385E-003   1663.0572187803700        1.0000000000000000     
   9.2307692307692299E-003   1.9230769230769232E-003   1662.3389721640683        1.0000000000000000     
   9.2307692307692299E-003   2.3076923076923075E-003   1661.5019926435268        1.0000000000000000     
   9.2307692307692299E-003   2.6923076923076922E-003   1660.6107582338263        1.0000000000000000     
   9.2307692307692299E-003   3.0769230769230769E-003   1659.7296456791114        1.0000000000000000     
   9.2307692307692299E-003   3.4615384615384616E-003   1658.9188011703432        1.0000000000000000     
   9.2307692307692299E-003   3.8461538461538464E-003   1658.2309119850031        1.0000000000000000     
   9.2307692307692299E-003   4.2307692307692307E-003   1657.7089569814243        1.0000000000000000     
   9.2307692307692299E-003   4.6153846153846149E-003   1657.3848326407747        1.0000000000000000     
   9.2307692307692299E-003   5.0000000000000001E-003   1657.2786378447740        1.0000000000000000     
   9.2307692307692299E-003   5.3846153846153844E-003   1657.3983737392805        1.0000000000000000     
   9.2307692307692299E-003   5.7692307692307696E-003   1657.7398711510391        1.0000000000000000     
   9.2307692307692299E-003   6.1538461538461538E-003   1658.2868731839897        1.0000000000000000     
   9.2307692307692299E-003   6.5384615384615381E-003   1659.0113372059734        1.0000000000000000     
   9.2307692307692299E-003   6.9230769230769233E-003   1659.8741360796689        1.0000000000000000     
   9.2307692307692299E-003   7.3076923076923076E-003   1660.8263958003720        1.0000000000000000     
   9.2307692307692299E-003   7.6923076923076927E-003   1661.8116820815583        1.0000000000000000     
   9.2307692307692299E-003   8.0769230769230770E-003   1662.7691383591869        1.0000000000000000     
   9.2307692307692299E-003   8.4615384615384613E-003   1663.6375009556896        1.0000000000000000     
   9.2307692307692299E-003   8.8461538461538456E-003   1664.3597119751742        1.0000000000000000     
   9.2307692307692299E-003   9.2307692307692299E-003   1664.8876664926868        1.0000000000000000     
   9.2307692307692299E-003   9.6153846153846159E-003   1665.1865168069321        1.0000000000000000     

   9.6153846153846159E-003   3.8461538461538462E-004   1666.6321256064457        1.0000000000000000     
   9.6153846153846159E-003   7.6923076923076923E-004   1666.5873203205817        1.0000000000000000     
   9.6153846153846159E-003   1.1538461538461537E-003   1666.2774723856296        1.0000000000000000     
   9.6153846153846159E-003   1.5384615384615385E-003   1665.7389094474079        1.0000000000000000     
   9.6153846153846159E-003   1.9230769230769232E-003   1665.0218853672932        1.0000000000000000     
   9.6153846153846159E-003   2.3076923076923075E-003   1664.1861680497971        1.0000000000000000     
   9.6153846153846159E-003   2.6923076923076922E-003   1663.2961703963836        1.0000000000000000     
   9.6153846153846159E-003   3.0769230769230769E-003   1662.4162155038223        1.0000000000000000     
   9.6153846153846159E-003   3.4615384615384616E-003   1661.6064112926472        1.0000000000000000     
   9.6153846153846159E-003   3.8461538461538464E-003   1660.9194221538285        1.0000000000000000     
   9.6153846153846159E-003   4.2307692307692307E-003   1660.3982160415408        1.0000000000000000     
   9.6153846153846159E-003   4.6153846153846149E-003   1660.0746850707585        1.0000000000000000     
   9.6153846153846159E-003   5.0000000000000001E-003   1659.9689246886703        1.0000000000000000     
   9.6153846153846159E-003   5.3846153846153844E-003   1660.0889296593143        1.0000000000000000     
   9.6153846153846159E-003   5.7692307692307696E-003   1660.4305206998126        1.0000000000000000     
   9.6153846153846159E-003   6.1538461538461538E-003   1660.9774298486959        1.0000000000000000     
   9.6153846153846159E-003   6.5384615384615381E-003   1661.7016081577601        1.0000000000000000     
   9.6153846153846159E-003   6.9230769230769233E-003   1662.5639340055507        1.0000000000000000     
   9.6153846153846159E-003   7.3076923076923076E-003   1663.5155571011101        1.0000000000000000     
   9.6153846153846159E-003   7.6923076923076927E-003   1664.5000886400924        1.0000000000000000     
   9.6153846153846159E-003   8.0769230769230770E-003   1665.4567385807352        1.0000000000000000     
   9.6153846153846159E-003   8.4615384615384613E-003   1666.3243252697464        1.0000000000000000     
   9.6153846153846159E-003   8.8461538461538456E-003   1667.0458786386721        1.0000000000000000     
   9.6153846153846159E-003   9.2307692307692299E-003   1667.5733752203896        1.0000000000000000     
   9.6153846153846159E-003   9.6153846153846159E-003   1667.8720301028929        1.0000000000000000     

