   3.8461538461538462E-004   3.8461538461538462E-004   741.89994679057179        1.0701664113871006E-003
   3.8461538461538462E-004   7.6923076923076923E-004   741.97740405303489        1.0751739122694939E-003
   3.8461538461538462E-004   1.1538461538461537E-003   742.02103483856570        1.0779987646765340E-003
   3.8461538461538462E-004   1.5384615384615385E-003   742.04884572352876        1.0798003179332111E-003
   3.8461538461538462E-004   1.9230769230769232E-003   742.06781889414412        1.0810295683398353E-003
   3.8461538461538462E-004   2.3076923076923075E-003   742.08144533862651        1.0819122347767393E-003
   3.8461538461538462E-004   2.6923076923076922E-003   742.09145983703809        1.0825606803813240E-003
   3.8461538461538462E-004   3.0769230769230769E-003   742.09892149931466        1.0830435673468172E-003
   3.8461538461538462E-004   3.4615384615384616E-003   742.10444556683649        1.0834008563651700E-003
   3.8461538461538462E-004   3.8461538461538464E-003   742.10842526908300        1.0836581190340402E-003
   3.8461538461538462E-004   4.2307692307692307E-003   742.11111387790777        1.0838318421181555E-003
   3.8461538461538462E-004   4.6153846153846149E-003   742.11266938926451        1.0839323181635111E-003
   3.8461538461538462E-004   5.0000000000000001E-003   742.11317864985381        1.0839652075836394E-003
   3.8461538461538462E-004   5.3846153846153844E-003   742.11266938926451        1.0839323181635072E-003
   3.8461538461538462E-004   5.7692307692307696E-003   742.11111387790777        1.0838318421181514E-003
   3.8461538461538462E-004   6.1538461538461538E-003   742.10842526908300        1.0836581190340391E-003
   3.8461538461538462E-004   6.5384615384615381E-003   742.10444556683603        1.0834008563651656E-003
   3.8461538461538462E-004   6.9230769230769233E-003   742.09892149931397        1.0830435673468098E-003
   3.8461538461538462E-004   7.3076923076923076E-003   742.09145983703809        1.0825606803813094E-003
   3.8461538461538462E-004   7.6923076923076927E-003   742.08144533862651        1.0819122347767358E-003
   3.8461538461538462E-004   8.0769230769230770E-003   742.06781889414412        1.0810295683398373E-003
   3.8461538461538462E-004   8.4615384615384613E-003   742.04884572352887        1.0798003179332146E-003
   3.8461538461538462E-004   8.8461538461538456E-003   742.02103483856570        1.0779987646765291E-003
   3.8461538461538462E-004   9.2307692307692299E-003   741.97740405303489        1.0751739122694874E-003
   3.8461538461538462E-004   9.6153846153846159E-003   741.89994679057179        1.0701664113871049E-003

   7.6923076923076923E-004   3.8461538461538462E-004   696.56450434911994        6.0229750504794469E-005
   7.6923076923076923E-004   7.6923076923076923E-004   696.66687229139939        6.0652925691660303E-005
   7.6923076923076923E-004   1.1538461538461537E-003   696.73562685151728        6.0938458881587498E-005
   7.6923076923076923E-004   1.5384615384615385E-003   696.78327344382797        6.1136895993855545E-005
   7.6923076923076923E-004   1.9230769230769232E-003   696.81778059628482        6.1280842040719184E-005
   7.6923076923076923E-004   2.3076923076923075E-003   696.84302904198250        6.1386273966018096E-005
   7.6923076923076923E-004   2.6923076923076922E-003   696.86191729666939        6.1465182687195621E-005
   7.6923076923076923E-004   3.0769230769230769E-003   696.87612415465048        6.1524541232784192E-005
   7.6923076923076923E-004   3.4615384615384616E-003   696.88670644579850        6.1568752841747551E-005
   7.6923076923076923E-004   3.8461538461538464E-003   696.89436087697925        6.1600727174302916E-005
   7.6923076923076923E-004   4.2307692307692307E-003   696.89954550590289        6.1622380750787982E-005
   7.6923076923076923E-004   4.6153846153846149E-003   696.90254980485906        6.1634926369490679E-005
   7.6923076923076923E-004   5.0000000000000001E-003   696.90353411198828        6.1639036394903866E-005
   7.6923076923076923E-004   5.3846153846153844E-003   696.90254980485861        6.1634926369489947E-005
   7.6923076923076923E-004   5.7692307692307696E-003   696.89954550590301        6.1622380750787263E-005
   7.6923076923076923E-004   6.1538461538461538E-003   696.89436087697925        6.1600727174301994E-005
   7.6923076923076923E-004   6.5384615384615381E-003   696.88670644579815        6.1568752841746941E-005
   7.6923076923076923E-004   6.9230769230769233E-003   696.87612415465003        6.1524541232783122E-005
   7.6923076923076923E-004   7.3076923076923076E-003   696.86191729666916        6.1465182687194645E-005
   7.6923076923076923E-004   7.6923076923076927E-003   696.84302904198239        6.1386273966017554E-005
   7.6923076923076923E-004   8.0769230769230770E-003   696.81778059628482        6.1280842040719482E-005
   7.6923076923076923E-004   8.4615384615384613E-003   696.78327344382819        6.1136895993856006E-005
   7.6923076923076923E-004   8.8461538461538456E-003   696.73562685151717        6.0938458881587796E-005
   7.6923076923076923E-004   9.2307692307692299E-003   696.66687229139950        6.0652925691660601E-005
   7.6923076923076923E-004   9.6153846153846159E-003   696.56450434912028        6.0229750504795140E-005

   1.1538461538461537E-003   3.8461538461538462E-004   655.03543243340505        3.0658436100954174E-006
   1.1538461538461537E-003   7.6923076923076923E-004   655.14488089008580        3.0918653011559822E-006
   1.1538461538461537E-003   1.1538461538461537E-003   655.22566574356563        3.1111950631030529E-006
   1.1538461538461537E-003   1.5384615384615385E-003   655.28634998842494        3.1257778961139277E-006
   1.1538461538461537E-003   1.9230769230769232E-003   655.33176857302806        3.1367261579526625E-006
   1.1538461538461537E-003   2.3076923076923075E-003   655.36607650552389        3.1450134298315651E-006
   1.1538461538461537E-003   2.6923076923076922E-003   655.39224385331340        3.1513426547059619E-006
   1.1538461538461537E-003   3.0769230769230769E-003   655.41217534238842        3.1561675244406959E-006
   1.1538461538461537E-003   3.4615384615384616E-003   655.42714938720235        3.1597940787118390E-006
   1.1538461538461537E-003   3.8461538461538464E-003   655.43804358464536        3.1624332265317538E-006
   1.1538461538461537E-003   4.2307692307692307E-003   655.44545107308375        3.1642279361810709E-006
   1.1538461538461537E-003   4.6153846153846149E-003   655.44975354483870        3.1652704063735420E-006
   1.1538461538461537E-003   5.0000000000000001E-003   655.45116475238319        3.1656123413624568E-006
   1.1538461538461537E-003   5.3846153846153844E-003   655.44975354483893        3.1652704063735496E-006
   1.1538461538461537E-003   5.7692307692307696E-003   655.44545107308375        3.1642279361810349E-006
   1.1538461538461537E-003   6.1538461538461538E-003   655.43804358464536        3.1624332265317411E-006
   1.1538461538461537E-003   6.5384615384615381E-003   655.42714938720189        3.1597940787118051E-006
   1.1538461538461537E-003   6.9230769230769233E-003   655.41217534238797        3.1561675244406425E-006
   1.1538461538461537E-003   7.3076923076923076E-003   655.39224385331295        3.1513426547059094E-006
   1.1538461538461537E-003   7.6923076923076927E-003   655.36607650552378        3.1450134298315224E-006
   1.1538461538461537E-003   8.0769230769230770E-003   655.33176857302806        3.1367261579526752E-006
   1.1538461538461537E-003   8.4615384615384613E-003   655.28634998842506        3.1257778961139891E-006
   1.1538461538461537E-003   8.8461538461538456E-003   655.22566574356563        3.1111950631031321E-006
   1.1538461538461537E-003   9.2307692307692299E-003   655.14488089008591        3.0918653011560428E-006
   1.1538461538461537E-003   9.6153846153846159E-003   655.03543243340505        3.0658436100954822E-006

   1.5384615384615385E-003   3.8461538461538462E-004   617.09049503270933        1.4321591759683960E-007
   1.5384615384615385E-003   7.6923076923076923E-004   617.19974985890690        1.4458094614412171E-007
   1.5384615384615385E-003   1.1538461538461537E-003   617.28605137674299        1.4566731792412117E-007
   1.5384615384615385E-003   1.5384615384615385E-003   617.35354853857700        1.4652181235096969E-007
   1.5384615384615385E-003   1.9230769230769232E-003   617.40599821147555        1.4718862984289640E-007
   1.5384615384615385E-003   2.3076923076923075E-003   617.44671835797476        1.4770792260915502E-007
   1.5384615384615385E-003   2.6923076923076922E-003   617.47837688220272        1.4811253342415325E-007
   1.5384615384615385E-003   3.0769230769230769E-003   617.50281923542138        1.4842539385367999E-007
   1.5384615384615385E-003   3.4615384615384616E-003   617.52136001491635        1.4866296297727806E-007
   1.5384615384615385E-003   3.8461538461538464E-003   617.53494086005014        1.4883710033538157E-007
   1.5384615384615385E-003   4.2307692307692307E-003   617.54421768971986        1.4895610337096952E-007
   1.5384615384615385E-003   4.6153846153846149E-003   617.54962133635399        1.4902543931249230E-007
   1.5384615384615385E-003   5.0000000000000001E-003   617.55139615644043        1.4904821532190977E-007
   1.5384615384615385E-003   5.3846153846153844E-003   617.54962133635422        1.4902543931249235E-007
   1.5384615384615385E-003   5.7692307692307696E-003   617.54421768972020        1.4895610337096939E-007
   1.5384615384615385E-003   6.1538461538461538E-003   617.53494086005003        1.4883710033538118E-007
   1.5384615384615385E-003   6.5384615384615381E-003   617.52136001491601        1.4866296297727785E-007
   1.5384615384615385E-003   6.9230769230769233E-003   617.50281923542104        1.4842539385367814E-007
   1.5384615384615385E-003   7.3076923076923076E-003   617.47837688220272        1.4811253342415209E-007
   1.5384615384615385E-003   7.6923076923076927E-003   617.44671835797487        1.4770792260915494E-007
   1.5384615384615385E-003   8.0769230769230770E-003   617.40599821147578        1.4718862984289669E-007
   1.5384615384615385E-003   8.4615384615384613E-003   617.35354853857723        1.4652181235097321E-007
   1.5384615384615385E-003   8.8461538461538456E-003   617.28605137674299        1.4566731792412485E-007
   1.5384615384615385E-003   9.2307692307692299E-003   617.19974985890690        1.4458094614412443E-007
   1.5384615384615385E-003   9.6153846153846159E-003   617.09049503270933        1.4321591759684254E-007

   1.9230769230769232E-003   3.8461538461538462E-004   582.50436024150372        6.2444857400830248E-009
   1.9230769230769232E-003   7.6923076923076923E-004   582.61074372712278        6.3093970221828843E-009
   1.9230769230769232E-003   1.1538461538461537E-003   582.69781612335305        6.3629785278450892E-009
   1.9230769230769232E-003   1.5384615384615385E-003   582.76831258094421        6.4066512073361767E-009
   1.9230769230769232E-003   1.9230769230769232E-003   582.82469133566326        6.4417611891542012E-009
   1.9230769230769232E-003   2.3076923076923075E-003   582.86948170510630        6.4697660207840569E-009
   1.9230769230769232E-003   2.6923076923076922E-003   582.90491593307252        6.4919870458863815E-009
   1.9230769230769232E-003   3.0769230769230769E-003   582.93263281237796        6.5094068172896791E-009
   1.9230769230769232E-003   3.4615384615384616E-003   582.95386267378785        6.5227709904270691E-009
   1.9230769230769232E-003   3.8461538461538464E-003   582.96952331161413        6.5326405523507828E-009
   1.9230769230769232E-003   4.2307692307692307E-003   582.98027336136465        6.5394205980842720E-009
   1.9230769230769232E-003   4.6153846153846149E-003   582.98655453065419        6.5433839998276117E-009
   1.9230769230769232E-003   5.0000000000000001E-003   582.98862065897572        6.5446880147477989E-009
   1.9230769230769232E-003   5.3846153846153844E-003   582.98655453065464        6.5433839998275571E-009
   1.9230769230769232E-003   5.7692307692307696E-003   582.98027336136499        6.5394205980842778E-009
   1.9230769230769232E-003   6.1538461538461538E-003   582.96952331161447        6.5326405523508416E-009
   1.9230769230769232E-003   6.5384615384615381E-003   582.95386267378797        6.5227709904270972E-009
   1.9230769230769232E-003   6.9230769230769233E-003   582.93263281237796        6.5094068172896659E-009
   1.9230769230769232E-003   7.3076923076923076E-003   582.90491593307229        6.4919870458862971E-009
   1.9230769230769232E-003   7.6923076923076927E-003   582.86948170510630        6.4697660207840958E-009
   1.9230769230769232E-003   8.0769230769230770E-003   582.82469133566337        6.4417611891543088E-009
   1.9230769230769232E-003   8.4615384615384613E-003   582.76831258094398        6.4066512073363256E-009
   1.9230769230769232E-003   8.8461538461538456E-003   582.69781612335260        6.3629785278451752E-009
   1.9230769230769232E-003   9.2307692307692299E-003   582.61074372712301        6.3093970221829397E-009
   1.9230769230769232E-003   9.6153846153846159E-003   582.50436024150338        6.2444857400830719E-009

   2.3076923076923075E-003   3.8461538461538462E-004   551.06153069614470        2.5927312613543685E-010
   2.3076923076923075E-003   7.6923076923076923E-004   551.16329586294569        2.6214770774928896E-010
   2.3076923076923075E-003   1.1538461538461537E-003   551.24877758630635        2.6458481218343799E-010
   2.3076923076923075E-003   1.5384615384615385E-003   551.31971767833932        2.6662266858637833E-010
   2.3076923076923075E-003   1.9230769230769232E-003   551.37772231330121        2.6829911174988633E-010
   2.3076923076923075E-003   2.3076923076923075E-003   551.42467979311903        2.6966279888087586E-010
   2.3076923076923075E-003   2.6923076923076922E-003   551.46239323598093        2.7076210254634234E-010
   2.3076923076923075E-003   3.0769230769230769E-003   551.49224533774827        2.7163473290088508E-010
   2.3076923076923075E-003   3.4615384615384616E-003   551.51532121748039        2.7231072458050340E-010
   2.3076923076923075E-003   3.8461538461538464E-003   551.53246062271205        2.7281359507558099E-010
   2.3076923076923075E-003   4.2307692307692307E-003   551.54428308806598        2.7316084260602816E-010
   2.3076923076923075E-003   4.6153846153846149E-003   551.55121239124674        2.7336450784821610E-010
   2.3076923076923075E-003   5.0000000000000001E-003   551.55349517926538        2.7343162535650808E-010
   2.3076923076923075E-003   5.3846153846153844E-003   551.55121239124662        2.7336450784821739E-010
   2.3076923076923075E-003   5.7692307692307696E-003   551.54428308806587        2.7316084260602806E-010
   2.3076923076923075E-003   6.1538461538461538E-003   551.53246062271228        2.7281359507557980E-010
   2.3076923076923075E-003   6.5384615384615381E-003   551.51532121748073        2.7231072458050475E-010
   2.3076923076923075E-003   6.9230769230769233E-003   551.49224533774827        2.7163473290088534E-010
   2.3076923076923075E-003   7.3076923076923076E-003   551.46239323598081        2.7076210254634038E-010
   2.3076923076923075E-003   7.6923076923076927E-003   551.42467979311880        2.6966279888087415E-010
   2.3076923076923075E-003   8.0769230769230770E-003   551.37772231330098        2.6829911174988865E-010
   2.3076923076923075E-003   8.4615384615384613E-003   551.31971767833932        2.6662266858638236E-010
   2.3076923076923075E-003   8.8461538461538456E-003   551.24877758630646        2.6458481218344068E-010
   2.3076923076923075E-003   9.2307692307692299E-003   551.16329586294569        2.6214770774928834E-010
   2.3076923076923075E-003   9.6153846153846159E-003   551.06153069614493        2.5927312613544212E-010

   2.6923076923076922E-003   3.8461538461538462E-004   522.55474805828533        1.0486794759442878E-011
   2.6923076923076922E-003   7.6923076923076923E-004   522.65118691160831        1.0609051026061320E-011
   2.6923076923076922E-003   1.1538461538461537E-003   522.73367466432148        1.0714663083117030E-011
   2.6923076923076922E-003   1.5384615384615385E-003   522.80338493212287        1.0804656767158631E-011
   2.6923076923076922E-003   1.9230769230769232E-003   522.86136528790041        1.0880019307798822E-011
   2.6923076923076922E-003   2.3076923076923075E-003   522.90902078580336        1.0942303195784550E-011
   2.6923076923076922E-003   2.6923076923076922E-003   522.94778578637738        1.0993189017861613E-011
   2.6923076923076922E-003   3.0769230769230769E-003   522.97879181616815        1.1034029192459584E-011
   2.6923076923076922E-003   3.4615384615384616E-003   523.00295939696684        1.1065945646565141E-011
   2.6923076923076922E-003   3.8461538461538464E-003   523.02102412054421        1.1089849141259754E-011
   2.6923076923076922E-003   4.2307692307692307E-003   523.03354225217367        1.1106436193257136E-011
   2.6923076923076922E-003   4.6153846153846149E-003   523.04090119387536        1.1116195687334066E-011
   2.6923076923076922E-003   5.0000000000000001E-003   523.04332907592573        1.1119416944642796E-011
   2.6923076923076922E-003   5.3846153846153844E-003   523.04090119387502        1.1116195687333970E-011
   2.6923076923076922E-003   5.7692307692307696E-003   523.03354225217356        1.1106436193256990E-011
   2.6923076923076922E-003   6.1538461538461538E-003   523.02102412054398        1.1089849141259708E-011
   2.6923076923076922E-003   6.5384615384615381E-003   523.00295939696684        1.1065945646565167E-011
   2.6923076923076922E-003   6.9230769230769233E-003   522.97879181616815        1.1034029192459708E-011
   2.6923076923076922E-003   7.3076923076923076E-003   522.94778578637738        1.0993189017861677E-011
   2.6923076923076922E-003   7.6923076923076927E-003   522.90902078580314        1.0942303195784455E-011
   2.6923076923076922E-003   8.0769230769230770E-003   522.86136528790018        1.0880019307798845E-011
   2.6923076923076922E-003   8.4615384615384613E-003   522.80338493212298        1.0804656767158665E-011
   2.6923076923076922E-003   8.8461538461538456E-003   522.73367466432137        1.0714663083116995E-011
   2.6923076923076922E-003   9.2307692307692299E-003   522.65118691160797        1.0609051026061344E-011
   2.6923076923076922E-003   9.6153846153846159E-003   522.55474805828521        1.0486794759442831E-011

   3.0769230769230769E-003   3.8461538461538462E-004   496.78465503634345        4.2364527457357397E-013
   3.0769230769230769E-003   7.6923076923076923E-004   496.87542393325407        4.2877654046799173E-013
   3.0769230769230769E-003   1.1538461538461537E-003   496.95409337404129        4.3327044612370148E-013
   3.0769230769230769E-003   1.5384615384615385E-003   497.02148964775290        4.3715461207528824E-013
   3.0769230769230769E-003   1.9230769230769232E-003   497.07829201389183        4.4045259313788316E-013
   3.0769230769230769E-003   2.3076923076923075E-003   497.12555133871365        4.4321325829464598E-013
   3.0769230769230769E-003   2.6923076923076922E-003   497.16440422911126        4.4549405720566545E-013
   3.0769230769230769E-003   3.0769230769230769E-003   497.19576007073567        4.4734198842412632E-013
   3.0769230769230769E-003   3.4615384615384616E-003   497.22037964188917        4.4879736873954423E-013
   3.0769230769230769E-003   3.8461538461538464E-003   497.23888774788941        4.4989400010703250E-013
   3.0769230769230769E-003   4.2307692307692307E-003   497.25176711507964        4.5065838103084600E-013
   3.0769230769230769E-003   4.6153846153846149E-003   497.25935930226717        4.5110945011958209E-013
   3.0769230769230769E-003   5.0000000000000001E-003   497.26186755457690        4.5125854842893199E-013
   3.0769230769230769E-003   5.3846153846153844E-003   497.25935930226683        4.5110945011957871E-013
   3.0769230769230769E-003   5.7692307692307696E-003   497.25176711507964        4.5065838103084297E-013
   3.0769230769230769E-003   6.1538461538461538E-003   497.23888774788941        4.4989400010703467E-013
   3.0769230769230769E-003   6.5384615384615381E-003   497.22037964188934        4.4879736873954585E-013
   3.0769230769230769E-003   6.9230769230769233E-003   497.19576007073556        4.4734198842412970E-013
   3.0769230769230769E-003   7.3076923076923076E-003   497.16440422911126        4.4549405720566803E-013
   3.0769230769230769E-003   7.6923076923076927E-003   497.12555133871371        4.4321325829464451E-013
   3.0769230769230769E-003   8.0769230769230770E-003   497.07829201389183        4.4045259313788285E-013
   3.0769230769230769E-003   8.4615384615384613E-003   497.02148964775279        4.3715461207528491E-013
   3.0769230769230769E-003   8.8461538461538456E-003   496.95409337404135        4.3327044612369472E-013
   3.0769230769230769E-003   9.2307692307692299E-003   496.87542393325401        4.2877654046798713E-013
   3.0769230769230769E-003   9.6153846153846159E-003   496.78465503634328        4.2364527457356690E-013

   3.4615384615384616E-003   3.8461538461538462E-004   473.55962430479394        1.7554777879437021E-014
   3.4615384615384616E-003   7.6923076923076923E-004   473.64460617434383        1.7773317813517670E-014
   3.4615384615384616E-003   1.1538461538461537E-003   473.71899339570604        1.7966695269384583E-014
   3.4615384615384616E-003   1.5384615384615385E-003   473.78338995406301        1.8135666097324471E-014
   3.4615384615384616E-003   1.9230769230769232E-003   473.83822847791146        1.8280697393238758E-014
   3.4615384615384616E-003   2.3076923076923075E-003   473.88430202433142        1.8403350948399793E-014
   3.4615384615384616E-003   2.6923076923076922E-003   473.92251382777090        1.8505624865902668E-014
   3.4615384615384616E-003   3.0769230769230769E-003   473.95358721027281        1.8589155229834300E-014
   3.4615384615384616E-003   3.4615384615384616E-003   473.97813984686127        1.8655383591486933E-014
   3.4615384615384616E-003   3.8461538461538464E-003   473.99669079804761        1.8705554052184322E-014
   3.4615384615384616E-003   4.2307692307692307E-003   474.00964846702277        1.8740663795695989E-014
   3.4615384615384616E-003   4.6153846153846149E-003   474.01730579862323        1.8761437225018184E-014
   3.4615384615384616E-003   5.0000000000000001E-003   474.01983870062332        1.8768312804364401E-014
   3.4615384615384616E-003   5.3846153846153844E-003   474.01730579862277        1.8761437225017717E-014
   3.4615384615384616E-003   5.7692307692307696E-003   474.00964846702249        1.8740663795695642E-014
   3.4615384615384616E-003   6.1538461538461538E-003   473.99669079804761        1.8705554052184249E-014
   3.4615384615384616E-003   6.5384615384615381E-003   473.97813984686144        1.8655383591487018E-014
   3.4615384615384616E-003   6.9230769230769233E-003   473.95358721027281        1.8589155229834287E-014
   3.4615384615384616E-003   7.3076923076923076E-003   473.92251382777084        1.8505624865902636E-014
   3.4615384615384616E-003   7.6923076923076927E-003   473.88430202433136        1.8403350948399673E-014
   3.4615384615384616E-003   8.0769230769230770E-003   473.83822847791117        1.8280697393238613E-014
   3.4615384615384616E-003   8.4615384615384613E-003   473.78338995406301        1.8135666097324502E-014
   3.4615384615384616E-003   8.8461538461538456E-003   473.71899339570604        1.7966695269384109E-014
   3.4615384615384616E-003   9.2307692307692299E-003   473.64460617434361        1.7773317813517310E-014
   3.4615384615384616E-003   9.6153846153846159E-003   473.55962430479360        1.7554777879436743E-014

   3.8461538461538464E-003   3.8461538461538462E-004   452.69608162037036        7.6697107779713937E-016
   3.8461538461538464E-003   7.6923076923076923E-004   452.77530587666217        7.7668652637695142E-016
   3.8461538461538464E-003   1.1538461538461537E-003   452.84518329872532        7.8535144382332873E-016
   3.8461538461538464E-003   1.5384615384615385E-003   452.90616985016436        7.9298711128145398E-016
   3.8461538461538464E-003   1.9230769230769232E-003   452.95853000479093        7.9959701951230436E-016
   3.8461538461538464E-003   2.3076923076923075E-003   453.00286859774803        8.0523324857048403E-016
   3.8461538461538464E-003   2.6923076923076922E-003   453.03990838770227        8.0996882556034046E-016
   3.8461538461538464E-003   3.0769230769230769E-003   453.07022155850632        8.1386261893662181E-016
   3.8461538461538464E-003   3.4615384615384616E-003   453.09430347342379        8.1696756801731633E-016
   3.8461538461538464E-003   3.8461538461538464E-003   453.11257841786073        8.1933058031948318E-016
   3.8461538461538464E-003   4.2307692307692307E-003   453.12538535505422        8.2099001271840388E-016
   3.8461538461538464E-003   4.6153846153846149E-003   453.13297024934764        8.2197414163430056E-016
   3.8461538461538464E-003   5.0000000000000001E-003   453.13548194742890        8.2230024817985879E-016
   3.8461538461538464E-003   5.3846153846153844E-003   453.13297024934730        8.2197414163427650E-016
   3.8461538461538464E-003   5.7692307692307696E-003   453.12538535505394        8.2099001271837381E-016
   3.8461538461538464E-003   6.1538461538461538E-003   453.11257841786039        8.1933058031946770E-016
   3.8461538461538464E-003   6.5384615384615381E-003   453.09430347342368        8.1696756801731209E-016
   3.8461538461538464E-003   6.9230769230769233E-003   453.07022155850632        8.1386261893662615E-016
   3.8461538461538464E-003   7.3076923076923076E-003   453.03990838770227        8.0996882556032952E-016
   3.8461538461538464E-003   7.6923076923076927E-003   453.00286859774803        8.0523324857046451E-016
   3.8461538461538464E-003   8.0769230769230770E-003   452.95853000479070        7.9959701951228602E-016
   3.8461538461538464E-003   8.4615384615384613E-003   452.90616985016425        7.9298711128144490E-016
   3.8461538461538464E-003   8.8461538461538456E-003   452.84518329872532        7.8535144382330832E-016
   3.8461538461538464E-003   9.2307692307692299E-003   452.77530587666212        7.7668652637693614E-016
   3.8461538461538464E-003   9.6153846153846159E-003   452.69608162037031        7.6697107779712359E-016

   4.2307692307692307E-003   3.8461538461538462E-004   434.01889285961647        3.6321424644140260E-017
   4.2307692307692307E-003   7.6923076923076923E-004   434.09248968634807        3.6785139146684754E-017
   4.2307692307692307E-003   1.1538461538461537E-003   434.15779172804713        3.7201250001439113E-017
   4.2307692307692307E-003   1.5384615384615385E-003   434.21515303596055        3.7570379114552142E-017
   4.2307692307692307E-003   1.9230769230769232E-003   434.26472141992883        3.7892077808710571E-017
   4.2307692307692307E-003   2.3076923076923075E-003   434.30696327775865        3.8168206776036631E-017
   4.2307692307692307E-003   2.6923076923076922E-003   434.34246246546115        3.8401660855662321E-017
   4.2307692307692307E-003   3.0769230769230769E-003   434.37167055899687        3.8594695611121503E-017
   4.2307692307692307E-003   3.4615384615384616E-003   434.39498141518243        3.8749368423272737E-017
   4.2307692307692307E-003   3.8461538461538464E-003   434.41273772525926        3.8867547692200827E-017
   4.2307692307692307E-003   4.2307692307692307E-003   434.42521674201311        3.8950789402061574E-017
   4.2307692307692307E-003   4.6153846153846149E-003   434.43262160395085        3.9000256020711811E-017
   4.2307692307692307E-003   5.0000000000000001E-003   434.43507604636022        3.9016664236211270E-017
   4.2307692307692307E-003   5.3846153846153844E-003   434.43262160395068        3.9000256020709882E-017
   4.2307692307692307E-003   5.7692307692307696E-003   434.42521674201288        3.8950789402059590E-017
   4.2307692307692307E-003   6.1538461538461538E-003   434.41273772525869        3.8867547692199311E-017
   4.2307692307692307E-003   6.5384615384615381E-003   434.39498141518192        3.8749368423272367E-017
   4.2307692307692307E-003   6.9230769230769233E-003   434.37167055899698        3.8594695611121029E-017
   4.2307692307692307E-003   7.3076923076923076E-003   434.34246246546110        3.8401660855661439E-017
   4.2307692307692307E-003   7.6923076923076927E-003   434.30696327775860        3.8168206776035824E-017
   4.2307692307692307E-003   8.0769230769230770E-003   434.26472141992861        3.7892077808709708E-017
   4.2307692307692307E-003   8.4615384615384613E-003   434.21515303596055        3.7570379114551408E-017
   4.2307692307692307E-003   8.8461538461538456E-003   434.15779172804702        3.7201250001438053E-017
   4.2307692307692307E-003   9.2307692307692299E-003   434.09248968634785        3.6785139146683553E-017
   4.2307692307692307E-003   9.6153846153846159E-003   434.01889285961607        3.6321424644138615E-017

   4.6153846153846149E-003   3.8461538461538462E-004   417.36180095029636        1.9153692541136298E-018
   4.6153846153846149E-003   7.6923076923076923E-004   417.42997325883346        1.9397918927243373E-018
   4.6153846153846149E-003   1.1538461538461537E-003   417.49074953738079        1.9618123718460842E-018
   4.6153846153846149E-003   1.5384615384615385E-003   417.54441168390673        1.9814495624257915E-018
   4.6153846153846149E-003   1.9230769230769232E-003   417.59102530158873        1.9986549431994645E-018
   4.6153846153846149E-003   2.3076923076923075E-003   417.63095405303312        2.0135015817822791E-018
   4.6153846153846149E-003   2.6923076923076922E-003   417.66467491348044        2.0261178405137117E-018
   4.6153846153846149E-003   3.0769230769230769E-003   417.69254420249700        2.0365983741735879E-018
   4.6153846153846149E-003   3.4615384615384616E-003   417.71487314015673        2.0450301773795210E-018
   4.6153846153846149E-003   3.8461538461538464E-003   417.73193605366777        2.0514941670919818E-018
   4.6153846153846149E-003   4.2307692307692307E-003   417.74395719543332        2.0560588945246422E-018
   4.6153846153846149E-003   4.6153846153846149E-003   417.75110219084161        2.0587762107270392E-018
   4.6153846153846149E-003   5.0000000000000001E-003   417.75347247505169        2.0596783415730097E-018
   4.6153846153846149E-003   5.3846153846153844E-003   417.75110219084155        2.0587762107269656E-018
   4.6153846153846149E-003   5.7692307692307696E-003   417.74395719543338        2.0560588945245382E-018
   4.6153846153846149E-003   6.1538461538461538E-003   417.73193605366760        2.0514941670919179E-018
   4.6153846153846149E-003   6.5384615384615381E-003   417.71487314015656        2.0450301773794605E-018
   4.6153846153846149E-003   6.9230769230769233E-003   417.69254420249695        2.0365983741735309E-018
   4.6153846153846149E-003   7.3076923076923076E-003   417.66467491348027        2.0261178405136393E-018
   4.6153846153846149E-003   7.6923076923076927E-003   417.63095405303284        2.0135015817822063E-018
   4.6153846153846149E-003   8.0769230769230770E-003   417.59102530158856        1.9986549431993863E-018
   4.6153846153846149E-003   8.4615384615384613E-003   417.54441168390656        1.9814495624257237E-018
   4.6153846153846149E-003   8.8461538461538456E-003   417.49074953738057        1.9618123718460006E-018
   4.6153846153846149E-003   9.2307692307692299E-003   417.42997325883312        1.9397918927242433E-018
   4.6153846153846149E-003   9.6153846153846159E-003   417.36180095029590        1.9153692541135204E-018

   5.0000000000000001E-003   3.8461538461538462E-004   402.56786609997147        1.1537383393207843E-019
   5.0000000000000001E-003   7.6923076923076923E-004   402.63087117372743        1.1683047822938552E-019
   5.0000000000000001E-003   1.1538461538461537E-003   402.68725565278152        1.1814878222059114E-019
   5.0000000000000001E-003   1.5384615384615385E-003   402.73724915159193        1.1932932949949077E-019
   5.0000000000000001E-003   1.9230769230769232E-003   402.78085857161011        1.2036805201852804E-019
   5.0000000000000001E-003   2.3076923076923075E-003   402.81837063975962        1.2126818115656679E-019
   5.0000000000000001E-003   2.6923076923076922E-003   402.85017992019260        1.2203627471201587E-019
   5.0000000000000001E-003   3.0769230769230769E-003   402.87656794374340        1.2267679838122534E-019
   5.0000000000000001E-003   3.4615384615384616E-003   402.89777951821691        1.2319385585941040E-019
   5.0000000000000001E-003   3.8461538461538464E-003   402.91403277205734        1.2359135876974143E-019
   5.0000000000000001E-003   4.2307692307692307E-003   402.92550753244109        1.2387267667593691E-019
   5.0000000000000001E-003   4.6153846153846149E-003   402.93233749112744        1.2404038849303949E-019
   5.0000000000000001E-003   5.0000000000000001E-003   402.93460489494976        1.2409610926480789E-019
   5.0000000000000001E-003   5.3846153846153844E-003   402.93233749112716        1.2404038849303602E-019
   5.0000000000000001E-003   5.7692307692307696E-003   402.92550753244103        1.2387267667593053E-019
   5.0000000000000001E-003   6.1538461538461538E-003   402.91403277205717        1.2359135876973707E-019
   5.0000000000000001E-003   6.5384615384615381E-003   402.89777951821674        1.2319385585940722E-019
   5.0000000000000001E-003   6.9230769230769233E-003   402.87656794374340        1.2267679838122175E-019
   5.0000000000000001E-003   7.3076923076923076E-003   402.85017992019198        1.2203627471200983E-019
   5.0000000000000001E-003   7.6923076923076927E-003   402.81837063975945        1.2126818115656277E-019
   5.0000000000000001E-003   8.0769230769230770E-003   402.78085857161005        1.2036805201852388E-019
   5.0000000000000001E-003   8.4615384615384613E-003   402.73724915159170        1.1932932949948757E-019
   5.0000000000000001E-003   8.8461538461538456E-003   402.68725565278152        1.1814878222058673E-019
   5.0000000000000001E-003   9.2307692307692299E-003   402.63087117372743        1.1683047822938022E-019
   5.0000000000000001E-003   9.6153846153846159E-003   402.56786609997130        1.1537383393207193E-019

   5.3846153846153844E-003   3.8461538461538462E-004   389.48988377114824        8.1252581973527061E-021
   5.3846153846153844E-003   7.6923076923076923E-004   389.54802055450784        8.2260183672771575E-021
   5.3846153846153844E-003   1.1538461538461537E-003   389.60021035501688        8.3174778018179700E-021
   5.3846153846153844E-003   1.5384615384615385E-003   389.64664415598179        8.3996536900786343E-021
   5.3846153846153844E-003   1.9230769230769232E-003   389.68728646309756        8.4721983990601018E-021
   5.3846153846153844E-003   2.3076923076923075E-003   389.72236588970196        8.5352765778789559E-021
   5.3846153846153844E-003   2.6923076923076922E-003   389.75221325777972        8.5892849596221918E-021
   5.3846153846153844E-003   3.0769230769230769E-003   389.77705157445700        8.6344660742983769E-021
   5.3846153846153844E-003   3.4615384615384616E-003   389.79707274814660        8.6710405605976593E-021
   5.3846153846153844E-003   3.8461538461538464E-003   389.81244934173776        8.6992244187339183E-021
   5.3846153846153844E-003   4.2307692307692307E-003   389.82332460761006        8.7192069149927677E-021
   5.3846153846153844E-003   4.6153846153846149E-003   389.82980562518901        8.7311346145771688E-021
   5.3846153846153844E-003   5.0000000000000001E-003   389.83195851476756        8.7350999889143122E-021
   5.3846153846153844E-003   5.3846153846153844E-003   389.82980562518901        8.7311346145769506E-021
   5.3846153846153844E-003   5.7692307692307696E-003   389.82332460761000        8.7192069149923088E-021
   5.3846153846153844E-003   6.1538461538461538E-003   389.81244934173776        8.6992244187335602E-021
   5.3846153846153844E-003   6.5384615384615381E-003   389.79707274814660        8.6710405605973809E-021
   5.3846153846153844E-003   6.9230769230769233E-003   389.77705157445700        8.6344660742979706E-021
   5.3846153846153844E-003   7.3076923076923076E-003   389.75221325777932        8.5892849596217885E-021
   5.3846153846153844E-003   7.6923076923076927E-003   389.72236588970179        8.5352765778785437E-021
   5.3846153846153844E-003   8.0769230769230770E-003   389.68728646309739        8.4721983990597678E-021
   5.3846153846153844E-003   8.4615384615384613E-003   389.64664415598185        8.3996536900782988E-021
   5.3846153846153844E-003   8.8461538461538456E-003   389.60021035501683        8.3174778018175803E-021
   5.3846153846153844E-003   9.2307692307692299E-003   389.54802055450773        8.2260183672769002E-021
   5.3846153846153844E-003   9.6153846153846159E-003   389.48988377114813        8.1252581973524849E-021

   5.7692307692307696E-003   3.8461538461538462E-004   377.99076625688741        6.8290182016169743E-022
   5.7692307692307696E-003   7.6923076923076923E-004   378.04436613637273        6.9115880726606789E-022
   5.7692307692307696E-003   1.1538461538461537E-003   378.09260646510438        6.9867093638919595E-022
   5.7692307692307696E-003   1.5384615384615385E-003   378.13564918933014        7.0543858047291781E-022
   5.7692307692307696E-003   1.9230769230769232E-003   378.17342787955977        7.1142867528387405E-022
   5.7692307692307696E-003   2.3076923076923075E-003   378.20612689796701        7.1665109110920099E-022
   5.7692307692307696E-003   2.6923076923076922E-003   378.23402759213690        7.2113494895516889E-022
   5.7692307692307696E-003   3.0769230769230769E-003   378.25730725796245        7.2489572876684049E-022
   5.7692307692307696E-003   3.4615384615384616E-003   378.27611593864219        7.2794718090956356E-022
   5.7692307692307696E-003   3.8461538461538464E-003   378.29058963543167        7.3030319481713213E-022
   5.7692307692307696E-003   4.2307692307692307E-003   378.30084190083676        7.3197616838762086E-022
   5.7692307692307696E-003   4.6153846153846149E-003   378.30695799734951        7.3297582131443900E-022
   5.7692307692307696E-003   5.0000000000000001E-003   378.30899073665586        7.3330833299856604E-022
   5.7692307692307696E-003   5.3846153846153844E-003   378.30695799734929        7.3297582131442348E-022
   5.7692307692307696E-003   5.7692307692307696E-003   378.30084190083664        7.3197616838759895E-022
   5.7692307692307696E-003   6.1538461538461538E-003   378.29058963543162        7.3030319481709686E-022
   5.7692307692307696E-003   6.5384615384615381E-003   378.27611593864219        7.2794718090952915E-022
   5.7692307692307696E-003   6.9230769230769233E-003   378.25730725796217        7.2489572876679724E-022
   5.7692307692307696E-003   7.3076923076923076E-003   378.23402759213684        7.2113494895513766E-022
   5.7692307692307696E-003   7.6923076923076927E-003   378.20612689796673        7.1665109110916149E-022
   5.7692307692307696E-003   8.0769230769230770E-003   378.17342787955965        7.1142867528383268E-022
   5.7692307692307696E-003   8.4615384615384613E-003   378.13564918933019        7.0543858047288724E-022
   5.7692307692307696E-003   8.8461538461538456E-003   378.09260646510421        6.9867093638916172E-022
   5.7692307692307696E-003   9.2307692307692299E-003   378.04436613637245        6.9115880726604890E-022
   5.7692307692307696E-003   9.6153846153846159E-003   377.99076625688701        6.8290182016166987E-022

   6.1538461538461538E-003   3.8461538461538462E-004   367.94388082106013        6.9698527285078326E-023
   6.1538461538461538E-003   7.6923076923076923E-004   367.99330070437111        7.0514903883836933E-023
   6.1538461538461538E-003   1.1538461538461537E-003   368.03787383282918        7.1258979873707580E-023
   6.1538461538461538E-003   1.5384615384615385E-003   368.07773995136722        7.1930752315697557E-023
   6.1538461538461538E-003   1.9230769230769232E-003   368.11280981042188        7.2526556361674964E-023
   6.1538461538461538E-003   2.3076923076923075E-003   368.14323381553288        7.3047101242845769E-023
   6.1538461538461538E-003   2.6923076923076922E-003   368.16925478294189        7.3495033141807992E-023
   6.1538461538461538E-003   3.0769230769230769E-003   368.19101434812899        7.3871533633296729E-023
   6.1538461538461538E-003   3.4615384615384616E-003   368.20862959165737        7.4177606559333777E-023
   6.1538461538461538E-003   3.8461538461538464E-003   368.22220742488446        7.4414307252749530E-023
   6.1538461538461538E-003   4.2307692307692307E-003   368.23183755211573        7.4582598320590273E-023
   6.1538461538461538E-003   4.6153846153846149E-003   368.23758758752780        7.4683244899716982E-023
   6.1538461538461538E-003   5.0000000000000001E-003   368.23949952131062        7.4716737500114498E-023
   6.1538461538461538E-003   5.3846153846153844E-003   368.23758758752774        7.4683244899715830E-023
   6.1538461538461538E-003   5.7692307692307696E-003   368.23183755211551        7.4582598320588110E-023
   6.1538461538461538E-003   6.1538461538461538E-003   368.22220742488429        7.4414307252746451E-023
   6.1538461538461538E-003   6.5384615384615381E-003   368.20862959165709        7.4177606559329334E-023
   6.1538461538461538E-003   6.9230769230769233E-003   368.19101434812865        7.3871533633291204E-023
   6.1538461538461538E-003   7.3076923076923076E-003   368.16925478294183        7.3495033141804195E-023
   6.1538461538461538E-003   7.6923076923076927E-003   368.14323381553260        7.3047101242841996E-023
   6.1538461538461538E-003   8.0769230769230770E-003   368.11280981042194        7.2526556361672096E-023
   6.1538461538461538E-003   8.4615384615384613E-003   368.07773995136699        7.1930752315694618E-023
   6.1538461538461538E-003   8.8461538461538456E-003   368.03787383282912        7.1258979873703360E-023
   6.1538461538461538E-003   9.2307692307692299E-003   367.99330070437077        7.0514903883833889E-023
   6.1538461538461538E-003   9.6153846153846159E-003   367.94388082105991        6.9698527285074894E-023

   6.5384615384615381E-003   3.8461538461538462E-004   359.23334193541609        8.7606340984230758E-024
   6.5384615384615381E-003   7.6923076923076923E-004   359.27895895234127        8.8595076379035731E-024
   6.5384615384615381E-003   1.1538461538461537E-003   359.32017601210100        8.9497529468872926E-024
   6.5384615384615381E-003   1.5384615384615385E-003   359.35711551560053        9.0313700777219776E-024
   6.5384615384615381E-003   1.9230769230769232E-003   359.38967113235640        9.1038715830075485E-024
   6.5384615384615381E-003   2.3076923076923075E-003   359.41796700870077        9.1673194905906390E-024
   6.5384615384615381E-003   2.6923076923076922E-003   359.44221586739030        9.2220160409098431E-024
   6.5384615384615381E-003   3.0769230769230769E-003   359.46253156617672        9.2680706019090034E-024
   6.5384615384615381E-003   3.4615384615384616E-003   359.47900536297357        9.3055691535247097E-024
   6.5384615384615381E-003   3.8461538461538464E-003   359.49172120571097        9.3346073069370706E-024
   6.5384615384615381E-003   4.2307692307692307E-003   359.50074984292775        9.3552746946820826E-024
   6.5384615384615381E-003   4.6153846153846149E-003   359.50614478148628        9.3676437526329665E-024
   6.5384615384615381E-003   5.0000000000000001E-003   359.50793932665687        9.3717613696876037E-024
   6.5384615384615381E-003   5.3846153846153844E-003   359.50614478148617        9.3676437526328739E-024
   6.5384615384615381E-003   5.7692307692307696E-003   359.50074984292752        9.3552746946818182E-024
   6.5384615384615381E-003   6.1538461538461538E-003   359.49172120571058        9.3346073069365225E-024
   6.5384615384615381E-003   6.5384615384615381E-003   359.47900536297317        9.3055691535239897E-024
   6.5384615384615381E-003   6.9230769230769233E-003   359.46253156617627        9.2680706019083613E-024
   6.5384615384615381E-003   7.3076923076923076E-003   359.44221586738979        9.2220160409093583E-024
   6.5384615384615381E-003   7.6923076923076927E-003   359.41796700870043        9.1673194905902188E-024
   6.5384615384615381E-003   8.0769230769230770E-003   359.38967113235617        9.1038715830071547E-024
   6.5384615384615381E-003   8.4615384615384613E-003   359.35711551560030        9.0313700777217087E-024
   6.5384615384615381E-003   8.8461538461538456E-003   359.32017601210072        8.9497529468869224E-024
   6.5384615384615381E-003   9.2307692307692299E-003   359.27895895234121        8.8595076379030736E-024
   6.5384615384615381E-003   9.6153846153846159E-003   359.23334193541592        8.7606340984226805E-024

   6.9230769230769233E-003   3.8461538461538462E-004   351.75425811601298        1.3706960264144897E-024
   6.9230769230769233E-003   7.6923076923076923E-004   351.79646558490225        1.3855427746479579E-024
   6.9230769230769233E-003   1.1538461538461537E-003   351.83466044561288        1.3991092938808059E-024
   6.9230769230769233E-003   1.5384615384615385E-003   351.86895106691378        1.4113960805823200E-024
   6.9230769230769233E-003   1.9230769230769232E-003   351.89921804249911        1.4223237510493081E-024
   6.9230769230769233E-003   2.3076923076923075E-003   351.92556505913257        1.4318989752138546E-024
   6.9230769230769233E-003   2.6923076923076922E-003   351.94818131135861        1.4401655913376409E-024
   6.9230769230769233E-003   3.0769230769230769E-003   351.96715909155995        1.4471360095636262E-024
   6.9230769230769233E-003   3.4615384615384616E-003   351.98256956210656        1.4528187520776748E-024
   6.9230769230769233E-003   3.8461538461538464E-003   351.99447870665426        1.4572241720721179E-024
   6.9230769230769233E-003   4.2307692307692307E-003   352.00294236918245        1.4603623490103432E-024
   6.9230769230769233E-003   4.6153846153846149E-003   352.00800291604406        1.4622416048981679E-024
   6.9230769230769233E-003   5.0000000000000001E-003   352.00968677254167        1.4628673919083898E-024
   6.9230769230769233E-003   5.3846153846153844E-003   352.00800291604395        1.4622416048981667E-024
   6.9230769230769233E-003   5.7692307692307696E-003   352.00294236918211        1.4603623490102800E-024
   6.9230769230769233E-003   6.1538461538461538E-003   351.99447870665387        1.4572241720720194E-024
   6.9230769230769233E-003   6.5384615384615381E-003   351.98256956210611        1.4528187520775655E-024
   6.9230769230769233E-003   6.9230769230769233E-003   351.96715909155955        1.4471360095635296E-024
   6.9230769230769233E-003   7.3076923076923076E-003   351.94818131135827        1.4401655913375775E-024
   6.9230769230769233E-003   7.6923076923076927E-003   351.92556505913240        1.4318989752138075E-024
   6.9230769230769233E-003   8.0769230769230770E-003   351.89921804249889        1.4223237510492379E-024
   6.9230769230769233E-003   8.4615384615384613E-003   351.86895106691361        1.4113960805822625E-024
   6.9230769230769233E-003   8.8461538461538456E-003   351.83466044561283        1.3991092938807417E-024
   6.9230769230769233E-003   9.2307692307692299E-003   351.79646558490197        1.3855427746478874E-024
   6.9230769230769233E-003   9.6153846153846159E-003   351.75425811601264        1.3706960264143988E-024

   7.3076923076923076E-003   3.8461538461538462E-004   345.41293574593595        2.6897022984445636E-025
   7.3076923076923076E-003   7.6923076923076923E-004   345.45214033502697        2.7175975004067420E-025
   7.3076923076923076E-003   1.1538461538461537E-003   345.48766516372751        2.7431110458237643E-025
   7.3076923076923076E-003   1.5384615384615385E-003   345.51960652971326        2.7662447820522458E-025
   7.3076923076923076E-003   1.9230769230769232E-003   345.54783470388168        2.7868382034554234E-025
   7.3076923076923076E-003   2.3076923076923075E-003   345.57243736330724        2.8049001633243942E-025
   7.3076923076923076E-003   2.6923076923076922E-003   345.59358537573695        2.8205118910768421E-025
   7.3076923076923076E-003   3.0769230769230769E-003   345.61135442855237        2.8336908211109547E-025
   7.3076923076923076E-003   3.4615384615384616E-003   345.62580021792002        2.8444462808418325E-025
   7.3076923076923076E-003   3.8461538461538464E-003   345.63697485247263        2.8527915897144092E-025
   7.3076923076923076E-003   4.2307692307692307E-003   345.64492261846937        2.8587404717362300E-025
   7.3076923076923076E-003   4.6153846153846149E-003   345.64967721211627        2.8623045970528364E-025
   7.3076923076923076E-003   5.0000000000000001E-003   345.65125969000377        2.8634917327282534E-025
   7.3076923076923076E-003   5.3846153846153844E-003   345.64967721211599        2.8623045970528033E-025
   7.3076923076923076E-003   5.7692307692307696E-003   345.64492261846908        2.8587404717361102E-025
   7.3076923076923076E-003   6.1538461538461538E-003   345.63697485247218        2.8527915897142067E-025
   7.3076923076923076E-003   6.5384615384615381E-003   345.62580021791922        2.8444462808415662E-025
   7.3076923076923076E-003   6.9230769230769233E-003   345.61135442855192        2.8336908211107352E-025
   7.3076923076923076E-003   7.3076923076923076E-003   345.59358537573667        2.8205118910767094E-025
   7.3076923076923076E-003   7.6923076923076927E-003   345.57243736330702        2.8049001633242973E-025
   7.3076923076923076E-003   8.0769230769230770E-003   345.54783470388151        2.7868382034553265E-025
   7.3076923076923076E-003   8.4615384615384613E-003   345.51960652971309        2.7662447820521425E-025
   7.3076923076923076E-003   8.8461538461538456E-003   345.48766516372740        2.7431110458236711E-025
   7.3076923076923076E-003   9.2307692307692299E-003   345.45214033502680        2.7175975004066157E-025
   7.3076923076923076E-003   9.6153846153846159E-003   345.41293574593544        2.6897022984443905E-025

   7.6923076923076927E-003   3.8461538461538462E-004   340.12704411446492        6.6503367639000719E-026
   7.6923076923076927E-003   7.6923076923076923E-004   340.16366464600179        6.7163543298967331E-026
   7.6923076923076927E-003   1.1538461538461537E-003   340.19688696747920        6.7767830394026315E-026
   7.6923076923076927E-003   1.5384615384615385E-003   340.22679620857150        6.8316274002223345E-026
   7.6923076923076927E-003   1.9230769230769232E-003   340.25325436647438        6.8804811885220982E-026
   7.6923076923076927E-003   2.3076923076923075E-003   340.27633671112392        6.9233590399345394E-026
   7.6923076923076927E-003   2.6923076923076922E-003   340.29620005078561        6.9604538167535352E-026
   7.6923076923076927E-003   3.0769230769230769E-003   340.31290753083840        6.9917962993646092E-026
   7.6923076923076927E-003   3.4615384615384616E-003   340.32650318872265        7.0173960928143050E-026
   7.6923076923076927E-003   3.8461538461538464E-003   340.33702863729644        7.0372732179508030E-026
   7.6923076923076927E-003   4.2307692307692307E-003   340.34451938198504        7.0514502964814025E-026
   7.6923076923076927E-003   4.6153846153846149E-003   340.34900250563106        7.0599473954931038E-026
   7.6923076923076927E-003   5.0000000000000001E-003   340.35049495767419        7.0627781559969456E-026
   7.6923076923076927E-003   5.3846153846153844E-003   340.34900250563089        7.0599473954930292E-026
   7.6923076923076927E-003   5.7692307692307696E-003   340.34451938198441        7.0514502964810616E-026
   7.6923076923076927E-003   6.1538461538461538E-003   340.33702863729576        7.0372732179502589E-026
   7.6923076923076927E-003   6.5384615384615381E-003   340.32650318872209        7.0173960928136495E-026
   7.6923076923076927E-003   6.9230769230769233E-003   340.31290753083806        6.9917962993640272E-026
   7.6923076923076927E-003   7.3076923076923076E-003   340.29620005078550        6.9604538167530852E-026
   7.6923076923076927E-003   7.6923076923076927E-003   340.27633671112380        6.9233590399342329E-026
   7.6923076923076927E-003   8.0769230769230770E-003   340.25325436647404        6.8804811885217883E-026
   7.6923076923076927E-003   8.4615384615384613E-003   340.22679620857127        6.8316274002220739E-026
   7.6923076923076927E-003   8.8461538461538456E-003   340.19688696747903        6.7767830394022814E-026
   7.6923076923076927E-003   9.2307692307692299E-003   340.16366464600151        6.7163543298963439E-026
   7.6923076923076927E-003   9.6153846153846159E-003   340.12704411446464        6.6503367638996506E-026

   8.0769230769230770E-003   3.8461538461538462E-004   335.82571859134049        2.0764490416825130E-026
   8.0769230769230770E-003   7.6923076923076923E-004   335.86019423828532        2.0962236509176350E-026
   8.0769230769230770E-003   1.1538461538461537E-003   335.89149522467301        2.1143319073662866E-026
   8.0769230769230770E-003   1.5384615384615385E-003   335.91970347998910        2.1307786798322585E-026
   8.0769230769230770E-003   1.9230769230769232E-003   335.94467504387950        2.1454351312290047E-026
   8.0769230769230770E-003   2.3076923076923075E-003   335.96647599333323        2.1583044599881659E-026
   8.0769230769230770E-003   2.6923076923076922E-003   335.98525276492131        2.1694454225239655E-026
   8.0769230769230770E-003   3.0769230769230769E-003   336.00105942389956        2.1788650802673390E-026
   8.0769230769230770E-003   3.4615384615384616E-003   336.01393156949172        2.1865635490645132E-026
   8.0769230769230770E-003   3.8461538461538464E-003   336.02390316000520        2.1925442440181923E-026
   8.0769230769230770E-003   4.2307692307692307E-003   336.03100324506238        2.1968116922225355E-026
   8.0769230769230770E-003   4.6153846153846149E-003   336.03525401270923        2.1993701594813469E-026
   8.0769230769230770E-003   5.0000000000000001E-003   336.03666935864834        2.2002226269371030E-026
   8.0769230769230770E-003   5.3846153846153844E-003   336.03525401270900        2.1993701594813239E-026
   8.0769230769230770E-003   5.7692307692307696E-003   336.03100324506204        2.1968116922224365E-026
   8.0769230769230770E-003   6.1538461538461538E-003   336.02390316000469        2.1925442440180473E-026
   8.0769230769230770E-003   6.5384615384615381E-003   336.01393156949109        2.1865635490643539E-026
   8.0769230769230770E-003   6.9230769230769233E-003   336.00105942389928        2.1788650802671748E-026
   8.0769230769230770E-003   7.3076923076923076E-003   335.98525276492131        2.1694454225238079E-026
   8.0769230769230770E-003   7.6923076923076927E-003   335.96647599333306        2.1583044599880548E-026
   8.0769230769230770E-003   8.0769230769230770E-003   335.94467504387927        2.1454351312288836E-026
   8.0769230769230770E-003   8.4615384615384613E-003   335.91970347998887        2.1307786798321790E-026
   8.0769230769230770E-003   8.8461538461538456E-003   335.89149522467289        2.1143319073662128E-026
   8.0769230769230770E-003   9.2307692307692299E-003   335.86019423828486        2.0962236509175062E-026
   8.0769230769230770E-003   9.6153846153846159E-003   335.82571859134009        2.0764490416823770E-026

   8.4615384615384613E-003   3.8461538461538462E-004   332.44972389505813        8.1898824342276881E-027
   8.4615384615384613E-003   7.6923076923076923E-004   332.48237789403328        8.2647642895803868E-027
   8.4615384615384613E-003   1.1538461538461537E-003   332.51216095914907        8.3336429912601277E-027
   8.4615384615384613E-003   1.5384615384615385E-003   332.53900982224280        8.3962048402115627E-027
   8.4615384615384613E-003   1.9230769230769232E-003   332.56278904353758        8.4519671608107699E-027
   8.4615384615384613E-003   2.3076923076923075E-003   332.58355840917454        8.5009403153675455E-027
   8.4615384615384613E-003   2.6923076923076922E-003   332.60145728915603        8.5433539186284153E-027
   8.4615384615384613E-003   3.0769230769230769E-003   332.61653378127829        8.5792305390228561E-027
   8.4615384615384613E-003   3.4615384615384616E-003   332.62881787526112        8.6085639808417240E-027
   8.4615384615384613E-003   3.8461538461538464E-003   332.63833831317027        8.6313606837288764E-027
   8.4615384615384613E-003   4.2307692307692307E-003   332.64511965268360        8.6476318957595820E-027
   8.4615384615384613E-003   4.6153846153846149E-003   332.64918062633490        8.6573890678118853E-027
   8.4615384615384613E-003   5.0000000000000001E-003   332.65053295496915        8.6606404622104306E-027
   8.4615384615384613E-003   5.3846153846153844E-003   332.64918062633473        8.6573890678117834E-027
   8.4615384615384613E-003   5.7692307692307696E-003   332.64511965268326        8.6476318957591960E-027
   8.4615384615384613E-003   6.1538461538461538E-003   332.63833831316981        8.6313606837284000E-027
   8.4615384615384613E-003   6.5384615384615381E-003   332.62881787526072        8.6085639808410625E-027
   8.4615384615384613E-003   6.9230769230769233E-003   332.61653378127789        8.5792305390220683E-027
   8.4615384615384613E-003   7.3076923076923076E-003   332.60145728915575        8.5433539186276390E-027
   8.4615384615384613E-003   7.6923076923076927E-003   332.58355840917443        8.5009403153668324E-027
   8.4615384615384613E-003   8.0769230769230770E-003   332.56278904353752        8.4519671608102218E-027
   8.4615384615384613E-003   8.4615384615384613E-003   332.53900982224246        8.3962048402110906E-027
   8.4615384615384613E-003   8.8461538461538456E-003   332.51216095914907        8.3336429912596326E-027
   8.4615384615384613E-003   9.2307692307692299E-003   332.48237789403282        8.2647642895798875E-027
   8.4615384615384613E-003   9.6153846153846159E-003   332.44972389505762        8.1898824342270797E-027

   8.8461538461538456E-003   3.8461538461538462E-004   329.95144029858915        4.0763556263206296E-027
   8.8461538461538456E-003   7.6923076923076923E-004   329.98287070014516        4.1125683164519572E-027
   8.8461538461538456E-003   1.1538461538461537E-003   330.01128422237394        4.1455570580842406E-027
   8.8461538461538456E-003   1.5384615384615385E-003   330.03713889766760        4.1758104451782786E-027
   8.8461538461538456E-003   1.9230769230769232E-003   330.06002752137829        4.2027567926967467E-027
   8.8461538461538456E-003   2.3076923076923075E-003   330.08002248770890        4.2264215978439019E-027
   8.8461538461538456E-003   2.6923076923076922E-003   330.09725921122333        4.2469198443054593E-027
   8.8461538461538456E-003   3.0769230769230769E-003   330.11178287592423        4.2642626227937833E-027
   8.8461538461538456E-003   3.4615384615384616E-003   330.12362046559474        4.2784457790457984E-027
   8.8461538461538456E-003   3.8461538461538464E-003   330.13279762326124        4.2894708374549830E-027
   8.8461538461538456E-003   4.2307692307692307E-003   330.13933606794700        4.2973415320552498E-027
   8.8461538461538456E-003   4.6153846153846149E-003   330.14325227275555        4.3020619246330437E-027
   8.8461538461538456E-003   5.0000000000000001E-003   330.14455651100087        4.3036350225134230E-027
   8.8461538461538456E-003   5.3846153846153844E-003   330.14325227275555        4.3020619246330336E-027
   8.8461538461538456E-003   5.7692307692307696E-003   330.13933606794666        4.2973415320551537E-027
   8.8461538461538456E-003   6.1538461538461538E-003   330.13279762326101        4.2894708374548747E-027
   8.8461538461538456E-003   6.5384615384615381E-003   330.12362046559457        4.2784457790455638E-027
   8.8461538461538456E-003   6.9230769230769233E-003   330.11178287592401        4.2642626227934188E-027
   8.8461538461538456E-003   7.3076923076923076E-003   330.09725921122305        4.2469198443050410E-027
   8.8461538461538456E-003   7.6923076923076927E-003   330.08002248770873        4.2264215978434549E-027
   8.8461538461538456E-003   8.0769230769230770E-003   330.06002752137823        4.2027567926963399E-027
   8.8461538461538456E-003   8.4615384615384613E-003   330.03713889766738        4.1758104451779758E-027
   8.8461538461538456E-003   8.8461538461538456E-003   330.01128422237389        4.1455570580839981E-027
   8.8461538461538456E-003   9.2307692307692299E-003   329.98287070014476        4.1125683164517060E-027
   8.8461538461538456E-003   9.6153846153846159E-003   329.95144029858881        4.0763556263202558E-027

   9.2307692307692299E-003   3.8461538461538462E-004   328.29519697381835        2.5561656769825795E-027
   9.2307692307692299E-003   7.6923076923076923E-004   328.32569450641472        2.5783189359278592E-027
   9.2307692307692299E-003   1.1538461538461537E-003   328.35346191879142        2.5986494331747409E-027
   9.2307692307692299E-003   1.5384615384615385E-003   328.37842265768131        2.6170515611144418E-027
   9.2307692307692299E-003   1.9230769230769232E-003   328.40073938185157        2.6336119590189616E-027
   9.2307692307692299E-003   2.3076923076923075E-003   328.42022129398805        2.6481427692675278E-027
   9.2307692307692299E-003   2.6923076923076922E-003   328.43701527177853        2.6607273937747463E-027
   9.2307692307692299E-003   3.0769230769230769E-003   328.45116721611157        2.6713747976992801E-027
   9.2307692307692299E-003   3.4615384615384616E-003   328.46270355983899        2.6800830659676530E-027
   9.2307692307692299E-003   3.8461538461538464E-003   328.47164862216482        2.6868530301339641E-027
   9.2307692307692299E-003   4.2307692307692307E-003   328.47802261951188        2.6916865517331393E-027
   9.2307692307692299E-003   4.6153846153846149E-003   328.48184073014824        2.6945856524761453E-027
   9.2307692307692299E-003   5.0000000000000001E-003   328.48311236985990        2.6955518357436603E-027
   9.2307692307692299E-003   5.3846153846153844E-003   328.48184073014829        2.6945856524762059E-027
   9.2307692307692299E-003   5.7692307692307696E-003   328.47802261951182        2.6916865517331257E-027
   9.2307692307692299E-003   6.1538461538461538E-003   328.47164862216482        2.6868530301339010E-027
   9.2307692307692299E-003   6.5384615384615381E-003   328.46270355983893        2.6800830659675077E-027
   9.2307692307692299E-003   6.9230769230769233E-003   328.45116721611140        2.6713747976990541E-027
   9.2307692307692299E-003   7.3076923076923076E-003   328.43701527177842        2.6607273937744224E-027
   9.2307692307692299E-003   7.6923076923076927E-003   328.42022129398759        2.6481427692671511E-027
   9.2307692307692299E-003   8.0769230769230770E-003   328.40073938185122        2.6336119590186778E-027
   9.2307692307692299E-003   8.4615384615384613E-003   328.37842265768114        2.6170515611142743E-027
   9.2307692307692299E-003   8.8461538461538456E-003   328.35346191879114        2.5986494331746257E-027
   9.2307692307692299E-003   9.2307692307692299E-003   328.32569450641438        2.5783189359277412E-027
   9.2307692307692299E-003   9.6153846153846159E-003   328.29519697381801        2.5561656769824228E-027

   9.6153846153846159E-003   3.8461538461538462E-004   327.45691515734745        2.0159449075697739E-027
   9.6153846153846159E-003   7.6923076923076923E-004   327.48686985265476        2.0331453695712727E-027
   9.6153846153846159E-003   1.1538461538461537E-003   327.51418396366967        2.0489539523827868E-027
   9.6153846153846159E-003   1.5384615384615385E-003   327.53887793735146        2.0633492873442951E-027
   9.6153846153846159E-003   1.9230769230769232E-003   327.56080368328639        2.0762075902308873E-027
   9.6153846153846159E-003   2.3076923076923075E-003   327.58003975967966        2.0875489857354595E-027
   9.6153846153846159E-003   2.6923076923076922E-003   327.59661017281070        2.0973634343489311E-027
   9.6153846153846159E-003   3.0769230769230769E-003   327.61057252904766        2.1056659111575353E-027
   9.6153846153846159E-003   3.4615384615384616E-003   327.62195459113144        2.1124561956008553E-027
   9.6153846153846159E-003   3.8461538461538464E-003   327.63078053986908        2.1177352311716284E-027
   9.6153846153846159E-003   4.2307692307692307E-003   327.63707004139633        2.1215044278717309E-027
   9.6153846153846159E-003   4.6153846153846149E-003   327.64083771519955        2.1237652314375713E-027
   9.6153846153846159E-003   5.0000000000000001E-003   327.64209258845921        2.1245187033398862E-027
   9.6153846153846159E-003   5.3846153846153844E-003   327.64083771519967        2.1237652314376649E-027
   9.6153846153846159E-003   5.7692307692307696E-003   327.63707004139638        2.1215044278717625E-027
   9.6153846153846159E-003   6.1538461538461538E-003   327.63078053986925        2.1177352311715696E-027
   9.6153846153846159E-003   6.5384615384615381E-003   327.62195459113121        2.1124561956007154E-027
   9.6153846153846159E-003   6.9230769230769233E-003   327.61057252904749        2.1056659111573639E-027
   9.6153846153846159E-003   7.3076923076923076E-003   327.59661017281053        2.0973634343486696E-027
   9.6153846153846159E-003   7.6923076923076927E-003   327.58003975967910        2.0875489857351710E-027
   9.6153846153846159E-003   8.0769230769230770E-003   327.56080368328600        2.0762075902306775E-027
   9.6153846153846159E-003   8.4615384615384613E-003   327.53887793735117        2.0633492873441290E-027
   9.6153846153846159E-003   8.8461538461538456E-003   327.51418396366938        2.0489539523826451E-027
   9.6153846153846159E-003   9.2307692307692299E-003   327.48686985265437        2.0331453695711378E-027
   9.6153846153846159E-003   9.6153846153846159E-003   327.45691515734734        2.0159449075696541E-027

