   3.8461538461538462E-004   3.8461538461538462E-004   1647.9186648286723        1.0000000000000000     
   3.8461538461538462E-004   7.6923076923076923E-004   1647.8392561247974        1.0000000000000000     
   3.8461538461538462E-004   1.1538461538461537E-003   1647.4638347620762        1.0000000000000000     
   3.8461538461538462E-004   1.5384615384615385E-003   1646.8297584037250        1.0000000000000000     
   3.8461538461538462E-004   1.9230769230769232E-003   1645.9895086766874        1.0000000000000000     
   3.8461538461538462E-004   2.3076923076923075E-003   1645.0068323436005        1.0000000000000000     
   3.8461538461538462E-004   2.6923076923076922E-003   1643.9522523354140        1.0000000000000000     
   3.8461538461538462E-004   3.0769230769230769E-003   1642.8983686099259        1.0000000000000000     
   3.8461538461538462E-004   3.4615384615384616E-003   1641.9153320179776        1.0000000000000000     
   3.8461538461538462E-004   3.8461538461538464E-003   1641.0667911591697        1.0000000000000000     
   3.8461538461538462E-004   4.2307692307692307E-003   1640.4065057885555        1.0000000000000000     
   3.8461538461538462E-004   4.6153846153846149E-003   1639.9757164218847        1.0000000000000000     
   3.8461538461538462E-004   5.0000000000000001E-003   1639.8012803416841        1.0000000000000000     
   3.8461538461538462E-004   5.3846153846153844E-003   1639.8945422466757        1.0000000000000000     
   3.8461538461538462E-004   5.7692307692307696E-003   1640.2509046134060        1.0000000000000000     
   3.8461538461538462E-004   6.1538461538461538E-003   1640.8500883322479        1.0000000000000000     
   3.8461538461538462E-004   6.5384615384615381E-003   1641.6571100782851        1.0000000000000000     
   3.8461538461538462E-004   6.9230769230769233E-003   1642.6240282773474        1.0000000000000000     
   3.8461538461538462E-004   7.3076923076923076E-003   1643.6925074647470        1.0000000000000000     
   3.8461538461538462E-004   7.6923076923076927E-003   1644.7972150701519        1.0000000000000000     
   3.8461538461538462E-004   8.0769230769230770E-003   1645.8700075588888        1.0000000000000000     
   3.8461538461538462E-004   8.4615384615384613E-003   1646.8448316926406        1.0000000000000000     
   3.8461538461538462E-004   8.8461538461538456E-003   1647.6633999342864        1.0000000000000000     
   3.8461538461538462E-004   9.2307692307692299E-003   1648.2824527784433        1.0000000000000000     
   3.8461538461538462E-004   9.6153846153846159E-003   1648.6865194130805        1.0000000000000000     

   7.6923076923076923E-004   3.8461538461538462E-004   1647.0824552345143        1.0000000000000000     
   7.6923076923076923E-004   7.6923076923076923E-004   1647.0043459188396        1.0000000000000000     
   7.6923076923076923E-004   1.1538461538461537E-003   1646.6315776732429        1.0000000000000000     
   7.6923076923076923E-004   1.5384615384615385E-003   1646.0013311087723        1.0000000000000000     
   7.6923076923076923E-004   1.9230769230769232E-003   1645.1658394897015        1.0000000000000000     
   7.6923076923076923E-004   2.3076923076923075E-003   1644.1885484860252        1.0000000000000000     
   7.6923076923076923E-004   2.6923076923076922E-003   1643.1396486691922        1.0000000000000000     
   7.6923076923076923E-004   3.0769230769230769E-003   1642.0913986259779        1.0000000000000000     
   7.6923076923076923E-004   3.4615384615384616E-003   1641.1136199974171        1.0000000000000000     
   7.6923076923076923E-004   3.8461538461538464E-003   1640.2696630015662        1.0000000000000000     
   7.6923076923076923E-004   4.2307692307692307E-003   1639.6130351383269        1.0000000000000000     
   7.6923076923076923E-004   4.6153846153846149E-003   1639.1847823869145        1.0000000000000000     
   7.6923076923076923E-004   5.0000000000000001E-003   1639.0116331297256        1.0000000000000000     
   7.6923076923076923E-004   5.3846153846153844E-003   1639.1048732054401        1.0000000000000000     
   7.6923076923076923E-004   5.7692307692307696E-003   1639.4599171760008        1.0000000000000000     
   7.6923076923076923E-004   6.1538461538461538E-003   1640.0565659545625        1.0000000000000000     
   7.6923076923076923E-004   6.5384615384615381E-003   1640.8599760443160        1.0000000000000000     
   7.6923076923076923E-004   6.9230769230769233E-003   1641.8223894971009        1.0000000000000000     
   7.6923076923076923E-004   7.3076923076923076E-003   1642.8856679792818        1.0000000000000000     
   7.6923076923076923E-004   7.6923076923076927E-003   1643.9846281538598        1.0000000000000000     
   7.6923076923076923E-004   8.0769230769230770E-003   1645.0510852136067        1.0000000000000000     
   7.6923076923076923E-004   8.4615384615384613E-003   1646.0183648470131        1.0000000000000000     
   7.6923076923076923E-004   8.8461538461538456E-003   1646.8257478449661        1.0000000000000000     
   7.6923076923076923E-004   9.2307692307692299E-003   1647.4213643537194        1.0000000000000000     
   7.6923076923076923E-004   9.6153846153846159E-003   1647.7580397212450        1.0000000000000000     

   1.1538461538461537E-003   3.8461538461538462E-004   1645.2249669327330        1.0000000000000000     
   1.1538461538461537E-003   7.6923076923076923E-004   1645.1494279487163        1.0000000000000000     
   1.1538461538461537E-003   1.1538461538461537E-003   1644.7819411927705        1.0000000000000000     
   1.1538461538461537E-003   1.5384615384615385E-003   1644.1593327882699        1.0000000000000000     
   1.1538461538461537E-003   1.9230769230769232E-003   1643.3333387570412        1.0000000000000000     
   1.1538461538461537E-003   2.3076923076923075E-003   1642.3668019919885        1.0000000000000000     
   1.1538461538461537E-003   2.6923076923076922E-003   1641.3292477427071        1.0000000000000000     
   1.1538461538461537E-003   3.0769230769230769E-003   1640.2922513003925        1.0000000000000000     
   1.1538461538461537E-003   3.4615384615384616E-003   1639.3249754346525        1.0000000000000000     
   1.1538461538461537E-003   3.8461538461538464E-003   1638.4901732953383        1.0000000000000000     
   1.1538461538461537E-003   4.2307692307692307E-003   1637.8408477588039        1.0000000000000000     
   1.1538461538461537E-003   4.6153846153846149E-003   1637.4176558724223        1.0000000000000000     
   1.1538461538461537E-003   5.0000000000000001E-003   1637.2470687267075        1.0000000000000000     
   1.1538461538461537E-003   5.3846153846153844E-003   1637.3402555416258        1.0000000000000000     
   1.1538461538461537E-003   5.7692307692307696E-003   1637.6926572167561        1.0000000000000000     
   1.1538461538461537E-003   6.1538461538461538E-003   1638.2842389765735        1.0000000000000000     
   1.1538461538461537E-003   6.5384615384615381E-003   1639.0804457519253        1.0000000000000000     
   1.1538461538461537E-003   6.9230769230769233E-003   1640.0339061900322        1.0000000000000000     
   1.1538461538461537E-003   7.3076923076923076E-003   1641.0869228410652        1.0000000000000000     
   1.1538461538461537E-003   7.6923076923076927E-003   1642.1747351636106        1.0000000000000000     
   1.1538461538461537E-003   8.0769230769230770E-003   1643.2294442888344        1.0000000000000000     
   1.1538461538461537E-003   8.4615384615384613E-003   1644.1843429755017        1.0000000000000000     
   1.1538461538461537E-003   8.8461538461538456E-003   1644.9781973502802        1.0000000000000000     
   1.1538461538461537E-003   9.2307692307692299E-003   1645.5588204139358        1.0000000000000000     
   1.1538461538461537E-003   9.6153846153846159E-003   1645.8856386397651        1.0000000000000000     

   1.5384615384615385E-003   3.8461538461538462E-004   1642.4463685688183        1.0000000000000000     
   1.5384615384615385E-003   7.6923076923076923E-004   1642.3745885622868        1.0000000000000000     
   1.5384615384615385E-003   1.1538461538461537E-003   1642.0148357638109        1.0000000000000000     
   1.5384615384615385E-003   1.5384615384615385E-003   1641.4034163592071        1.0000000000000000     
   1.5384615384615385E-003   1.9230769230769232E-003   1640.5913371239428        1.0000000000000000     
   1.5384615384615385E-003   2.3076923076923075E-003   1639.6405570520217        1.0000000000000000     
   1.5384615384615385E-003   2.6923076923076922E-003   1638.6196259492083        1.0000000000000000     
   1.5384615384615385E-003   3.0769230769230769E-003   1637.5991175184665        1.0000000000000000     
   1.5384615384615385E-003   3.4615384615384616E-003   1636.6472289777525        1.0000000000000000     
   1.5384615384615385E-003   3.8461538461538464E-003   1635.8258387569240        1.0000000000000000     
   1.5384615384615385E-003   4.2307692307692307E-003   1635.1872107561555        1.0000000000000000     
   1.5384615384615385E-003   4.6153846153846149E-003   1634.7714328998470        1.0000000000000000     
   1.5384615384615385E-003   5.0000000000000001E-003   1634.6046005255773        1.0000000000000000     
   1.5384615384615385E-003   5.3846153846153844E-003   1634.6977140736712        1.0000000000000000     
   1.5384615384615385E-003   5.7692307692307696E-003   1635.0462567840241        1.0000000000000000     
   1.5384615384615385E-003   6.1538461538461538E-003   1635.6304417216904        1.0000000000000000     
   1.5384615384615385E-003   6.5384615384615381E-003   1636.4161504235508        1.0000000000000000     
   1.5384615384615385E-003   6.9230769230769233E-003   1637.3566067459437        1.0000000000000000     
   1.5384615384615385E-003   7.3076923076923076E-003   1638.3948207601782        1.0000000000000000     
   1.5384615384615385E-003   7.6923076923076927E-003   1639.4667880658824        1.0000000000000000     
   1.5384615384615385E-003   8.0769230769230770E-003   1640.5053396622018        1.0000000000000000     
   1.5384615384615385E-003   8.4615384615384613E-003   1641.4444193874683        1.0000000000000000     
   1.5384615384615385E-003   8.8461538461538456E-003   1642.2234533254816        1.0000000000000000     
   1.5384615384615385E-003   9.2307692307692299E-003   1642.7914556044996        1.0000000000000000     
   1.5384615384615385E-003   9.6153846153846159E-003   1643.1108065463247        1.0000000000000000     

   1.9230769230769232E-003   3.8461538461538462E-004   1638.8923692449441        1.0000000000000000     
   1.9230769230769232E-003   7.6923076923076923E-004   1638.8254198668278        1.0000000000000000     
   1.9230769230769232E-003   1.1538461538461537E-003   1638.4756028908939        1.0000000000000000     
   1.9230769230769232E-003   1.5384615384615385E-003   1637.8785562351245        1.0000000000000000     
   1.9230769230769232E-003   1.9230769230769232E-003   1637.0843495228378        1.0000000000000000     
   1.9230769230769232E-003   2.3076923076923075E-003   1636.1538060789269        1.0000000000000000     
   1.9230769230769232E-003   2.6923076923076922E-003   1635.1542227304342        1.0000000000000000     
   1.9230769230769232E-003   3.0769230769230769E-003   1634.1548869949515        1.0000000000000000     
   1.9230769230769232E-003   3.4615384615384616E-003   1633.2227565992489        1.0000000000000000     
   1.9230769230769232E-003   3.8461538461538464E-003   1632.4185875310011        1.0000000000000000     
   1.9230769230769232E-003   4.2307692307692307E-003   1631.7936959350525        1.0000000000000000     
   1.9230769230769232E-003   4.6153846153846149E-003   1631.3874404738217        1.0000000000000000     
   1.9230769230769232E-003   5.0000000000000001E-003   1631.2254360620786        1.0000000000000000     
   1.9230769230769232E-003   5.3846153846153844E-003   1631.3184694614495        1.0000000000000000     
   1.9230769230769232E-003   5.7692307692307696E-003   1631.6620832612630        1.0000000000000000     
   1.9230769230769232E-003   6.1538461538461538E-003   1632.2368175796682        1.0000000000000000     
   1.9230769230769232E-003   6.5384615384615381E-003   1633.0091308250646        1.0000000000000000     
   1.9230769230769232E-003   6.9230769230769233E-003   1633.9330416371902        1.0000000000000000     
   1.9230769230769232E-003   7.3076923076923076E-003   1634.9525261560964        1.0000000000000000     
   1.9230769230769232E-003   7.6923076923076927E-003   1636.0046585991570        1.0000000000000000     
   1.9230769230769232E-003   8.0769230769230770E-003   1637.0234010449090        1.0000000000000000     
   1.9230769230769232E-003   8.4615384615384613E-003   1637.9438465233945        1.0000000000000000     
   1.9230769230769232E-003   8.8461538461538456E-003   1638.7066299893154        1.0000000000000000     
   1.9230769230769232E-003   9.2307692307692299E-003   1639.2621927527302        1.0000000000000000     
   1.9230769230769232E-003   9.6153846153846159E-003   1639.5746577002956        1.0000000000000000     

   2.3076923076923075E-003   3.8461538461538462E-004   1634.7488848841317        1.0000000000000000     
   2.3076923076923075E-003   7.6923076923076923E-004   1634.6876932348844        1.0000000000000000     
   2.3076923076923075E-003   1.1538461538461537E-003   1634.3497033669348        1.0000000000000000     
   2.3076923076923075E-003   1.5384615384615385E-003   1633.7697578960701        1.0000000000000000     
   2.3076923076923075E-003   1.9230769230769232E-003   1632.9968113531988        1.0000000000000000     
   2.3076923076923075E-003   2.3076923076923075E-003   1632.0903361032297        1.0000000000000000     
   2.3076923076923075E-003   2.6923076923076922E-003   1631.1161389332785        1.0000000000000000     
   2.3076923076923075E-003   3.0769230769230769E-003   1630.1419783940332        1.0000000000000000     
   2.3076923076923075E-003   3.4615384615384616E-003   1629.2333393685485        1.0000000000000000     
   2.3076923076923075E-003   3.8461538461538464E-003   1628.4496447246265        1.0000000000000000     
   2.3076923076923075E-003   4.2307692307692307E-003   1627.8410856396977        1.0000000000000000     
   2.3076923076923075E-003   4.6153846153846149E-003   1627.4461559793360        1.0000000000000000     
   2.3076923076923075E-003   5.0000000000000001E-003   1627.2899022012004        1.0000000000000000     
   2.3076923076923075E-003   5.3846153846153844E-003   1627.3828606361762        1.0000000000000000     
   2.3076923076923075E-003   5.7692307692307696E-003   1627.7206498463099        1.0000000000000000     
   2.3076923076923075E-003   6.1538461538461538E-003   1628.2842076812867        1.0000000000000000     
   2.3076923076923075E-003   6.5384615384615381E-003   1629.0406936377694        1.0000000000000000     
   2.3076923076923075E-003   6.9230769230769233E-003   1629.9450974427084        1.0000000000000000     
   2.3076923076923075E-003   7.3076923076923076E-003   1630.9425876536218        1.0000000000000000     
   2.3076923076923075E-003   7.6923076923076927E-003   1631.9715907334842        1.0000000000000000     
   2.3076923076923075E-003   8.0769230769230770E-003   1632.9675141201751        1.0000000000000000     
   2.3076923076923075E-003   8.4615384615384613E-003   1633.8669311684703        1.0000000000000000     
   2.3076923076923075E-003   8.8461538461538456E-003   1634.6119565180700        1.0000000000000000     
   2.3076923076923075E-003   9.2307692307692299E-003   1635.1544848392205        1.0000000000000000     
   2.3076923076923075E-003   9.6153846153846159E-003   1635.4599528441340        1.0000000000000000     

   2.6923076923076922E-003   3.8461538461538462E-004   1630.2352348267571        1.0000000000000000     
   2.6923076923076922E-003   7.6923076923076923E-004   1630.1805642742836        1.0000000000000000     
   2.6923076923076922E-003   1.1538461538461537E-003   1629.8559395931181        1.0000000000000000     
   2.6923076923076922E-003   1.5384615384615385E-003   1629.2953054000061        1.0000000000000000     
   2.6923076923076922E-003   1.9230769230769232E-003   1628.5463574222454        1.0000000000000000     
   2.6923076923076922E-003   2.3076923076923075E-003   1627.6670434161385        1.0000000000000000     
   2.6923076923076922E-003   2.6923076923076922E-003   1626.7214892311165        1.0000000000000000     
   2.6923076923076922E-003   3.0769230769230769E-003   1625.7757293147283        1.0000000000000000     
   2.6923076923076922E-003   3.4615384615384616E-003   1624.8935885403052        1.0000000000000000     
   2.6923076923076922E-003   3.8461538461538464E-003   1624.1329880605767        1.0000000000000000     
   2.6923076923076922E-003   4.2307692307692307E-003   1623.5428526342548        1.0000000000000000     
   2.6923076923076922E-003   4.6153846153846149E-003   1623.1607035114992        1.0000000000000000     
   2.6923076923076922E-003   5.0000000000000001E-003   1623.0109491159656        1.0000000000000000     
   2.6923076923076922E-003   5.3846153846153844E-003   1623.1038470632627        1.0000000000000000     
   2.6923076923076922E-003   5.7692307692307696E-003   1623.4351066842830        1.0000000000000000     
   2.6923076923076922E-003   6.1538461538461538E-003   1623.9861221303966        1.0000000000000000     
   2.6923076923076922E-003   6.5384615384615381E-003   1624.7248559197842        1.0000000000000000     
   2.6923076923076922E-003   6.9230769230769233E-003   1625.6074124306181        1.0000000000000000     
   2.6923076923076922E-003   7.3076923076923076E-003   1626.5803342113068        1.0000000000000000     
   2.6923076923076922E-003   7.6923076923076927E-003   1627.5836126048921        1.0000000000000000     
   2.6923076923076922E-003   8.0769230769230770E-003   1628.5543302823417        1.0000000000000000     
   2.6923076923076922E-003   8.4615384615384613E-003   1629.4307599479530        1.0000000000000000     
   2.6923076923076922E-003   8.8461538461538456E-003   1630.1566515723073        1.0000000000000000     
   2.6923076923076922E-003   9.2307692307692299E-003   1630.6853715390716        1.0000000000000000     
   2.6923076923076922E-003   9.6153846153846159E-003   1630.9835224235655        1.0000000000000000     

   3.0769230769230769E-003   3.8461538461538462E-004   1625.5959890225824        1.0000000000000000     
   3.0769230769230769E-003   7.6923076923076923E-004   1625.5484288138862        1.0000000000000000     
   3.0769230769230769E-003   1.1538461538461537E-003   1625.2383299495768        1.0000000000000000     
   3.0769230769230769E-003   1.5384615384615385E-003   1624.6986625165580        1.0000000000000000     
   3.0769230769230769E-003   1.9230769230769232E-003   1623.9757565067027        1.0000000000000000     
   3.0769230769230769E-003   2.3076923076923075E-003   1623.1259061284231        1.0000000000000000     
   3.0769230769230769E-003   2.6923076923076922E-003   1622.2114149098038        1.0000000000000000     
   3.0769230769230769E-003   3.0769230769230769E-003   1621.2964491013113        1.0000000000000000     
   3.0769230769230769E-003   3.4615384615384616E-003   1620.4430358090026        1.0000000000000000     
   3.0769230769230769E-003   3.8461538461538464E-003   1619.7074708116704        1.0000000000000000     
   3.0769230769230769E-003   4.2307692307692307E-003   1619.1373090831423        1.0000000000000000     
   3.0769230769230769E-003   4.6153846153846149E-003   1618.7690208150489        1.0000000000000000     
   3.0769230769230769E-003   5.0000000000000001E-003   1618.6263261488389        1.0000000000000000     
   3.0769230769230769E-003   5.3846153846153844E-003   1618.7191841249955        1.0000000000000000     
   3.0769230769230769E-003   5.7692307692307696E-003   1619.0434067137448        1.0000000000000000     
   3.0769230769230769E-003   6.1538461538461538E-003   1619.5808885305173        1.0000000000000000     
   3.0769230769230769E-003   6.5384615384615381E-003   1620.3004711987064        1.0000000000000000     
   3.0769230769230769E-003   6.9230769230769233E-003   1621.1594800249602        1.0000000000000000     
   3.0769230769230769E-003   7.3076923076923076E-003   1622.1059641453612        1.0000000000000000     
   3.0769230769230769E-003   7.6923076923076927E-003   1623.0816313377406        1.0000000000000000     
   3.0769230769230769E-003   8.0769230769230770E-003   1624.0253970631506        1.0000000000000000     
   3.0769230769230769E-003   8.4615384615384613E-003   1624.8773758674163        1.0000000000000000     
   3.0769230769230769E-003   8.8461538461538456E-003   1625.5830510535213        1.0000000000000000     
   3.0769230769230769E-003   9.2307692307692299E-003   1626.0972861565358        1.0000000000000000     
   3.0769230769230769E-003   9.6153846153846159E-003   1626.3878050802241        1.0000000000000000     

   3.4615384615384616E-003   3.8461538461538462E-004   1621.0914913572155        1.0000000000000000     
   3.4615384615384616E-003   7.6923076923076923E-004   1621.0514546314073        1.0000000000000000     
   3.4615384615384616E-003   1.1538461538461537E-003   1620.7566583634684        1.0000000000000000     
   3.4615384615384616E-003   1.5384615384615385E-003   1620.2390483793754        1.0000000000000000     
   3.4615384615384616E-003   1.9230769230769232E-003   1619.5435196481001        1.0000000000000000     
   3.4615384615384616E-003   2.3076923076923075E-003   1618.7246296090402        1.0000000000000000     
   3.4615384615384616E-003   2.6923076923076922E-003   1617.8427686580260        1.0000000000000000     
   3.4615384615384616E-003   3.0769230769230769E-003   1616.9601428169226        1.0000000000000000     
   3.4615384615384616E-003   3.4615384615384616E-003   1616.1368939833899        1.0000000000000000     
   3.4615384615384616E-003   3.8461538461538464E-003   1615.4276145801966        1.0000000000000000     
   3.4615384615384616E-003   4.2307692307692307E-003   1614.8784250485919        1.0000000000000000     
   3.4615384615384616E-003   4.6153846153846149E-003   1614.5246957496524        1.0000000000000000     
   3.4615384615384616E-003   5.0000000000000001E-003   1614.3894276499418        1.0000000000000000     
   3.4615384615384616E-003   5.3846153846153844E-003   1614.4822695007776        1.0000000000000000     
   3.4615384615384616E-003   5.7692307692307696E-003   1614.7991442361415        1.0000000000000000     
   3.4615384615384616E-003   6.1538461538461538E-003   1615.3224757298585        1.0000000000000000     
   3.4615384615384616E-003   6.5384615384615381E-003   1616.0220337798039        1.0000000000000000     
   3.4615384615384616E-003   6.9230769230769233E-003   1616.8564327097220        1.0000000000000000     
   3.4615384615384616E-003   7.3076923076923076E-003   1617.7753123576963        1.0000000000000000     
   3.4615384615384616E-003   7.6923076923076927E-003   1618.7221914529414        1.0000000000000000     
   3.4615384615384616E-003   8.0769230769230770E-003   1619.6379139889184        1.0000000000000000     
   3.4615384615384616E-003   8.4615384615384613E-003   1620.4645202907382        1.0000000000000000     
   3.4615384615384616E-003   8.8461538461538456E-003   1621.1492841718300        1.0000000000000000     
   3.4615384615384616E-003   9.2307692307692299E-003   1621.6485864209994        1.0000000000000000     
   3.4615384615384616E-003   9.6153846153846159E-003   1621.9312607291376        1.0000000000000000     

   3.8461538461538464E-003   3.8461538461538462E-004   1616.9869849313234        1.0000000000000000     
   3.8461538461538464E-003   7.6923076923076923E-004   1616.9547140342963        1.0000000000000000     
   3.8461538461538464E-003   1.1538461538461537E-003   1616.6756228263428        1.0000000000000000     
   3.8461538461538464E-003   1.5384615384615385E-003   1616.1806094801821        1.0000000000000000     
   3.8461538461538464E-003   1.9230769230769232E-003   1615.5131016222469        1.0000000000000000     
   3.8461538461538464E-003   2.3076923076923075E-003   1614.7258815506113        1.0000000000000000     
   3.8461538461538464E-003   2.6923076923076922E-003   1613.8773852638210        1.0000000000000000     
   3.8461538461538464E-003   3.0769230769230769E-003   1613.0278174509631        1.0000000000000000     
   3.8461538461538464E-003   3.4615384615384616E-003   1612.2353964952761        1.0000000000000000     
   3.8461538461538464E-003   3.8461538461538464E-003   1611.5529780006450        1.0000000000000000     
   3.8461538461538464E-003   4.2307692307692307E-003   1611.0252206839784        1.0000000000000000     
   3.8461538461538464E-003   4.6153846153846149E-003   1610.6863750709342        1.0000000000000000     
   3.8461538461538464E-003   5.0000000000000001E-003   1610.5587107203150        1.0000000000000000     
   3.8461538461538464E-003   5.3846153846153844E-003   1610.6515620727248        1.0000000000000000     
   3.8461538461538464E-003   5.7692307692307696E-003   1610.9609676237528        1.0000000000000000     
   3.8461538461538464E-003   6.1538461538461538E-003   1611.4698940830876        1.0000000000000000     
   3.8461538461538464E-003   6.5384615384615381E-003   1612.1490621109040        1.0000000000000000     
   3.8461538461538464E-003   6.9230769230769233E-003   1612.9584063977723        1.0000000000000000     
   3.8461538461538464E-003   7.3076923076923076E-003   1613.8491959870116        1.0000000000000000     
   3.8461538461538464E-003   7.6923076923076927E-003   1614.7668031364992        1.0000000000000000     
   3.8461538461538464E-003   8.0769230769230770E-003   1615.6540420595149        1.0000000000000000     
   3.8461538461538464E-003   8.4615384615384613E-003   1616.4549131442357        1.0000000000000000     
   3.8461538461538464E-003   8.8461538461538456E-003   1617.1185011879611        1.0000000000000000     
   3.8461538461538464E-003   9.2307692307692299E-003   1617.6027079974390        1.0000000000000000     
   3.8461538461538464E-003   9.6153846153846159E-003   1617.8774685693456        1.0000000000000000     

   4.2307692307692307E-003   3.8461538461538462E-004   1613.5402164984243        1.0000000000000000     
   4.2307692307692307E-003   7.6923076923076923E-004   1613.5157939917353        1.0000000000000000     
   4.2307692307692307E-003   1.1538461538461537E-003   1613.2524585948179        1.0000000000000000     
   4.2307692307692307E-003   1.5384615384615385E-003   1612.7800623754670        1.0000000000000000     
   4.2307692307692307E-003   1.9230769230769232E-003   1612.1405682726804        1.0000000000000000     
   4.2307692307692307E-003   2.3076923076923075E-003   1611.3849874509128        1.0000000000000000     
   4.2307692307692307E-003   2.6923076923076922E-003   1610.5698069961027        1.0000000000000000     
   4.2307692307692307E-003   3.0769230769230769E-003   1609.7532371322920        1.0000000000000000     
   4.2307692307692307E-003   3.4615384615384616E-003   1608.9915806200647        1.0000000000000000     
   4.2307692307692307E-003   3.8461538461538464E-003   1608.3359645570501        1.0000000000000000     
   4.2307692307692307E-003   4.2307692307692307E-003   1607.8295939118598        1.0000000000000000     
   4.2307692307692307E-003   4.6153846153846149E-003   1607.5056062439137        1.0000000000000000     
   4.2307692307692307E-003   5.0000000000000001E-003   1607.3855448433671        1.0000000000000000     
   4.2307692307692307E-003   5.3846153846153844E-003   1607.4784329099191        1.0000000000000000     
   4.2307692307692307E-003   5.7692307692307696E-003   1607.7804255181095        1.0000000000000000     
   4.2307692307692307E-003   6.1538461538461538E-003   1608.2750315267263        1.0000000000000000     
   4.2307692307692307E-003   6.5384615384615381E-003   1608.9339206102832        1.0000000000000000     
   4.2307692307692307E-003   6.9230769230769233E-003   1609.7183453140112        1.0000000000000000     
   4.2307692307692307E-003   7.3076923076923076E-003   1610.5812008583769        1.0000000000000000     
   4.2307692307692307E-003   7.6923076923076927E-003   1611.4697090098425        1.0000000000000000     
   4.2307692307692307E-003   8.0769230769230770E-003   1612.3286479985861        1.0000000000000000     
   4.2307692307692307E-003   8.4615384615384613E-003   1613.1039683075046        1.0000000000000000     
   4.2307692307692307E-003   8.8461538461538456E-003   1613.7465509563042        1.0000000000000000     
   4.2307692307692307E-003   9.2307692307692299E-003   1614.2158002126962        1.0000000000000000     
   4.2307692307692307E-003   9.6153846153846159E-003   1614.4827341629016        1.0000000000000000     

   4.6153846153846149E-003   3.8461538461538462E-004   1610.9874603956875        1.0000000000000000     
   4.6153846153846149E-003   7.6923076923076923E-004   1610.9708239088320        1.0000000000000000     
   4.6153846153846149E-003   1.1538461538461537E-003   1610.7229757040050        1.0000000000000000     
   4.6153846153846149E-003   1.5384615384615385E-003   1610.2727460825683        1.0000000000000000     
   4.6153846153846149E-003   1.9230769230769232E-003   1609.6606678787455        1.0000000000000000     
   4.6153846153846149E-003   2.3076923076923075E-003   1608.9360237672911        1.0000000000000000     
   4.6153846153846149E-003   2.6923076923076922E-003   1608.1533999565218        1.0000000000000000     
   4.6153846153846149E-003   3.0769230769230769E-003   1607.3690626543753        1.0000000000000000     
   4.6153846153846149E-003   3.4615384615384616E-003   1606.6374487753856        1.0000000000000000     
   4.6153846153846149E-003   3.8461538461538464E-003   1606.0080030205365        1.0000000000000000     
   4.6153846153846149E-003   4.2307692307692307E-003   1605.5225163401356        1.0000000000000000     
   4.6153846153846149E-003   4.6153846153846149E-003   1605.2130444145339        1.0000000000000000     
   4.6153846153846149E-003   5.0000000000000001E-003   1605.1004250285846        1.0000000000000000     
   4.6153846153846149E-003   5.3846153846153844E-003   1605.1933795697098        1.0000000000000000     
   4.6153846153846149E-003   5.7692307692307696E-003   1605.4881774789594        1.0000000000000000     
   4.6153846153846149E-003   6.1538461538461538E-003   1605.9688562839970        1.0000000000000000     
   4.6153846153846149E-003   6.5384615384615381E-003   1606.6080108933695        1.0000000000000000     
   4.6153846153846149E-003   6.9230769230769233E-003   1607.3681790512742        1.0000000000000000     
   4.6153846153846149E-003   7.3076923076923076E-003   1608.2038423396468        1.0000000000000000     
   4.6153846153846149E-003   7.6923076923076927E-003   1609.0640269168764        1.0000000000000000     
   4.6153846153846149E-003   8.0769230769230770E-003   1609.8954265625757        1.0000000000000000     
   4.6153846153846149E-003   8.4615384615384613E-003   1610.6458922069266        1.0000000000000000     
   4.6153846153846149E-003   8.8461538461538456E-003   1611.2680530000964        1.0000000000000000     
   4.6153846153846149E-003   9.2307692307692299E-003   1611.7227728444739        1.0000000000000000     
   4.6153846153846149E-003   9.6153846153846159E-003   1611.9821200778356        1.0000000000000000     

   5.0000000000000001E-003   3.8461538461538462E-004   1609.5281247346368        1.0000000000000000     
   5.0000000000000001E-003   7.6923076923076923E-004   1609.5190838506785        1.0000000000000000     
   5.0000000000000001E-003   1.1538461538461537E-003   1609.2861736542559        1.0000000000000000     
   5.0000000000000001E-003   1.5384615384615385E-003   1608.8572470883398        1.0000000000000000     
   5.0000000000000001E-003   1.9230769230769232E-003   1608.2714695504508        1.0000000000000000     
   5.0000000000000001E-003   2.3076923076923075E-003   1607.5764718056641        1.0000000000000000     
   5.0000000000000001E-003   2.6923076923076922E-003   1606.8250245255554        1.0000000000000000     
   5.0000000000000001E-003   3.0769230769230769E-003   1606.0715384811067        1.0000000000000000     
   5.0000000000000001E-003   3.4615384615384616E-003   1605.3686710817003        1.0000000000000000     
   5.0000000000000001E-003   3.8461538461538464E-003   1604.7642636629523        1.0000000000000000     
   5.0000000000000001E-003   4.2307692307692307E-003   1604.2987604869163        1.0000000000000000     
   5.0000000000000001E-003   4.6153846153846149E-003   1604.0031874545575        1.0000000000000000     
   5.0000000000000001E-003   5.0000000000000001E-003   1603.8977111486513        1.0000000000000000     
   5.0000000000000001E-003   5.3846153846153844E-003   1603.9907660862063        1.0000000000000000     
   5.0000000000000001E-003   5.7692307692307696E-003   1604.2787310898996        1.0000000000000000     
   5.0000000000000001E-003   6.1538461538461538E-003   1604.7461478549378        1.0000000000000000     
   5.0000000000000001E-003   6.5384615384615381E-003   1605.3664938553445        1.0000000000000000     
   5.0000000000000001E-003   6.9230769230769233E-003   1606.1035334374578        1.0000000000000000     
   5.0000000000000001E-003   7.3076923076923076E-003   1606.9132630845254        1.0000000000000000     
   5.0000000000000001E-003   7.6923076923076927E-003   1607.7464328377230        1.0000000000000000     
   5.0000000000000001E-003   8.0769230769230770E-003   1608.5515669532003        1.0000000000000000     
   5.0000000000000001E-003   8.4615384615384613E-003   1609.2783322579021        1.0000000000000000     
   5.0000000000000001E-003   8.8461538461538456E-003   1609.8810276109477        1.0000000000000000     
   5.0000000000000001E-003   9.2307692307692299E-003   1610.3219102032112        1.0000000000000000     
   5.0000000000000001E-003   9.6153846153846159E-003   1610.5740501898558        1.0000000000000000     

   5.3846153846153844E-003   3.8461538461538462E-004   1609.3084986999181        1.0000000000000000     
   5.3846153846153844E-003   7.6923076923076923E-004   1609.3067523554182        1.0000000000000000     
   5.3846153846153844E-003   1.1538461538461537E-003   1609.0879928828836        1.0000000000000000     
   5.3846153846153844E-003   1.5384615384615385E-003   1608.6791572128716        1.0000000000000000     
   5.3846153846153844E-003   1.9230769230769232E-003   1608.1181296471789        1.0000000000000000     
   5.3846153846153844E-003   2.3076923076923075E-003   1607.4509941764702        1.0000000000000000     
   5.3846153846153844E-003   2.6923076923076922E-003   1606.7288226009234        1.0000000000000000     
   5.3846153846153844E-003   3.0769230769230769E-003   1606.0042907732618        1.0000000000000000     
   5.3846153846153844E-003   3.4615384615384616E-003   1605.3283934875951        1.0000000000000000     
   5.3846153846153844E-003   3.8461538461538464E-003   1604.7474751804398        1.0000000000000000     
   5.3846153846153844E-003   4.2307692307692307E-003   1604.3007237018298        1.0000000000000000     
   5.3846153846153844E-003   4.6153846153846149E-003   1604.0182047096514        1.0000000000000000     
   5.3846153846153844E-003   5.0000000000000001E-003   1603.9194591119015        1.0000000000000000     
   5.3846153846153844E-003   5.3846153846153844E-003   1604.0126540737090        1.0000000000000000     
   5.3846153846153844E-003   5.7692307692307696E-003   1604.2942705416635        1.0000000000000000     
   5.3846153846153844E-003   6.1538461538461538E-003   1604.7493207853940        1.0000000000000000     
   5.3846153846153844E-003   6.5384615384615381E-003   1605.3521065699583        1.0000000000000000     
   5.3846153846153844E-003   6.9230769230769233E-003   1606.0675387804595        1.0000000000000000     
   5.3846153846153844E-003   7.3076923076923076E-003   1606.8530310960673        1.0000000000000000     
   5.3846153846153844E-003   7.6923076923076927E-003   1607.6609474643224        1.0000000000000000     
   5.3846153846153844E-003   8.0769230769230770E-003   1608.4415268518317        1.0000000000000000     
   5.3846153846153844E-003   8.4615384615384613E-003   1609.1461377919227        1.0000000000000000     
   5.3846153846153844E-003   8.8461538461538456E-003   1609.7306441217479        1.0000000000000000     
   5.3846153846153844E-003   9.2307692307692299E-003   1610.1586089163989        1.0000000000000000     
   5.3846153846153844E-003   9.6153846153846159E-003   1610.4040411951853        1.0000000000000000     

   5.7692307692307696E-003   3.8461538461538462E-004   1610.4057333564374        1.0000000000000000     
   5.7692307692307696E-003   7.6923076923076923E-004   1610.4108866927156        1.0000000000000000     
   5.7692307692307696E-003   1.1538461538461537E-003   1610.2052965825469        1.0000000000000000     
   5.7692307692307696E-003   1.5384615384615385E-003   1609.8150588122030        1.0000000000000000     
   5.7692307692307696E-003   1.9230769230769232E-003   1609.2768817976421        1.0000000000000000     
   5.7692307692307696E-003   2.3076923076923075E-003   1608.6354306016378        1.0000000000000000     
   5.7692307692307696E-003   2.6923076923076922E-003   1607.9402196658216        1.0000000000000000     
   5.7692307692307696E-003   3.0769230769230769E-003   1607.2423357016496        1.0000000000000000     
   5.7692307692307696E-003   3.4615384615384616E-003   1606.5912518577770        1.0000000000000000     
   5.7692307692307696E-003   3.8461538461538464E-003   1606.0319436929863        1.0000000000000000     
   5.7692307692307696E-003   4.2307692307692307E-003   1605.6024508964695        1.0000000000000000     
   5.7692307692307696E-003   4.6153846153846149E-003   1605.3319620460870        1.0000000000000000     
   5.7692307692307696E-003   5.0000000000000001E-003   1605.2394466617952        1.0000000000000000     
   5.7692307692307696E-003   5.3846153846153844E-003   1605.3328276488544        1.0000000000000000     
   5.7692307692307696E-003   5.7692307692307696E-003   1605.6086790556860        1.0000000000000000     
   5.7692307692307696E-003   6.1538461538461538E-003   1606.0524430438084        1.0000000000000000     
   5.7692307692307696E-003   6.5384615384615381E-003   1606.6391751930723        1.0000000000000000     
   5.7692307692307696E-003   6.9230769230769233E-003   1607.3348360245936        1.0000000000000000     
   5.7692307692307696E-003   7.3076923076923076E-003   1608.0981380346709        1.0000000000000000     
   5.7692307692307696E-003   7.6923076923076927E-003   1608.8829257635434        1.0000000000000000     
   5.7692307692307696E-003   8.0769230769230770E-003   1609.6410126337951        1.0000000000000000     
   5.7692307692307696E-003   8.4615384615384613E-003   1610.3253308014548        1.0000000000000000     
   5.7692307692307696E-003   8.8461538461538456E-003   1610.8931828417276        1.0000000000000000     
   5.7692307692307696E-003   9.2307692307692299E-003   1611.3093327870499        1.0000000000000000     
   5.7692307692307696E-003   9.6153846153846159E-003   1611.5486532557472        1.0000000000000000     

   6.1538461538461538E-003   3.8461538461538462E-004   1612.8137247767042        1.0000000000000000     
   6.1538461538461538E-003   7.6923076923076923E-004   1612.8253048818337        1.0000000000000000     
   6.1538461538461538E-003   1.1538461538461537E-003   1612.6317528803104        1.0000000000000000     
   6.1538461538461538E-003   1.5384615384615385E-003   1612.2584082066207        1.0000000000000000     
   6.1538461538461538E-003   1.9230769230769232E-003   1611.7409224167966        1.0000000000000000     
   6.1538461538461538E-003   2.3076923076923075E-003   1611.1226860684278        1.0000000000000000     
   6.1538461538461538E-003   2.6923076923076922E-003   1610.4518158210158        1.0000000000000000     
   6.1538461538461538E-003   3.0769230769230769E-003   1609.7779733003611        1.0000000000000000     
   6.1538461538461538E-003   3.4615384615384616E-003   1609.1492683200177        1.0000000000000000     
   6.1538461538461538E-003   3.8461538461538464E-003   1608.6094510285589        1.0000000000000000     
   6.1538461538461538E-003   4.2307692307692307E-003   1608.1955340283196        1.0000000000000000     
   6.1538461538461538E-003   4.6153846153846149E-003   1607.9359216658024        1.0000000000000000     
   6.1538461538461538E-003   5.0000000000000001E-003   1607.8490725705574        1.0000000000000000     
   6.1538461538461538E-003   5.3846153846153844E-003   1607.9426910096010        1.0000000000000000     
   6.1538461538461538E-003   5.7692307692307696E-003   1608.2134338525432        1.0000000000000000     
   6.1538461538461538E-003   6.1538461538461538E-003   1608.6471274134019        1.0000000000000000     
   6.1538461538461538E-003   6.5384615384615381E-003   1609.2195018709929        1.0000000000000000     
   6.1538461538461538E-003   6.9230769230769233E-003   1609.8974583515430        1.0000000000000000     
   6.1538461538461538E-003   7.3076923076923076E-003   1610.6408748029760        1.0000000000000000     
   6.1538461538461538E-003   7.6923076923076927E-003   1611.4049260016322        1.0000000000000000     
   6.1538461538461538E-003   8.0769230769230770E-003   1612.1428415383841        1.0000000000000000     
   6.1538461538461538E-003   8.4615384615384613E-003   1612.8089613452173        1.0000000000000000     
   6.1538461538461538E-003   8.8461538461538456E-003   1613.3618843320512        1.0000000000000000     
   6.1538461538461538E-003   9.2307692307692299E-003   1613.7674572416211        1.0000000000000000     
   6.1538461538461538E-003   9.6153846153846159E-003   1614.0013315643967        1.0000000000000000     

   6.5384615384615381E-003   3.8461538461538462E-004   1616.4330420419008        1.0000000000000000     
   6.5384615384615381E-003   7.6923076923076923E-004   1616.4505124465165        1.0000000000000000     
   6.5384615384615381E-003   1.1538461538461537E-003   1616.2677608240665        1.0000000000000000     
   6.5384615384615381E-003   1.5384615384615385E-003   1615.9094612915919        1.0000000000000000     
   6.5384615384615381E-003   1.9230769230769232E-003   1615.4103362204055        1.0000000000000000     
   6.5384615384615381E-003   2.3076923076923075E-003   1614.8126563970561        1.0000000000000000     
   6.5384615384615381E-003   2.6923076923076922E-003   1614.1633114231051        1.0000000000000000     
   6.5384615384615381E-003   3.0769230769230769E-003   1613.5107130711169        1.0000000000000000     
   6.5384615384615381E-003   3.4615384615384616E-003   1612.9017766269646        1.0000000000000000     
   6.5384615384615381E-003   3.8461538461538464E-003   1612.3791795521815        1.0000000000000000     
   6.5384615384615381E-003   4.2307692307692307E-003   1611.9790360479647        1.0000000000000000     
   6.5384615384615381E-003   4.6153846153846149E-003   1611.7290647838108        1.0000000000000000     
   6.5384615384615381E-003   5.0000000000000001E-003   1611.6472776359303        1.0000000000000000     
   6.5384615384615381E-003   5.3846153846153844E-003   1611.7411873290141        1.0000000000000000     
   6.5384615384615381E-003   5.7692307692307696E-003   1612.0075225171663        1.0000000000000000     
   6.5384615384615381E-003   6.1538461538461538E-003   1612.4324449063738        1.0000000000000000     
   6.5384615384615381E-003   6.5384615384615381E-003   1612.9922747920252        1.0000000000000000     
   6.5384615384615381E-003   6.9230769230769233E-003   1613.6547374809111        1.0000000000000000     
   6.5384615384615381E-003   7.3076923076923076E-003   1614.3807337533749        1.0000000000000000     
   6.5384615384615381E-003   7.6923076923076927E-003   1615.1266076039906        1.0000000000000000     
   6.5384615384615381E-003   8.0769230769230770E-003   1615.8468350782653        1.0000000000000000     
   6.5384615384615381E-003   8.4615384615384613E-003   1616.4969966434132        1.0000000000000000     
   6.5384615384615381E-003   8.8461538461538456E-003   1617.0368346521050        1.0000000000000000     
   6.5384615384615381E-003   9.2307692307692299E-003   1617.4331515756312        1.0000000000000000     
   6.5384615384615381E-003   9.6153846153846159E-003   1617.6622867913220        1.0000000000000000     

   6.9230769230769233E-003   3.8461538461538462E-004   1621.0672432850686        1.0000000000000000     
   6.9230769230769233E-003   7.6923076923076923E-004   1621.0900173232703        1.0000000000000000     
   6.9230769230769233E-003   1.1538461538461537E-003   1620.9167636892457        1.0000000000000000     
   6.9230769230769233E-003   1.5384615384615385E-003   1620.5715848097630        1.0000000000000000     
   6.9230769230769233E-003   1.9230769230769232E-003   1620.0884050795928        1.0000000000000000     
   6.9230769230769233E-003   2.3076923076923075E-003   1619.5085343617441        1.0000000000000000     
   6.9230769230769233E-003   2.6923076923076922E-003   1618.8778102371523        1.0000000000000000     
   6.9230769230769233E-003   3.0769230769230769E-003   1618.2435740247465        1.0000000000000000     
   6.9230769230769233E-003   3.4615384615384616E-003   1617.6517190420241        1.0000000000000000     
   6.9230769230769233E-003   3.8461538461538464E-003   1617.1440059494898        1.0000000000000000     
   6.9230769230769233E-003   4.2307692307692307E-003   1616.7557817234515        1.0000000000000000     
   6.9230769230769233E-003   4.6153846153846149E-003   1616.5141797108065        1.0000000000000000     
   6.9230769230769233E-003   5.0000000000000001E-003   1616.4368302916369        1.0000000000000000     
   6.9230769230769233E-003   5.3846153846153844E-003   1616.5310821882233        1.0000000000000000     
   6.9230769230769233E-003   5.7692307692307696E-003   1616.7937245442863        1.0000000000000000     
   6.9230769230769233E-003   6.1538461538461538E-003   1617.2112046782318        1.0000000000000000     
   6.9230769230769233E-003   6.5384615384615381E-003   1617.7603466678750        1.0000000000000000     
   6.9230769230769233E-003   6.9230769230769233E-003   1618.4095808429693        1.0000000000000000     
   6.9230769230769233E-003   7.3076923076923076E-003   1619.1206846008797        1.0000000000000000     
   6.9230769230769233E-003   7.6923076923076927E-003   1619.8510057982892        1.0000000000000000     
   6.9230769230769233E-003   8.0769230769230770E-003   1620.5560923823684        1.0000000000000000     
   6.9230769230769233E-003   8.4615384615384613E-003   1621.1925931245089        1.0000000000000000     
   6.9230769230769233E-003   8.8461538461538456E-003   1621.7212362081430        1.0000000000000000     
   6.9230769230769233E-003   9.2307692307692299E-003   1622.1096488373626        1.0000000000000000     
   6.9230769230769233E-003   9.6153846153846159E-003   1622.3347643715983        1.0000000000000000     

   7.3076923076923076E-003   3.8461538461538462E-004   1626.4276972607199        1.0000000000000000     
   7.3076923076923076E-003   7.6923076923076923E-004   1626.4551504403012        1.0000000000000000     
   7.3076923076923076E-003   1.1538461538461537E-003   1626.2900668391092        1.0000000000000000     
   7.3076923076923076E-003   1.5384615384615385E-003   1625.9560699592957        1.0000000000000000     
   7.3076923076923076E-003   1.9230769230769232E-003   1625.4864161188086        1.0000000000000000     
   7.3076923076923076E-003   2.3076923076923075E-003   1624.9216113562143        1.0000000000000000     
   7.3076923076923076E-003   2.6923076923076922E-003   1624.3066141230265        1.0000000000000000     
   7.3076923076923076E-003   3.0769230769230769E-003   1623.6878722322658        1.0000000000000000     
   7.3076923076923076E-003   3.4615384615384616E-003   1623.1104269809068        1.0000000000000000     
   7.3076923076923076E-003   3.8461538461538464E-003   1622.6152755354206        1.0000000000000000     
   7.3076923076923076E-003   4.2307692307692307E-003   1622.2371264934775        1.0000000000000000     
   7.3076923076923076E-003   4.6153846153846149E-003   1622.0026263629518        1.0000000000000000     
   7.3076923076923076E-003   5.0000000000000001E-003   1621.9290880429392        1.0000000000000000     
   7.3076923076923076E-003   5.3846153846153844E-003   1622.0237232790596        1.0000000000000000     
   7.3076923076923076E-003   5.7692307692307696E-003   1622.2833706338872        1.0000000000000000     
   7.3076923076923076E-003   6.1538461538461538E-003   1622.6947141407329        1.0000000000000000     
   7.3076923076923076E-003   6.5384615384615381E-003   1623.2349967098617        1.0000000000000000     
   7.3076923076923076E-003   6.9230769230769233E-003   1623.8732362209535        1.0000000000000000     
   7.3076923076923076E-003   7.3076923076923076E-003   1624.5719422470536        1.0000000000000000     
   7.3076923076923076E-003   7.6923076923076927E-003   1625.2893028298286        1.0000000000000000     
   7.3076923076923076E-003   8.0769230769230770E-003   1625.9817647166915        1.0000000000000000     
   7.3076923076923076E-003   8.4615384615384613E-003   1626.6068739071047        1.0000000000000000     
   7.3076923076923076E-003   8.8461538461538456E-003   1627.1261876507008        1.0000000000000000     
   7.3076923076923076E-003   9.2307692307692299E-003   1627.5080274586771        1.0000000000000000     
   7.3076923076923076E-003   9.6153846153846159E-003   1627.7298271089410        1.0000000000000000     

   7.6923076923076927E-003   3.8461538461538462E-004   1632.1482898260037        1.0000000000000000     
   7.6923076923076927E-003   7.6923076923076923E-004   1632.1797712010637        1.0000000000000000     
   7.6923076923076927E-003   1.1538461538461537E-003   1632.0215388530214        1.0000000000000000     
   7.6923076923076927E-003   1.5384615384615385E-003   1631.6968262146206        1.0000000000000000     
   7.6923076923076927E-003   1.9230769230769232E-003   1631.2383458464938        1.0000000000000000     
   7.6923076923076927E-003   2.3076923076923075E-003   1630.6859501438894        1.0000000000000000     
   7.6923076923076927E-003   2.6923076923076922E-003   1630.0838834809329        1.0000000000000000     
   7.6923076923076927E-003   3.0769230769230769E-003   1629.4778688308193        1.0000000000000000     
   7.6923076923076927E-003   3.4615384615384616E-003   1628.9122572064964        1.0000000000000000     
   7.6923076923076927E-003   3.8461538461538464E-003   1628.4274279602716        1.0000000000000000     
   7.6923076923076927E-003   4.2307692307692307E-003   1628.0575735942466        1.0000000000000000     
   7.6923076923076927E-003   4.6153846153846149E-003   1627.8289471715843        1.0000000000000000     
   7.6923076923076927E-003   5.0000000000000001E-003   1627.7586048186847        1.0000000000000000     
   7.6923076923076927E-003   5.3846153846153844E-003   1627.8536469882829        1.0000000000000000     
   7.6923076923076927E-003   5.7692307692307696E-003   1628.1109512566115        1.0000000000000000     
   7.6923076923076927E-003   6.1538461538461538E-003   1628.5173920491927        1.0000000000000000     
   7.6923076923076927E-003   6.5384615384615381E-003   1629.0505504153796        1.0000000000000000     
   7.6923076923076927E-003   6.9230769230769233E-003   1629.6799199165346        1.0000000000000000     
   7.6923076923076927E-003   7.3076923076923076E-003   1630.3686044038643        1.0000000000000000     
   7.6923076923076927E-003   7.6923076923076927E-003   1631.0754754589968        1.0000000000000000     
   7.6923076923076927E-003   8.0769230769230770E-003   1631.7577125889886        1.0000000000000000     
   7.6923076923076927E-003   8.4615384615384613E-003   1632.3735945950195        1.0000000000000000     
   7.6923076923076927E-003   8.8461538461538456E-003   1632.8853568696154        1.0000000000000000     
   7.6923076923076927E-003   9.2307692307692299E-003   1633.2618895003677        1.0000000000000000     
   7.6923076923076927E-003   9.6153846153846159E-003   1633.4810364035081        1.0000000000000000     

   8.0769230769230770E-003   3.8461538461538462E-004   1637.8101684814071        1.0000000000000000     
   8.0769230769230770E-003   7.6923076923076923E-004   1637.8450107789511        1.0000000000000000     
   8.0769230769230770E-003   1.1538461538461537E-003   1637.6923483361941        1.0000000000000000     
   8.0769230769230770E-003   1.5384615384615385E-003   1637.3751070630244        1.0000000000000000     
   8.0769230769230770E-003   1.9230769230769232E-003   1636.9255711440005        1.0000000000000000     
   8.0769230769230770E-003   2.3076923076923075E-003   1636.3830785336886        1.0000000000000000     
   8.0769230769230770E-003   2.6923076923076922E-003   1635.7913122744360        1.0000000000000000     
   8.0769230769230770E-003   3.0769230769230769E-003   1635.1954263149760        1.0000000000000000     
   8.0769230769230770E-003   3.4615384615384616E-003   1634.6392305262475        1.0000000000000000     
   8.0769230769230770E-003   3.8461538461538464E-003   1634.1626205537332        1.0000000000000000     
   8.0769230769230770E-003   4.2307692307692307E-003   1633.7993852208128        1.0000000000000000     
   8.0769230769230770E-003   4.6153846153846149E-003   1633.5754699451320        1.0000000000000000     
   8.0769230769230770E-003   5.0000000000000001E-003   1633.5077298803171        1.0000000000000000     
   8.0769230769230770E-003   5.3846153846153844E-003   1633.6031778954555        1.0000000000000000     
   8.0769230769230770E-003   5.7692307692307696E-003   1633.8587212029556        1.0000000000000000     
   8.0769230769230770E-003   6.1538461538461538E-003   1634.2613822172855        1.0000000000000000     
   8.0769230769230770E-003   6.5384615384615381E-003   1634.7890059639026        1.0000000000000000     
   8.0769230769230770E-003   6.9230769230769233E-003   1635.4114585252589        1.0000000000000000     
   8.0769230769230770E-003   7.3076923076923076E-003   1636.0923104565395        1.0000000000000000     
   8.0769230769230770E-003   7.6923076923076927E-003   1636.7909715156654        1.0000000000000000     
   8.0769230769230770E-003   8.0769230769230770E-003   1637.4651994517581        1.0000000000000000     
   8.0769230769230770E-003   8.4615384615384613E-003   1638.0738524724613        1.0000000000000000     
   8.0769230769230770E-003   8.8461538461538456E-003   1638.5797030225651        1.0000000000000000     
   8.0769230769230770E-003   9.2307692307692299E-003   1638.9520920345497        1.0000000000000000     
   8.0769230769230770E-003   9.6153846153846159E-003   1639.1691889274966        1.0000000000000000     

   8.4615384615384613E-003   3.8461538461538462E-004   1642.9751195399947        1.0000000000000000     
   8.4615384615384613E-003   7.6923076923076923E-004   1643.0126475871621        1.0000000000000000     
   8.4615384615384613E-003   1.1538461538461537E-003   1642.8643306085573        1.0000000000000000     
   8.4615384615384613E-003   1.5384615384615385E-003   1642.5528617236273        1.0000000000000000     
   8.4615384615384613E-003   1.9230769230769232E-003   1642.1102010795416        1.0000000000000000     
   8.4615384615384613E-003   2.3076923076923075E-003   1641.5752978759404        1.0000000000000000     
   8.4615384615384613E-003   2.6923076923076922E-003   1640.9914114782948        1.0000000000000000     
   8.4615384615384613E-003   3.0769230769230769E-003   1640.4032669374142        1.0000000000000000     
   8.4615384615384613E-003   3.4615384615384616E-003   1639.8542668173736        1.0000000000000000     
   8.4615384615384613E-003   3.8461538461538464E-003   1639.3839431595229        1.0000000000000000     
   8.4615384615384613E-003   4.2307692307692307E-003   1639.0257816311403        1.0000000000000000     
   8.4615384615384613E-003   4.6153846153846149E-003   1638.8054966763866        1.0000000000000000     
   8.4615384615384613E-003   5.0000000000000001E-003   1638.7397923947619        1.0000000000000000     
   8.4615384615384613E-003   5.3846153846153844E-003   1638.8356154307660        1.0000000000000000     
   8.4615384615384613E-003   5.7692307692307696E-003   1639.0898945214954        1.0000000000000000     
   8.4615384615384613E-003   6.1538461538461538E-003   1639.4897624341893        1.0000000000000000     
   8.4615384615384613E-003   6.5384615384615381E-003   1640.0132619666938        1.0000000000000000     
   8.4615384615384613E-003   6.9230769230769233E-003   1640.6305392231341        1.0000000000000000     
   8.4615384615384613E-003   7.3076923076923076E-003   1641.3055166000579        1.0000000000000000     
   8.4615384615384613E-003   7.6923076923076927E-003   1641.9980106461082        1.0000000000000000     
   8.4615384615384613E-003   8.0769230769230770E-003   1642.6662172025046        1.0000000000000000     
   8.4615384615384613E-003   8.4615384615384613E-003   1643.2694343243941        1.0000000000000000     
   8.4615384615384613E-003   8.8461538461538456E-003   1643.7708428162548        1.0000000000000000     
   8.4615384615384613E-003   9.2307692307692299E-003   1644.1401268537456        1.0000000000000000     
   8.4615384615384613E-003   9.6153846153846159E-003   1644.3557038942786        1.0000000000000000     

   8.8461538461538456E-003   3.8461538461538462E-004   1647.2245555955126        1.0000000000000000     
   8.8461538461538456E-003   7.6923076923076923E-004   1647.2640925411424        1.0000000000000000     
   8.8461538461538456E-003   1.1538461538461537E-003   1647.1189622841573        1.0000000000000000     
   8.8461538461538456E-003   1.5384615384615385E-003   1646.8116916443075        1.0000000000000000     
   8.8461538461538456E-003   1.9230769230769232E-003   1646.3740094377449        1.0000000000000000     
   8.8461538461538456E-003   2.3076923076923075E-003   1645.8445875794991        1.0000000000000000     
   8.8461538461538456E-003   2.6923076923076922E-003   1645.2663835733290        1.0000000000000000     
   8.8461538461538456E-003   3.0769230769230769E-003   1644.6838172665859        1.0000000000000000     
   8.8461538461538456E-003   3.4615384615384616E-003   1644.1400017551259        1.0000000000000000     
   8.8461538461538456E-003   3.8461538461538464E-003   1643.6742109747679        1.0000000000000000     
   8.8461538461538456E-003   4.2307692307692307E-003   1643.3197155804296        1.0000000000000000     
   8.8461538461538456E-003   4.6153846153846149E-003   1643.1020662326275        1.0000000000000000     
   8.8461538461538456E-003   5.0000000000000001E-003   1643.0378597969839        1.0000000000000000     
   8.8461538461538456E-003   5.3846153846153844E-003   1643.1339956287541        1.0000000000000000     
   8.8461538461538456E-003   5.7692307692307696E-003   1643.3874172193123        1.0000000000000000     
   8.8461538461538456E-003   6.1538461538461538E-003   1643.7853350482519        1.0000000000000000     
   8.8461538461538456E-003   6.5384615384615381E-003   1644.3059318263922        1.0000000000000000     
   8.8461538461538456E-003   6.9230769230769233E-003   1644.9195523794949        1.0000000000000000     
   8.8461538461538456E-003   7.3076923076923076E-003   1645.5903694720346        1.0000000000000000     
   8.8461538461538456E-003   7.6923076923076927E-003   1646.2784898251073        1.0000000000000000     
   8.8461538461538456E-003   8.0769230769230770E-003   1646.9424224469290        1.0000000000000000     
   8.8461538461538456E-003   8.4615384615384613E-003   1647.5417803849784        1.0000000000000000     
   8.8461538461538456E-003   8.8461538461538456E-003   1648.0400373196123        1.0000000000000000     
   8.8461538461538456E-003   9.2307692307692299E-003   1648.4071238825759        1.0000000000000000     
   8.8461538461538456E-003   9.6153846153846159E-003   1648.6216357725575        1.0000000000000000     

   9.2307692307692299E-003   3.8461538461538462E-004   1650.1997570076981        1.0000000000000000     
   9.2307692307692299E-003   7.6923076923076923E-004   1650.2406279933571        1.0000000000000000     
   9.2307692307692299E-003   1.1538461538461537E-003   1650.0975886492754        1.0000000000000000     
   9.2307692307692299E-003   1.5384615384615385E-003   1649.7930584683847        1.0000000000000000     
   9.2307692307692299E-003   1.9230769230769232E-003   1649.3586170384601        1.0000000000000000     
   9.2307692307692299E-003   2.3076923076923075E-003   1648.8327575130734        1.0000000000000000     
   9.2307692307692299E-003   2.6923076923076922E-003   1648.2582429380186        1.0000000000000000     
   9.2307692307692299E-003   3.0769230769230769E-003   1647.6792967186007        1.0000000000000000     
   9.2307692307692299E-003   3.4615384615384616E-003   1647.1388458014508        1.0000000000000000     
   9.2307692307692299E-003   3.8461538461538464E-003   1646.6759982754738        1.0000000000000000     
   9.2307692307692299E-003   4.2307692307692307E-003   1646.3238867169086        1.0000000000000000     
   9.2307692307692299E-003   4.6153846153846149E-003   1646.1079566148337        1.0000000000000000     
   9.2307692307692299E-003   5.0000000000000001E-003   1646.0447359119478        1.0000000000000000     
   9.2307692307692299E-003   5.3846153846153844E-003   1646.1410934292849        1.0000000000000000     
   9.2307692307692299E-003   5.7692307692307696E-003   1646.3939818733786        1.0000000000000000     
   9.2307692307692299E-003   6.1538461538461538E-003   1646.7906613438558        1.0000000000000000     
   9.2307692307692299E-003   6.5384615384615381E-003   1647.3094042003288        1.0000000000000000     
   9.2307692307692299E-003   6.9230769230769233E-003   1647.9206828938234        1.0000000000000000     
   9.2307692307692299E-003   7.3076923076923076E-003   1648.5888312991067        1.0000000000000000     
   9.2307692307692299E-003   7.6923076923076927E-003   1649.2741431859567        1.0000000000000000     
   9.2307692307692299E-003   8.0769230769230770E-003   1649.9353297395844        1.0000000000000000     
   9.2307692307692299E-003   8.4615384615384613E-003   1650.5322076234927        1.0000000000000000     
   9.2307692307692299E-003   8.8461538461538456E-003   1651.0284400349356        1.0000000000000000     
   9.2307692307692299E-003   9.2307692307692299E-003   1651.3941172128850        1.0000000000000000     
   9.2307692307692299E-003   9.6153846153846159E-003   1651.6079503522101        1.0000000000000000     

   9.6153846153846159E-003   3.8461538461538462E-004   1651.6382888867647        1.0000000000000000     
   9.6153846153846159E-003   7.6923076923076923E-004   1651.6798221809352        1.0000000000000000     
   9.6153846153846159E-003   1.1538461538461537E-003   1651.5378272090395        1.0000000000000000     
   9.6153846153846159E-003   1.5384615384615385E-003   1651.2346693889340        1.0000000000000000     
   9.6153846153846159E-003   1.9230769230769232E-003   1650.8018531160765        1.0000000000000000     
   9.6153846153846159E-003   2.3076923076923075E-003   1650.2777814611675        1.0000000000000000     
   9.6153846153846159E-003   2.6923076923076922E-003   1649.7051194641779        1.0000000000000000     
   9.6153846153846159E-003   3.0769230769230769E-003   1649.1279915090586        1.0000000000000000     
   9.6153846153846159E-003   3.4615384615384616E-003   1648.5892306929200        1.0000000000000000     
   9.6153846153846159E-003   3.8461538461538464E-003   1648.1278614749624        1.0000000000000000     
   9.6153846153846159E-003   4.2307692307692307E-003   1647.7769467901280        1.0000000000000000     
   9.6153846153846159E-003   4.6153846153846149E-003   1647.5618790713402        1.0000000000000000     
   9.6153846153846159E-003   5.0000000000000001E-003   1647.4991514801543        1.0000000000000000     
   9.6153846153846159E-003   5.3846153846153844E-003   1647.5956174134349        1.0000000000000000     
   9.6153846153846159E-003   5.7692307692307696E-003   1647.8482341961412        1.0000000000000000     
   9.6153846153846159E-003   6.1538461538461538E-003   1648.2442869156005        1.0000000000000000     
   9.6153846153846159E-003   6.5384615384615381E-003   1648.7620930924766        1.0000000000000000     
   9.6153846153846159E-003   6.9230769230769233E-003   1649.3721894705300        1.0000000000000000     
   9.6153846153846159E-003   7.3076923076923076E-003   1650.0389910789593        1.0000000000000000     
   9.6153846153846159E-003   7.6923076923076927E-003   1650.7228858967910        1.0000000000000000     
   9.6153846153846159E-003   8.0769230769230770E-003   1651.3826869258771        1.0000000000000000     
   9.6153846153846159E-003   8.4615384615384613E-003   1651.9783133597639        1.0000000000000000     
   9.6153846153846159E-003   8.8461538461538456E-003   1652.4735238172484        1.0000000000000000     
   9.6153846153846159E-003   9.2307692307692299E-003   1652.8384888933820        1.0000000000000000     
   9.6153846153846159E-003   9.6153846153846159E-003   1653.0519779277945        1.0000000000000000     

