   3.8461538461538462E-004   3.8461538461538462E-004   820.51955991762657        9.6637230600648230E-002
   3.8461538461538462E-004   7.6923076923076923E-004   820.59848939210769        9.7033734853105527E-002
   3.8461538461538462E-004   1.1538461538461537E-003   820.66553260096293        9.7314513204673367E-002
   3.8461538461538462E-004   1.5384615384615385E-003   820.72112652207056        9.7520129615493945E-002
   3.8461538461538462E-004   1.9230769230769232E-003   820.76591012453355        9.7671997185326487E-002
   3.8461538461538462E-004   2.3076923076923075E-003   820.80138009899986        9.7785459160964872E-002
   3.8461538461538462E-004   2.6923076923076922E-003   820.82895977352825        9.7870383255108981E-002
   3.8461538461538462E-004   3.0769230769230769E-003   820.85007752748902        9.7933981561263220E-002
   3.8461538461538462E-004   3.4615384615384616E-003   820.86589221397003        9.7981051228820976E-002
   3.8461538461538462E-004   3.8461538461538464E-003   820.87731968991227        9.8014885036479135E-002
   3.8461538461538462E-004   4.2307692307692307E-003   820.88503396374779        9.8037686529812457E-002
   3.8461538461538462E-004   4.6153846153846149E-003   820.88948947720780        9.8050854051331862E-002
   3.8461538461538462E-004   5.0000000000000001E-003   820.89094647126046        9.8055160818940015E-002
   3.8461538461538462E-004   5.3846153846153844E-003   820.88948947720780        9.8050854051332112E-002
   3.8461538461538462E-004   5.7692307692307696E-003   820.88503396374745        9.8037686529811985E-002
   3.8461538461538462E-004   6.1538461538461538E-003   820.87731968991113        9.8014885036477997E-002
   3.8461538461538462E-004   6.5384615384615381E-003   820.86589221396923        9.7981051228820393E-002
   3.8461538461538462E-004   6.9230769230769233E-003   820.85007752748902        9.7933981561262956E-002
   3.8461538461538462E-004   7.3076923076923076E-003   820.82895977352825        9.7870383255108620E-002
   3.8461538461538462E-004   7.6923076923076927E-003   820.80138009899974        9.7785459160965371E-002
   3.8461538461538462E-004   8.0769230769230770E-003   820.76591012453355        9.7671997185327195E-002
   3.8461538461538462E-004   8.4615384615384613E-003   820.72112652207056        9.7520129615494486E-002
   3.8461538461538462E-004   8.8461538461538456E-003   820.66553260096327        9.7314513204673977E-002
   3.8461538461538462E-004   9.2307692307692299E-003   820.59848939210792        9.7033734853105985E-002
   3.8461538461538462E-004   9.6153846153846159E-003   820.51955991762736        9.6637230600648813E-002

   7.6923076923076923E-004   3.8461538461538462E-004   774.75326094006846        8.2529894105049517E-003
   7.6923076923076923E-004   7.6923076923076923E-004   774.85160049523222        8.3032112358577929E-003
   7.6923076923076923E-004   1.1538461538461537E-003   774.93436684166841        8.3413071092522315E-003
   7.6923076923076923E-004   1.5384615384615385E-003   775.00232519542669        8.3700668591665927E-003
   7.6923076923076923E-004   1.9230769230769232E-003   775.05744329622746        8.3919812584646054E-003
   7.6923076923076923E-004   2.3076923076923075E-003   775.10090773879188        8.4084990236323511E-003
   7.6923076923076923E-004   2.6923076923076922E-003   775.13481220168308        8.4210153758474300E-003
   7.6923076923076923E-004   3.0769230769230769E-003   775.16084852928441        8.4304656420742131E-003
   7.6923076923076923E-004   3.4615384615384616E-003   775.18040451044669        8.4375025378436042E-003
   7.6923076923076923E-004   3.8461538461538464E-003   775.19457320951119        8.4425830735546138E-003
   7.6923076923076923E-004   4.2307692307692307E-003   775.20415855524573        8.4460174871809155E-003
   7.6923076923076923E-004   4.6153846153846149E-003   775.20970297124586        8.4480046334226757E-003
   7.6923076923076923E-004   5.0000000000000001E-003   775.21151741674089        8.4486551829939128E-003
   7.6923076923076923E-004   5.3846153846153844E-003   775.20970297124575        8.4480046334226341E-003
   7.6923076923076923E-004   5.7692307692307696E-003   775.20415855524516        8.4460174871808548E-003
   7.6923076923076923E-004   6.1538461538461538E-003   775.19457320951074        8.4425830735544872E-003
   7.6923076923076923E-004   6.5384615384615381E-003   775.18040451044578        8.4375025378435418E-003
   7.6923076923076923E-004   6.9230769230769233E-003   775.16084852928361        8.4304656420741749E-003
   7.6923076923076923E-004   7.3076923076923076E-003   775.13481220168262        8.4210153758474821E-003
   7.6923076923076923E-004   7.6923076923076927E-003   775.10090773879142        8.4084990236324153E-003
   7.6923076923076923E-004   8.0769230769230770E-003   775.05744329622723        8.3919812584646054E-003
   7.6923076923076923E-004   8.4615384615384613E-003   775.00232519542647        8.3700668591666309E-003
   7.6923076923076923E-004   8.8461538461538456E-003   774.93436684166852        8.3413071092523286E-003
   7.6923076923076923E-004   9.2307692307692299E-003   774.85160049523267        8.3032112358579230E-003
   7.6923076923076923E-004   9.6153846153846159E-003   774.75326094006869        8.2529894105050298E-003

   1.1538461538461537E-003   3.8461538461538462E-004   729.78890089831953        5.7142517245920498E-004
   1.1538461538461537E-003   7.6923076923076923E-004   729.89511674870937        5.7560403419690308E-004
   1.1538461538461537E-003   1.1538461538461537E-003   729.98401548303502        5.7890118121307497E-004
   1.1538461538461537E-003   1.5384615384615385E-003   730.05800040129384        5.8150423058488153E-004
   1.1538461538461537E-003   1.9230769230769232E-003   730.11769193627947        5.8351815272865426E-004
   1.1538461538461537E-003   2.3076923076923075E-003   730.16508194490120        5.8506880702319198E-004
   1.1538461538461537E-003   2.6923076923076922E-003   730.20228207347225        5.8626207167914259E-004
   1.1538461538461537E-003   3.0769230769230769E-003   730.23102628286722        5.8717365754762624E-004
   1.1538461538461537E-003   3.4615384615384616E-003   730.25274005304345        5.8785854174379264E-004
   1.1538461538461537E-003   3.8461538461538464E-003   730.26854911338523        5.8835629212573111E-004
   1.1538461538461537E-003   4.2307692307692307E-003   730.27928485496329        5.8869432794761433E-004
   1.1538461538461537E-003   4.6153846153846149E-003   730.28551068956074        5.8889048791414865E-004
   1.1538461538461537E-003   5.0000000000000001E-003   730.28755077341873        5.8895479746754690E-004
   1.1538461538461537E-003   5.3846153846153844E-003   730.28551068956017        5.8889048791414735E-004
   1.1538461538461537E-003   5.7692307692307696E-003   730.27928485496273        5.8869432794760967E-004
   1.1538461538461537E-003   6.1538461538461538E-003   730.26854911338489        5.8835629212573089E-004
   1.1538461538461537E-003   6.5384615384615381E-003   730.25274005304288        5.8785854174379308E-004
   1.1538461538461537E-003   6.9230769230769233E-003   730.23102628286665        5.8717365754762765E-004
   1.1538461538461537E-003   7.3076923076923076E-003   730.20228207347191        5.8626207167914595E-004
   1.1538461538461537E-003   7.6923076923076927E-003   730.16508194490143        5.8506880702319708E-004
   1.1538461538461537E-003   8.0769230769230770E-003   730.11769193627947        5.8351815272865578E-004
   1.1538461538461537E-003   8.4615384615384613E-003   730.05800040129384        5.8150423058488273E-004
   1.1538461538461537E-003   8.8461538461538456E-003   729.98401548303536        5.7890118121308278E-004
   1.1538461538461537E-003   9.2307692307692299E-003   729.89511674870971        5.7560403419690579E-004
   1.1538461538461537E-003   9.6153846153846159E-003   729.78890089831964        5.7142517245921138E-004

   1.5384615384615385E-003   3.8461538461538462E-004   687.71430580420588        3.5393152286228568E-005
   1.5384615384615385E-003   7.6923076923076923E-004   687.82424629320633        3.5685795404596708E-005
   1.5384615384615385E-003   1.1538461538461537E-003   687.91740695045905        3.5925913740671850E-005
   1.5384615384615385E-003   1.5384615384615385E-003   687.99480623317891        3.6119451152348279E-005
   1.5384615384615385E-003   1.9230769230769232E-003   688.05777528156773        3.6273011404964880E-005
   1.5384615384615385E-003   2.3076923076923075E-003   688.10821146195451        3.6393755092872725E-005
   1.5384615384615385E-003   2.6923076923076922E-003   688.14815129806880        3.6488244123137009E-005
   1.5384615384615385E-003   3.0769230769230769E-003   688.17927150952369        3.6561396542144211E-005
   1.5384615384615385E-003   3.4615384615384616E-003   688.20295790851571        3.6616929504165744E-005
   1.5384615384615385E-003   3.8461538461538464E-003   688.22031236468729        3.6657603564209867E-005
   1.5384615384615385E-003   4.2307692307692307E-003   688.23215482867533        3.6685378637826691E-005
   1.5384615384615385E-003   4.6153846153846149E-003   688.23904490983352        3.6701552852810420E-005
   1.5384615384615385E-003   5.0000000000000001E-003   688.24130634880157        3.6706864470195769E-005
   1.5384615384615385E-003   5.3846153846153844E-003   688.23904490983318        3.6701552852810345E-005
   1.5384615384615385E-003   5.7692307692307696E-003   688.23215482867499        3.6685378637826454E-005
   1.5384615384615385E-003   6.1538461538461538E-003   688.22031236468729        3.6657603564210226E-005
   1.5384615384615385E-003   6.5384615384615381E-003   688.20295790851537        3.6616929504165954E-005
   1.5384615384615385E-003   6.9230769230769233E-003   688.17927150952369        3.6561396542144462E-005
   1.5384615384615385E-003   7.3076923076923076E-003   688.14815129806891        3.6488244123137179E-005
   1.5384615384615385E-003   7.6923076923076927E-003   688.10821146195451        3.6393755092873077E-005
   1.5384615384615385E-003   8.0769230769230770E-003   688.05777528156773        3.6273011404965307E-005
   1.5384615384615385E-003   8.4615384615384613E-003   687.99480623317902        3.6119451152348455E-005
   1.5384615384615385E-003   8.8461538461538456E-003   687.91740695045939        3.5925913740672148E-005
   1.5384615384615385E-003   9.2307692307692299E-003   687.82424629320656        3.5685795404597250E-005
   1.5384615384615385E-003   9.6153846153846159E-003   687.71430580420645        3.5393152286229130E-005

   1.9230769230769232E-003   3.8461538461538462E-004   648.78093970549605        2.0075051934697487E-006
   1.9230769230769232E-003   7.6923076923076923E-004   648.89173210353385        2.0257490656884260E-006
   1.9230769230769232E-003   1.1538461538461537E-003   648.98597069773359        2.0410336599300018E-006
   1.9230769230769232E-003   1.5384615384615385E-003   649.06493168980467        2.0536469052993058E-006
   1.9230769230769232E-003   1.9230769230769232E-003   649.12979032530507        2.0638753478607463E-006
   1.9230769230769232E-003   2.3076923076923075E-003   649.18227840979330        2.0720759632908107E-006
   1.9230769230769232E-003   2.6923076923076922E-003   649.22426309952141        2.0785988858878434E-006
   1.9230769230769232E-003   3.0769230769230769E-003   649.25728587561400        2.0837166047499115E-006
   1.9230769230769232E-003   3.4615384615384616E-003   649.28263089778261        2.0876429777562870E-006
   1.9230769230769232E-003   3.8461538461538464E-003   649.30132936041548        2.0905419963742522E-006
   1.9230769230769232E-003   4.2307692307692307E-003   649.31415635305132        2.0925330791540093E-006
   1.9230769230769232E-003   4.6153846153846149E-003   649.32164563340950        2.0936968394893555E-006
   1.9230769230769232E-003   5.0000000000000001E-003   649.32410808239661        2.0940797094025545E-006
   1.9230769230769232E-003   5.3846153846153844E-003   649.32164563340950        2.0936968394893708E-006
   1.9230769230769232E-003   5.7692307692307696E-003   649.31415635305154        2.0925330791540318E-006
   1.9230769230769232E-003   6.1538461538461538E-003   649.30132936041548        2.0905419963742827E-006
   1.9230769230769232E-003   6.5384615384615381E-003   649.28263089778261        2.0876429777563099E-006
   1.9230769230769232E-003   6.9230769230769233E-003   649.25728587561366        2.0837166047499280E-006
   1.9230769230769232E-003   7.3076923076923076E-003   649.22426309952129        2.0785988858878544E-006
   1.9230769230769232E-003   7.6923076923076927E-003   649.18227840979296        2.0720759632908260E-006
   1.9230769230769232E-003   8.0769230769230770E-003   649.12979032530450        2.0638753478607548E-006
   1.9230769230769232E-003   8.4615384615384613E-003   649.06493168980444        2.0536469052993219E-006
   1.9230769230769232E-003   8.8461538461538456E-003   648.98597069773393        2.0410336599300196E-006
   1.9230769230769232E-003   9.2307692307692299E-003   648.89173210353431        2.0257490656884628E-006
   1.9230769230769232E-003   9.6153846153846159E-003   648.78093970549651        2.0075051934697907E-006

   2.3076923076923075E-003   3.8461538461538462E-004   612.99982064861274        1.0617415582961393E-007
   2.3076923076923075E-003   7.6923076923076923E-004   613.10837328004322        1.0720919976596905E-007
   2.3076923076923075E-003   1.1538461538461537E-003   613.20145947566982        1.0809273234116245E-007
   2.3076923076923075E-003   1.5384615384615385E-003   613.28017496877669        1.0883593120058928E-007
   2.3076923076923075E-003   1.9230769230769232E-003   613.34550290017512        1.0944996545434860E-007
   2.3076923076923075E-003   2.3076923076923075E-003   613.39894429649485        1.0995080366617095E-007
   2.3076923076923075E-003   2.6923076923076922E-003   613.44213868716247        1.1035514650943851E-007
   2.3076923076923075E-003   3.0769230769230769E-003   613.47644103470600        1.1067635474134300E-007
   2.3076923076923075E-003   3.4615384615384616E-003   613.50299082848551        1.1092527811676852E-007
   2.3076923076923075E-003   3.8461538461538464E-003   613.52271424610080        1.1111049991091397E-007
   2.3076923076923075E-003   4.2307692307692307E-003   613.53631563599538        1.1123842890298205E-007
   2.3076923076923075E-003   4.6153846153846149E-003   613.54428500324843        1.1131347412185538E-007
   2.3076923076923075E-003   5.0000000000000001E-003   613.54690990417805        1.1133820764607421E-007
   2.3076923076923075E-003   5.3846153846153844E-003   613.54428500324855        1.1131347412185625E-007
   2.3076923076923075E-003   5.7692307692307696E-003   613.53631563599561        1.1123842890298356E-007
   2.3076923076923075E-003   6.1538461538461538E-003   613.52271424610069        1.1111049991091464E-007
   2.3076923076923075E-003   6.5384615384615381E-003   613.50299082848562        1.1092527811676915E-007
   2.3076923076923075E-003   6.9230769230769233E-003   613.47644103470600        1.1067635474134352E-007
   2.3076923076923075E-003   7.3076923076923076E-003   613.44213868716224        1.1035514650943814E-007
   2.3076923076923075E-003   7.6923076923076927E-003   613.39894429649462        1.0995080366617027E-007
   2.3076923076923075E-003   8.0769230769230770E-003   613.34550290017455        1.0944996545434904E-007
   2.3076923076923075E-003   8.4615384615384613E-003   613.28017496877692        1.0883593120058987E-007
   2.3076923076923075E-003   8.8461538461538456E-003   613.20145947567039        1.0809273234116313E-007
   2.3076923076923075E-003   9.2307692307692299E-003   613.10837328004379        1.0720919976597119E-007
   2.3076923076923075E-003   9.6153846153846159E-003   612.99982064861308        1.0617415582961696E-007

   2.6923076923076922E-003   3.8461538461538462E-004   580.28869095260552        5.3349794012405752E-009
   2.6923076923076922E-003   7.6923076923076923E-004   580.39305140112197        5.3899211082393445E-009
   2.6923076923076922E-003   1.1538461538461537E-003   580.48328696839519        5.4375231594273185E-009
   2.6923076923076922E-003   1.5384615384615385E-003   580.56031163095145        5.4781985746236828E-009
   2.6923076923076922E-003   1.9230769230769232E-003   580.62489531597498        5.5123354203805997E-009
   2.6923076923076922E-003   2.3076923076923075E-003   580.67828723012860        5.5405929168478955E-009
   2.6923076923076922E-003   2.6923076923076922E-003   580.72187872845848        5.5637058147751984E-009
   2.6923076923076922E-003   3.0769230769230769E-003   580.75681714117923        5.5822720668164948E-009
   2.6923076923076922E-003   3.4615384615384616E-003   580.78407703497487        5.5967921086593513E-009
   2.6923076923076922E-003   3.8461538461538464E-003   580.80446135978468        5.6076737549513326E-009
   2.6923076923076922E-003   4.2307692307692307E-003   580.81858854772258        5.6152288860412357E-009
   2.6923076923076922E-003   4.6153846153846149E-003   580.82689350762075        5.6196760105153219E-009
   2.6923076923076922E-003   5.0000000000000001E-003   580.82963348174451        5.6211441723312543E-009
   2.6923076923076922E-003   5.3846153846153844E-003   580.82689350762109        5.6196760105153666E-009
   2.6923076923076922E-003   5.7692307692307696E-003   580.81858854772281        5.6152288860412944E-009
   2.6923076923076922E-003   6.1538461538461538E-003   580.80446135978480        5.6076737549513707E-009
   2.6923076923076922E-003   6.5384615384615381E-003   580.78407703497487        5.5967921086593737E-009
   2.6923076923076922E-003   6.9230769230769233E-003   580.75681714117900        5.5822720668165047E-009
   2.6923076923076922E-003   7.3076923076923076E-003   580.72187872845802        5.5637058147751521E-009
   2.6923076923076922E-003   7.6923076923076927E-003   580.67828723012826        5.5405929168478384E-009
   2.6923076923076922E-003   8.0769230769230770E-003   580.62489531597464        5.5123354203806552E-009
   2.6923076923076922E-003   8.4615384615384613E-003   580.56031163095145        5.4781985746237308E-009
   2.6923076923076922E-003   8.8461538461538456E-003   580.48328696839542        5.4375231594273252E-009
   2.6923076923076922E-003   9.2307692307692299E-003   580.39305140112208        5.3899211082394206E-009
   2.6923076923076922E-003   9.6153846153846159E-003   580.28869095260552        5.3349794012406695E-009

   3.0769230769230769E-003   3.8461538461538462E-004   550.50837626740247        2.5980539750069114E-010
   3.0769230769230769E-003   7.6923076923076923E-004   550.60738653807596        2.6259968026978798E-010
   3.0769230769230769E-003   1.1538461538461537E-003   550.69368741147912        2.6504996310241064E-010
   3.0769230769230769E-003   1.5384615384615385E-003   550.76801861857859        2.6717077318594402E-010
   3.0769230769230769E-003   1.9230769230769232E-003   550.83094660292693        2.6897388078176945E-010
   3.0769230769230769E-003   2.3076923076923075E-003   550.88347999281928        2.7048504344276050E-010
   3.0769230769230769E-003   2.6923076923076922E-003   550.92677093597558        2.7173495655001715E-010
   3.0769230769230769E-003   3.0769230769230769E-003   550.96176300198408        2.7274874828868535E-010
   3.0769230769230769E-003   3.4615384615384616E-003   550.98926540065997        2.7354800314371293E-010
   3.0769230769230769E-003   3.8461538461538464E-003   551.00995444847524        2.7415080940294715E-010
   3.0769230769230769E-003   4.2307692307692307E-003   551.02435787762897        2.7457131511161952E-010
   3.0769230769230769E-003   4.6153846153846149E-003   551.03285088331506        2.7481960375065989E-010
   3.0769230769230769E-003   5.0000000000000001E-003   551.03565713714659        2.7490169929176147E-010
   3.0769230769230769E-003   5.3846153846153844E-003   551.03285088331529        2.7481960375066294E-010
   3.0769230769230769E-003   5.7692307692307696E-003   551.02435787762897        2.7457131511162216E-010
   3.0769230769230769E-003   6.1538461538461538E-003   551.00995444847501        2.7415080940294917E-010
   3.0769230769230769E-003   6.5384615384615381E-003   550.98926540065997        2.7354800314371200E-010
   3.0769230769230769E-003   6.9230769230769233E-003   550.96176300198408        2.7274874828868473E-010
   3.0769230769230769E-003   7.3076923076923076E-003   550.92677093597558        2.7173495655001591E-010
   3.0769230769230769E-003   7.6923076923076927E-003   550.88347999281905        2.7048504344275750E-010
   3.0769230769230769E-003   8.0769230769230770E-003   550.83094660292670        2.6897388078176842E-010
   3.0769230769230769E-003   8.4615384615384613E-003   550.76801861857825        2.6717077318594174E-010
   3.0769230769230769E-003   8.8461538461538456E-003   550.69368741147912        2.6504996310240836E-010
   3.0769230769230769E-003   9.2307692307692299E-003   550.60738653807630        2.6259968026979315E-010
   3.0769230769230769E-003   9.6153846153846159E-003   550.50837626740247        2.5980539750069465E-010

   3.4615384615384616E-003   3.8461538461538462E-004   523.48917577210671        1.2526138788462987E-011
   3.4615384615384616E-003   7.6923076923076923E-004   523.58232436608921        1.2665585956957656E-011
   3.4615384615384616E-003   1.1538461538461537E-003   523.66411877338146        1.2789058758502252E-011
   3.4615384615384616E-003   1.5384615384615385E-003   523.73514748424759        1.2897049742121525E-011
   3.4615384615384616E-003   1.9230769230769232E-003   523.79580091783066        1.2989841075301252E-011
   3.4615384615384616E-003   2.3076923076923075E-003   523.84687700208281        1.3068408770163072E-011
   3.4615384615384616E-003   2.6923076923076922E-003   523.88931552967210        1.3134005556042279E-011
   3.4615384615384616E-003   3.0769230769230769E-003   523.92387621494458        1.3187650138366402E-011
   3.4615384615384616E-003   3.4615384615384616E-003   523.95121596780450        1.3230236787595046E-011
   3.4615384615384616E-003   3.8461538461538464E-003   523.97189176384836        1.3262534942968158E-011
   3.4615384615384616E-003   4.2307692307692307E-003   523.98634380872727        1.3285159185969006E-011
   3.4615384615384616E-003   4.6153846153846149E-003   523.99488838952072        1.3298554546521259E-011
   3.4615384615384616E-003   5.0000000000000001E-003   523.99771548124318        1.3302989738741042E-011
   3.4615384615384616E-003   5.3846153846153844E-003   523.99488838952118        1.3298554546521493E-011
   3.4615384615384616E-003   5.7692307692307696E-003   523.98634380872738        1.3285159185969234E-011
   3.4615384615384616E-003   6.1538461538461538E-003   523.97189176384836        1.3262534942968252E-011
   3.4615384615384616E-003   6.5384615384615381E-003   523.95121596780461        1.3230236787595139E-011
   3.4615384615384616E-003   6.9230769230769233E-003   523.92387621494458        1.3187650138366326E-011
   3.4615384615384616E-003   7.3076923076923076E-003   523.88931552967188        1.3134005556042176E-011
   3.4615384615384616E-003   7.6923076923076927E-003   523.84687700208235        1.3068408770162888E-011
   3.4615384615384616E-003   8.0769230769230770E-003   523.79580091783055        1.2989841075300956E-011
   3.4615384615384616E-003   8.4615384615384613E-003   523.73514748424714        1.2897049742121326E-011
   3.4615384615384616E-003   8.8461538461538456E-003   523.66411877338135        1.2789058758502169E-011
   3.4615384615384616E-003   9.2307692307692299E-003   523.58232436608944        1.2665585956957619E-011
   3.4615384615384616E-003   9.6153846153846159E-003   523.48917577210648        1.2526138788462956E-011

   3.8461538461538464E-003   3.8461538461538462E-004   499.05066838161537        6.1168122303240165E-013
   3.8461538461538464E-003   7.6923076923076923E-004   499.13787435857051        6.1867679321060707E-013
   3.8461538461538464E-003   1.1538461538461537E-003   499.21495097724136        6.2491947658379624E-013
   3.8461538461538464E-003   1.5384615384615385E-003   499.28236388770273        6.3042555868921369E-013
   3.8461538461538464E-003   1.9230769230769232E-003   499.34036127537297        6.3519740829918697E-013
   3.8461538461538464E-003   2.3076923076923075E-003   499.38956724878693        6.3927175572029983E-013
   3.8461538461538464E-003   2.6923076923076922E-003   499.43074348041858        6.4269998475938490E-013
   3.8461538461538464E-003   3.0769230769230769E-003   499.46449315778500        6.4552299677555281E-013
   3.8461538461538464E-003   3.4615384615384616E-003   499.49134091580316        6.4777732057903675E-013
   3.8461538461538464E-003   3.8461538461538464E-003   499.51173778438249        6.4949518688317707E-013
   3.8461538461538464E-003   4.2307692307692307E-003   499.52604455980980        6.5070284867464014E-013
   3.8461538461538464E-003   4.6153846153846149E-003   499.53452303317090        6.5141959770076812E-013
   3.8461538461538464E-003   5.0000000000000001E-003   499.53733154038986        6.5165719743558498E-013
   3.8461538461538464E-003   5.3846153846153844E-003   499.53452303317107        6.5141959770077236E-013
   3.8461538461538464E-003   5.7692307692307696E-003   499.52604455980980        6.5070284867464832E-013
   3.8461538461538464E-003   6.1538461538461538E-003   499.51173778438255        6.4949518688317990E-013
   3.8461538461538464E-003   6.5384615384615381E-003   499.49134091580333        6.4777732057904483E-013
   3.8461538461538464E-003   6.9230769230769233E-003   499.46449315778506        6.4552299677554776E-013
   3.8461538461538464E-003   7.3076923076923076E-003   499.43074348041858        6.4269998475937188E-013
   3.8461538461538464E-003   7.6923076923076927E-003   499.38956724878653        6.3927175572028449E-013
   3.8461538461538464E-003   8.0769230769230770E-003   499.34036127537274        6.3519740829916990E-013
   3.8461538461538464E-003   8.4615384615384613E-003   499.28236388770250        6.3042555868920258E-013
   3.8461538461538464E-003   8.8461538461538456E-003   499.21495097724119        6.2491947658378655E-013
   3.8461538461538464E-003   9.2307692307692299E-003   499.13787435857051        6.1867679321060565E-013
   3.8461538461538464E-003   9.6153846153846159E-003   499.05066838161537        6.1168122303240316E-013

   4.2307692307692307E-003   3.8461538461538462E-004   477.01418111972299        3.0990693668005967E-014
   4.2307692307692307E-003   7.6923076923076923E-004   477.09561045385078        3.1352336786175613E-014
   4.2307692307692307E-003   1.1538461538461537E-003   477.16798214247137        3.1677077404322812E-014
   4.2307692307692307E-003   1.5384615384615385E-003   477.23166622927789        3.1965443031916468E-014
   4.2307692307692307E-003   1.9230769230769232E-003   477.28680128640161        3.2217084705771273E-014
   4.2307692307692307E-003   2.3076923076923075E-003   477.33387370697960        3.2433407203783420E-014
   4.2307692307692307E-003   2.6923076923076922E-003   477.37350137478325        3.2616590484351943E-014
   4.2307692307692307E-003   3.0769230769230769E-003   477.40615943032498        3.2768303208847218E-014
   4.2307692307692307E-003   3.4615384615384616E-003   477.43226220823880        3.2890054063443049E-014
   4.2307692307692307E-003   3.8461538461538464E-003   477.45217053494616        3.2983207479746377E-014
   4.2307692307692307E-003   4.2307692307692307E-003   477.46617623125928        3.3048895667278449E-014
   4.2307692307692307E-003   4.6153846153846149E-003   477.47449292162884        3.3087962135477655E-014
   4.2307692307692307E-003   5.0000000000000001E-003   477.47725061291874        3.3100925933542618E-014
   4.2307692307692307E-003   5.3846153846153844E-003   477.47449292162889        3.3087962135477749E-014
   4.2307692307692307E-003   5.7692307692307696E-003   477.46617623125928        3.3048895667278430E-014
   4.2307692307692307E-003   6.1538461538461538E-003   477.45217053494611        3.2983207479746175E-014
   4.2307692307692307E-003   6.5384615384615381E-003   477.43226220823897        3.2890054063442910E-014
   4.2307692307692307E-003   6.9230769230769233E-003   477.40615943032486        3.2768303208846770E-014
   4.2307692307692307E-003   7.3076923076923076E-003   477.37350137478307        3.2616590484351028E-014
   4.2307692307692307E-003   7.6923076923076927E-003   477.33387370697926        3.2433407203782581E-014
   4.2307692307692307E-003   8.0769230769230770E-003   477.28680128640138        3.2217084705770377E-014
   4.2307692307692307E-003   8.4615384615384613E-003   477.23166622927772        3.1965443031915793E-014
   4.2307692307692307E-003   8.8461538461538456E-003   477.16798214247126        3.1677077404322194E-014
   4.2307692307692307E-003   9.2307692307692299E-003   477.09561045385061        3.1352336786175562E-014
   4.2307692307692307E-003   9.6153846153846159E-003   477.01418111972299        3.0990693668005859E-014

   4.6153846153846149E-003   3.8461538461538462E-004   457.20941072264452        1.6704050888899417E-015
   4.6153846153846149E-003   7.6923076923076923E-004   457.28535216138380        1.6901664028248692E-015
   4.6153846153846149E-003   1.1538461538461537E-003   457.35315939136956        1.7079996957263405E-015
   4.6153846153846149E-003   1.5384615384615385E-003   457.41312988055654        1.7239214482185069E-015
   4.6153846153846149E-003   1.9230769230769232E-003   457.46532035330677        1.7378924741760307E-015
   4.6153846153846149E-003   2.3076923076923075E-003   457.51011083159295        1.7499685603948874E-015
   4.6153846153846149E-003   2.6923076923076922E-003   457.54800590115298        1.7602481865872715E-015
   4.6153846153846149E-003   3.0769230769230769E-003   457.57937867191202        1.7688022654296859E-015
   4.6153846153846149E-003   3.4615384615384616E-003   457.60455400351321        1.7756953331950390E-015
   4.6153846153846149E-003   3.8461538461538464E-003   457.62381811916816        1.7809872533666283E-015
   4.6153846153846149E-003   4.2307692307692307E-003   457.63740475058006        1.7847286132047340E-015
   4.6153846153846149E-003   4.6153846153846149E-003   457.64548632794634        1.7869576014439927E-015
   4.6153846153846149E-003   5.0000000000000001E-003   457.64816835569866        1.7876979211115242E-015
   4.6153846153846149E-003   5.3846153846153844E-003   457.64548632794623        1.7869576014439809E-015
   4.6153846153846149E-003   5.7692307692307696E-003   457.63740475057989        1.7847286132046839E-015
   4.6153846153846149E-003   6.1538461538461538E-003   457.62381811916839        1.7809872533665809E-015
   4.6153846153846149E-003   6.5384615384615381E-003   457.60455400351321        1.7756953331950078E-015
   4.6153846153846149E-003   6.9230769230769233E-003   457.57937867191202        1.7688022654296338E-015
   4.6153846153846149E-003   7.3076923076923076E-003   457.54800590115258        1.7602481865872003E-015
   4.6153846153846149E-003   7.6923076923076927E-003   457.51011083159267        1.7499685603948231E-015
   4.6153846153846149E-003   8.0769230769230770E-003   457.46532035330654        1.7378924741759978E-015
   4.6153846153846149E-003   8.4615384615384613E-003   457.41312988055648        1.7239214482184820E-015
   4.6153846153846149E-003   8.8461538461538456E-003   457.35315939136956        1.7079996957263222E-015
   4.6153846153846149E-003   9.2307692307692299E-003   457.28535216138386        1.6901664028248445E-015
   4.6153846153846149E-003   9.6153846153846159E-003   457.20941072264446        1.6704050888899303E-015

   5.0000000000000001E-003   3.8461538461538462E-004   439.47724571921930        9.8264038153527336E-017
   5.0000000000000001E-003   7.6923076923076923E-004   439.54804059916535        9.9435212904161354E-017
   5.0000000000000001E-003   1.1538461538461537E-003   439.61149340920696        1.0049631335980368E-016
   5.0000000000000001E-003   1.5384615384615385E-003   439.66784715097168        1.0144779564048754E-016
   5.0000000000000001E-003   1.9230769230769232E-003   439.71709860285137        1.0228639305328748E-016
   5.0000000000000001E-003   2.3076923076923075E-003   439.75954675046410        1.0301444899707451E-016
   5.0000000000000001E-003   2.6923076923076922E-003   439.79560809896344        1.0363684142592827E-016
   5.0000000000000001E-003   3.0769230769230769E-003   439.82557575701793        1.0415678400082130E-016
   5.0000000000000001E-003   3.4615384615384616E-003   439.84970329316911        1.0457719951515419E-016
   5.0000000000000001E-003   3.8461538461538464E-003   439.86821644080516        1.0490087563754886E-016
   5.0000000000000001E-003   4.2307692307692307E-003   439.88130107188022        1.0513021277242141E-016
   5.0000000000000001E-003   4.6153846153846149E-003   439.88909521979230        1.0526704716722407E-016
   5.0000000000000001E-003   5.0000000000000001E-003   439.89168373182588        1.0531252829630203E-016
   5.0000000000000001E-003   5.3846153846153844E-003   439.88909521979218        1.0526704716722224E-016
   5.0000000000000001E-003   5.7692307692307696E-003   439.88130107188022        1.0513021277241961E-016
   5.0000000000000001E-003   6.1538461538461538E-003   439.86821644080504        1.0490087563754666E-016
   5.0000000000000001E-003   6.5384615384615381E-003   439.84970329316906        1.0457719951515288E-016
   5.0000000000000001E-003   6.9230769230769233E-003   439.82557575701776        1.0415678400081819E-016
   5.0000000000000001E-003   7.3076923076923076E-003   439.79560809896327        1.0363684142592425E-016
   5.0000000000000001E-003   7.6923076923076927E-003   439.75954675046381        1.0301444899707038E-016
   5.0000000000000001E-003   8.0769230769230770E-003   439.71709860285119        1.0228639305328397E-016
   5.0000000000000001E-003   8.4615384615384613E-003   439.66784715097151        1.0144779564048587E-016
   5.0000000000000001E-003   8.8461538461538456E-003   439.61149340920696        1.0049631335980358E-016
   5.0000000000000001E-003   9.2307692307692299E-003   439.54804059916523        9.9435212904160269E-017
   5.0000000000000001E-003   9.6153846153846159E-003   439.47724571921918        9.8264038153526190E-017

   5.3846153846153844E-003   3.8461538461538462E-004   423.67054804687660        6.4715061364941888E-018
   5.3846153846153844E-003   7.6923076923076923E-004   423.73655714262185        6.5487494363941408E-018
   5.3846153846153844E-003   1.1538461538461537E-003   423.79590469210132        6.6189536810891664E-018
   5.3846153846153844E-003   1.5384615384615385E-003   423.84879287432670        6.6821249416267199E-018
   5.3846153846153844E-003   1.9230769230769232E-003   423.89517499276707        6.7379975407062222E-018
   5.3846153846153844E-003   2.3076923076923075E-003   423.93528860984247        6.7866769371159729E-018
   5.3846153846153844E-003   2.6923076923076922E-003   423.96948213896400        6.8284358843633859E-018
   5.3846153846153844E-003   3.0769230769230769E-003   423.99798650925629        6.8634330101262162E-018
   5.3846153846153844E-003   3.4615384615384616E-003   424.02099911483106        6.8918110362993388E-018
   5.3846153846153844E-003   3.8461538461538464E-003   424.03869729364772        6.9137107115480593E-018
   5.3846153846153844E-003   4.2307692307692307E-003   424.05122809758774        6.9292557941554810E-018
   5.3846153846153844E-003   4.6153846153846149E-003   424.05870134241752        6.9385423098056016E-018
   5.3846153846153844E-003   5.0000000000000001E-003   424.06118479195476        6.9416309083139483E-018
   5.3846153846153844E-003   5.3846153846153844E-003   424.05870134241729        6.9385423098055076E-018
   5.3846153846153844E-003   5.7692307692307696E-003   424.05122809758802        6.9292557941554270E-018
   5.3846153846153844E-003   6.1538461538461538E-003   424.03869729364794        6.9137107115479668E-018
   5.3846153846153844E-003   6.5384615384615381E-003   424.02099911483123        6.8918110362992464E-018
   5.3846153846153844E-003   6.9230769230769233E-003   423.99798650925607        6.8634330101260475E-018
   5.3846153846153844E-003   7.3076923076923076E-003   423.96948213896371        6.8284358843631363E-018
   5.3846153846153844E-003   7.6923076923076927E-003   423.93528860984236        6.7866769371156486E-018
   5.3846153846153844E-003   8.0769230769230770E-003   423.89517499276701        6.7379975407058987E-018
   5.3846153846153844E-003   8.4615384615384613E-003   423.84879287432653        6.6821249416265504E-018
   5.3846153846153844E-003   8.8461538461538456E-003   423.79590469210115        6.6189536810889854E-018
   5.3846153846153844E-003   9.2307692307692299E-003   423.73655714262168        6.5487494363939358E-018
   5.3846153846153844E-003   9.6153846153846159E-003   423.67054804687660        6.4715061364941172E-018

   5.7692307692307696E-003   3.8461538461538462E-004   409.65406141832005        4.8910575867125454E-019
   5.7692307692307696E-003   7.6923076923076923E-004   409.71565263936373        4.9491931851167984E-019
   5.7692307692307696E-003   1.1538461538461537E-003   409.77116904200216        5.0021635341208383E-019
   5.7692307692307696E-003   1.5384615384615385E-003   409.82078201887634        5.0499609246692558E-019
   5.7692307692307696E-003   1.9230769230769232E-003   409.86441342056833        5.0923542496532126E-019
   5.7692307692307696E-003   2.3076923076923075E-003   409.90225420381853        5.1293943533242169E-019
   5.7692307692307696E-003   2.6923076923076922E-003   409.93460016504150        5.1612583526371512E-019
   5.7692307692307696E-003   3.0769230769230769E-003   409.96163409515032        5.1880329987022858E-019
   5.7692307692307696E-003   3.4615384615384616E-003   409.98350941826561        5.2097942627607846E-019
   5.7692307692307696E-003   3.8461538461538464E-003   410.00036510409757        5.2266205059716000E-019
   5.7692307692307696E-003   4.2307692307692307E-003   410.01231707464262        5.2385824210647253E-019
   5.7692307692307696E-003   4.6153846153846149E-003   410.01945230570050        5.2457357776806654E-019
   5.7692307692307696E-003   5.0000000000000001E-003   410.02182464164389        5.2481161582260832E-019
   5.7692307692307696E-003   5.3846153846153844E-003   410.01945230570038        5.2457357776806645E-019
   5.7692307692307696E-003   5.7692307692307696E-003   410.01231707464262        5.2385824210647619E-019
   5.7692307692307696E-003   6.1538461538461538E-003   410.00036510409780        5.2266205059715576E-019
   5.7692307692307696E-003   6.5384615384615381E-003   409.98350941826578        5.2097942627607210E-019
   5.7692307692307696E-003   6.9230769230769233E-003   409.96163409515015        5.1880329987021866E-019
   5.7692307692307696E-003   7.3076923076923076E-003   409.93460016504122        5.1612583526370010E-019
   5.7692307692307696E-003   7.6923076923076927E-003   409.90225420381847        5.1293943533240156E-019
   5.7692307692307696E-003   8.0769230769230770E-003   409.86441342056816        5.0923542496530055E-019
   5.7692307692307696E-003   8.4615384615384613E-003   409.82078201887623        5.0499609246690468E-019
   5.7692307692307696E-003   8.8461538461538456E-003   409.77116904200193        5.0021635341205986E-019
   5.7692307692307696E-003   9.2307692307692299E-003   409.71565263936367        4.9491931851165981E-019
   5.7692307692307696E-003   9.6153846153846159E-003   409.65406141832005        4.8910575867123692E-019

   6.1538461538461538E-003   3.8461538461538462E-004   397.30407948402933        4.3428788310387735E-020
   6.1538461538461538E-003   7.6923076923076923E-004   397.36162524657124        4.3940223669540668E-020
   6.1538461538461538E-003   1.1538461538461537E-003   397.41360355174993        4.4407149383939477E-020
   6.1538461538461538E-003   1.5384615384615385E-003   397.46016228363555        4.4829427272767814E-020
   6.1538461538461538E-003   1.9230769230769232E-003   397.50120044252509        4.5204792795096676E-020
   6.1538461538461538E-003   2.3076923076923075E-003   397.53687344168458        4.5533499673211641E-020
   6.1538461538461538E-003   2.6923076923076922E-003   397.56743631418931        4.5816919804764928E-020
   6.1538461538461538E-003   3.0769230769230769E-003   397.59303462771385        4.6055583903306208E-020
   6.1538461538461538E-003   3.4615384615384616E-003   397.61378753212489        4.6249930787372801E-020
   6.1538461538461538E-003   3.8461538461538464E-003   397.62980378187143        4.6400445718692870E-020
   6.1538461538461538E-003   4.2307692307692307E-003   397.64117455889777        4.6507582286799950E-020
   6.1538461538461538E-003   4.6153846153846149E-003   397.64796855093897        4.6571706145484022E-020
   6.1538461538461538E-003   5.0000000000000001E-003   397.65022839783484        4.6593053568073818E-020
   6.1538461538461538E-003   5.3846153846153844E-003   397.64796855093897        4.6571706145484196E-020
   6.1538461538461538E-003   5.7692307692307696E-003   397.64117455889777        4.6507582286799848E-020
   6.1538461538461538E-003   6.1538461538461538E-003   397.62980378187160        4.6400445718692623E-020
   6.1538461538461538E-003   6.5384615384615381E-003   397.61378753212500        4.6249930787372265E-020
   6.1538461538461538E-003   6.9230769230769233E-003   397.59303462771396        4.6055583903305841E-020
   6.1538461538461538E-003   7.3076923076923076E-003   397.56743631418931        4.5816919804764284E-020
   6.1538461538461538E-003   7.6923076923076927E-003   397.53687344168458        4.5533499673210275E-020
   6.1538461538461538E-003   8.0769230769230770E-003   397.50120044252492        4.5204792795094413E-020
   6.1538461538461538E-003   8.4615384615384613E-003   397.46016228363533        4.4829427272765707E-020
   6.1538461538461538E-003   8.8461538461538456E-003   397.41360355174982        4.4407149383937346E-020
   6.1538461538461538E-003   9.2307692307692299E-003   397.36162524657124        4.3940223669538580E-020
   6.1538461538461538E-003   9.6153846153846159E-003   397.30407948402927        4.3428788310385713E-020

   6.5384615384615381E-003   3.8461538461538462E-004   386.50814889036894        4.6296205168768488E-021
   6.5384615384615381E-003   7.6923076923076923E-004   386.56202693876600        4.6834029026996063E-021
   6.5384615384615381E-003   1.1538461538461537E-003   386.61077656383367        4.7325829639596159E-021
   6.5384615384615381E-003   1.5384615384615385E-003   386.65452732582452        4.7771415541158218E-021
   6.5384615384615381E-003   1.9230769230769232E-003   386.69316142268121        4.8168194098864288E-021
   6.5384615384615381E-003   2.3076923076923075E-003   386.72680695214893        4.8516274961861856E-021
   6.5384615384615381E-003   2.6923076923076922E-003   386.75568725294107        4.8816956699400817E-021
   6.5384615384615381E-003   3.0769230769230769E-003   386.77991912081632        4.9070600394374854E-021
   6.5384615384615381E-003   3.4615384615384616E-003   386.79959508336981        4.9277468470753073E-021
   6.5384615384615381E-003   3.8461538461538464E-003   386.81480024392732        4.9437892307191923E-021
   6.5384615384615381E-003   4.2307692307692307E-003   386.82560628232704        4.9552199877108503E-021
   6.5384615384615381E-003   4.6153846153846149E-003   386.83206738576638        4.9620664169846139E-021
   6.5384615384615381E-003   5.0000000000000001E-003   386.83421727301754        4.9643464761703147E-021
   6.5384615384615381E-003   5.3846153846153844E-003   386.83206738576649        4.9620664169846380E-021
   6.5384615384615381E-003   5.7692307692307696E-003   386.82560628232733        4.9552199877108428E-021
   6.5384615384615381E-003   6.1538461538461538E-003   386.81480024392738        4.9437892307191810E-021
   6.5384615384615381E-003   6.5384615384615381E-003   386.79959508336987        4.9277468470752674E-021
   6.5384615384615381E-003   6.9230769230769233E-003   386.77991912081649        4.9070600394374824E-021
   6.5384615384615381E-003   7.3076923076923076E-003   386.75568725294107        4.8816956699400072E-021
   6.5384615384615381E-003   7.6923076923076927E-003   386.72680695214888        4.8516274961859960E-021
   6.5384615384615381E-003   8.0769230769230770E-003   386.69316142268099        4.8168194098862310E-021
   6.5384615384615381E-003   8.4615384615384613E-003   386.65452732582423        4.7771415541155532E-021
   6.5384615384615381E-003   8.8461538461538456E-003   386.61077656383338        4.7325829639593639E-021
   6.5384615384615381E-003   9.2307692307692299E-003   386.56202693876577        4.6834029026993896E-021
   6.5384615384615381E-003   9.6153846153846159E-003   386.50814889036877        4.6296205168765779E-021

   6.9230769230769233E-003   3.8461538461538462E-004   377.16488784145383        6.0419072252574528E-022
   6.9230769230769233E-003   7.6923076923076923E-004   377.21548272514661        6.1109096681147597E-022
   6.9230769230769233E-003   1.1538461538461537E-003   377.26132811334941        6.1740884030526766E-022
   6.9230769230769233E-003   1.5384615384615385E-003   377.30253876336667        6.2314150406108206E-022
   6.9230769230769233E-003   1.9230769230769232E-003   377.33898422355099        6.2825327042452415E-022
   6.9230769230769233E-003   2.3076923076923075E-003   377.37077141582267        6.3274398181977113E-022
   6.9230769230769233E-003   2.6923076923076922E-003   377.39809897408304        6.3662897677615189E-022
   6.9230769230769233E-003   3.0769230769230769E-003   377.42106149565575        6.3991086453258941E-022
   6.9230769230769233E-003   3.4615384615384616E-003   377.43973093392322        6.4259092351283644E-022
   6.9230769230769233E-003   3.8461538461538464E-003   377.45417401541584        6.4467151322148188E-022
   6.9230769230769233E-003   4.2307692307692307E-003   377.46444718713332        6.4615525344274637E-022
   6.9230769230769233E-003   4.6153846153846149E-003   377.47059325881150        6.4704445040513200E-022
   6.9230769230769233E-003   5.0000000000000001E-003   377.47263892656866        6.4734066584698937E-022
   6.9230769230769233E-003   5.3846153846153844E-003   377.47059325881162        6.4704445040512946E-022
   6.9230769230769233E-003   5.7692307692307696E-003   377.46444718713326        6.4615525344273772E-022
   6.9230769230769233E-003   6.1538461538461538E-003   377.45417401541579        6.4467151322146956E-022
   6.9230769230769233E-003   6.5384615384615381E-003   377.43973093392327        6.4259092351282572E-022
   6.9230769230769233E-003   6.9230769230769233E-003   377.42106149565598        6.3991086453257831E-022
   6.9230769230769233E-003   7.3076923076923076E-003   377.39809897408304        6.3662897677613769E-022
   6.9230769230769233E-003   7.6923076923076927E-003   377.37077141582262        6.3274398181975260E-022
   6.9230769230769233E-003   8.0769230769230770E-003   377.33898422355099        6.2825327042449237E-022
   6.9230769230769233E-003   8.4615384615384613E-003   377.30253876336650        6.2314150406104003E-022
   6.9230769230769233E-003   8.8461538461538456E-003   377.26132811334901        6.1740884030522177E-022
   6.9230769230769233E-003   9.2307692307692299E-003   377.21548272514639        6.1109096681143215E-022
   6.9230769230769233E-003   9.6153846153846159E-003   377.16488784145361        6.0419072252570729E-022

   7.3076923076923076E-003   3.8461538461538462E-004   369.18391524959731        9.8190189093172598E-023
   7.3076923076923076E-003   7.6923076923076923E-004   369.23161966417541        9.9290113236293143E-023
   7.3076923076923076E-003   1.1538461538461537E-003   369.27489938858719        1.0029826557980035E-022
   7.3076923076923076E-003   1.5384615384615385E-003   369.31385644802901        1.0121413920878204E-022
   7.3076923076923076E-003   1.9230769230769232E-003   369.34835052688277        1.0203168988034551E-022
   7.3076923076923076E-003   2.3076923076923075E-003   369.37847203331006        1.0275069778178363E-022
   7.3076923076923076E-003   2.6923076923076922E-003   369.40440038740707        1.0337346377552900E-022
   7.3076923076923076E-003   3.0769230769230769E-003   369.42621317652078        1.0390014902081955E-022
   7.3076923076923076E-003   3.4615384615384616E-003   369.44396660870638        1.0433068894428533E-022
   7.3076923076923076E-003   3.8461538461538464E-003   369.45771329509381        1.0466521521124279E-022
   7.3076923076923076E-003   4.2307692307692307E-003   369.46749793375147        1.0490393893110654E-022
   7.3076923076923076E-003   4.6153846153846149E-003   369.47335452596928        1.0504707131916956E-022
   7.3076923076923076E-003   5.0000000000000001E-003   369.47530431566571        1.0509476388423176E-022
   7.3076923076923076E-003   5.3846153846153844E-003   369.47335452596946        1.0504707131916868E-022
   7.3076923076923076E-003   5.7692307692307696E-003   369.46749793375147        1.0490393893110453E-022
   7.3076923076923076E-003   6.1538461538461538E-003   369.45771329509353        1.0466521521124134E-022
   7.3076923076923076E-003   6.5384615384615381E-003   369.44396660870638        1.0433068894428339E-022
   7.3076923076923076E-003   6.9230769230769233E-003   369.42621317652083        1.0390014902081654E-022
   7.3076923076923076E-003   7.3076923076923076E-003   369.40440038740667        1.0337346377552344E-022
   7.3076923076923076E-003   7.6923076923076927E-003   369.37847203330989        1.0275069778177811E-022
   7.3076923076923076E-003   8.0769230769230770E-003   369.34835052688260        1.0203168988033930E-022
   7.3076923076923076E-003   8.4615384615384613E-003   369.31385644802890        1.0121413920877425E-022
   7.3076923076923076E-003   8.8461538461538456E-003   369.27489938858702        1.0029826557979218E-022
   7.3076923076923076E-003   9.2307692307692299E-003   369.23161966417530        9.9290113236284009E-023
   7.3076923076923076E-003   9.6153846153846159E-003   369.18391524959713        9.8190189093163923E-023

   7.6923076923076927E-003   3.8461538461538462E-004   362.48585939693868        2.0160835652281115E-023
   7.6923076923076927E-003   7.6923076923076923E-004   362.53107589592582        2.0382144773647712E-023
   7.6923076923076927E-003   1.1538461538461537E-003   362.57214214082762        2.0585166957547894E-023
   7.6923076923076927E-003   1.5384615384615385E-003   362.60914836816727        2.0769785194651456E-023
   7.6923076923076927E-003   1.9230769230769232E-003   362.64194641667257        2.0934717180853752E-023
   7.6923076923076927E-003   2.3076923076923075E-003   362.67061392325945        2.1079888473609196E-023
   7.6923076923076927E-003   2.6923076923076922E-003   362.69531557281283        2.1205743870293763E-023
   7.6923076923076927E-003   3.0769230769230769E-003   362.71611615519458        2.1312276516939937E-023
   7.6923076923076927E-003   3.4615384615384616E-003   362.73306006753808        2.1399431119192638E-023
   7.6923076923076927E-003   3.8461538461538464E-003   362.74618929451054        2.1467195429829658E-023
   7.6923076923076927E-003   4.2307692307692307E-003   362.75553964942588        2.1515578965365936E-023
   7.6923076923076927E-003   4.6153846153846149E-003   362.76113844472400        2.1544599099485558E-023
   7.6923076923076927E-003   5.0000000000000001E-003   362.76300277138353        2.1554270592992692E-023
   7.6923076923076927E-003   5.3846153846153844E-003   362.76113844472371        2.1544599099484932E-023
   7.6923076923076927E-003   5.7692307692307696E-003   362.75553964942588        2.1515578965365460E-023
   7.6923076923076927E-003   6.1538461538461538E-003   362.74618929451020        2.1467195429829176E-023
   7.6923076923076927E-003   6.5384615384615381E-003   362.73306006753796        2.1399431119191733E-023
   7.6923076923076927E-003   6.9230769230769233E-003   362.71611615519441        2.1312276516938553E-023
   7.6923076923076927E-003   7.3076923076923076E-003   362.69531557281260        2.1205743870292397E-023
   7.6923076923076927E-003   7.6923076923076927E-003   362.67061392325922        2.1079888473607607E-023
   7.6923076923076927E-003   8.0769230769230770E-003   362.64194641667240        2.0934717180851822E-023
   7.6923076923076927E-003   8.4615384615384613E-003   362.60914836816698        2.0769785194649422E-023
   7.6923076923076927E-003   8.8461538461538456E-003   362.57214214082711        2.0585166957545802E-023
   7.6923076923076927E-003   9.2307692307692299E-003   362.53107589592537        2.0382144773645482E-023
   7.6923076923076927E-003   9.6153846153846159E-003   362.48585939693822        2.0160835652278949E-023

   8.0769230769230770E-003   3.8461538461538462E-004   357.00238428298627        5.2923094974621029E-024
   8.0769230769230770E-003   7.6923076923076923E-004   357.04553582642933        5.3492835956608393E-024
   8.0769230769230770E-003   1.1538461538461537E-003   357.08475421953239        5.4015772133320796E-024
   8.0769230769230770E-003   1.5384615384615385E-003   357.12012632437143        5.4491651922921204E-024
   8.0769230769230770E-003   1.9230769230769232E-003   357.15149842435704        5.4917029377752410E-024
   8.0769230769230770E-003   2.3076923076923075E-003   357.17893871003741        5.5291657618831983E-024
   8.0769230769230770E-003   2.6923076923076922E-003   357.20260099117303        5.5616658810819974E-024
   8.0769230769230770E-003   3.0769230769230769E-003   357.22254082976400        5.5891943110119508E-024
   8.0769230769230770E-003   3.4615384615384616E-003   357.23879411908763        5.6117287779431153E-024
   8.0769230769230770E-003   3.8461538461538464E-003   357.25139513201202        5.6292586769527462E-024
   8.0769230769230770E-003   4.2307692307692307E-003   357.26037317951733        5.6417800307443136E-024
   8.0769230769230770E-003   4.6153846153846149E-003   357.26575064451885        5.6492923588759236E-024
   8.0769230769230770E-003   5.0000000000000001E-003   357.26754154273965        5.6517963386285233E-024
   8.0769230769230770E-003   5.3846153846153844E-003   357.26575064451890        5.6492923588758736E-024
   8.0769230769230770E-003   5.7692307692307696E-003   357.26037317951733        5.6417800307441571E-024
   8.0769230769230770E-003   6.1538461538461538E-003   357.25139513201191        5.6292586769524847E-024
   8.0769230769230770E-003   6.5384615384615381E-003   357.23879411908763        5.6117287779428243E-024
   8.0769230769230770E-003   6.9230769230769233E-003   357.22254082976389        5.5891943110116378E-024
   8.0769230769230770E-003   7.3076923076923076E-003   357.20260099117269        5.5616658810815463E-024
   8.0769230769230770E-003   7.6923076923076927E-003   357.17893871003690        5.5291657618826877E-024
   8.0769230769230770E-003   8.0769230769230770E-003   357.15149842435665        5.4917029377746716E-024
   8.0769230769230770E-003   8.4615384615384613E-003   357.12012632437097        5.4491651922914738E-024
   8.0769230769230770E-003   8.8461538461538456E-003   357.08475421953165        5.4015772133313706E-024
   8.0769230769230770E-003   9.2307692307692299E-003   357.04553582642865        5.3492835956601605E-024
   8.0769230769230770E-003   9.6153846153846159E-003   357.00238428298570        5.2923094974614145E-024

   8.4615384615384613E-003   3.8461538461538462E-004   352.67633244732946        1.7928664781843009E-024
   8.4615384615384613E-003   7.6923076923076923E-004   352.71771925768149        1.8117777724574671E-024
   8.4615384615384613E-003   1.1538461538461537E-003   352.75547890759685        1.8292010817425388E-024
   8.4615384615384613E-003   1.5384615384615385E-003   352.78954461384984        1.8450586743019773E-024
   8.4615384615384613E-003   1.9230769230769232E-003   352.81977225120932        1.8592381975656884E-024
   8.4615384615384613E-003   2.3076923076923075E-003   352.84622356035118        1.8717303323822881E-024
   8.4615384615384613E-003   2.6923076923076922E-003   352.86904493516903        1.8825723870406065E-024
   8.4615384615384613E-003   3.0769230769230769E-003   352.88828591285488        1.8917599428453450E-024
   8.4615384615384613E-003   3.4615384615384616E-003   352.90397677822170        1.8992838535479585E-024
   8.4615384615384613E-003   3.8461538461538464E-003   352.91614658361442        1.9051389146614607E-024
   8.4615384615384613E-003   4.2307692307692307E-003   352.92482014064899        1.9093223054859880E-024
   8.4615384615384613E-003   4.6153846153846149E-003   352.93001636871799        1.9118326843402319E-024
   8.4615384615384613E-003   5.0000000000000001E-003   352.93174710271745        1.9126695207802652E-024
   8.4615384615384613E-003   5.3846153846153844E-003   352.93001636871804        1.9118326843402113E-024
   8.4615384615384613E-003   5.7692307692307696E-003   352.92482014064905        1.9093223054859443E-024
   8.4615384615384613E-003   6.1538461538461538E-003   352.91614658361448        1.9051389146613865E-024
   8.4615384615384613E-003   6.5384615384615381E-003   352.90397677822165        1.8992838535478483E-024
   8.4615384615384613E-003   6.9230769230769233E-003   352.88828591285466        1.8917599428452164E-024
   8.4615384615384613E-003   7.3076923076923076E-003   352.86904493516840        1.8825723870404434E-024
   8.4615384615384613E-003   7.6923076923076927E-003   352.84622356035061        1.8717303323820831E-024
   8.4615384615384613E-003   8.0769230769230770E-003   352.81977225120880        1.8592381975654706E-024
   8.4615384615384613E-003   8.4615384615384613E-003   352.78954461384933        1.8450586743017613E-024
   8.4615384615384613E-003   8.8461538461538456E-003   352.75547890759634        1.8292010817423158E-024
   8.4615384615384613E-003   9.2307692307692299E-003   352.71771925768098        1.8117777724572548E-024
   8.4615384615384613E-003   9.6153846153846159E-003   352.67633244732878        1.7928664781840890E-024

   8.8461538461538456E-003   3.8461538461538462E-004   349.46170973829578        7.8936374553503541E-025
   8.8461538461538456E-003   7.6923076923076923E-004   349.50192424194444        7.9758376628009408E-025
   8.8461538461538456E-003   1.1538461538461537E-003   349.53834486502160        8.0509868295585511E-025
   8.8461538461538456E-003   1.5384615384615385E-003   349.57145724091254        8.1199189770689759E-025
   8.8461538461538456E-003   1.9230769230769232E-003   349.60083013216251        8.1815305689735424E-025
   8.8461538461538456E-003   2.3076923076923075E-003   349.62653875427316        8.2358162190834922E-025
   8.8461538461538456E-003   2.6923076923076922E-003   349.64872534699998        8.2829406326268410E-025
   8.8461538461538456E-003   3.0769230769230769E-003   349.66743656973443        8.3228831932285755E-025
   8.8461538461538456E-003   3.4615384615384616E-003   349.68269976222552        8.3556009491814845E-025
   8.8461538461538456E-003   3.8461538461538464E-003   349.69454091367641        8.3810673959901166E-025
   8.8461538461538456E-003   4.2307692307692307E-003   349.70298201573490        8.3992663490470773E-025
   8.8461538461538456E-003   4.6153846153846149E-003   349.70803973680052        8.4101886766646321E-025
   8.8461538461538456E-003   5.0000000000000001E-003   349.70972446743519        8.4138298946116647E-025
   8.8461538461538456E-003   5.3846153846153844E-003   349.70803973680069        8.4101886766645770E-025
   8.8461538461538456E-003   5.7692307692307696E-003   349.70298201573502        8.3992663490468348E-025
   8.8461538461538456E-003   6.1538461538461538E-003   349.69454091367646        8.3810673959899329E-025
   8.8461538461538456E-003   6.5384615384615381E-003   349.68269976222558        8.3556009491812458E-025
   8.8461538461538456E-003   6.9230769230769233E-003   349.66743656973409        8.3228831932281256E-025
   8.8461538461538456E-003   7.3076923076923076E-003   349.64872534699975        8.2829406326263194E-025
   8.8461538461538456E-003   7.6923076923076927E-003   349.62653875427264        8.2358162190825885E-025
   8.8461538461538456E-003   8.0769230769230770E-003   349.60083013216200        8.1815305689725845E-025
   8.8461538461538456E-003   8.4615384615384613E-003   349.57145724091208        8.1199189770680336E-025
   8.8461538461538456E-003   8.8461538461538456E-003   349.53834486502103        8.0509868295576906E-025
   8.8461538461538456E-003   9.2307692307692299E-003   349.50192424194421        7.9758376628000399E-025
   8.8461538461538456E-003   9.6153846153846159E-003   349.46170973829555        7.8936374553495312E-025

   9.2307692307692299E-003   3.8461538461538462E-004   347.32405355254616        4.5396438946693083E-025
   9.2307692307692299E-003   7.6923076923076923E-004   347.36336162818969        4.5863357754424741E-025
   9.2307692307692299E-003   1.1538461538461537E-003   347.39917327829102        4.6292790494635953E-025
   9.2307692307692299E-003   1.5384615384615385E-003   347.43140556730134        4.6682600034390579E-025
   9.2307692307692299E-003   1.9230769230769232E-003   347.46023177523580        4.7033916009443100E-025
   9.2307692307692299E-003   2.3076923076923075E-003   347.48544874690793        4.7343270559405348E-025
   9.2307692307692299E-003   2.6923076923076922E-003   347.50721085220090        4.7611798216818736E-025
   9.2307692307692299E-003   3.0769230769230769E-003   347.52556563598398        4.7839410997819178E-025
   9.2307692307692299E-003   3.4615384615384616E-003   347.54054000552622        4.8025870885004597E-025
   9.2307692307692299E-003   3.8461538461538464E-003   347.55215868847961        4.8171021494390293E-025
   9.2307692307692299E-003   4.2307692307692307E-003   347.56044220539025        4.8274760379642166E-025
   9.2307692307692299E-003   4.6153846153846149E-003   347.56540594513785        4.8337025346759619E-025
   9.2307692307692299E-003   5.0000000000000001E-003   347.56705944755322        4.8357783703303950E-025
   9.2307692307692299E-003   5.3846153846153844E-003   347.56540594513797        4.8337025346759793E-025
   9.2307692307692299E-003   5.7692307692307696E-003   347.56044220539036        4.8274760379641229E-025
   9.2307692307692299E-003   6.1538461538461538E-003   347.55215868847966        4.8171021494389421E-025
   9.2307692307692299E-003   6.5384615384615381E-003   347.54054000552634        4.8025870885003477E-025
   9.2307692307692299E-003   6.9230769230769233E-003   347.52556563598409        4.7839410997817543E-025
   9.2307692307692299E-003   7.3076923076923076E-003   347.50721085220096        4.7611798216816330E-025
   9.2307692307692299E-003   7.6923076923076927E-003   347.48544874690771        4.7343270559401602E-025
   9.2307692307692299E-003   8.0769230769230770E-003   347.46023177523557        4.7033916009438655E-025
   9.2307692307692299E-003   8.4615384615384613E-003   347.43140556730111        4.6682600034386418E-025
   9.2307692307692299E-003   8.8461538461538456E-003   347.39917327829085        4.6292790494632371E-025
   9.2307692307692299E-003   9.2307692307692299E-003   347.36336162818941        4.5863357754420682E-025
   9.2307692307692299E-003   9.6153846153846159E-003   347.32405355254593        4.5396438946688960E-025

   9.6153846153846159E-003   3.8461538461538462E-004   346.24007355275592        3.4210417191749059E-025
   9.6153846153846159E-003   7.6923076923076923E-004   346.27884853099619        3.4559316220660117E-025
   9.6153846153846159E-003   1.1538461538461537E-003   346.31421734752553        3.4880584701100418E-025
   9.6153846153846159E-003   1.5384615384615385E-003   346.34620156392998        3.5173613208411340E-025
   9.6153846153846159E-003   1.9230769230769232E-003   346.37464373597265        3.5436154107549569E-025
   9.6153846153846159E-003   2.3076923076923075E-003   346.39962661289286        3.5668302804156642E-025
   9.6153846153846159E-003   2.6923076923076922E-003   346.42117453395150        3.5869690731949127E-025
   9.6153846153846159E-003   3.0769230769230769E-003   346.43934747999111        3.6040377946485795E-025
   9.6153846153846159E-003   3.4615384615384616E-003   346.45417383675635        3.6180204939101603E-025
   9.6153846153846159E-003   3.8461538461538464E-003   346.46567825304112        3.6289057822936153E-025
   9.6153846153846159E-003   4.2307692307692307E-003   346.47388072524262        3.6366857986299767E-025
   9.6153846153846159E-003   4.6153846153846149E-003   346.47879609539916        3.6413555855210982E-025
   9.6153846153846159E-003   5.0000000000000001E-003   346.48043351995318        3.6429124618380256E-025
   9.6153846153846159E-003   5.3846153846153844E-003   346.47879609539922        3.6413555855210362E-025
   9.6153846153846159E-003   5.7692307692307696E-003   346.47388072524262        3.6366857986298587E-025
   9.6153846153846159E-003   6.1538461538461538E-003   346.46567825304118        3.6289057822934923E-025
   9.6153846153846159E-003   6.5384615384615381E-003   346.45417383675647        3.6180204939099698E-025
   9.6153846153846159E-003   6.9230769230769233E-003   346.43934747999117        3.6040377946484262E-025
   9.6153846153846159E-003   7.3076923076923076E-003   346.42117453395150        3.5869690731948103E-025
   9.6153846153846159E-003   7.6923076923076927E-003   346.39962661289275        3.5668302804154668E-025
   9.6153846153846159E-003   8.0769230769230770E-003   346.37464373597260        3.5436154107546171E-025
   9.6153846153846159E-003   8.4615384615384613E-003   346.34620156392981        3.5173613208408820E-025
   9.6153846153846159E-003   8.8461538461538456E-003   346.31421734752541        3.4880584701097938E-025
   9.6153846153846159E-003   9.2307692307692299E-003   346.27884853099596        3.4559316220657187E-025
   9.6153846153846159E-003   9.6153846153846159E-003   346.24007355275592        3.4210417191746740E-025

