   3.8461538461538462E-004   3.8461538461538462E-004   1638.7519869077494        1.0000000000000000     
   3.8461538461538462E-004   7.6923076923076923E-004   1638.7974563052371        1.0000000000000000     
   3.8461538461538462E-004   1.1538461538461537E-003   1638.6646004405166        1.0000000000000000     
   3.8461538461538462E-004   1.5384615384615385E-003   1638.3739755955187        1.0000000000000000     
   3.8461538461538462E-004   1.9230769230769232E-003   1637.9547626600811        1.0000000000000000     
   3.8461538461538462E-004   2.3076923076923075E-003   1637.4429026456808        1.0000000000000000     
   3.8461538461538462E-004   2.6923076923076922E-003   1636.8788294171504        1.0000000000000000     
   3.8461538461538462E-004   3.0769230769230769E-003   1636.3049585027250        1.0000000000000000     
   3.8461538461538462E-004   3.4615384615384616E-003   1635.7630996682892        1.0000000000000000     
   3.8461538461538462E-004   3.8461538461538464E-003   1635.2919564464396        1.0000000000000000     
   3.8461538461538462E-004   4.2307692307692307E-003   1634.9248605833875        1.0000000000000000     
   3.8461538461538462E-004   4.6153846153846149E-003   1634.6878667958449        1.0000000000000000     
   3.8461538461538462E-004   5.0000000000000001E-003   1634.5983067114150        1.0000000000000000     
   3.8461538461538462E-004   5.3846153846153844E-003   1634.6638731054297        1.0000000000000000     
   3.8461538461538462E-004   5.7692307692307696E-003   1634.8822781514721        1.0000000000000000     
   3.8461538461538462E-004   6.1538461538461538E-003   1635.2415028575131        1.0000000000000000     
   3.8461538461538462E-004   6.5384615384615381E-003   1635.7206289106123        1.0000000000000000     
   3.8461538461538462E-004   6.9230769230769233E-003   1636.2912185596560        1.0000000000000000     
   3.8461538461538462E-004   7.3076923076923076E-003   1636.9191838615986        1.0000000000000000     
   3.8461538461538462E-004   7.6923076923076927E-003   1637.5670677372564        1.0000000000000000     
   3.8461538461538462E-004   8.0769230769230770E-003   1638.1966581194065        1.0000000000000000     
   3.8461538461538462E-004   8.4615384615384613E-003   1638.7719093830897        1.0000000000000000     
   3.8461538461538462E-004   8.8461538461538456E-003   1639.2623709835771        1.0000000000000000     
   3.8461538461538462E-004   9.2307692307692299E-003   1639.6481524135145        1.0000000000000000     
   3.8461538461538462E-004   9.6153846153846159E-003   1639.9305791662186        1.0000000000000000     

   7.6923076923076923E-004   3.8461538461538462E-004   1638.2802323505159        1.0000000000000000     
   7.6923076923076923E-004   7.6923076923076923E-004   1638.3262919411543        1.0000000000000000     
   7.6923076923076923E-004   1.1538461538461537E-003   1638.1946592912168        1.0000000000000000     
   7.6923076923076923E-004   1.5384615384615385E-003   1637.9058136022361        1.0000000000000000     
   7.6923076923076923E-004   1.9230769230769232E-003   1637.4888263780460        1.0000000000000000     
   7.6923076923076923E-004   2.3076923076923075E-003   1636.9795039457904        1.0000000000000000     
   7.6923076923076923E-004   2.6923076923076922E-003   1636.4181286790586        1.0000000000000000     
   7.6923076923076923E-004   3.0769230769230769E-003   1635.8469571715038        1.0000000000000000     
   7.6923076923076923E-004   3.4615384615384616E-003   1635.3076424055412        1.0000000000000000     
   7.6923076923076923E-004   3.8461538461538464E-003   1634.8387424867617        1.0000000000000000     
   7.6923076923076923E-004   4.2307692307692307E-003   1634.4734633449075        1.0000000000000000     
   7.6923076923076923E-004   4.6153846153846149E-003   1634.2377603070775        1.0000000000000000     
   7.6923076923076923E-004   5.0000000000000001E-003   1634.1488970032644        1.0000000000000000     
   7.6923076923076923E-004   5.3846153846153844E-003   1634.2145323497759        1.0000000000000000     
   7.6923076923076923E-004   5.7692307692307696E-003   1634.4323789442030        1.0000000000000000     
   7.6923076923076923E-004   6.1538461538461538E-003   1634.7904495108171        1.0000000000000000     
   7.6923076923076923E-004   6.5384615384615381E-003   1635.2678816256571        1.0000000000000000     
   7.6923076923076923E-004   6.9230769230769233E-003   1635.8363040938345        1.0000000000000000     
   7.6923076923076923E-004   7.3076923076923076E-003   1636.4616805190890        1.0000000000000000     
   7.6923076923076923E-004   7.6923076923076927E-003   1637.1065362701897        1.0000000000000000     
   7.6923076923076923E-004   8.0769230769230770E-003   1637.7324405064423        1.0000000000000000     
   7.6923076923076923E-004   8.4615384615384613E-003   1638.3025527150621        1.0000000000000000     
   7.6923076923076923E-004   8.8461538461538456E-003   1638.7838418398621        1.0000000000000000     
   7.6923076923076923E-004   9.2307692307692299E-003   1639.1477246532122        1.0000000000000000     
   7.6923076923076923E-004   9.6153846153846159E-003   1639.3639263136845        1.0000000000000000     

   1.1538461538461537E-003   3.8461538461538462E-004   1637.1392364976798        1.0000000000000000     
   1.1538461538461537E-003   7.6923076923076923E-004   1637.1864545494045        1.0000000000000000     
   1.1538461538461537E-003   1.1538461538461537E-003   1637.0572583377509        1.0000000000000000     
   1.1538461538461537E-003   1.5384615384615385E-003   1636.7719716226618        1.0000000000000000     
   1.1538461538461537E-003   1.9230769230769232E-003   1636.3594453210458        1.0000000000000000     
   1.1538461538461537E-003   2.3076923076923075E-003   1635.8552141627692        1.0000000000000000     
   1.1538461538461537E-003   2.6923076923076922E-003   1635.2992550441486        1.0000000000000000     
   1.1538461538461537E-003   3.0769230769230769E-003   1634.7335040943985        1.0000000000000000     
   1.1538461538461537E-003   3.4615384615384616E-003   1634.1992982083768        1.0000000000000000     
   1.1538461538461537E-003   3.8461538461538464E-003   1633.7349023696343        1.0000000000000000     
   1.1538461538461537E-003   4.2307692307692307E-003   1633.3732690375220        1.0000000000000000     
   1.1538461538461537E-003   4.6153846153846149E-003   1633.1401535362759        1.0000000000000000     
   1.1538461538461537E-003   5.0000000000000001E-003   1633.0526830995814        1.0000000000000000     
   1.1538461538461537E-003   5.3846153846153844E-003   1633.1184496334902        1.0000000000000000     
   1.1538461538461537E-003   5.7692307692307696E-003   1633.3351688899113        1.0000000000000000     
   1.1538461538461537E-003   6.1538461538461538E-003   1633.6909219330862        1.0000000000000000     
   1.1538461538461537E-003   6.5384615384615381E-003   1634.1649679506422        1.0000000000000000     
   1.1538461538461537E-003   6.9230769230769233E-003   1634.7290895451820        1.0000000000000000     
   1.1538461538461537E-003   7.3076923076923076E-003   1635.3494014193245        1.0000000000000000     
   1.1538461538461537E-003   7.6923076923076927E-003   1635.9885191137980        1.0000000000000000     
   1.1538461538461537E-003   8.0769230769230770E-003   1636.6079419792081        1.0000000000000000     
   1.1538461538461537E-003   8.4615384615384613E-003   1637.1704424176407        1.0000000000000000     
   1.1538461538461537E-003   8.8461538461538456E-003   1637.6421495596169        1.0000000000000000     
   1.1538461538461537E-003   9.2307692307692299E-003   1637.9938889633563        1.0000000000000000     
   1.1538461538461537E-003   9.6153846153846159E-003   1638.2017441084151        1.0000000000000000     

   1.5384615384615385E-003   3.8461538461538462E-004   1635.4013776988688        1.0000000000000000     
   1.5384615384615385E-003   7.6923076923076923E-004   1635.4502950315830        1.0000000000000000     
   1.5384615384615385E-003   1.1538461538461537E-003   1635.3246832625100        1.0000000000000000     
   1.5384615384615385E-003   1.5384615384615385E-003   1635.0446368894700        1.0000000000000000     
   1.5384615384615385E-003   1.9230769230769232E-003   1634.6386814930006        1.0000000000000000     
   1.5384615384615385E-003   2.3076923076923075E-003   1634.1419512506673        1.0000000000000000     
   1.5384615384615385E-003   2.6923076923076922E-003   1633.5939725701412        1.0000000000000000     
   1.5384615384615385E-003   3.0769230769230769E-003   1633.0362090392700        1.0000000000000000     
   1.5384615384615385E-003   3.4615384615384616E-003   1632.5095315451608        1.0000000000000000     
   1.5384615384615385E-003   3.8461538461538464E-003   1632.0517730544143        1.0000000000000000     
   1.5384615384615385E-003   4.2307692307692307E-003   1631.6955126789044        1.0000000000000000     
   1.5384615384615385E-003   4.6153846153846149E-003   1631.4662115623569        1.0000000000000000     
   1.5384615384615385E-003   5.0000000000000001E-003   1631.3807970992289        1.0000000000000000     
   1.5384615384615385E-003   5.3846153846153844E-003   1631.4467646380363        1.0000000000000000     
   1.5384615384615385E-003   5.7692307692307696E-003   1631.6618386174557        1.0000000000000000     
   1.5384615384615385E-003   6.1538461538461538E-003   1632.0142083475448        1.0000000000000000     
   1.5384615384615385E-003   6.5384615384615381E-003   1632.4833267726804        1.0000000000000000     
   1.5384615384615385E-003   6.9230769230769233E-003   1633.0412324806416        1.0000000000000000     
   1.5384615384615385E-003   7.3076923076923076E-003   1633.6543249350093        1.0000000000000000     
   1.5384615384615385E-003   7.6923076923076927E-003   1634.2854897500390        1.0000000000000000     
   1.5384615384615385E-003   8.0769230769230770E-003   1634.8964348062345        1.0000000000000000     
   1.5384615384615385E-003   8.4615384615384613E-003   1635.4500616316013        1.0000000000000000     
   1.5384615384615385E-003   8.8461538461538456E-003   1635.9126747063328        1.0000000000000000     
   1.5384615384615385E-003   9.2307692307692299E-003   1636.2558888778303        1.0000000000000000     
   1.5384615384615385E-003   9.6153846153846159E-003   1636.4584292337013        1.0000000000000000     

   1.9230769230769232E-003   3.8461538461538462E-004   1633.1713707214744        1.0000000000000000     
   1.9230769230769232E-003   7.6923076923076923E-004   1633.2224885854132        1.0000000000000000     
   1.9230769230769232E-003   1.1538461538461537E-003   1633.1015151797060        1.0000000000000000     
   1.9230769230769232E-003   1.5384615384615385E-003   1632.8282484716613        1.0000000000000000     
   1.9230769230769232E-003   1.9230769230769232E-003   1632.4307932642757        1.0000000000000000     
   1.9230769230769232E-003   2.3076923076923075E-003   1631.9437657071885        1.0000000000000000     
   1.9230769230769232E-003   2.6923076923076922E-003   1631.4061096495886        1.0000000000000000     
   1.9230769230769232E-003   3.0769230769230769E-003   1630.8586776839509        1.0000000000000000     
   1.9230769230769232E-003   3.4615384615384616E-003   1630.3417382777002        1.0000000000000000     
   1.9230769230769232E-003   3.8461538461538464E-003   1629.8925661249998        1.0000000000000000     
   1.9230769230769232E-003   4.2307692307692307E-003   1629.5432582276737        1.0000000000000000     
   1.9230769230769232E-003   4.6153846153846149E-003   1629.3188964586818        1.0000000000000000     
   1.9230769230769232E-003   5.0000000000000001E-003   1629.2361517012307        1.0000000000000000     
   1.9230769230769232E-003   5.3846153846153844E-003   1629.3023976464258        1.0000000000000000     
   1.9230769230769232E-003   5.7692307692307696E-003   1629.5153754434568        1.0000000000000000     
   1.9230769230769232E-003   6.1538461538461538E-003   1629.8634239535036        1.0000000000000000     
   1.9230769230769232E-003   6.5384615384615381E-003   1630.3262638173974        1.0000000000000000     
   1.9230769230769232E-003   6.9230769230769233E-003   1630.8762960196268        1.0000000000000000     
   1.9230769230769232E-003   7.3076923076923076E-003   1631.4803465280854        1.0000000000000000     
   1.9230769230769232E-003   7.6923076923076927E-003   1632.1017583058388        1.0000000000000000     
   1.9230769230769232E-003   8.0769230769230770E-003   1632.7027028211187        1.0000000000000000     
   1.9230769230769232E-003   8.4615384615384613E-003   1633.2465611928149        1.0000000000000000     
   1.9230769230769232E-003   8.8461538461538456E-003   1633.7002242646467        1.0000000000000000     
   1.9230769230769232E-003   9.2307692307692299E-003   1634.0362077767768        1.0000000000000000     
   1.9230769230769232E-003   9.6153846153846159E-003   1634.2345937493553        1.0000000000000000     

   2.3076923076923075E-003   3.8461538461538462E-004   1630.5816318627922        1.0000000000000000     
   2.3076923076923075E-003   7.6923076923076923E-004   1630.6354016348052        1.0000000000000000     
   2.3076923076923075E-003   1.1538461538461537E-003   1630.5200018582993        1.0000000000000000     
   2.3076923076923075E-003   1.5384615384615385E-003   1630.2548749671976        1.0000000000000000     
   2.3076923076923075E-003   1.9230769230769232E-003   1629.8676212862924        1.0000000000000000     
   2.3076923076923075E-003   2.3076923076923075E-003   1629.3922359367673        1.0000000000000000     
   2.3076923076923075E-003   2.6923076923076922E-003   1628.8669644512349        1.0000000000000000     
   2.3076923076923075E-003   3.0769230769230769E-003   1628.3319271308242        1.0000000000000000     
   2.3076923076923075E-003   3.4615384615384616E-003   1627.8266706025197        1.0000000000000000     
   2.3076923076923075E-003   3.8461538461538464E-003   1627.3878008899635        1.0000000000000000     
   2.3076923076923075E-003   4.2307692307692307E-003   1627.0468379902261        1.0000000000000000     
   2.3076923076923075E-003   4.6153846153846149E-003   1626.8284106072731        1.0000000000000000     
   2.3076923076923075E-003   5.0000000000000001E-003   1626.7488844907623        1.0000000000000000     
   2.3076923076923075E-003   5.3846153846153844E-003   1626.8154912751486        1.0000000000000000     
   2.3076923076923075E-003   5.7692307692307696E-003   1627.0259982670268        1.0000000000000000     
   2.3076923076923075E-003   6.1538461538461538E-003   1627.3689336433611        1.0000000000000000     
   2.3076923076923075E-003   6.5384615384615381E-003   1627.8243555400725        1.0000000000000000     
   2.3076923076923075E-003   6.9230769230769233E-003   1628.3651268044746        1.0000000000000000     
   2.3076923076923075E-003   7.3076923076923076E-003   1628.9586294480948        1.0000000000000000     
   2.3076923076923075E-003   7.6923076923076927E-003   1629.5688248828194        1.0000000000000000     
   2.3076923076923075E-003   8.0769230769230770E-003   1630.1585404740736        1.0000000000000000     
   2.3076923076923075E-003   8.4615384615384613E-003   1630.6918448657225        1.0000000000000000     
   2.3076923076923075E-003   8.8461538461538456E-003   1631.1363714607412        1.0000000000000000     
   2.3076923076923075E-003   9.2307692307692299E-003   1631.4654678450202        1.0000000000000000     
   2.3076923076923075E-003   9.6153846153846159E-003   1631.6600784856901        1.0000000000000000     

   2.6923076923076922E-003   3.8461538461538462E-004   1627.7862182753599        1.0000000000000000     
   2.6923076923076922E-003   7.6923076923076923E-004   1627.8430333205220        1.0000000000000000     
   2.6923076923076922E-003   1.1538461538461537E-003   1627.7340044154507        1.0000000000000000     
   2.6923076923076922E-003   1.5384615384615385E-003   1627.4781690720899        1.0000000000000000     
   2.6923076923076922E-003   1.9230769230769232E-003   1627.1025530901011        1.0000000000000000     
   2.6923076923076922E-003   2.3076923076923075E-003   1626.6404443906090        1.0000000000000000     
   2.6923076923076922E-003   2.6923076923076922E-003   1626.1292933867451        1.0000000000000000     
   2.6923076923076922E-003   3.0769230769230769E-003   1625.6083867153259        1.0000000000000000     
   2.6923076923076922E-003   3.4615384615384616E-003   1625.1164494443924        1.0000000000000000     
   2.6923076923076922E-003   3.8461538461538464E-003   1624.6893268693716        1.0000000000000000     
   2.6923076923076922E-003   4.2307692307692307E-003   1624.3578830427732        1.0000000000000000     
   2.6923076923076922E-003   4.6153846153846149E-003   1624.1462323231542        1.0000000000000000     
   2.6923076923076922E-003   5.0000000000000001E-003   1624.0703955638783        1.0000000000000000     
   2.6923076923076922E-003   5.3846153846153844E-003   1624.1374465488275        1.0000000000000000     
   2.6923076923076922E-003   5.7692307692307696E-003   1624.3451883647535        1.0000000000000000     
   2.6923076923076922E-003   6.1538461538461538E-003   1624.6823739620711        1.0000000000000000     
   2.6923076923076922E-003   6.5384615384615381E-003   1625.1294598074742        1.0000000000000000     
   2.6923076923076922E-003   6.9230769230769233E-003   1625.6598556488507        1.0000000000000000     
   2.6923076923076922E-003   7.3076923076923076E-003   1626.2416067898600        1.0000000000000000     
   2.6923076923076922E-003   7.6923076923076927E-003   1626.8394187265471        1.0000000000000000     
   2.6923076923076922E-003   8.0769230769230770E-003   1627.4169097683132        1.0000000000000000     
   2.6923076923076922E-003   8.4615384615384613E-003   1627.9389589568500        1.0000000000000000     
   2.6923076923076922E-003   8.8461538461538456E-003   1628.3740081753381        1.0000000000000000     
   2.6923076923076922E-003   9.2307692307692299E-003   1628.6961800934930        1.0000000000000000     
   2.6923076923076922E-003   9.6153846153846159E-003   1628.8870803217981        1.0000000000000000     

   3.0769230769230769E-003   3.8461538461538462E-004   1624.9534637090094        1.0000000000000000     
   3.0769230769230769E-003   7.6923076923076923E-004   1625.0136535731426        1.0000000000000000     
   3.0769230769230769E-003   1.1538461538461537E-003   1624.9116411293282        1.0000000000000000     
   3.0769230769230769E-003   1.5384615384615385E-003   1624.6660201342809        1.0000000000000000     
   3.0769230769230769E-003   1.9230769230769232E-003   1624.3031868028365        1.0000000000000000     
   3.0769230769230769E-003   2.3076923076923075E-003   1623.8556541511009        1.0000000000000000     
   3.0769230769230769E-003   2.6923076923076922E-003   1623.3600014594415        1.0000000000000000     
   3.0769230769230769E-003   3.0769230769230769E-003   1622.8546021614941        1.0000000000000000     
   3.0769230769230769E-003   3.4615384615384616E-003   1622.3772816120184        1.0000000000000000     
   3.0769230769230769E-003   3.8461538461538464E-003   1621.9630523472433        1.0000000000000000     
   3.0769230769230769E-003   4.2307692307692307E-003   1621.6420608776059        1.0000000000000000     
   3.0769230769230769E-003   4.6153846153846149E-003   1621.4378597300670        1.0000000000000000     
   3.0769230769230769E-003   5.0000000000000001E-003   1621.3660943878165        1.0000000000000000     
   3.0769230769230769E-003   5.3846153846153844E-003   1621.4336693593800        1.0000000000000000     
   3.0769230769230769E-003   5.7692307692307696E-003   1621.6384322711710        1.0000000000000000     
   3.0769230769230769E-003   6.1538461538461538E-003   1621.9693900207058        1.0000000000000000     
   3.0769230769230769E-003   6.5384615384615381E-003   1622.4074463098830        1.0000000000000000     
   3.0769230769230769E-003   6.9230769230769233E-003   1622.9266247262772        1.0000000000000000     
   3.0769230769230769E-003   7.3076923076923076E-003   1623.4957157564172        1.0000000000000000     
   3.0769230769230769E-003   7.6923076923076927E-003   1624.0802603907782        1.0000000000000000     
   3.0769230769230769E-003   8.0769230769230770E-003   1624.6447591436386        1.0000000000000000     
   3.0769230769230769E-003   8.4615384615384613E-003   1625.1549761046731        1.0000000000000000     
   3.0769230769230769E-003   8.8461538461538456E-003   1625.5801958266320        1.0000000000000000     
   3.0769230769230769E-003   9.2307692307692299E-003   1625.8952875834027        1.0000000000000000     
   3.0769230769230769E-003   9.6153846153846159E-003   1626.0824347500541        1.0000000000000000     

   3.4615384615384616E-003   3.8461538461538462E-004   1622.2574888980153        1.0000000000000000     
   3.4615384615384616E-003   7.6923076923076923E-004   1622.3213158134176        1.0000000000000000     
   3.4615384615384616E-003   1.1538461538461537E-003   1622.2268060312174        1.0000000000000000     
   3.4615384615384616E-003   1.5384615384615385E-003   1621.9920817899022        1.0000000000000000     
   3.4615384615384616E-003   1.9230769230769232E-003   1621.6428703748072        1.0000000000000000     
   3.4615384615384616E-003   2.3076923076923075E-003   1621.2108615492200        1.0000000000000000     
   3.4615384615384616E-003   2.6923076923076922E-003   1620.7317092291348        1.0000000000000000     
   3.4615384615384616E-003   3.0769230769230769E-003   1620.2428169654220        1.0000000000000000     
   3.4615384615384616E-003   3.4615384615384616E-003   1619.7810547955692        1.0000000000000000     
   3.4615384615384616E-003   3.8461538461538464E-003   1619.3805513667594        1.0000000000000000     
   3.4615384615384616E-003   4.2307692307692307E-003   1619.0706920829953        1.0000000000000000     
   3.4615384615384616E-003   4.6153846153846149E-003   1618.8744342811801        1.0000000000000000     
   3.4615384615384616E-003   5.0000000000000001E-003   1618.8070270066894        1.0000000000000000     
   3.4615384615384616E-003   5.3846153846153844E-003   1618.8751981740652        1.0000000000000000     
   3.4615384615384616E-003   5.7692307692307696E-003   1619.0768471620099        1.0000000000000000     
   3.4615384615384616E-003   6.1538461538461538E-003   1619.4012566180668        1.0000000000000000     
   3.4615384615384616E-003   6.5384615384615381E-003   1619.8298131298136        1.0000000000000000     
   3.4615384615384616E-003   6.9230769230769233E-003   1620.3372019125293        1.0000000000000000     
   3.4615384615384616E-003   7.3076923076923076E-003   1620.8930155520677        1.0000000000000000     
   3.4615384615384616E-003   7.6923076923076927E-003   1621.4636917031094        1.0000000000000000     
   3.4615384615384616E-003   8.0769230769230770E-003   1622.0146710479132        1.0000000000000000     
   3.4615384615384616E-003   8.4615384615384613E-003   1622.5126471407434        1.0000000000000000     
   3.4615384615384616E-003   8.8461538461538456E-003   1622.9277665499317        1.0000000000000000     
   3.4615384615384616E-003   9.2307692307692299E-003   1623.2356328203025        1.0000000000000000     
   3.4615384615384616E-003   9.6153846153846159E-003   1623.4189718770363        1.0000000000000000     

   3.8461538461538464E-003   3.8461538461538462E-004   1619.8688393565380        1.0000000000000000     
   3.8461538461538464E-003   7.6923076923076923E-004   1619.9364968793911        1.0000000000000000     
   3.8461538461538464E-003   1.1538461538461537E-003   1619.8498145166559        1.0000000000000000     
   3.8461538461538464E-003   1.5384615384615385E-003   1619.6264263893727        1.0000000000000000     
   3.8461538461538464E-003   1.9230769230769232E-003   1619.2913673531298        1.0000000000000000     
   3.8461538461538464E-003   2.3076923076923075E-003   1618.8754750808787        1.0000000000000000     
   3.8461538461538464E-003   2.6923076923076922E-003   1618.4134458364992        1.0000000000000000     
   3.8461538461538464E-003   3.0769230769230769E-003   1617.9416796226137        1.0000000000000000     
   3.8461538461538464E-003   3.4615384615384616E-003   1617.4960582357876        1.0000000000000000     
   3.8461538461538464E-003   3.8461538461538464E-003   1617.1097962922095        1.0000000000000000     
   3.8461538461538464E-003   4.2307692307692307E-003   1616.8114925828866        1.0000000000000000     
   3.8461538461538464E-003   4.6153846153846149E-003   1616.6234899677086        1.0000000000000000     
   3.8461538461538464E-003   5.0000000000000001E-003   1616.5606292394557        1.0000000000000000     
   3.8461538461538464E-003   5.3846153846153844E-003   1616.6294582491528        1.0000000000000000     
   3.8461538461538464E-003   5.7692307692307696E-003   1616.8279334521001        1.0000000000000000     
   3.8461538461538464E-003   6.1538461538461538E-003   1617.1456273308845        1.0000000000000000     
   3.8461538461538464E-003   6.5384615384615381E-003   1617.5644315997424        1.0000000000000000     
   3.8461538461538464E-003   6.9230769230769233E-003   1618.0597221771161        1.0000000000000000     
   3.8461538461538464E-003   7.3076923076923076E-003   1618.6019274060377        1.0000000000000000     
   3.8461538461538464E-003   7.6923076923076927E-003   1619.1584164133269        1.0000000000000000     
   3.8461538461538464E-003   8.0769230769230770E-003   1619.6956012671446        1.0000000000000000     
   3.8461538461538464E-003   8.4615384615384613E-003   1620.1811269562313        1.0000000000000000     
   3.8461538461538464E-003   8.8461538461538456E-003   1620.5860097648731        1.0000000000000000     
   3.8461538461538464E-003   9.2307692307692299E-003   1620.8865797066976        1.0000000000000000     
   3.8461538461538464E-003   9.6153846153846159E-003   1621.0660880251562        1.0000000000000000     

   4.2307692307692307E-003   3.8461538461538462E-004   1617.9445975268911        1.0000000000000000     
   4.2307692307692307E-003   7.6923076923076923E-004   1618.0162109979406        1.0000000000000000     
   4.2307692307692307E-003   1.1538461538461537E-003   1617.9375224895539        1.0000000000000000     
   4.2307692307692307E-003   1.5384615384615385E-003   1617.7256722675838        1.0000000000000000     
   4.2307692307692307E-003   1.9230769230769232E-003   1617.4049946696214        1.0000000000000000     
   4.2307692307692307E-003   2.3076923076923075E-003   1617.0054654125809        1.0000000000000000     
   4.2307692307692307E-003   2.6923076923076922E-003   1616.5608121493074        1.0000000000000000     
   4.2307692307692307E-003   3.0769230769230769E-003   1616.1064200242879        1.0000000000000000     
   4.2307692307692307E-003   3.4615384615384616E-003   1615.6771716820779        1.0000000000000000     
   4.2307692307692307E-003   3.8461538461538464E-003   1615.3053579101663        1.0000000000000000     
   4.2307692307692307E-003   4.2307692307692307E-003   1615.0187828487826        1.0000000000000000     
   4.2307692307692307E-003   4.6153846153846149E-003   1614.8391691581271        1.0000000000000000     
   4.2307692307692307E-003   5.0000000000000001E-003   1614.7809464165957        1.0000000000000000     
   4.2307692307692307E-003   5.3846153846153844E-003   1614.8504825281084        1.0000000000000000     
   4.2307692307692307E-003   5.7692307692307696E-003   1615.0457943794654        1.0000000000000000     
   4.2307692307692307E-003   6.1538461538461538E-003   1615.3567508373296        1.0000000000000000     
   4.2307692307692307E-003   6.5384615384615381E-003   1615.7657581618446        1.0000000000000000     
   4.2307692307692307E-003   6.9230769230769233E-003   1616.2488945555449        1.0000000000000000     
   4.2307692307692307E-003   7.3076923076923076E-003   1616.7774366471724        1.0000000000000000     
   4.2307692307692307E-003   7.6923076923076927E-003   1617.3196967077365        1.0000000000000000     
   4.2307692307692307E-003   8.0769230769230770E-003   1617.8430666841414        1.0000000000000000     
   4.2307692307692307E-003   8.4615384615384613E-003   1618.3161458961185        1.0000000000000000     
   4.2307692307692307E-003   8.8461538461538456E-003   1618.7108161028618        1.0000000000000000     
   4.2307692307692307E-003   9.2307692307692299E-003   1619.0041231637347        1.0000000000000000     
   4.2307692307692307E-003   9.6153846153846159E-003   1619.1798307040610        1.0000000000000000     

   4.6153846153846149E-003   3.8461538461538462E-004   1616.6184261290914        1.0000000000000000     
   4.6153846153846149E-003   7.6923076923076923E-004   1616.6940545711468        1.0000000000000000     
   4.6153846153846149E-003   1.1538461538461537E-003   1616.6233755825876        1.0000000000000000     
   4.6153846153846149E-003   1.5384615384615385E-003   1616.4230400422643        1.0000000000000000     
   4.6153846153846149E-003   1.9230769230769232E-003   1616.1166881600689        1.0000000000000000     
   4.6153846153846149E-003   2.3076923076923075E-003   1615.7334416482115        1.0000000000000000     
   4.6153846153846149E-003   2.6923076923076922E-003   1615.3060686116530        1.0000000000000000     
   4.6153846153846149E-003   3.0769230769230769E-003   1614.8689490010797        1.0000000000000000     
   4.6153846153846149E-003   3.4615384615384616E-003   1614.4559760352522        1.0000000000000000     
   4.6153846153846149E-003   3.8461538461538464E-003   1614.0985259293752        1.0000000000000000     
   4.6153846153846149E-003   4.2307692307692307E-003   1613.8236164725654        1.0000000000000000     
   4.6153846153846149E-003   4.6153846153846149E-003   1613.6523570598613        1.0000000000000000     
   4.6153846153846149E-003   5.0000000000000001E-003   1613.5987713205714        1.0000000000000000     
   4.6153846153846149E-003   5.3846153846153844E-003   1613.6690506200755        1.0000000000000000     
   4.6153846153846149E-003   5.7692307692307696E-003   1613.8612737509277        1.0000000000000000     
   4.6153846153846149E-003   6.1538461538461538E-003   1614.1656055063561        1.0000000000000000     
   4.6153846153846149E-003   6.5384615384615381E-003   1614.5649643313729        1.0000000000000000     
   4.6153846153846149E-003   6.9230769230769233E-003   1615.0361264286410        1.0000000000000000     
   4.6153846153846149E-003   7.3076923076923076E-003   1615.5512103658014        1.0000000000000000     
   4.6153846153846149E-003   7.6923076923076927E-003   1616.0794628569881        1.0000000000000000     
   4.6153846153846149E-003   8.0769230769230770E-003   1616.5892443090052        1.0000000000000000     
   4.6153846153846149E-003   8.4615384615384613E-003   1617.0500940685263        1.0000000000000000     
   4.6153846153846149E-003   8.8461538461538456E-003   1617.4347426909751        1.0000000000000000     
   4.6153846153846149E-003   9.2307692307692299E-003   1617.7209345568870        1.0000000000000000     
   4.6153846153846149E-003   9.6153846153846159E-003   1617.8929308065667        1.0000000000000000     

   5.0000000000000001E-003   3.8461538461538462E-004   1615.9911144870480        1.0000000000000000     
   5.0000000000000001E-003   7.6923076923076923E-004   1616.0707535283016        1.0000000000000000     
   5.0000000000000001E-003   1.1538461538461537E-003   1616.0079600623969        1.0000000000000000     
   5.0000000000000001E-003   1.5384615384615385E-003   1615.8189093022529        1.0000000000000000     
   5.0000000000000001E-003   1.9230769230769232E-003   1615.5265668437705        1.0000000000000000     
   5.0000000000000001E-003   2.3076923076923075E-003   1615.1592244897920        1.0000000000000000     
   5.0000000000000001E-003   2.6923076923076922E-003   1614.7487179947102        1.0000000000000000     
   5.0000000000000001E-003   3.0769230769230769E-003   1614.3284507661476        1.0000000000000000     
   5.0000000000000001E-003   3.4615384615384616E-003   1613.9313549923431        1.0000000000000000     
   5.0000000000000001E-003   3.8461538461538464E-003   1613.5879187952526        1.0000000000000000     
   5.0000000000000001E-003   4.2307692307692307E-003   1613.3243966638363        1.0000000000000000     
   5.0000000000000001E-003   4.6153846153846149E-003   1613.1613030742319        1.0000000000000000     
   5.0000000000000001E-003   5.0000000000000001E-003   1613.1122683735741        1.0000000000000000     
   5.0000000000000001E-003   5.3846153846153844E-003   1613.1833137463279        1.0000000000000000     
   5.0000000000000001E-003   5.7692307692307696E-003   1613.3725796701344        1.0000000000000000     
   5.0000000000000001E-003   6.1538461538461538E-003   1613.6705201462346        1.0000000000000000     
   5.0000000000000001E-003   6.5384615384615381E-003   1614.0605529807292        1.0000000000000000     
   5.0000000000000001E-003   6.9230769230769233E-003   1614.5201340963852        1.0000000000000000     
   5.0000000000000001E-003   7.3076923076923076E-003   1615.0222011095000        1.0000000000000000     
   5.0000000000000001E-003   7.6923076923076927E-003   1615.5369086827764        1.0000000000000000     
   5.0000000000000001E-003   8.0769230769230770E-003   1616.0335567676309        1.0000000000000000     
   5.0000000000000001E-003   8.4615384615384613E-003   1616.4825948598302        1.0000000000000000     
   5.0000000000000001E-003   8.8461538461538456E-003   1616.8575733595449        1.0000000000000000     
   5.0000000000000001E-003   9.2307692307692299E-003   1617.1369095720124        1.0000000000000000     
   5.0000000000000001E-003   9.6153846153846159E-003   1617.3053427422340        1.0000000000000000     

   5.3846153846153844E-003   3.8461538461538462E-004   1616.1223015748049        1.0000000000000000     
   5.3846153846153844E-003   7.6923076923076923E-004   1616.2058870130404        1.0000000000000000     
   5.3846153846153844E-003   1.1538461538461537E-003   1616.1507291281773        1.0000000000000000     
   5.3846153846153844E-003   1.5384615384615385E-003   1615.9725492559580        1.0000000000000000     
   5.3846153846153844E-003   1.9230769230769232E-003   1615.6936693312400        1.0000000000000000     
   5.3846153846153844E-003   2.3076923076923075E-003   1615.3415894098616        1.0000000000000000     
   5.3846153846153844E-003   2.6923076923076922E-003   1614.9472558867974        1.0000000000000000     
   5.3846153846153844E-003   3.0769230769230769E-003   1614.5431408042382        1.0000000000000000     
   5.3846153846153844E-003   3.4615384615384616E-003   1614.1612599552841        1.0000000000000000     
   5.3846153846153844E-003   3.8461538461538464E-003   1613.8312548182639        1.0000000000000000     
   5.3846153846153844E-003   4.2307692307692307E-003   1613.5786524439227        1.0000000000000000     
   5.3846153846153844E-003   4.6153846153846149E-003   1613.4234006358965        1.0000000000000000     
   5.3846153846153844E-003   5.0000000000000001E-003   1613.3787555388799        1.0000000000000000     
   5.3846153846153844E-003   5.3846153846153844E-003   1613.4505770652452        1.0000000000000000     
   5.3846153846153844E-003   5.7692307692307696E-003   1613.6370656949500        1.0000000000000000     
   5.3846153846153844E-003   6.1538461538461538E-003   1613.9289525300537        1.0000000000000000     
   5.3846153846153844E-003   6.5384615384615381E-003   1614.3101329356202        1.0000000000000000     
   5.3846153846153844E-003   6.9230769230769233E-003   1614.7587122995985        1.0000000000000000     
   5.3846153846153844E-003   7.3076923076923076E-003   1615.2484102691224        1.0000000000000000     
   5.3846153846153844E-003   7.6923076923076927E-003   1615.7502477454070        1.0000000000000000     
   5.3846153846153844E-003   8.0769230769230770E-003   1616.2344202175968        1.0000000000000000     
   5.3846153846153844E-003   8.4615384615384613E-003   1616.6722437056010        1.0000000000000000     
   5.3846153846153844E-003   8.8461538461538456E-003   1617.0380481269181        1.0000000000000000     
   5.3846153846153844E-003   9.2307692307692299E-003   1617.3108897262480        1.0000000000000000     
   5.3846153846153844E-003   9.6153846153846159E-003   1617.4759611391000        1.0000000000000000     

   5.7692307692307696E-003   3.8461538461538462E-004   1617.0241146056198        1.0000000000000000     
   5.7692307692307696E-003   7.6923076923076923E-004   1617.1115262953588        1.0000000000000000     
   5.7692307692307696E-003   1.1538461538461537E-003   1617.0636435013209        1.0000000000000000     
   5.7692307692307696E-003   1.5384615384615385E-003   1616.8957621925890        1.0000000000000000     
   5.7692307692307696E-003   1.9230769230769232E-003   1616.6296011236595        1.0000000000000000     
   5.7692307692307696E-003   2.3076923076923075E-003   1616.2919184769294        1.0000000000000000     
   5.7692307692307696E-003   2.6923076923076922E-003   1615.9128274207410        1.0000000000000000     
   5.7692307692307696E-003   3.0769230769230769E-003   1615.5239275523488        1.0000000000000000     
   5.7692307692307696E-003   3.4615384615384616E-003   1615.1563763998101        1.0000000000000000     
   5.7692307692307696E-003   3.8461538461538464E-003   1614.8390226772651        1.0000000000000000     
   5.7692307692307696E-003   4.2307692307692307E-003   1614.5967124864101        1.0000000000000000     
   5.7692307692307696E-003   4.6153846153846149E-003   1614.4488634087493        1.0000000000000000     
   5.7692307692307696E-003   5.0000000000000001E-003   1614.4083817733360        1.0000000000000000     
   5.7692307692307696E-003   5.3846153846153844E-003   1614.4809772352739        1.0000000000000000     
   5.7692307692307696E-003   5.7692307692307696E-003   1614.6649073812307        1.0000000000000000     
   5.7692307692307696E-003   6.1538461538461538E-003   1614.9511638558597        1.0000000000000000     
   5.7692307692307696E-003   6.5384615384615381E-003   1615.3240903781086        1.0000000000000000     
   5.7692307692307696E-003   6.9230769230769233E-003   1615.7624016829250        1.0000000000000000     
   5.7692307692307696E-003   7.3076923076923076E-003   1616.2405507909732        1.0000000000000000     
   5.7692307692307696E-003   7.6923076923076927E-003   1616.7303705588279        1.0000000000000000     
   5.7692307692307696E-003   8.0769230769230770E-003   1617.2028954363861        1.0000000000000000     
   5.7692307692307696E-003   8.4615384615384613E-003   1617.6302527066680        1.0000000000000000     
   5.7692307692307696E-003   8.8461538461538456E-003   1617.9875015744799        1.0000000000000000     
   5.7692307692307696E-003   9.2307692307692299E-003   1618.2542956214500        1.0000000000000000     
   5.7692307692307696E-003   9.6153846153846159E-003   1618.4162510826070        1.0000000000000000     

   6.1538461538461538E-003   3.8461538461538462E-004   1618.6574637264357        1.0000000000000000     
   6.1538461538461538E-003   7.6923076923076923E-004   1618.7485295643246        1.0000000000000000     
   6.1538461538461538E-003   1.1538461538461537E-003   1618.7074670204499        1.0000000000000000     
   6.1538461538461538E-003   1.5384615384615385E-003   1618.5491804981416        1.0000000000000000     
   6.1538461538461538E-003   1.9230769230769232E-003   1618.2948335476808        1.0000000000000000     
   6.1538461538461538E-003   2.3076923076923075E-003   1617.9705015594061        1.0000000000000000     
   6.1538461538461538E-003   2.6923076923076922E-003   1617.6055309328865        1.0000000000000000     
   6.1538461538461538E-003   3.0769230769230769E-003   1617.2307185294892        1.0000000000000000     
   6.1538461538461538E-003   3.4615384615384616E-003   1616.8764323263460        1.0000000000000000     
   6.1538461538461538E-003   3.8461538461538464E-003   1616.5707918918743        1.0000000000000000     
   6.1538461538461538E-003   4.2307692307692307E-003   1616.3380171850363        1.0000000000000000     
   6.1538461538461538E-003   4.6153846153846149E-003   1616.1970384272454        1.0000000000000000     
   6.1538461538461538E-003   5.0000000000000001E-003   1616.1604406572339        1.0000000000000000     
   6.1538461538461538E-003   5.3846153846153844E-003   1616.2337959186787        1.0000000000000000     
   6.1538461538461538E-003   5.7692307692307696E-003   1616.4154150443626        1.0000000000000000     
   6.1538461538461538E-003   6.1538461538461538E-003   1616.6965301683779        1.0000000000000000     
   6.1538461538461538E-003   6.5384615384615381E-003   1617.0618983584286        1.0000000000000000     
   6.1538461538461538E-003   6.9230769230769233E-003   1617.4907958541223        1.0000000000000000     
   6.1538461538461538E-003   7.3076923076923076E-003   1617.9583512679378        1.0000000000000000     
   6.1538461538461538E-003   7.6923076923076927E-003   1618.4371452416106        1.0000000000000000     
   6.1538461538461538E-003   8.0769230769230770E-003   1618.8989846615991        1.0000000000000000     
   6.1538461538461538E-003   8.4615384615384613E-003   1619.3167435044093        1.0000000000000000     
   6.1538461538461538E-003   8.8461538461538456E-003   1619.6661519787572        1.0000000000000000     
   6.1538461538461538E-003   9.2307692307692299E-003   1619.9274130691597        1.0000000000000000     
   6.1538461538461538E-003   9.6153846153846159E-003   1620.0865324965430        1.0000000000000000     

   6.5384615384615381E-003   3.8461538461538462E-004   1620.9316480601303        1.0000000000000000     
   6.5384615384615381E-003   7.6923076923076923E-004   1621.0261479464029        1.0000000000000000     
   6.5384615384615381E-003   1.1538461538461537E-003   1620.9913726776360        1.0000000000000000     
   6.5384615384615381E-003   1.5384615384615385E-003   1620.8418727421654        1.0000000000000000     
   6.5384615384615381E-003   1.9230769230769232E-003   1620.5983099130872        1.0000000000000000     
   6.5384615384615381E-003   2.3076923076923075E-003   1620.2861425602027        1.0000000000000000     
   6.5384615384615381E-003   2.6923076923076922E-003   1619.9340242659860        1.0000000000000000     
   6.5384615384615381E-003   3.0769230769230769E-003   1619.5720266854564        1.0000000000000000     
   6.5384615384615381E-003   3.4615384615384616E-003   1619.2298046206645        1.0000000000000000     
   6.5384615384615381E-003   3.8461538461538464E-003   1618.9348191520367        1.0000000000000000     
   6.5384615384615381E-003   4.2307692307692307E-003   1618.7107249030735        1.0000000000000000     
   6.5384615384615381E-003   4.6153846153846149E-003   1618.5760122123038        1.0000000000000000     
   6.5384615384615381E-003   5.0000000000000001E-003   1618.5429763196476        1.0000000000000000     
   6.5384615384615381E-003   5.3846153846153844E-003   1618.6170654531215        1.0000000000000000     
   6.5384615384615381E-003   5.7692307692307696E-003   1618.7966391019575        1.0000000000000000     
   6.5384615384615381E-003   6.1538461538461538E-003   1619.0731472762159        1.0000000000000000     
   6.5384615384615381E-003   6.5384615384615381E-003   1619.4317211565158        1.0000000000000000     
   6.5384615384615381E-003   6.9230769230769233E-003   1619.8521450151841        1.0000000000000000     
   6.5384615384615381E-003   7.3076923076923076E-003   1620.3101586183166        1.0000000000000000     
   6.5384615384615381E-003   7.6923076923076927E-003   1620.7790189905841        1.0000000000000000     
   6.5384615384615381E-003   8.0769230769230770E-003   1621.2312316203197        1.0000000000000000     
   6.5384615384615381E-003   8.4615384615384613E-003   1621.6403457169708        1.0000000000000000     
   6.5384615384615381E-003   8.8461538461538456E-003   1621.9826981884842        1.0000000000000000     
   6.5384615384615381E-003   9.2307692307692299E-003   1622.2389886970061        1.0000000000000000     
   6.5384615384615381E-003   9.6153846153846159E-003   1622.3955750243877        1.0000000000000000     

   6.9230769230769233E-003   3.8461538461538462E-004   1623.7077411959995        1.0000000000000000     
   6.9230769230769233E-003   7.6923076923076923E-004   1623.8054109453999        1.0000000000000000     
   6.9230769230769233E-003   1.1538461538461537E-003   1623.7763273998737        1.0000000000000000     
   6.9230769230769233E-003   1.5384615384615385E-003   1623.6347272588289        1.0000000000000000     
   6.9230769230769233E-003   1.9230769230769232E-003   1623.4008274454725        1.0000000000000000     
   6.9230769230769233E-003   2.3076923076923075E-003   1623.0995393696771        1.0000000000000000     
   6.9230769230769233E-003   2.6923076923076922E-003   1622.7589025432824        1.0000000000000000     
   6.9230769230769233E-003   3.0769230769230769E-003   1622.4083459369438        1.0000000000000000     
   6.9230769230769233E-003   3.4615384615384616E-003   1622.0768924320932        1.0000000000000000     
   6.9230769230769233E-003   3.8461538461538464E-003   1621.7914197484413        1.0000000000000000     
   6.9230769230769233E-003   4.2307692307692307E-003   1621.5750817785920        1.0000000000000000     
   6.9230769230769233E-003   4.6153846153846149E-003   1621.4459793617402        1.0000000000000000     
   6.9230769230769233E-003   5.0000000000000001E-003   1621.4161512807375        1.0000000000000000     
   6.9230769230769233E-003   5.3846153846153844E-003   1621.4909364327470        1.0000000000000000     
   6.9230769230769233E-003   5.7692307692307696E-003   1621.6687378616798        1.0000000000000000     
   6.9230769230769233E-003   6.1538461538461538E-003   1621.9411991557331        1.0000000000000000     
   6.9230769230769233E-003   6.5384615384615381E-003   1622.2937836158103        1.0000000000000000     
   6.9230769230769233E-003   6.9230769230769233E-003   1622.7067264156369        1.0000000000000000     
   6.9230769230769233E-003   7.3076923076923076E-003   1623.1563097086262        1.0000000000000000     
   6.9230769230769233E-003   7.6923076923076927E-003   1623.6163907885598        1.0000000000000000     
   6.9230769230769233E-003   8.0769230769230770E-003   1624.0600951319109        1.0000000000000000     
   6.9230769230769233E-003   8.4615384615384613E-003   1624.4615711939471        1.0000000000000000     
   6.9230769230769233E-003   8.8461538461538456E-003   1624.7976942976611        1.0000000000000000     
   6.9230769230769233E-003   9.2307692307692299E-003   1625.0496048692723        1.0000000000000000     
   6.9230769230769233E-003   9.6153846153846159E-003   1625.2039731085467        1.0000000000000000     

   7.3076923076923076E-003   3.8461538461538462E-004   1626.8059353288452        1.0000000000000000     
   7.3076923076923076E-003   7.6923076923076923E-004   1626.9064705795590        1.0000000000000000     
   7.3076923076923076E-003   1.1538461538461537E-003   1626.8824349679264        1.0000000000000000     
   7.3076923076923076E-003   1.5384615384615385E-003   1626.7477927676478        1.0000000000000000     
   7.3076923076923076E-003   1.9230769230769232E-003   1626.5223747231098        1.0000000000000000     
   7.3076923076923076E-003   2.3076923076923075E-003   1626.2306174724981        1.0000000000000000     
   7.3076923076923076E-003   2.6923076923076922E-003   1625.9000275695910        1.0000000000000000     
   7.3076923076923076E-003   3.0769230769230769E-003   1625.5594762714220        1.0000000000000000     
   7.3076923076923076E-003   3.4615384615384616E-003   1625.2374381700170        1.0000000000000000     
   7.3076923076923076E-003   3.8461538461538464E-003   1624.9602849122443        1.0000000000000000     
   7.3076923076923076E-003   4.2307692307692307E-003   1624.7507360825907        1.0000000000000000     
   7.3076923076923076E-003   4.6153846153846149E-003   1624.6265547767105        1.0000000000000000     
   7.3076923076923076E-003   5.0000000000000001E-003   1624.5995575104732        1.0000000000000000     
   7.3076923076923076E-003   5.3846153846153844E-003   1624.6749886093808        1.0000000000000000     
   7.3076923076923076E-003   5.7692307692307696E-003   1624.8512892503763        1.0000000000000000     
   7.3076923076923076E-003   6.1538461538461538E-003   1625.1202713995001        1.0000000000000000     
   7.3076923076923076E-003   6.5384615384615381E-003   1625.4676870458807        1.0000000000000000     
   7.3076923076923076E-003   6.9230769230769233E-003   1625.8741632374542        1.0000000000000000     
   7.3076923076923076E-003   7.3076923076923076E-003   1626.3164535102248        1.0000000000000000     
   7.3076923076923076E-003   7.6923076923076927E-003   1626.7689368740819        1.0000000000000000     
   7.3076923076923076E-003   8.0769230769230770E-003   1627.2052776999078        1.0000000000000000     
   7.3076923076923076E-003   8.4615384615384613E-003   1627.6001453453309        1.0000000000000000     
   7.3076923076923076E-003   8.8461538461538456E-003   1627.9308831853482        1.0000000000000000     
   7.3076923076923076E-003   9.2307692307692299E-003   1628.1790148252546        1.0000000000000000     
   7.3076923076923076E-003   9.6153846153846159E-003   1628.3314820733067        1.0000000000000000     

   7.6923076923076927E-003   3.8461538461538462E-004   1630.0166514129426        1.0000000000000000     
   7.6923076923076927E-003   7.6923076923076923E-004   1630.1197116287888        1.0000000000000000     
   7.6923076923076927E-003   1.1538461538461537E-003   1630.1000446079761        1.0000000000000000     
   7.6923076923076927E-003   1.5384615384615385E-003   1629.9713837593542        1.0000000000000000     
   7.6923076923076927E-003   1.9230769230769232E-003   1629.7532325890538        1.0000000000000000     
   7.6923076923076927E-003   2.3076923076923075E-003   1629.4696254659884        1.0000000000000000     
   7.6923076923076927E-003   2.6923076923076922E-003   1629.1476174278389        1.0000000000000000     
   7.6923076923076927E-003   3.0769230769230769E-003   1628.8156073056230        1.0000000000000000     
   7.6923076923076927E-003   3.4615384615384616E-003   1628.5016053141678        1.0000000000000000     
   7.6923076923076927E-003   3.8461538461538464E-003   1628.2315545431095        1.0000000000000000     
   7.6923076923076927E-003   4.2307692307692307E-003   1628.0278068541857        1.0000000000000000     
   7.6923076923076927E-003   4.6153846153846149E-003   1627.9078394450912        1.0000000000000000     
   7.6923076923076927E-003   5.0000000000000001E-003   1627.8832807664567        1.0000000000000000     
   7.6923076923076927E-003   5.3846153846153844E-003   1627.9592952603364        1.0000000000000000     
   7.6923076923076927E-003   5.7692307692307696E-003   1628.1343566574035        1.0000000000000000     
   7.6923076923076927E-003   6.1538461538461538E-003   1628.4004198542514        1.0000000000000000     
   7.6923076923076927E-003   6.5384615384615381E-003   1628.7434817608262        1.0000000000000000     
   7.6923076923076927E-003   6.9230769230769233E-003   1629.1445018555837        1.0000000000000000     
   7.6923076923076927E-003   7.3076923076923076E-003   1629.5806335703323        1.0000000000000000     
   7.6923076923076927E-003   7.6923076923076927E-003   1630.0266985550318        1.0000000000000000     
   7.6923076923076927E-003   8.0769230769230770E-003   1630.4568184490145        1.0000000000000000     
   7.6923076923076927E-003   8.4615384615384613E-003   1630.8461046627604        1.0000000000000000     
   7.6923076923076927E-003   8.8461538461538456E-003   1631.1722978144373        1.0000000000000000     
   7.6923076923076927E-003   9.2307692307692299E-003   1631.4172467463411        1.0000000000000000     
   7.6923076923076927E-003   9.6153846153846159E-003   1631.5681238178292        1.0000000000000000     

   8.0769230769230770E-003   3.8461538461538462E-004   1633.1148061054510        1.0000000000000000     
   8.0769230769230770E-003   7.6923076923076923E-004   1633.2200187820181        1.0000000000000000     
   8.0769230769230770E-003   1.1538461538461537E-003   1633.2040161768216        1.0000000000000000     
   8.0769230769230770E-003   1.5384615384615385E-003   1633.0803418006940        1.0000000000000000     
   8.0769230769230770E-003   1.9230769230769232E-003   1632.8682300092264        1.0000000000000000     
   8.0769230769230770E-003   2.3076923076923075E-003   1632.5913843389326        1.0000000000000000     
   8.0769230769230770E-003   2.6923076923076922E-003   1632.2764885342585        1.0000000000000000     
   8.0769230769230770E-003   3.0769230769230769E-003   1631.9515529850210        1.0000000000000000     
   8.0769230769230770E-003   3.4615384615384616E-003   1631.6442061313742        1.0000000000000000     
   8.0769230769230770E-003   3.8461538461538464E-003   1631.3800387833599        1.0000000000000000     
   8.0769230769230770E-003   4.2307692307692307E-003   1631.1811005738548        1.0000000000000000     
   8.0769230769230770E-003   4.6153846153846149E-003   1631.0646337679846        1.0000000000000000     
   8.0769230769230770E-003   5.0000000000000001E-003   1631.0421123333588        1.0000000000000000     
   8.0769230769230770E-003   5.3846153846153844E-003   1631.1186351878273        1.0000000000000000     
   8.0769230769230770E-003   5.7692307692307696E-003   1631.2927030063054        1.0000000000000000     
   8.0769230769230770E-003   6.1538461538461538E-003   1631.5563884240760        1.0000000000000000     
   8.0769230769230770E-003   6.5384615384615381E-003   1631.8958900131386        1.0000000000000000     
   8.0769230769230770E-003   6.9230769230769233E-003   1632.2924409531668        1.0000000000000000     
   8.0769230769230770E-003   7.3076923076923076E-003   1632.7235239472991        1.0000000000000000     
   8.0769230769230770E-003   7.6923076923076927E-003   1633.1643251563394        1.0000000000000000     
   8.0769230769230770E-003   8.0769230769230770E-003   1633.5893428286884        1.0000000000000000     
   8.0769230769230770E-003   8.4615384615384613E-003   1633.9740525015425        1.0000000000000000     
   8.0769230769230770E-003   8.8461538461538456E-003   1634.2965220489730        1.0000000000000000     
   8.0769230769230770E-003   9.2307692307692299E-003   1634.5388682759658        1.0000000000000000     
   8.0769230769230770E-003   9.6153846153846159E-003   1634.6884535067923        1.0000000000000000     

   8.4615384615384613E-003   3.8461538461538462E-004   1635.8762188539986        1.0000000000000000     
   8.4615384615384613E-003   7.6923076923076923E-004   1635.9831840262293        1.0000000000000000     
   8.4615384615384613E-003   1.1538461538461537E-003   1635.9701254247109        1.0000000000000000     
   8.4615384615384613E-003   1.5384615384615385E-003   1635.8504365225981        1.0000000000000000     
   8.4615384615384613E-003   1.9230769230769232E-003   1635.6431390339860        1.0000000000000000     
   8.4615384615384613E-003   2.3076923076923075E-003   1635.3716751429899        1.0000000000000000     
   8.4615384615384613E-003   2.6923076923076922E-003   1635.0624353056162        1.0000000000000000     
   8.4615384615384613E-003   3.0769230769230769E-003   1634.7431231092962        1.0000000000000000     
   8.4615384615384613E-003   3.4615384615384616E-003   1634.4410654895112        1.0000000000000000     
   8.4615384615384613E-003   3.8461538461538464E-003   1634.1815750757924        1.0000000000000000     
   8.4615384615384613E-003   4.2307692307692307E-003   1633.9864628716552        1.0000000000000000     
   8.4615384615384613E-003   4.6153846153846149E-003   1633.8727856758537        1.0000000000000000     
   8.4615384615384613E-003   5.0000000000000001E-003   1633.8518955354950        1.0000000000000000     
   8.4615384615384613E-003   5.3846153846153844E-003   1633.9288397150510        1.0000000000000000     
   8.4615384615384613E-003   5.7692307692307696E-003   1634.1021402833585        1.0000000000000000     
   8.4615384615384613E-003   6.1538461538461538E-003   1634.3639630095588        1.0000000000000000     
   8.4615384615384613E-003   6.5384615384615381E-003   1634.7006659306628        1.0000000000000000     
   8.4615384615384613E-003   6.9230769230769233E-003   1635.0936986525451        1.0000000000000000     
   8.4615384615384613E-003   7.3076923076923076E-003   1635.5208042674108        1.0000000000000000     
   8.4615384615384613E-003   7.6923076923076927E-003   1635.9574572280960        1.0000000000000000     
   8.4615384615384613E-003   8.0769230769230770E-003   1636.3784536840244        1.0000000000000000     
   8.4615384615384613E-003   8.4615384615384613E-003   1636.7595572380953        1.0000000000000000     
   8.4615384615384613E-003   8.8461538461538456E-003   1637.0790946920256        1.0000000000000000     
   8.4615384615384613E-003   9.2307692307692299E-003   1637.3193948861324        1.0000000000000000     
   8.4615384615384613E-003   9.6153846153846159E-003   1637.4679704723899        1.0000000000000000     

   8.8461538461538456E-003   3.8461538461538462E-004   1638.0948062034822        1.0000000000000000     
   8.8461538461538456E-003   7.6923076923076923E-004   1638.2031013171347        1.0000000000000000     
   8.8461538461538456E-003   1.1538461538461537E-003   1638.1922565311011        1.0000000000000000     
   8.8461538461538456E-003   1.5384615384615385E-003   1638.0755538108874        1.0000000000000000     
   8.8461538461538456E-003   1.9230769230769232E-003   1637.8718568433258        1.0000000000000000     
   8.8461538461538456E-003   2.3076923076923075E-003   1637.6044135966267        1.0000000000000000     
   8.8461538461538456E-003   2.6923076923076922E-003   1637.2993965937294        1.0000000000000000     
   8.8461538461538456E-003   3.0769230769230769E-003   1636.9842814645015        1.0000000000000000     
   8.8461538461538456E-003   3.4615384615384616E-003   1636.6861711406493        1.0000000000000000     
   8.8461538461538456E-003   3.8461538461538464E-003   1636.4301715930092        1.0000000000000000     
   8.8461538461538456E-003   4.2307692307692307E-003   1636.2379165633367        1.0000000000000000     
   8.8461538461538456E-003   4.6153846153846149E-003   1636.1263250940387        1.0000000000000000     
   8.8461538461538456E-003   5.0000000000000001E-003   1636.1066586924858        1.0000000000000000     
   8.8461538461538456E-003   5.3846153846153844E-003   1636.1839262943640        1.0000000000000000     
   8.8461538461538456E-003   5.7692307692307696E-003   1636.3566659211899        1.0000000000000000     
   8.8461538461538456E-003   6.1538461538461538E-003   1636.6171126136148        1.0000000000000000     
   8.8461538461538456E-003   6.5384615384615381E-003   1636.9517429909188        1.0000000000000000     
   8.8461538461538456E-003   6.9230769230769233E-003   1637.3421675998795        1.0000000000000000     
   8.8461538461538456E-003   7.3076923076923076E-003   1637.7663231801750        1.0000000000000000     
   8.8461538461538456E-003   7.6923076923076927E-003   1638.1998986051160        1.0000000000000000     
   8.8461538461538456E-003   8.0769230769230770E-003   1638.6179116160301        1.0000000000000000     
   8.8461538461538456E-003   8.4615384615384613E-003   1638.9963401149134        1.0000000000000000     
   8.8461538461538456E-003   8.8461538461538456E-003   1639.3137035447044        1.0000000000000000     
   8.8461538461538456E-003   9.2307692307692299E-003   1639.5524885118755        1.0000000000000000     
   8.8461538461538456E-003   9.6153846153846159E-003   1639.7003195272580        1.0000000000000000     

   9.2307692307692299E-003   3.8461538461538462E-004   1639.5990045526273        1.0000000000000000     
   9.2307692307692299E-003   7.6923076923076923E-004   1639.7081897138469        1.0000000000000000     
   9.2307692307692299E-003   1.1538461538461537E-003   1639.6988232597457        1.0000000000000000     
   9.2307692307692299E-003   1.5384615384615385E-003   1639.5841128972791        1.0000000000000000     
   9.2307692307692299E-003   1.9230769230769232E-003   1639.3828170772169        1.0000000000000000     
   9.2307692307692299E-003   2.3076923076923075E-003   1639.1180544357508        1.0000000000000000     
   9.2307692307692299E-003   2.6923076923076922E-003   1638.8158523745346        1.0000000000000000     
   9.2307692307692299E-003   3.0769230769230769E-003   1638.5035347318085        1.0000000000000000     
   9.2307692307692299E-003   3.4615384615384616E-003   1638.2080552852640        1.0000000000000000     
   9.2307692307692299E-003   3.8461538461538464E-003   1637.9543824052878        1.0000000000000000     
   9.2307692307692299E-003   4.2307692307692307E-003   1637.7640318101007        1.0000000000000000     
   9.2307692307692299E-003   4.6153846153846149E-003   1637.6538308246727        1.0000000000000000     
   9.2307692307692299E-003   5.0000000000000001E-003   1637.6349806785940        1.0000000000000000     
   9.2307692307692299E-003   5.3846153846153844E-003   1637.7124647950159        1.0000000000000000     
   9.2307692307692299E-003   5.7692307692307696E-003   1637.8848318283074        1.0000000000000000     
   9.2307692307692299E-003   6.1538461538461538E-003   1638.1443629590631        1.0000000000000000     
   9.2307692307692299E-003   6.5384615384615381E-003   1638.4776137880840        1.0000000000000000     
   9.2307692307692299E-003   6.9230769230769233E-003   1638.8663020591787        1.0000000000000000     
   9.2307692307692299E-003   7.3076923076923076E-003   1639.2884934995238        1.0000000000000000     
   9.2307692307692299E-003   7.6923076923076927E-003   1639.7200198142457        1.0000000000000000     
   9.2307692307692299E-003   8.0769230769230770E-003   1640.1360463615465        1.0000000000000000     
   9.2307692307692299E-003   8.4615384615384613E-003   1640.5126938093485        1.0000000000000000     
   9.2307692307692299E-003   8.8461538461538456E-003   1640.8286099438333        1.0000000000000000     
   9.2307692307692299E-003   9.2307692307692299E-003   1641.0663864837875        1.0000000000000000     
   9.2307692307692299E-003   9.6153846153846159E-003   1641.2137224684629        1.0000000000000000     

   9.6153846153846159E-003   3.8461538461538462E-004   1640.2658321602805        1.0000000000000000     
   9.6153846153846159E-003   7.6923076923076923E-004   1640.3754557256573        1.0000000000000000     
   9.6153846153846159E-003   1.1538461538461537E-003   1640.3668296430703        1.0000000000000000     
   9.6153846153846159E-003   1.5384615384615385E-003   1640.2531236111822        1.0000000000000000     
   9.6153846153846159E-003   1.9230769230769232E-003   1640.0530422148634        1.0000000000000000     
   9.6153846153846159E-003   2.3076923076923075E-003   1639.7896378872433        1.0000000000000000     
   9.6153846153846159E-003   2.6923076923076922E-003   1639.4888637400259        1.0000000000000000     
   9.6153846153846159E-003   3.0769230769230769E-003   1639.1779659014317        1.0000000000000000     
   9.6153846153846159E-003   3.4615384615384616E-003   1638.8838217836944        1.0000000000000000     
   9.6153846153846159E-003   3.8461538461538464E-003   1638.6313293012643        1.0000000000000000     
   9.6153846153846159E-003   4.2307692307692307E-003   1638.4419437345377        1.0000000000000000     
   9.6153846153846159E-003   4.6153846153846149E-003   1638.3324454349474        1.0000000000000000     
   9.6153846153846159E-003   5.0000000000000001E-003   1638.3140047515160        1.0000000000000000     
   9.6153846153846159E-003   5.3846153846153844E-003   1638.3915920218824        1.0000000000000000     
   9.6153846153846159E-003   5.7692307692307696E-003   1638.5637613148026        1.0000000000000000     
   9.6153846153846159E-003   6.1538461538461538E-003   1638.8228173955977        1.0000000000000000     
   9.6153846153846159E-003   6.5384615384615381E-003   1639.1553562523120        1.0000000000000000     
   9.6153846153846159E-003   6.9230769230769233E-003   1639.5431504474050        1.0000000000000000     
   9.6153846153846159E-003   7.3076923076923076E-003   1639.9643316674408        1.0000000000000000     
   9.6153846153846159E-003   7.6923076923076927E-003   1640.3948046505398        1.0000000000000000     
   9.6153846153846159E-003   8.0769230769230770E-003   1640.8098102272634        1.0000000000000000     
   9.6153846153846159E-003   8.4615384615384613E-003   1641.1855420504735        1.0000000000000000     
   9.6153846153846159E-003   8.8461538461538456E-003   1641.5007135120370        1.0000000000000000     
   9.6153846153846159E-003   9.2307692307692299E-003   1641.7379700571814        1.0000000000000000     
   9.6153846153846159E-003   9.6153846153846159E-003   1641.8850488168750        1.0000000000000000     

