   3.8461538461538462E-004   3.8461538461538462E-004   1635.4858596636409        1.0000000000000000     
   3.8461538461538462E-004   7.6923076923076923E-004   1635.5710458879191        1.0000000000000000     
   3.8461538461538462E-004   1.1538461538461537E-003   1635.5156482818845        1.0000000000000000     
   3.8461538461538462E-004   1.5384615384615385E-003   1635.3353049041052        1.0000000000000000     
   3.8461538461538462E-004   1.9230769230769232E-003   1635.0522559641367        1.0000000000000000     
   3.8461538461538462E-004   2.3076923076923075E-003   1634.6939614147586        1.0000000000000000     
   3.8461538461538462E-004   2.6923076923076922E-003   1634.2914063822670        1.0000000000000000     
   3.8461538461538462E-004   3.0769230769230769E-003   1633.8772061403172        1.0000000000000000     
   3.8461538461538462E-004   3.4615384615384616E-003   1633.4836325157376        1.0000000000000000     
   3.8461538461538462E-004   3.8461538461538464E-003   1633.1406851742820        1.0000000000000000     
   3.8461538461538462E-004   4.2307692307692307E-003   1632.8743249084032        1.0000000000000000     
   3.8461538461538462E-004   4.6153846153846149E-003   1632.7049731079210        1.0000000000000000     
   3.8461538461538462E-004   5.0000000000000001E-003   1632.6463635647167        1.0000000000000000     
   3.8461538461538462E-004   5.3846153846153844E-003   1632.7048111630818        1.0000000000000000     
   3.8461538461538462E-004   5.7692307692307696E-003   1632.8789381786082        1.0000000000000000     
   3.8461538461538462E-004   6.1538461538461538E-003   1633.1598739799192        1.0000000000000000     
   3.8461538461538462E-004   6.5384615384615381E-003   1633.5319189446222        1.0000000000000000     
   3.8461538461538462E-004   6.9230769230769233E-003   1633.9736396520359        1.0000000000000000     
   3.8461538461538462E-004   7.3076923076923076E-003   1634.4593421011921        1.0000000000000000     
   3.8461538461538462E-004   7.6923076923076927E-003   1634.9608575372142        1.0000000000000000     
   3.8461538461538462E-004   8.0769230769230770E-003   1635.4495833772328        1.0000000000000000     
   3.8461538461538462E-004   8.4615384615384613E-003   1635.8987847145268        1.0000000000000000     
   3.8461538461538462E-004   8.8461538461538456E-003   1636.2863964951182        1.0000000000000000     
   3.8461538461538462E-004   9.2307692307692299E-003   1636.5994001951133        1.0000000000000000     
   3.8461538461538462E-004   9.6153846153846159E-003   1636.8439690327625        1.0000000000000000     

   7.6923076923076923E-004   3.8461538461538462E-004   1635.1539199503272        1.0000000000000000     
   7.6923076923076923E-004   7.6923076923076923E-004   1635.2395177548144        1.0000000000000000     
   7.6923076923076923E-004   1.1538461538461537E-003   1635.1849742137140        1.0000000000000000     
   7.6923076923076923E-004   1.5384615384615385E-003   1635.0058745358081        1.0000000000000000     
   7.6923076923076923E-004   1.9230769230769232E-003   1634.7243837673325        1.0000000000000000     
   7.6923076923076923E-004   2.3076923076923075E-003   1634.3678690437862        1.0000000000000000     
   7.6923076923076923E-004   2.6923076923076922E-003   1633.9672107181580        1.0000000000000000     
   7.6923076923076923E-004   3.0769230769230769E-003   1633.5549136861523        1.0000000000000000     
   7.6923076923076923E-004   3.4615384615384616E-003   1633.1631403765507        1.0000000000000000     
   7.6923076923076923E-004   3.8461538461538464E-003   1632.8217884274718        1.0000000000000000     
   7.6923076923076923E-004   4.2307692307692307E-003   1632.5567297591763        1.0000000000000000     
   7.6923076923076923E-004   4.6153846153846149E-003   1632.3883148433383        1.0000000000000000     
   7.6923076923076923E-004   5.0000000000000001E-003   1632.3302279720792        1.0000000000000000     
   7.6923076923076923E-004   5.3846153846153844E-003   1632.3887577477440        1.0000000000000000     
   7.6923076923076923E-004   5.7692307692307696E-003   1632.5625231529425        1.0000000000000000     
   7.6923076923076923E-004   6.1538461538461538E-003   1632.8426704747887        1.0000000000000000     
   7.6923076923076923E-004   6.5384615384615381E-003   1633.2135309097121        1.0000000000000000     
   7.6923076923076923E-004   6.9230769230769233E-003   1633.6537036558532        1.0000000000000000     
   7.6923076923076923E-004   7.3076923076923076E-003   1634.1375054450623        1.0000000000000000     
   7.6923076923076923E-004   7.6923076923076927E-003   1634.6367048350353        1.0000000000000000     
   7.6923076923076923E-004   8.0769230769230770E-003   1635.1224341427194        1.0000000000000000     
   7.6923076923076923E-004   8.4615384615384613E-003   1635.5671199840806        1.0000000000000000     
   7.6923076923076923E-004   8.8461538461538456E-003   1635.9460818157761        1.0000000000000000     
   7.6923076923076923E-004   9.2307692307692299E-003   1636.2375947627565        1.0000000000000000     
   7.6923076923076923E-004   9.6153846153846159E-003   1636.4162796392272        1.0000000000000000     

   1.1538461538461537E-003   3.8461538461538462E-004   1634.2868800345384        1.0000000000000000     
   1.1538461538461537E-003   7.6923076923076923E-004   1634.3732780385542        1.0000000000000000     
   1.1538461538461537E-003   1.1538461538461537E-003   1634.3204315784296        1.0000000000000000     
   1.1538461538461537E-003   1.5384615384615385E-003   1634.1438189225314        1.0000000000000000     
   1.1538461538461537E-003   1.9230769230769232E-003   1633.8654530286669        1.0000000000000000     
   1.1538461538461537E-003   2.3076923076923075E-003   1633.5125132285978        1.0000000000000000     
   1.1538461538461537E-003   2.6923076923076922E-003   1633.1156678926270        1.0000000000000000     
   1.1538461538461537E-003   3.0769230769230769E-003   1632.7071986170170        1.0000000000000000     
   1.1538461538461537E-003   3.4615384615384616E-003   1632.3190465540686        1.0000000000000000     
   1.1538461538461537E-003   3.8461538461538464E-003   1631.9809030447873        1.0000000000000000     
   1.1538461538461537E-003   4.2307692307692307E-003   1631.7184604391562        1.0000000000000000     
   1.1538461538461537E-003   4.6153846153846149E-003   1631.5519261465599        1.0000000000000000     
   1.1538461538461537E-003   5.0000000000000001E-003   1631.4948850433534        1.0000000000000000     
   1.1538461538461537E-003   5.3846153846153844E-003   1631.5535738485328        1.0000000000000000     
   1.1538461538461537E-003   5.7692307692307696E-003   1631.7266072249326        1.0000000000000000     
   1.1538461538461537E-003   6.1538461538461538E-003   1632.0051701479904        1.0000000000000000     
   1.1538461538461537E-003   6.5384615384615381E-003   1632.3736652060420        1.0000000000000000     
   1.1538461538461537E-003   6.9230769230769233E-003   1632.8107774006330        1.0000000000000000     
   1.1538461538461537E-003   7.3076923076923076E-003   1633.2908927332173        1.0000000000000000     
   1.1538461538461537E-003   7.6923076923076927E-003   1633.7857792573004        1.0000000000000000     
   1.1538461538461537E-003   8.0769230769230770E-003   1634.2664058231426        1.0000000000000000     
   1.1538461538461537E-003   8.4615384615384613E-003   1634.7047217830766        1.0000000000000000     
   1.1538461538461537E-003   8.8461538461538456E-003   1635.0751265270819        1.0000000000000000     
   1.1538461538461537E-003   9.2307692307692299E-003   1635.3552376873590        1.0000000000000000     
   1.1538461538461537E-003   9.6153846153846159E-003   1635.5259714966887        1.0000000000000000     

   1.5384615384615385E-003   3.8461538461538462E-004   1632.9447249721618        1.0000000000000000     
   1.5384615384615385E-003   7.6923076923076923E-004   1633.0322958570910        1.0000000000000000     
   1.5384615384615385E-003   1.1538461538461537E-003   1632.9819486339693        1.0000000000000000     
   1.5384615384615385E-003   1.5384615384615385E-003   1632.8090034779805        1.0000000000000000     
   1.5384615384615385E-003   1.9230769230769232E-003   1632.5352485167139        1.0000000000000000     
   1.5384615384615385E-003   2.3076923076923075E-003   1632.1875854678406        1.0000000000000000     
   1.5384615384615385E-003   2.6923076923076922E-003   1631.7963693707954        1.0000000000000000     
   1.5384615384615385E-003   3.0769230769230769E-003   1631.3935518071860        1.0000000000000000     
   1.5384615384615385E-003   3.4615384615384616E-003   1631.0107469793006        1.0000000000000000     
   1.5384615384615385E-003   3.8461538461538464E-003   1630.6773415406778        1.0000000000000000     
   1.5384615384615385E-003   4.2307692307692307E-003   1630.4187628557834        1.0000000000000000     
   1.5384615384615385E-003   4.6153846153846149E-003   1630.2550076355924        1.0000000000000000     
   1.5384615384615385E-003   5.0000000000000001E-003   1630.1995151233289        1.0000000000000000     
   1.5384615384615385E-003   5.3846153846153844E-003   1630.2584476349473        1.0000000000000000     
   1.5384615384615385E-003   5.7692307692307696E-003   1630.4304175242221        1.0000000000000000     
   1.5384615384615385E-003   6.1538461538461538E-003   1630.7066744789238        1.0000000000000000     
   1.5384615384615385E-003   6.5384615384615381E-003   1631.0717411179608        1.0000000000000000     
   1.5384615384615385E-003   6.9230769230769233E-003   1631.5044585790204        1.0000000000000000     
   1.5384615384615385E-003   7.3076923076923076E-003   1631.9793773788219        1.0000000000000000     
   1.5384615384615385E-003   7.6923076923076927E-003   1632.4684022109700        1.0000000000000000     
   1.5384615384615385E-003   8.0769230769230770E-003   1632.9425721989639        1.0000000000000000     
   1.5384615384615385E-003   8.4615384615384613E-003   1633.3738317176189        1.0000000000000000     
   1.5384615384615385E-003   8.8461538461538456E-003   1633.7366342660114        1.0000000000000000     
   1.5384615384615385E-003   9.2307692307692299E-003   1634.0092854328668        1.0000000000000000     
   1.5384615384615385E-003   9.6153846153846159E-003   1634.1752657840759        1.0000000000000000     

   1.9230769230769232E-003   3.8461538461538462E-004   1631.2138856694185        1.0000000000000000     
   1.9230769230769232E-003   7.6923076923076923E-004   1631.3029789672019        1.0000000000000000     
   1.9230769230769232E-003   1.1538461538461537E-003   1631.2558739029325        1.0000000000000000     
   1.9230769230769232E-003   1.5384615384615385E-003   1631.0876856579321        1.0000000000000000     
   1.9230769230769232E-003   1.9230769230769232E-003   1630.8199108415979        1.0000000000000000     
   1.9230769230769232E-003   2.3076923076923075E-003   1630.4790912355072        1.0000000000000000     
   1.9230769230769232E-003   2.6923076923076922E-003   1630.0951756753634        1.0000000000000000     
   1.9230769230769232E-003   3.0769230769230769E-003   1629.6996879793753        1.0000000000000000     
   1.9230769230769232E-003   3.4615384615384616E-003   1629.3238186758783        1.0000000000000000     
   1.9230769230769232E-003   3.8461538461538464E-003   1628.9965597919843        1.0000000000000000     
   1.9230769230769232E-003   4.2307692307692307E-003   1628.7429958307232        1.0000000000000000     
   1.9230769230769232E-003   4.6153846153846149E-003   1628.5828514934335        1.0000000000000000     
   1.9230769230769232E-003   5.0000000000000001E-003   1628.5293791428819        1.0000000000000000     
   1.9230769230769232E-003   5.3846153846153844E-003   1628.5886478735210        1.0000000000000000     
   1.9230769230769232E-003   5.7692307692307696E-003   1628.7592725742225        1.0000000000000000     
   1.9230769230769232E-003   6.1538461538461538E-003   1629.0325964721237        1.0000000000000000     
   1.9230769230769232E-003   6.5384615384615381E-003   1629.3933150273194        1.0000000000000000     
   1.9230769230769232E-003   6.9230769230769233E-003   1629.8205032760081        1.0000000000000000     
   1.9230769230769232E-003   7.3076923076923076E-003   1630.2889834155751        1.0000000000000000     
   1.9230769230769232E-003   7.6923076923076927E-003   1630.7709455447803        1.0000000000000000     
   1.9230769230769232E-003   8.0769230769230770E-003   1631.2377139819162        1.0000000000000000     
   1.9230769230769232E-003   8.4615384615384613E-003   1631.6615393320590        1.0000000000000000     
   1.9230769230769232E-003   8.8461538461538456E-003   1632.0173045397282        1.0000000000000000     
   1.9230769230769232E-003   9.2307692307692299E-003   1632.2840859820387        1.0000000000000000     
   1.9230769230769232E-003   9.6153846153846159E-003   1632.4466267444550        1.0000000000000000     

   2.3076923076923075E-003   3.8461538461538462E-004   1629.2030212709662        1.0000000000000000     
   2.3076923076923075E-003   7.6923076923076923E-004   1629.2939570263077        1.0000000000000000     
   2.3076923076923075E-003   1.1538461538461537E-003   1629.2507618269540        1.0000000000000000     
   2.3076923076923075E-003   1.5384615384615385E-003   1629.0883043459653        1.0000000000000000     
   2.3076923076923075E-003   1.9230769230769232E-003   1628.8277306535485        1.0000000000000000     
   2.3076923076923075E-003   2.3076923076923075E-003   1628.4951497536783        1.0000000000000000     
   2.3076923076923075E-003   2.6923076923076922E-003   1628.1200221291538        1.0000000000000000     
   2.3076923076923075E-003   3.0769230769230769E-003   1627.7333574192544        1.0000000000000000     
   2.3076923076923075E-003   3.4615384615384616E-003   1627.3658370444587        1.0000000000000000     
   2.3076923076923075E-003   3.8461538461538464E-003   1627.0459790875068        1.0000000000000000     
   2.3076923076923075E-003   4.2307692307692307E-003   1626.7984567128863        1.0000000000000000     
   2.3076923076923075E-003   4.6153846153846149E-003   1626.6426690407816        1.0000000000000000     
   2.3076923076923075E-003   5.0000000000000001E-003   1626.5916461066256        1.0000000000000000     
   2.3076923076923075E-003   5.3846153846153844E-003   1626.6513487358493        1.0000000000000000     
   2.3076923076923075E-003   5.7692307692307696E-003   1626.8204010530096        1.0000000000000000     
   2.3076923076923075E-003   6.1538461538461538E-003   1627.0902688760702        1.0000000000000000     
   2.3076923076923075E-003   6.5384615384615381E-003   1627.4458721680885        1.0000000000000000     
   2.3076923076923075E-003   6.9230769230769233E-003   1627.8665947263241        1.0000000000000000     
   2.3076923076923075E-003   7.3076923076923076E-003   1628.3276302564532        1.0000000000000000     
   2.3076923076923075E-003   7.6923076923076927E-003   1628.8015822671700        1.0000000000000000     
   2.3076923076923075E-003   8.0769230769230770E-003   1629.2602181309296        1.0000000000000000     
   2.3076923076923075E-003   8.4615384615384613E-003   1629.6762690689498        1.0000000000000000     
   2.3076923076923075E-003   8.8461538461538456E-003   1630.0251734481055        1.0000000000000000     
   2.3076923076923075E-003   9.2307692307692299E-003   1630.2866850513517        1.0000000000000000     
   2.3076923076923075E-003   9.6153846153846159E-003   1630.4462988465802        1.0000000000000000     

   2.6923076923076922E-003   3.8461538461538462E-004   1627.0375728195440        1.0000000000000000     
   2.6923076923076922E-003   7.6923076923076923E-004   1627.1306362969858        1.0000000000000000     
   2.6923076923076922E-003   1.1538461538461537E-003   1627.0919303994444        1.0000000000000000     
   2.6923076923076922E-003   1.5384615384615385E-003   1626.9360420755233        1.0000000000000000     
   2.6923076923076922E-003   1.9230769230769232E-003   1626.6837167983078        1.0000000000000000     
   2.6923076923076922E-003   2.3076923076923075E-003   1626.3605690315901        1.0000000000000000     
   2.6923076923076922E-003   2.6923076923076922E-003   1625.9955012797991        1.0000000000000000     
   2.6923076923076922E-003   3.0769230769230769E-003   1625.6189358087424        1.0000000000000000     
   2.6923076923076922E-003   3.4615384615384616E-003   1625.2609726417027        1.0000000000000000     
   2.6923076923076922E-003   3.8461538461538464E-003   1624.9495889181558        1.0000000000000000     
   2.6923076923076922E-003   4.2307692307692307E-003   1624.7089888043049        1.0000000000000000     
   2.6923076923076922E-003   4.6153846153846149E-003   1624.5582010220692        1.0000000000000000     
   2.6923076923076922E-003   5.0000000000000001E-003   1624.5100041086851        1.0000000000000000     
   2.6923076923076922E-003   5.3846153846153844E-003   1624.5702391128484        1.0000000000000000     
   2.6923076923076922E-003   5.7692307692307696E-003   1624.7375467744766        1.0000000000000000     
   2.6923076923076922E-003   6.1538461538461538E-003   1625.0035422847966        1.0000000000000000     
   2.6923076923076922E-003   6.5384615384615381E-003   1625.3534162635699        1.0000000000000000     
   2.6923076923076922E-003   6.9230769230769233E-003   1625.7669263780283        1.0000000000000000     
   2.6923076923076922E-003   7.3076923076923076E-003   1626.2197210054821        1.0000000000000000     
   2.6923076923076922E-003   7.6923076923076927E-003   1626.6849158585183        1.0000000000000000     
   2.6923076923076922E-003   8.0769230769230770E-003   1627.1348284773646        1.0000000000000000     
   2.6923076923076922E-003   8.4615384615384613E-003   1627.5427664063964        1.0000000000000000     
   2.6923076923076922E-003   8.8461538461538456E-003   1627.8847649150503        1.0000000000000000     
   2.6923076923076922E-003   9.2307692307692299E-003   1628.1411786162471        1.0000000000000000     
   2.6923076923076922E-003   9.6153846153846159E-003   1628.2980393945477        1.0000000000000000     

   3.0769230769230769E-003   3.8461538461538462E-004   1624.8532576136736        1.0000000000000000     
   3.0769230769230769E-003   7.6923076923076923E-004   1624.9486951364518        1.0000000000000000     
   3.0769230769230769E-003   1.1538461538461537E-003   1624.9149599275165        1.0000000000000000     
   3.0769230769230769E-003   1.5384615384615385E-003   1624.7663289538052        1.0000000000000000     
   3.0769230769230769E-003   1.9230769230769232E-003   1624.5231069344909        1.0000000000000000     
   3.0769230769230769E-003   2.3076923076923075E-003   1624.2103642643199        1.0000000000000000     
   3.0769230769230769E-003   2.6923076923076922E-003   1623.8563896641851        1.0000000000000000     
   3.0769230769230769E-003   3.0769230769230769E-003   1623.4909594062312        1.0000000000000000     
   3.0769230769230769E-003   3.4615384615384616E-003   1623.1435342905563        1.0000000000000000     
   3.0769230769230769E-003   3.8461538461538464E-003   1622.8414970236136        1.0000000000000000     
   3.0769230769230769E-003   4.2307692307692307E-003   1622.6085368968954        1.0000000000000000     
   3.0769230769230769E-003   4.6153846153846149E-003   1622.4632768157883        1.0000000000000000     
   3.0769230769230769E-003   5.0000000000000001E-003   1622.4182211442312        1.0000000000000000     
   3.0769230769230769E-003   5.3846153846153844E-003   1622.4790828657917        1.0000000000000000     
   3.0769230769230769E-003   5.7692307692307696E-003   1622.6445264010920        1.0000000000000000     
   3.0769230769230769E-003   6.1538461538461538E-003   1622.9063390249437        1.0000000000000000     
   3.0769230769230769E-003   6.5384615384615381E-003   1623.2500199851409        1.0000000000000000     
   3.0769230769230769E-003   6.9230769230769233E-003   1623.6557529017914        1.0000000000000000     
   3.0769230769230769E-003   7.3076923076923076E-003   1624.0997047328356        1.0000000000000000     
   3.0769230769230769E-003   7.6923076923076927E-003   1624.5555747357757        1.0000000000000000     
   3.0769230769230769E-003   8.0769230769230770E-003   1624.9963009695175        1.0000000000000000     
   3.0769230769230769E-003   8.4615384615384613E-003   1625.3958215976720        1.0000000000000000     
   3.0769230769230769E-003   8.8461538461538456E-003   1625.7307846376766        1.0000000000000000     
   3.0769230769230769E-003   9.2307692307692299E-003   1625.9821020923466        1.0000000000000000     
   3.0769230769230769E-003   9.6153846153846159E-003   1626.1362489043970        1.0000000000000000     

   3.4615384615384616E-003   3.8461538461538462E-004   1622.7887334582097        1.0000000000000000     
   3.4615384615384616E-003   7.6923076923076923E-004   1622.8867493810901        1.0000000000000000     
   3.4615384615384616E-003   1.1538461538461537E-003   1622.8583618309849        1.0000000000000000     
   3.4615384615384616E-003   1.5384615384615385E-003   1622.7175168896995        1.0000000000000000     
   3.4615384615384616E-003   1.9230769230769232E-003   1622.4840488261052        1.0000000000000000     
   3.4615384615384616E-003   2.3076923076923075E-003   1622.1824473569732        1.0000000000000000     
   3.4615384615384616E-003   2.6923076923076922E-003   1621.8403462013664        1.0000000000000000     
   3.4615384615384616E-003   3.0769230769230769E-003   1621.4868323855690        1.0000000000000000     
   3.4615384615384616E-003   3.4615384615384616E-003   1621.1506848870549        1.0000000000000000     
   3.4615384615384616E-003   3.8461538461538464E-003   1620.8586526713477        1.0000000000000000     
   3.4615384615384616E-003   4.2307692307692307E-003   1620.6338765833227        1.0000000000000000     
   3.4615384615384616E-003   4.6153846153846149E-003   1620.4945480007459        1.0000000000000000     
   3.4615384615384616E-003   5.0000000000000001E-003   1620.4528809696810        1.0000000000000000     
   3.4615384615384616E-003   5.3846153846153844E-003   1620.5144550445264        1.0000000000000000     
   3.4615384615384616E-003   5.7692307692307696E-003   1620.6779644145429        1.0000000000000000     
   3.4615384615384616E-003   6.1538461538461538E-003   1620.9353860625397        1.0000000000000000     
   3.4615384615384616E-003   6.5384615384615381E-003   1621.2725564529514        1.0000000000000000     
   3.4615384615384616E-003   6.9230769230769233E-003   1621.6701233287574        1.0000000000000000     
   3.4615384615384616E-003   7.3076923076923076E-003   1622.1048174641726        1.0000000000000000     
   3.4615384615384616E-003   7.6923076923076927E-003   1622.5509697470532        1.0000000000000000     
   3.4615384615384616E-003   8.0769230769230770E-003   1622.9821830378492        1.0000000000000000     
   3.4615384615384616E-003   8.4615384615384613E-003   1623.3730571756184        1.0000000000000000     
   3.4615384615384616E-003   8.8461538461538456E-003   1623.7008601876450        1.0000000000000000     
   3.4615384615384616E-003   9.2307692307692299E-003   1623.9470392269825        1.0000000000000000     
   3.4615384615384616E-003   9.6153846153846159E-003   1624.0984700845613        1.0000000000000000     

   3.8461538461538464E-003   3.8461538461538462E-004   1620.9777288491198        1.0000000000000000     
   3.8461538461538464E-003   7.6923076923076923E-004   1621.0784835921713        1.0000000000000000     
   3.8461538461538464E-003   1.1538461538461537E-003   1621.0557132496165        1.0000000000000000     
   3.8461538461538464E-003   1.5384615384615385E-003   1620.9230195962396        1.0000000000000000     
   3.8461538461538464E-003   1.9230769230769232E-003   1620.6997473941733        1.0000000000000000     
   3.8461538461538464E-003   2.3076923076923075E-003   1620.4097822104691        1.0000000000000000     
   3.8461538461538464E-003   2.6923076923076922E-003   1620.0800763683612        1.0000000000000000     
   3.8461538461538464E-003   3.0769230769230769E-003   1619.7390000012990        1.0000000000000000     
   3.8461538461538464E-003   3.4615384615384616E-003   1619.4146231058323        1.0000000000000000     
   3.8461538461538464E-003   3.8461538461538464E-003   1619.1330359485189        1.0000000000000000     
   3.8461538461538464E-003   4.2307692307692307E-003   1618.9168097570630        1.0000000000000000     
   3.8461538461538464E-003   4.6153846153846149E-003   1618.7836883792115        1.0000000000000000     
   3.8461538461538464E-003   5.0000000000000001E-003   1618.7455858149760        1.0000000000000000     
   3.8461538461538464E-003   5.3846153846153844E-003   1618.8079455110330        1.0000000000000000     
   3.8461538461538464E-003   5.7692307692307696E-003   1618.9694961909959        1.0000000000000000     
   3.8461538461538464E-003   6.1538461538461538E-003   1619.2224167135091        1.0000000000000000     
   3.8461538461538464E-003   6.5384615384615381E-003   1619.5528997691454        1.0000000000000000     
   3.8461538461538464E-003   6.9230769230769233E-003   1619.9420818646836        1.0000000000000000     
   3.8461538461538464E-003   7.3076923076923076E-003   1620.3672858035363        1.0000000000000000     
   3.8461538461538464E-003   7.6923076923076927E-003   1620.8035027396088        1.0000000000000000     
   3.8461538461538464E-003   8.0769230769230770E-003   1621.2250250249742        1.0000000000000000     
   3.8461538461538464E-003   8.4615384615384613E-003   1621.6071297028886        1.0000000000000000     
   3.8461538461538464E-003   8.8461538461538456E-003   1621.9277066331008        1.0000000000000000     
   3.8461538461538464E-003   9.2307692307692299E-003   1622.1687254609139        1.0000000000000000     
   3.8461538461538464E-003   9.6153846153846159E-003   1622.3174421410508        1.0000000000000000     

   4.2307692307692307E-003   3.8461538461538462E-004   1619.5410053994915        1.0000000000000000     
   4.2307692307692307E-003   7.6923076923076923E-004   1619.6446144124316        1.0000000000000000     
   4.2307692307692307E-003   1.1538461538461537E-003   1619.6276235362591        1.0000000000000000     
   4.2307692307692307E-003   1.5384615384615385E-003   1619.5032841715577        1.0000000000000000     
   4.2307692307692307E-003   1.9230769230769232E-003   1619.2904429747189        1.0000000000000000     
   4.2307692307692307E-003   2.3076923076923075E-003   1619.0123707991281        1.0000000000000000     
   4.2307692307692307E-003   2.6923076923076922E-003   1618.6953267368829        1.0000000000000000     
   4.2307692307692307E-003   3.0769230769230769E-003   1618.3669516966490        1.0000000000000000     
   4.2307692307692307E-003   3.4615384615384616E-003   1618.0545946737541        1.0000000000000000     
   4.2307692307692307E-003   3.8461538461538464E-003   1617.7836763225648        1.0000000000000000     
   4.2307692307692307E-003   4.2307692307692307E-003   1617.5761891872389        1.0000000000000000     
   4.2307692307692307E-003   4.6153846153846149E-003   1617.4494230121688        1.0000000000000000     
   4.2307692307692307E-003   5.0000000000000001E-003   1617.4149881895457        1.0000000000000000     
   4.2307692307692307E-003   5.3846153846153844E-003   1617.4781918660512        1.0000000000000000     
   4.2307692307692307E-003   5.7692307692307696E-003   1617.6378006373629        1.0000000000000000     
   4.2307692307692307E-003   6.1538461538461538E-003   1617.8862020206479        1.0000000000000000     
   4.2307692307692307E-003   6.5384615384615381E-003   1618.2099547626649        1.0000000000000000     
   4.2307692307692307E-003   6.9230769230769233E-003   1618.5906962109125        1.0000000000000000     
   4.2307692307692307E-003   7.3076923076923076E-003   1619.0063542158189        1.0000000000000000     
   4.2307692307692307E-003   7.6923076923076927E-003   1619.4325922782489        1.0000000000000000     
   4.2307692307692307E-003   8.0769230769230770E-003   1619.8444010208264        1.0000000000000000     
   4.2307692307692307E-003   8.4615384615384613E-003   1620.2177377447151        1.0000000000000000     
   4.2307692307692307E-003   8.8461538461538456E-003   1620.5311099545238        1.0000000000000000     
   4.2307692307692307E-003   9.2307692307692299E-003   1620.7669991565479        1.0000000000000000     
   4.2307692307692307E-003   9.6153846153846159E-003   1620.9130285046210        1.0000000000000000     

   4.6153846153846149E-003   3.8461538461538462E-004   1618.5785858577419        1.0000000000000000     
   4.6153846153846149E-003   7.6923076923076923E-004   1618.6851193506552        1.0000000000000000     
   4.6153846153846149E-003   1.1538461538461537E-003   1618.6739658155932        1.0000000000000000     
   4.6153846153846149E-003   1.5384615384615385E-003   1618.5580272086279        1.0000000000000000     
   4.6153846153846149E-003   1.9230769230769232E-003   1618.3556534281886        1.0000000000000000     
   4.6153846153846149E-003   2.3076923076923075E-003   1618.0895023241035        1.0000000000000000     
   4.6153846153846149E-003   2.6923076923076922E-003   1617.7851417602974        1.0000000000000000     
   4.6153846153846149E-003   3.0769230769230769E-003   1617.4694856375106        1.0000000000000000     
   4.6153846153846149E-003   3.4615384615384616E-003   1617.1691642983121        1.0000000000000000     
   4.6153846153846149E-003   3.8461538461538464E-003   1616.9089311865087        1.0000000000000000     
   4.6153846153846149E-003   4.2307692307692307E-003   1616.7102025500890        1.0000000000000000     
   4.6153846153846149E-003   4.6153846153846149E-003   1616.5898163523086        1.0000000000000000     
   4.6153846153846149E-003   5.0000000000000001E-003   1616.5590816013491        1.0000000000000000     
   4.6153846153846149E-003   5.3846153846153844E-003   1616.6231712474766        1.0000000000000000     
   4.6153846153846149E-003   5.7692307692307696E-003   1616.7808917140312        1.0000000000000000     
   4.6153846153846149E-003   6.1538461538461538E-003   1617.0248409187777        1.0000000000000000     
   4.6153846153846149E-003   6.5384615384615381E-003   1617.3419450425365        1.0000000000000000     
   4.6153846153846149E-003   6.9230769230769233E-003   1617.7143429929399        1.0000000000000000     
   4.6153846153846149E-003   7.3076923076923076E-003   1618.1205672392186        1.0000000000000000     
   4.6153846153846149E-003   7.6923076923076927E-003   1618.5369513638307        1.0000000000000000     
   4.6153846153846149E-003   8.0769230769230770E-003   1618.9391793739937        1.0000000000000000     
   4.6153846153846149E-003   8.4615384615384613E-003   1619.3038807393841        1.0000000000000000     
   4.6153846153846149E-003   8.8461538461538456E-003   1619.6101694394220        1.0000000000000000     
   4.6153846153846149E-003   9.2307692307692299E-003   1619.8410259791972        1.0000000000000000     
   4.6153846153846149E-003   9.6153846153846159E-003   1619.9844289849400        1.0000000000000000     

   5.0000000000000001E-003   3.8461538461538462E-004   1618.1627353221115        1.0000000000000000     
   5.0000000000000001E-003   7.6923076923076923E-004   1618.2722185906484        1.0000000000000000     
   5.0000000000000001E-003   1.1538461538461537E-003   1618.2668611090014        1.0000000000000000     
   5.0000000000000001E-003   1.5384615384615385E-003   1618.1592227598819        1.0000000000000000     
   5.0000000000000001E-003   1.9230769230769232E-003   1617.9671671870799        1.0000000000000000     
   5.0000000000000001E-003   2.3076923076923075E-003   1617.7127522417250        1.0000000000000000     
   5.0000000000000001E-003   2.6923076923076922E-003   1617.4208692921227        1.0000000000000000     
   5.0000000000000001E-003   3.0769230769230769E-003   1617.1177208246190        1.0000000000000000     
   5.0000000000000001E-003   3.4615384615384616E-003   1616.8292340799146        1.0000000000000000     
   5.0000000000000001E-003   3.8461538461538464E-003   1616.5795099159382        1.0000000000000000     
   5.0000000000000001E-003   4.2307692307692307E-003   1616.3894011733664        1.0000000000000000     
   5.0000000000000001E-003   4.6153846153846149E-003   1616.2753044982260        1.0000000000000000     
   5.0000000000000001E-003   5.0000000000000001E-003   1616.2482350205187        1.0000000000000000     
   5.0000000000000001E-003   5.3846153846153844E-003   1616.3132356856524        1.0000000000000000     
   5.0000000000000001E-003   5.7692307692307696E-003   1616.4691534462570        1.0000000000000000     
   5.0000000000000001E-003   6.1538461538461538E-003   1616.7087938226730        1.0000000000000000     
   5.0000000000000001E-003   6.5384615384615381E-003   1617.0194442567388        1.0000000000000000     
   5.0000000000000001E-003   6.9230769230769233E-003   1617.3837358859314        1.0000000000000000     
   5.0000000000000001E-003   7.3076923076923076E-003   1617.7807935855644        1.0000000000000000     
   5.0000000000000001E-003   7.6923076923076927E-003   1618.1876062506742        1.0000000000000000     
   5.0000000000000001E-003   8.0769230769230770E-003   1618.5805343819168        1.0000000000000000     
   5.0000000000000001E-003   8.4615384615384613E-003   1618.9368612876947        1.0000000000000000     
   5.0000000000000001E-003   8.8461538461538456E-003   1619.2362887912377        1.0000000000000000     
   5.0000000000000001E-003   9.2307692307692299E-003   1619.4622792134844        1.0000000000000000     
   5.0000000000000001E-003   9.6153846153846159E-003   1619.6031531889105        1.0000000000000000     

   5.3846153846153844E-003   3.8461538461538462E-004   1618.3322129380035        1.0000000000000000     
   5.3846153846153844E-003   7.6923076923076923E-004   1618.4446271281154        1.0000000000000000     
   5.3846153846153844E-003   1.1538461538461537E-003   1618.4449322764390        1.0000000000000000     
   5.3846153846153844E-003   1.5384615384615385E-003   1618.3453592927081        1.0000000000000000     
   5.3846153846153844E-003   1.9230769230769232E-003   1618.1633042111794        1.0000000000000000     
   5.3846153846153844E-003   2.3076923076923075E-003   1617.9202479307266        1.0000000000000000     
   5.3846153846153844E-003   2.6923076923076922E-003   1617.6404313699984        1.0000000000000000     
   5.3846153846153844E-003   3.0769230769230769E-003   1617.3493730778089        1.0000000000000000     
   5.3846153846153844E-003   3.4615384615384616E-003   1617.0723244658734        1.0000000000000000     
   5.3846153846153844E-003   3.8461538461538464E-003   1616.8327592757248        1.0000000000000000     
   5.3846153846153844E-003   4.2307692307692307E-003   1616.6509891386274        1.0000000000000000     
   5.3846153846153844E-003   4.6153846153846149E-003   1616.5429870567539        1.0000000000000000     
   5.3846153846153844E-003   5.0000000000000001E-003   1616.5194864599755        1.0000000000000000     
   5.3846153846153844E-003   5.3846153846153844E-003   1616.5854063291197        1.0000000000000000     
   5.3846153846153844E-003   5.7692307692307696E-003   1616.7396337578587        1.0000000000000000     
   5.3846153846153844E-003   6.1538461538461538E-003   1616.9751751131362        1.0000000000000000     
   5.3846153846153844E-003   6.5384615384615381E-003   1617.2796663653148        1.0000000000000000     
   5.3846153846153844E-003   6.9230769230769233E-003   1617.6362128580120        1.0000000000000000     
   5.3846153846153844E-003   7.3076923076923076E-003   1618.0245094958957        1.0000000000000000     
   5.3846153846153844E-003   7.6923076923076927E-003   1618.4221749163694        1.0000000000000000     
   5.3846153846153844E-003   8.0769230769230770E-003   1618.8062187223779        1.0000000000000000     
   5.3846153846153844E-003   8.4615384615384613E-003   1619.1545504530800        1.0000000000000000     
   5.3846153846153844E-003   8.8461538461538456E-003   1619.4474338086081        1.0000000000000000     
   5.3846153846153844E-003   9.2307692307692299E-003   1619.6687906776981        1.0000000000000000     
   5.3846153846153844E-003   9.6153846153846159E-003   1619.8072672991752        1.0000000000000000     

   5.7692307692307696E-003   3.8461538461538462E-004   1619.0883039768985        1.0000000000000000     
   5.7692307692307696E-003   7.6923076923076923E-004   1619.2035871714427        1.0000000000000000     
   5.7692307692307696E-003   1.1538461538461537E-003   1619.2093376990636        1.0000000000000000     
   5.7692307692307696E-003   1.5384615384615385E-003   1619.1174755031207        1.0000000000000000     
   5.7692307692307696E-003   1.9230769230769232E-003   1618.9449546243256        1.0000000000000000     
   5.7692307692307696E-003   2.3076923076923075E-003   1618.7127106509163        1.0000000000000000     
   5.7692307692307696E-003   2.6923076923076922E-003   1618.4443697783408        1.0000000000000000     
   5.7692307692307696E-003   3.0769230769230769E-003   1618.1648042585425        1.0000000000000000     
   5.7692307692307696E-003   3.4615384615384616E-003   1617.8986269676975        1.0000000000000000     
   5.7692307692307696E-003   3.8461538461538464E-003   1617.6687192651921        1.0000000000000000     
   5.7692307692307696E-003   4.2307692307692307E-003   1617.4948817175778        1.0000000000000000     
   5.7692307692307696E-003   4.6153846153846149E-003   1617.3926875057011        1.0000000000000000     
   5.7692307692307696E-003   5.0000000000000001E-003   1617.3726045192034        1.0000000000000000     
   5.7692307692307696E-003   5.3846153846153844E-003   1617.4394353914665        1.0000000000000000     
   5.7692307692307696E-003   5.7692307692307696E-003   1617.5921060517139        1.0000000000000000     
   5.7692307692307696E-003   6.1538461538461538E-003   1617.8238136169614        1.0000000000000000     
   5.7692307692307696E-003   6.5384615384615381E-003   1618.1225243259557        1.0000000000000000     
   5.7692307692307696E-003   6.9230769230769233E-003   1618.4717923893729        1.0000000000000000     
   5.7692307692307696E-003   7.3076923076923076E-003   1618.8518518102148        1.0000000000000000     
   5.7692307692307696E-003   7.6923076923076927E-003   1619.2409162708968        1.0000000000000000     
   5.7692307692307696E-003   8.0769230769230770E-003   1619.6166081107392        1.0000000000000000     
   5.7692307692307696E-003   8.4615384615384613E-003   1619.9574273650301        1.0000000000000000     
   5.7692307692307696E-003   8.8461538461538456E-003   1620.2441669224465        1.0000000000000000     
   5.7692307692307696E-003   9.2307692307692299E-003   1620.4611809973278        1.0000000000000000     
   5.7692307692307696E-003   9.6153846153846159E-003   1620.5974218214169        1.0000000000000000     

   6.1538461538461538E-003   3.8461538461538462E-004   1620.3930867022348        1.0000000000000000     
   6.1538461538461538E-003   7.6923076923076923E-004   1620.5111352618298        1.0000000000000000     
   6.1538461538461538E-003   1.1538461538461537E-003   1620.5220391800945        1.0000000000000000     
   6.1538461538461538E-003   1.5384615384615385E-003   1620.4374294619136        1.0000000000000000     
   6.1538461538461538E-003   1.9230769230769232E-003   1620.2738494826774        1.0000000000000000     
   6.1538461538461538E-003   2.3076923076923075E-003   1620.0517282027442        1.0000000000000000     
   6.1538461538461538E-003   2.6923076923076922E-003   1619.7941207479582        1.0000000000000000     
   6.1538461538461538E-003   3.0769230769230769E-003   1619.5252990329591        1.0000000000000000     
   6.1538461538461538E-003   3.4615384615384616E-003   1619.2692828888014        1.0000000000000000     
   6.1538461538461538E-003   3.8461538461538464E-003   1619.0484036005146        1.0000000000000000     
   6.1538461538461538E-003   4.2307692307692307E-003   1618.8819873053078        1.0000000000000000     
   6.1538461538461538E-003   4.6153846153846149E-003   1618.7852362024103        1.0000000000000000     
   6.1538461538461538E-003   5.0000000000000001E-003   1618.7683720452985        1.0000000000000000     
   6.1538461538461538E-003   5.3846153846153844E-003   1618.8360900178754        1.0000000000000000     
   6.1538461538461538E-003   5.7692307692307696E-003   1618.9873528289149        1.0000000000000000     
   6.1538461538461538E-003   6.1538461538461538E-003   1619.2155355297443        1.0000000000000000     
   6.1538461538461538E-003   6.5384615384615381E-003   1619.5089118748269        1.0000000000000000     
   6.1538461538461538E-003   6.9230769230769233E-003   1619.8514536600899        1.0000000000000000     
   6.1538461538461538E-003   7.3076923076923076E-003   1620.2238960981792        1.0000000000000000     
   6.1538461538461538E-003   7.6923076923076927E-003   1620.6050057646432        1.0000000000000000     
   6.1538461538461538E-003   8.0769230769230770E-003   1620.9729739731665        1.0000000000000000     
   6.1538461538461538E-003   8.4615384615384613E-003   1621.3068487143976        1.0000000000000000     
   6.1538461538461538E-003   8.8461538461538456E-003   1621.5879136020887        1.0000000000000000     
   6.1538461538461538E-003   9.2307692307692299E-003   1621.8009234878893        1.0000000000000000     
   6.1538461538461538E-003   9.6153846153846159E-003   1621.9351140095987        1.0000000000000000     

   6.5384615384615381E-003   3.8461538461538462E-004   1622.1702778388951        1.0000000000000000     
   6.5384615384615381E-003   7.6923076923076923E-004   1622.2909479835916        1.0000000000000000     
   6.5384615384615381E-003   1.1538461538461537E-003   1622.3066479830202        1.0000000000000000     
   6.5384615384615381E-003   1.5384615384615385E-003   1622.2287450552731        1.0000000000000000     
   6.5384615384615381E-003   1.9230769230769232E-003   1622.0734076746526        1.0000000000000000     
   6.5384615384615381E-003   2.3076923076923075E-003   1621.8606023222412        1.0000000000000000     
   6.5384615384615381E-003   2.6923076923076922E-003   1621.6128628584199        1.0000000000000000     
   6.5384615384615381E-003   3.0769230769230769E-003   1621.3539132707092        1.0000000000000000     
   6.5384615384615381E-003   3.4615384615384616E-003   1621.1072321868078        1.0000000000000000     
   6.5384615384615381E-003   3.8461538461538464E-003   1620.8946489881587        1.0000000000000000     
   6.5384615384615381E-003   4.2307692307692307E-003   1620.7350570368587        1.0000000000000000     
   6.5384615384615381E-003   4.6153846153846149E-003   1620.6433202632261        1.0000000000000000     
   6.5384615384615381E-003   5.0000000000000001E-003   1620.6294361853909        1.0000000000000000     
   6.5384615384615381E-003   5.3846153846153844E-003   1620.6980024109575        1.0000000000000000     
   6.5384615384615381E-003   5.7692307692307696E-003   1620.8480157756569        1.0000000000000000     
   6.5384615384615381E-003   6.1538461538461538E-003   1621.0730143312735        1.0000000000000000     
   6.5384615384615381E-003   6.5384615384615381E-003   1621.3615531073528        1.0000000000000000     
   6.5384615384615381E-003   6.9230769230769233E-003   1621.6979855927211        1.0000000000000000     
   6.5384615384615381E-003   7.3076923076923076E-003   1622.0635049170871        1.0000000000000000     
   6.5384615384615381E-003   7.6923076923076927E-003   1622.4373825881794        1.0000000000000000     
   6.5384615384615381E-003   8.0769230769230770E-003   1622.7983293314094        1.0000000000000000     
   6.5384615384615381E-003   8.4615384615384613E-003   1623.1258931582522        1.0000000000000000     
   6.5384615384615381E-003   8.8461538461538456E-003   1623.4018052985984        1.0000000000000000     
   6.5384615384615381E-003   9.2307692307692299E-003   1623.6111859091232        1.0000000000000000     
   6.5384615384615381E-003   9.6153846153846159E-003   1623.7435289597338        1.0000000000000000     

   6.9230769230769233E-003   3.8461538461538462E-004   1624.3088343432921        1.0000000000000000     
   6.9230769230769233E-003   7.6923076923076923E-004   1624.4319440108166        1.0000000000000000     
   6.9230769230769233E-003   1.1538461538461537E-003   1624.4520268195065        1.0000000000000000     
   6.9230769230769233E-003   1.5384615384615385E-003   1624.3802136134086        1.0000000000000000     
   6.9230769230769233E-003   1.9230769230769232E-003   1624.2323369394805        1.0000000000000000     
   6.9230769230769233E-003   2.3076923076923075E-003   1624.0279489004536        1.0000000000000000     
   6.9230769230769233E-003   2.6923076923076922E-003   1623.7891163395707        1.0000000000000000     
   6.9230769230769233E-003   3.0769230769230769E-003   1623.5390723842056        1.0000000000000000     
   6.9230769230769233E-003   3.4615384615384616E-003   1623.3008108805786        1.0000000000000000     
   6.9230769230769233E-003   3.8461538461538464E-003   1623.0957116993382        1.0000000000000000     
   6.9230769230769233E-003   4.2307692307692307E-003   1622.9422806890223        1.0000000000000000     
   6.9230769230769233E-003   4.6153846153846149E-003   1622.8550789991423        1.0000000000000000     
   6.9230769230769233E-003   5.0000000000000001E-003   1622.8439035915385        1.0000000000000000     
   6.9230769230769233E-003   5.3846153846153844E-003   1622.9132650480467        1.0000000000000000     
   6.9230769230769233E-003   5.7692307692307696E-003   1623.0621912200029        1.0000000000000000     
   6.9230769230769233E-003   6.1538461538461538E-003   1623.2843666679928        1.0000000000000000     
   6.9230769230769233E-003   6.5384615384615381E-003   1623.5685989083847        1.0000000000000000     
   6.9230769230769233E-003   6.9230769230769233E-003   1623.8995838698925        1.0000000000000000     
   6.9230769230769233E-003   7.3076923076923076E-003   1624.2589253671738        1.0000000000000000     
   6.9230769230769233E-003   7.6923076923076927E-003   1624.6263476354793        1.0000000000000000     
   6.9230769230769233E-003   8.0769230769230770E-003   1624.9810269942432        1.0000000000000000     
   6.9230769230769233E-003   8.4615384615384613E-003   1625.3029595589876        1.0000000000000000     
   6.9230769230769233E-003   8.8461538461538456E-003   1625.5742776069533        1.0000000000000000     
   6.9230769230769233E-003   9.2307692307692299E-003   1625.7804285255233        1.0000000000000000     
   6.9230769230769233E-003   9.6153846153846159E-003   1625.9111376521064        1.0000000000000000     

   7.3076923076923076E-003   3.8461538461538462E-004   1626.6692754888777        1.0000000000000000     
   7.3076923076923076E-003   7.6923076923076923E-004   1626.7946065415740        1.0000000000000000     
   7.3076923076923076E-003   1.1538461538461537E-003   1626.8186119147360        1.0000000000000000     
   7.3076923076923076E-003   1.5384615384615385E-003   1626.7522149672477        1.0000000000000000     
   7.3076923076923076E-003   1.9230769230769232E-003   1626.6109533861634        1.0000000000000000     
   7.3076923076923076E-003   2.3076923076923075E-003   1626.4140155725568        1.0000000000000000     
   7.3076923076923076E-003   2.6923076923076922E-003   1626.1830584935033        1.0000000000000000     
   7.3076923076923076E-003   3.0769230769230769E-003   1625.9408845095118        1.0000000000000000     
   7.3076923076923076E-003   3.4615384615384616E-003   1625.7100620778929        1.0000000000000000     
   7.3076923076923076E-003   3.8461538461538464E-003   1625.5115766828801        1.0000000000000000     
   7.3076923076923076E-003   4.2307692307692307E-003   1625.3635942465180        1.0000000000000000     
   7.3076923076923076E-003   4.6153846153846149E-003   1625.2804104043221        1.0000000000000000     
   7.3076923076923076E-003   5.0000000000000001E-003   1625.2716463658369        1.0000000000000000     
   7.3076923076923076E-003   5.3846153846153844E-003   1625.3417366420722        1.0000000000000000     
   7.3076923076923076E-003   5.7692307692307696E-003   1625.4897366501666        1.0000000000000000     
   7.3076923076923076E-003   6.1538461538461538E-003   1625.7094599109410        1.0000000000000000     
   7.3076923076923076E-003   6.5384615384615381E-003   1625.9899359351455        1.0000000000000000     
   7.3076923076923076E-003   6.9230769230769233E-003   1626.3161616016866        1.0000000000000000     
   7.3076923076923076E-003   7.3076923076923076E-003   1626.6701015604931        1.0000000000000000     
   7.3076923076923076E-003   7.6923076923076927E-003   1627.0318777491618        1.0000000000000000     
   7.3076923076923076E-003   8.0769230769230770E-003   1627.3810754298377        1.0000000000000000     
   7.3076923076923076E-003   8.4615384615384613E-003   1627.6980842442777        1.0000000000000000     
   7.3076923076923076E-003   8.8461538461538456E-003   1627.9653886254616        1.0000000000000000     
   7.3076923076923076E-003   9.2307692307692299E-003   1628.1687232662155        1.0000000000000000     
   7.3076923076923076E-003   9.6153846153846159E-003   1628.2980166238954        1.0000000000000000     

   7.6923076923076927E-003   3.8461538461538462E-004   1629.0924450390803        1.0000000000000000     
   7.6923076923076927E-003   7.6923076923076923E-004   1629.2197459094518        1.0000000000000000     
   7.6923076923076927E-003   1.1538461538461537E-003   1629.2471750210016        1.0000000000000000     
   7.6923076923076927E-003   1.5384615384615385E-003   1629.1854779412074        1.0000000000000000     
   7.6923076923076927E-003   1.9230769230769232E-003   1629.0499397043955        1.0000000000000000     
   7.6923076923076927E-003   2.3076923076923075E-003   1628.8594370857827        1.0000000000000000     
   7.6923076923076927E-003   2.6923076923076922E-003   1628.6352758841001        1.0000000000000000     
   7.6923076923076927E-003   3.0769230769230769E-003   1628.3998894198376        1.0000000000000000     
   7.6923076923076927E-003   3.4615384615384616E-003   1628.1754817504996        1.0000000000000000     
   7.6923076923076927E-003   3.8461538461538464E-003   1627.9827005577774        1.0000000000000000     
   7.6923076923076927E-003   4.2307692307692307E-003   1627.8394206563994        1.0000000000000000     
   7.6923076923076927E-003   4.6153846153846149E-003   1627.7597103634255        1.0000000000000000     
   7.6923076923076927E-003   5.0000000000000001E-003   1627.7530405080863        1.0000000000000000     
   7.6923076923076927E-003   5.3846153846153844E-003   1627.8237806570314        1.0000000000000000     
   7.6923076923076927E-003   5.7692307692307696E-003   1627.9710101067228        1.0000000000000000     
   7.6923076923076927E-003   6.1538461538461538E-003   1628.1886531584448        1.0000000000000000     
   7.6923076923076927E-003   6.5384615384615381E-003   1628.4659298382549        1.0000000000000000     
   7.6923076923076927E-003   6.9230769230769233E-003   1628.7880952065632        1.0000000000000000     
   7.6923076923076927E-003   7.3076923076923076E-003   1629.1374234110590        1.0000000000000000     
   7.6923076923076927E-003   7.6923076923076927E-003   1629.4943774679559        1.0000000000000000     
   7.6923076923076927E-003   8.0769230769230770E-003   1629.8388933266208        1.0000000000000000     
   7.6923076923076927E-003   8.4615384615384613E-003   1630.1516980705092        1.0000000000000000     
   7.6923076923076927E-003   8.8461538461538456E-003   1630.4155780801302        1.0000000000000000     
   7.6923076923076927E-003   9.2307692307692299E-003   1630.6165143776784        1.0000000000000000     
   7.6923076923076927E-003   9.6153846153846159E-003   1630.7446095633406        1.0000000000000000     

   8.0769230769230770E-003   3.8461538461538462E-004   1631.4101835146425        1.0000000000000000     
   8.0769230769230770E-003   7.6923076923076923E-004   1631.5391723760529        1.0000000000000000     
   8.0769230769230770E-003   1.1538461538461537E-003   1631.5694954643513        1.0000000000000000     
   8.0769230769230770E-003   1.5384615384615385E-003   1631.5117505232761        1.0000000000000000     
   8.0769230769230770E-003   1.9230769230769232E-003   1631.3810125269672        1.0000000000000000     
   8.0769230769230770E-003   2.3076923076923075E-003   1631.1958991695008        1.0000000000000000     
   8.0769230769230770E-003   2.6923076923076922E-003   1630.9774243083421        1.0000000000000000     
   8.0769230769230770E-003   3.0769230769230769E-003   1630.7477144844140        1.0000000000000000     
   8.0769230769230770E-003   3.4615384615384616E-003   1630.5286708563758        1.0000000000000000     
   8.0769230769230770E-003   3.8461538461538464E-003   1630.3406603434462        1.0000000000000000     
   8.0769230769230770E-003   4.2307692307692307E-003   1630.2013158425893        1.0000000000000000     
   8.0769230769230770E-003   4.6153846153846149E-003   1630.1245168077162        1.0000000000000000     
   8.0769230769230770E-003   5.0000000000000001E-003   1630.1196091903300        1.0000000000000000     
   8.0769230769230770E-003   5.3846153846153844E-003   1630.1909087292365        1.0000000000000000     
   8.0769230769230770E-003   5.7692307692307696E-003   1630.3375147598304        1.0000000000000000     
   8.0769230769230770E-003   6.1538461538461538E-003   1630.5534438913603        1.0000000000000000     
   8.0769230769230770E-003   6.5384615384615381E-003   1630.8280747687188        1.0000000000000000     
   8.0769230769230770E-003   6.9230769230769233E-003   1631.1468773460269        1.0000000000000000     
   8.0769230769230770E-003   7.3076923076923076E-003   1631.4923833411358        1.0000000000000000     
   8.0769230769230770E-003   7.6923076923076927E-003   1631.8453396005368        1.0000000000000000     
   8.0769230769230770E-003   8.0769230769230770E-003   1632.1859738852811        1.0000000000000000     
   8.0769230769230770E-003   8.4615384615384613E-003   1632.4952940587395        1.0000000000000000     
   8.0769230769230770E-003   8.8461538461538456E-003   1632.7563377400993        1.0000000000000000     
   8.0769230769230770E-003   9.2307692307692299E-003   1632.9552909078475        1.0000000000000000     
   8.0769230769230770E-003   9.6153846153846159E-003   1633.0824010536464        1.0000000000000000     

   8.4615384615384613E-003   3.8461538461538462E-004   1633.4571556207331        1.0000000000000000     
   8.4615384615384613E-003   7.6923076923076923E-004   1633.5875241459250        1.0000000000000000     
   8.4615384615384613E-003   1.1538461538461537E-003   1633.6201873442456        1.0000000000000000     
   8.4615384615384613E-003   1.5384615384615385E-003   1633.5656250018692        1.0000000000000000     
   8.4615384615384613E-003   1.9230769230769232E-003   1633.4387444774252        1.0000000000000000     
   8.4615384615384613E-003   2.3076923076923075E-003   1633.2579567404755        1.0000000000000000     
   8.4615384615384613E-003   2.6923076923076922E-003   1633.0440427140529        1.0000000000000000     
   8.4615384615384613E-003   3.0769230769230769E-003   1632.8188841778003        1.0000000000000000     
   8.4615384615384613E-003   3.4615384615384616E-003   1632.6041406402469        1.0000000000000000     
   8.4615384615384613E-003   3.8461538461538464E-003   1632.4199550484589        1.0000000000000000     
   8.4615384615384613E-003   4.2307692307692307E-003   1632.2837673364572        1.0000000000000000     
   8.4615384615384613E-003   4.6153846153846149E-003   1632.2093063416610        1.0000000000000000     
   8.4615384615384613E-003   5.0000000000000001E-003   1632.2058184666482        1.0000000000000000     
   8.4615384615384613E-003   5.3846153846153844E-003   1632.2775766056693        1.0000000000000000     
   8.4615384615384613E-003   5.7692307692307696E-003   1632.4236962023554        1.0000000000000000     
   8.4615384615384613E-003   6.1538461538461538E-003   1632.6382676532564        1.0000000000000000     
   8.4615384615384613E-003   6.5384615384615381E-003   1632.9107963162894        1.0000000000000000     
   8.4615384615384613E-003   6.9230769230769233E-003   1633.2269237758853        1.0000000000000000     
   8.4615384615384613E-003   7.3076923076923076E-003   1633.5693874444055        1.0000000000000000     
   8.4615384615384613E-003   7.6923076923076927E-003   1633.9191608230019        1.0000000000000000     
   8.4615384615384613E-003   8.0769230769230770E-003   1634.2567046951201        1.0000000000000000     
   8.4615384615384613E-003   8.4615384615384613E-003   1634.5632511341257        1.0000000000000000     
   8.4615384615384613E-003   8.8461538461538456E-003   1634.8220383780761        1.0000000000000000     
   8.4615384615384613E-003   9.2307692307692299E-003   1635.0194160660092        1.0000000000000000     
   8.4615384615384613E-003   9.6153846153846159E-003   1635.1457473869928        1.0000000000000000     

   8.8461538461538456E-003   3.8461538461538462E-004   1635.0829092297745        1.0000000000000000     
   8.8461538461538456E-003   7.6923076923076923E-004   1635.2143269590704        1.0000000000000000     
   8.8461538461538456E-003   1.1538461538461537E-003   1635.2487583150621        1.0000000000000000     
   8.8461538461538456E-003   1.5384615384615385E-003   1635.1965946735415        1.0000000000000000     
   8.8461538461538456E-003   1.9230769230769232E-003   1635.0726177659187        1.0000000000000000     
   8.8461538461538456E-003   2.3076923076923075E-003   1634.8950836260146        1.0000000000000000     
   8.8461538461538456E-003   2.6923076923076922E-003   1634.6845986023643        1.0000000000000000     
   8.8461538461538456E-003   3.0769230769230769E-003   1634.4628610427876        1.0000000000000000     
   8.8461538461538456E-003   3.4615384615384616E-003   1634.2513493632662        1.0000000000000000     
   8.8461538461538456E-003   3.8461538461538464E-003   1634.0700386752637        1.0000000000000000     
   8.8461538461538456E-003   4.2307692307692307E-003   1633.9362243251835        1.0000000000000000     
   8.8461538461538456E-003   4.6153846153846149E-003   1633.8635223072295        1.0000000000000000     
   8.8461538461538456E-003   5.0000000000000001E-003   1633.8611044609947        1.0000000000000000     
   8.8461538461538456E-003   5.3846153846153844E-003   1633.9332116226312        1.0000000000000000     
   8.8461538461538456E-003   5.7692307692307696E-003   1634.0789713681218        1.0000000000000000     
   8.8461538461538456E-003   6.1538461538461538E-003   1634.2925294629442        1.0000000000000000     
   8.8461538461538456E-003   6.5384615384615381E-003   1634.5634863085436        1.0000000000000000     
   8.8461538461538456E-003   6.9230769230769233E-003   1634.8776122052850        1.0000000000000000     
   8.8461538461538456E-003   7.3076923076923076E-003   1635.2177988185583        1.0000000000000000     
   8.8461538461538456E-003   7.6923076923076927E-003   1635.5651896159286        1.0000000000000000     
   8.8461538461538456E-003   8.0769230769230770E-003   1635.9004201201183        1.0000000000000000     
   8.8461538461538456E-003   8.4615384615384613E-003   1636.2048905346460        1.0000000000000000     
   8.8461538461538456E-003   8.8461538461538456E-003   1636.4619895369940        1.0000000000000000     
   8.8461538461538456E-003   9.2307692307692299E-003   1636.6581894913845        1.0000000000000000     
   8.8461538461538456E-003   9.6153846153846159E-003   1636.7839403456210        1.0000000000000000     

   9.2307692307692299E-003   3.8461538461538462E-004   1636.1631574262849        1.0000000000000000     
   9.2307692307692299E-003   7.6923076923076923E-004   1636.2952767159284        1.0000000000000000     
   9.2307692307692299E-003   1.1538461538461537E-003   1636.3308914712190        1.0000000000000000     
   9.2307692307692299E-003   1.5384615384615385E-003   1636.2803338153979        1.0000000000000000     
   9.2307692307692299E-003   1.9230769230769232E-003   1636.1583012851727        1.0000000000000000     
   9.2307692307692299E-003   2.3076923076923075E-003   1635.9829460780370        1.0000000000000000     
   9.2307692307692299E-003   2.6923076923076922E-003   1635.7747575456208        1.0000000000000000     
   9.2307692307692299E-003   3.0769230769230769E-003   1635.5553111042136        1.0000000000000000     
   9.2307692307692299E-003   3.4615384615384616E-003   1635.3459638076322        1.0000000000000000     
   9.2307692307692299E-003   3.8461538461538464E-003   1635.1665782913699        1.0000000000000000     
   9.2307692307692299E-003   4.2307692307692307E-003   1635.0343530077016        1.0000000000000000     
   9.2307692307692299E-003   4.6153846153846149E-003   1634.9628283324014        1.0000000000000000     
   9.2307692307692299E-003   5.0000000000000001E-003   1634.9611261422021        1.0000000000000000     
   9.2307692307692299E-003   5.3846153846153844E-003   1635.0334657969374        1.0000000000000000     
   9.2307692307692299E-003   5.7692307692307696E-003   1635.1789830122257        1.0000000000000000     
   9.2307692307692299E-003   6.1538461538461538E-003   1635.3918606696266        1.0000000000000000     
   9.2307692307692299E-003   6.5384615384615381E-003   1635.6617628757913        1.0000000000000000     
   9.2307692307692299E-003   6.9230769230769233E-003   1635.9745462026244        1.0000000000000000     
   9.2307692307692299E-003   7.3076923076923076E-003   1636.3132057009927        1.0000000000000000     
   9.2307692307692299E-003   7.6923076923076927E-003   1636.6589987539342        1.0000000000000000     
   9.2307692307692299E-003   8.0769230769230770E-003   1636.9926779972184        1.0000000000000000     
   9.2307692307692299E-003   8.4615384615384613E-003   1637.2957563168279        1.0000000000000000     
   9.2307692307692299E-003   8.8461538461538456E-003   1637.5517232153852        1.0000000000000000     
   9.2307692307692299E-003   9.2307692307692299E-003   1637.7471333075089        1.0000000000000000     
   9.2307692307692299E-003   9.6153846153846159E-003   1637.8724946863756        1.0000000000000000     

   9.6153846153846159E-003   3.8461538461538462E-004   1636.6092926118688        1.0000000000000000     
   9.6153846153846159E-003   7.6923076923076923E-004   1636.7417540783040        1.0000000000000000     
   9.6153846153846159E-003   1.1538461538461537E-003   1636.7779593373048        1.0000000000000000     
   9.6153846153846159E-003   1.5384615384615385E-003   1636.7282100812138        1.0000000000000000     
   9.6153846153846159E-003   1.9230769230769232E-003   1636.6071606050980        1.0000000000000000     
   9.6153846153846159E-003   2.3076923076923075E-003   1636.4329097754980        1.0000000000000000     
   9.6153846153846159E-003   2.6923076923076922E-003   1636.2258868515498        1.0000000000000000     
   9.6153846153846159E-003   3.0769230769230769E-003   1636.0076041060674        1.0000000000000000     
   9.6153846153846159E-003   3.4615384615384616E-003   1635.7993562520167        1.0000000000000000     
   9.6153846153846159E-003   3.8461538461538464E-003   1635.6209481444064        1.0000000000000000     
   9.6153846153846159E-003   4.2307692307692307E-003   1635.4895284541781        1.0000000000000000     
   9.6153846153846159E-003   4.6153846153846149E-003   1635.4185986991163        1.0000000000000000     
   9.6153846153846159E-003   5.0000000000000001E-003   1635.4172550703506        1.0000000000000000     
   9.6153846153846159E-003   5.3846153846153844E-003   1635.4897058676615        1.0000000000000000     
   9.6153846153846159E-003   5.7692307692307696E-003   1635.6350909510315        1.0000000000000000     
   9.6153846153846159E-003   6.1538461538461538E-003   1635.8476122210138        1.0000000000000000     
   9.6153846153846159E-003   6.5384615384615381E-003   1636.1169664505339        1.0000000000000000     
   9.6153846153846159E-003   6.9230769230769233E-003   1636.4290544583673        1.0000000000000000     
   9.6153846153846159E-003   7.3076923076923076E-003   1636.7669243229200        1.0000000000000000     
   9.6153846153846159E-003   7.6923076923076927E-003   1637.1118918557070        1.0000000000000000     
   9.6153846153846159E-003   8.0769230769230770E-003   1637.4447697592784        1.0000000000000000     
   9.6153846153846159E-003   8.4615384615384613E-003   1637.7471287115134        1.0000000000000000     
   9.6153846153846159E-003   8.8461538461538456E-003   1638.0025099232923        1.0000000000000000     
   9.6153846153846159E-003   9.2307692307692299E-003   1638.1975101896769        1.0000000000000000     
   9.6153846153846159E-003   9.6153846153846159E-003   1638.3226674215534        1.0000000000000000     

