   3.8461538461538462E-004   3.8461538461538462E-004   359.31247038116555        3.0307689004716008E-024
   3.8461538461538462E-004   7.6923076923076923E-004   370.04599673595294        4.0486920587679420E-023
   3.8461538461538462E-004   1.1538461538461537E-003   386.97139384325180        1.7762784780701781E-021
   3.8461538461538462E-004   1.5384615384615385E-003   407.57068097339658        1.1474502403503577E-019
   3.8461538461538462E-004   1.9230769230769232E-003   430.31497179989969        7.1642684140907876E-018
   3.8461538461538462E-004   2.3076923076923075E-003   454.21527221094584        3.5345740007963107E-016
   3.8461538461538462E-004   2.6923076923076922E-003   478.57326915816810        1.2640346959079089E-014
   3.8461538461538462E-004   3.0769230769230769E-003   502.80722330102355        3.1683081946033983E-013
   3.8461538461538462E-004   3.4615384615384616E-003   526.30229120603587        5.4674133262642587E-012
   3.8461538461538462E-004   3.8461538461538464E-003   548.25478313308929        6.3315650331075477E-011
   3.8461538461538462E-004   4.2307692307692307E-003   567.47587536142487        4.6659036917506056E-010
   3.8461538461538462E-004   4.6153846153846149E-003   582.08657313942479        1.9631259953199064E-009
   3.8461538461538462E-004   5.0000000000000001E-003   588.92181207480724        3.7665759959202687E-009
   3.8461538461538462E-004   5.3846153846153844E-003   582.07595285132106        1.9615535310419406E-009
   3.8461538461538462E-004   5.7692307692307696E-003   567.44854894149421        4.6555461136822701E-010
   3.8461538461538462E-004   6.1538461538461538E-003   548.19624476672993        6.2984293427113535E-011
   3.8461538461538462E-004   6.5384615384615381E-003   526.18455929807499        5.4034194984389366E-012
   3.8461538461538462E-004   6.9230769230769233E-003   502.58032089252487        3.0885320005064222E-013
   3.8461538461538462E-004   7.3076923076923076E-003   478.15214107775557        1.1982278925583291E-014
   3.8461538461538462E-004   7.6923076923076927E-003   453.46042614347618        3.1706401681284628E-016
   3.8461538461538462E-004   8.0769230769230770E-003   429.00341961856986        5.7807280135776826E-018
   3.8461538461538462E-004   8.4615384615384613E-003   405.34848825839367        7.5903876371187998E-020
   3.8461538461538462E-004   8.8461538461538456E-003   383.26293163279001        8.1381550826989620E-022
   3.8461538461538462E-004   9.2307692307692299E-003   363.84353554842397        9.4083165049937497E-024
   3.8461538461538462E-004   9.6153846153846159E-003   348.59508542499719        1.9458422634317035E-025

   7.6923076923076923E-004   3.8461538461538462E-004   346.08418355589458        9.9405353903196133E-026
   7.6923076923076923E-004   7.6923076923076923E-004   352.29317147816226        4.9903293866980156E-025
   7.6923076923076923E-004   1.1538461538461537E-003   363.01202505240144        7.0620340970203571E-024
   7.6923076923076923E-004   1.5384615384615385E-003   376.69900227985215        1.6656276339403076E-022
   7.6923076923076923E-004   1.9230769230769232E-003   392.21027651521706        4.5850245956127883E-021
   7.6923076923076923E-004   2.3076923076923075E-003   408.73116018770133        1.1914135306998587E-019
   7.6923076923076923E-004   2.6923076923076922E-003   425.65664359544661        2.5943542763191741E-018
   7.6923076923076923E-004   3.0769230769230769E-003   442.47148241375726        4.4159700997472439E-017
   7.6923076923076923E-004   3.4615384615384616E-003   458.63375379968471        5.5792883473214749E-016
   7.6923076923076923E-004   3.8461538461538464E-003   473.45668151177557        4.9435583589956780E-015
   7.6923076923076923E-004   4.2307692307692307E-003   485.98490737386498        2.8351859814975221E-014
   7.6923076923076923E-004   4.6153846153846149E-003   494.87723423397648        9.3242468549369954E-014
   7.6923076923076923E-004   5.0000000000000001E-003   498.38440105306381        1.4764422059798826E-013
   7.6923076923076923E-004   5.3846153846153844E-003   494.86741052697607        9.3142577108910797E-014
   7.6923076923076923E-004   5.7692307692307696E-003   485.95967970076066        2.8269636201577319E-014
   7.6923076923076923E-004   6.1538461538461538E-003   473.40280150814203        4.9106737758796216E-015
   7.6923076923076923E-004   6.5384615384615381E-003   458.52583724623719        5.4987284252451669E-016
   7.6923076923076923E-004   6.9230769230769233E-003   442.26466146233599        4.2832023713231492E-017
   7.6923076923076923E-004   7.3076923076923076E-003   425.27578862160135        2.4388466406854439E-018
   7.6923076923076923E-004   7.6923076923076927E-003   408.05628810881342        1.0559292514454784E-019
   7.6923076923076923E-004   8.0769230769230770E-003   391.05828903049240        3.6530347819029880E-021
   7.6923076923076923E-004   8.4615384615384613E-003   374.80365468993699        1.1037978607366164E-022
   7.6923076923076923E-004   8.8461538461538456E-003   360.01173583596540        3.4643622559847872E-024
   7.6923076923076923E-004   9.2307692307692299E-003   347.77263772343343        1.5685899057472904E-025
   7.6923076923076923E-004   9.6153846153846159E-003   339.88570663125273        1.8765283570901705E-026

   1.1538461538461537E-003   3.8461538461538462E-004   333.13627420688351        2.8854799789383276E-027
   1.1538461538461537E-003   7.6923076923076923E-004   336.84618242546622        8.0545547448392005E-027
   1.1538461538461537E-003   1.1538461538461537E-003   343.54487910141324        4.8584004922970424E-026
   1.1538461538461537E-003   1.5384615384615385E-003   352.37359554978298        4.6836131237379835E-025
   1.1538461538461537E-003   1.9230769230769232E-003   362.58233401676057        5.6320770699813257E-024
   1.1538461538461537E-003   2.3076923076923075E-003   373.57996627556236        7.0952589222669292E-023
   1.1538461538461537E-003   2.6923076923076922E-003   384.89889787969992        8.3383129550057491E-022
   1.1538461538461537E-003   3.0769230769230769E-003   396.12876774835655        8.4306280683976071E-021
   1.1538461538461537E-003   3.4615384615384616E-003   406.84103802494258        6.8558198823633820E-020
   1.1538461538461537E-003   3.8461538461538464E-003   416.51513566902207        4.1766638106626679E-019
   1.1538461538461537E-003   4.2307692307692307E-003   424.47938248378767        1.7472541233550338E-018
   1.1538461538461537E-003   4.6153846153846149E-003   429.89833204359792        4.5024017457876387E-018
   1.1538461538461537E-003   5.0000000000000001E-003   431.88436121429316        6.3376131054439394E-018
   1.1538461538461537E-003   5.3846153846153844E-003   429.88991515076492        4.4968342764379619E-018
   1.1538461538461537E-003   5.7692307692307696E-003   424.45784467868299        1.7415110828119793E-018
   1.1538461538461537E-003   6.1538461538461538E-003   416.46938719268223        4.1459307871954269E-019
   1.1538461538461537E-003   6.5384615384615381E-003   406.75008018850639        6.7493836576161206E-020
   1.1538461538461537E-003   6.9230769230769233E-003   395.95613695980694        8.1667201025051430E-021
   1.1538461538461537E-003   7.3076923076923076E-003   384.58513375572556        7.8364360798871035E-022
   1.1538461538461537E-003   7.6923076923076927E-003   373.03390898176616        6.3172969547904620E-023
   1.1538461538461537E-003   8.0769230769230770E-003   361.67373980983598        4.5763507421077796E-024
   1.1538461538461537E-003   8.4615384615384613E-003   350.93328050259350        3.2926079529596103E-025
   1.1538461538461537E-003   8.8461538461538456E-003   341.38719218100823        2.7705616775359585E-026
   1.1538461538461537E-003   9.2307692307692299E-003   333.84767399233954        3.5452597205800457E-027
   1.1538461538461537E-003   9.6153846153846159E-003   329.43320249607075        1.0151262505059352E-027

   1.5384615384615385E-003   3.8461538461538462E-004   322.20719245761461        1.2748477950710350E-028
   1.5384615384615385E-003   7.6923076923076923E-004   324.42847820680601        2.4105239610116073E-028
   1.5384615384615385E-003   1.1538461538461537E-003   328.53482276886319        7.6815243533955141E-028
   1.5384615384615385E-003   1.5384615384615385E-003   334.05874728848801        3.5170286886911837E-027
   1.5384615384615385E-003   1.9230769230769232E-003   340.54101827835331        1.9869431667824629E-026
   1.5384615384615385E-003   2.3076923076923075E-003   347.58742821478205        1.2250448693192203E-025
   1.5384615384615385E-003   2.6923076923076922E-003   354.86718389667368        7.5103057143472090E-025
   1.5384615384615385E-003   3.0769230769230769E-003   362.08131059380770        4.2549698328764048E-024
   1.5384615384615385E-003   3.4615384615384616E-003   368.91991229407341        2.0860380352208737E-023
   1.5384615384615385E-003   3.8461538461538464E-003   375.02197871247466        8.2609518045230876E-023
   1.5384615384615385E-003   4.2307692307692307E-003   379.95299698220640        2.4435860564632357E-022
   1.5384615384615385E-003   4.6153846153846149E-003   383.22377779928343        4.9524198393243315E-022
   1.5384615384615385E-003   5.0000000000000001E-003   384.38446089652416        6.3488033401996809E-022
   1.5384615384615385E-003   5.3846153846153844E-003   383.21707994565855        4.9463239603568249E-022
   1.5384615384615385E-003   5.7692307692307696E-003   379.93593884117064        2.4357083197405020E-022
   1.5384615384615385E-003   6.1538461538461538E-003   374.98600310690250        8.2025768138398024E-023
   1.5384615384615385E-003   6.5384615384615381E-003   368.84905365731339        2.0557268227432605E-023
   1.5384615384615385E-003   6.9230769230769233E-003   361.94843595701707        4.1339415528129247E-024
   1.5384615384615385E-003   7.3076923076923076E-003   354.62939542974505        7.1129394244538883E-025
   1.5384615384615385E-003   7.6923076923076927E-003   347.18187730693177        1.1111564334193131E-025
   1.5384615384615385E-003   8.0769230769230770E-003   339.88393592322194        1.6828539641134721E-026
   1.5384615384615385E-003   8.4615384615384613E-003   333.05304725571284        2.6951292242771375E-027
   1.5384615384615385E-003   8.8461538461538456E-003   327.09519624948530        5.1672042676645268E-028
   1.5384615384615385E-003   9.2307692307692299E-003   322.53529802667020        1.4082336135247006E-028
   1.5384615384615385E-003   9.6153846153846159E-003   319.98991942193499        6.7188094843893754E-029

   1.9230769230769232E-003   3.8461538461538462E-004   313.81226510523777        1.1461183330974764E-029
   1.9230769230769232E-003   7.6923076923076923E-004   315.12213271496830        1.6560222872450489E-029
   1.9230769230769232E-003   1.1538461538461537E-003   317.57583236038488        3.3033055632039614E-029
   1.9230769230769232E-003   1.5384615384615385E-003   320.92098572680385        8.4490150648094178E-029
   1.9230769230769232E-003   1.9230769230769232E-003   324.88839152432263        2.5504460602812406E-028
   1.9230769230769232E-003   2.3076923076923075E-003   329.23094298171833        8.4144716905100871E-028
   1.9230769230769232E-003   2.6923076923076922E-003   333.73070818819377        2.8423280208764494E-027
   1.9230769230769232E-003   3.0769230769230769E-003   338.18564661545599        9.2906776763629823E-027
   1.9230769230769232E-003   3.4615384615384616E-003   342.38775967340558        2.7854999827665237E-026
   1.9230769230769232E-003   3.8461538461538464E-003   346.10345396028600        7.2421112610567100E-026
   1.9230769230769232E-003   4.2307692307692307E-003   349.06744782022508        1.5362088842612223E-025
   1.9230769230769232E-003   4.6153846153846149E-003   351.00305624390114        2.4984083721158787E-025
   1.9230769230769232E-003   5.0000000000000001E-003   351.67937326100434        2.9588067917518322E-025
   1.9230769230769232E-003   5.3846153846153844E-003   350.99808945313572        2.4957720954192302E-025
   1.9230769230769232E-003   5.7692307692307696E-003   349.05486658166967        1.5320141252135717E-025
   1.9230769230769232E-003   6.1538461538461538E-003   346.07713273349674        7.1995348446060810E-026
   1.9230769230769232E-003   6.5384615384615381E-003   342.33645069004558        2.7525727583813297E-026
   1.9230769230769232E-003   6.9230769230769233E-003   338.09066309175057        9.0812387745126043E-027
   1.9230769230769232E-003   7.3076923076923076E-003   333.56342127510857        2.7265806884438075E-027
   1.9230769230769232E-003   7.6923076923076927E-003   328.95123456222279        7.8311940735168175E-028
   1.9230769230769232E-003   8.0769230769230770E-003   324.44619226147972        2.2689004591493064E-028
   1.9230769230769232E-003   8.4615384615384613E-003   320.26414798029316        7.0713026881315275E-029
   1.9230769230769232E-003   8.8461538461538456E-003   316.66804013590439        2.5721683252497235E-029
   1.9230769230769232E-003   9.2307692307692299E-003   313.97203435711202        1.2028736779555872E-029
   1.9230769230769232E-003   9.6153846153846159E-003   312.50450820229605        7.9593902481453554E-030

   2.3076923076923075E-003   3.8461538461538462E-004   307.82246406313362        2.3355005690712778E-030
   2.3076923076923075E-003   7.6923076923076923E-004   308.57565539957449        2.8099576831359273E-030
   2.3076923076923075E-003   1.1538461538461537E-003   309.99782963993903        4.0192065042761319E-030
   2.3076923076923075E-003   1.5384615384615385E-003   311.95408396798865        6.6739565517175224E-030
   2.3076923076923075E-003   1.9230769230769232E-003   314.29201588024426        1.2429514135066429E-029
   2.3076923076923075E-003   2.3076923076923075E-003   316.86437780765408        2.4942124076690546E-029
   2.3076923076923075E-003   2.6923076923076922E-003   319.53601189558060        5.1789931157961267E-029
   2.3076923076923075E-003   3.0769230769230769E-003   322.17899484673302        1.0702326417766257E-028
   2.3076923076923075E-003   3.4615384615384616E-003   324.66239554376318        2.1175274286186479E-028
   2.3076923076923075E-003   3.8461538461538464E-003   326.84354483599924        3.8523463913031318E-028
   2.3076923076923075E-003   4.2307692307692307E-003   328.56776338389949        6.1763032695537366E-028
   2.3076923076923075E-003   4.6153846153846149E-003   329.68265668940336        8.3760190021436848E-028
   2.3076923076923075E-003   5.0000000000000001E-003   330.06896847328630        9.3079857240228411E-028
   2.3076923076923075E-003   5.3846153846153844E-003   329.67921226094381        8.3695260397942768E-028
   2.3076923076923075E-003   5.7692307692307696E-003   328.55908795366514        6.1640364411286118E-028
   2.3076923076923075E-003   6.1538461538461538E-003   326.82554607528510        3.8361262956499510E-028
   2.3076923076923075E-003   6.5384615384615381E-003   324.62767781634221        2.0999595578152537E-028
   2.3076923076923075E-003   6.9230769230769233E-003   322.11553996357452        1.0537121428939375E-028
   2.3076923076923075E-003   7.3076923076923076E-003   319.42594913415888        5.0387109854929759E-029
   2.3076923076923075E-003   7.6923076923076927E-003   316.68366981716497        2.3830117247247529E-029
   2.3076923076923075E-003   8.0769230769230770E-003   314.01238576452732        1.1580027543142068E-029
   2.3076923076923075E-003   8.4615384615384613E-003   311.54880433342487        6.0275699056807748E-030
   2.3076923076923075E-003   8.8461538461538456E-003   309.45244099475042        3.5121524512853514E-030
   2.3076923076923075E-003   9.2307692307692299E-003   307.90218257162945        2.3865819324516858E-030
   2.3076923076923075E-003   9.6153846153846159E-003   307.07024666423530        1.9506831244831247E-030

   2.6923076923076922E-003   3.8461538461538462E-004   303.81358389290580        9.8195359894216834E-031
   2.6923076923076922E-003   7.6923076923076923E-004   304.23341696410779        1.0626262061325274E-030
   2.6923076923076922E-003   1.1538461538461537E-003   305.03018140947989        1.2410351848671893E-030
   2.6923076923076922E-003   1.5384615384615385E-003   306.13290455393155        1.5556894644473895E-030
   2.6923076923076922E-003   1.9230769230769232E-003   307.45809173474123        2.0739810912776414E-030
   2.6923076923076922E-003   2.3076923076923075E-003   308.92188024052967        2.9014658819324656E-030
   2.6923076923076922E-003   2.6923076923076922E-003   310.44483700458835        4.1864706353594739E-030
   2.6923076923076922E-003   3.0769230769230769E-003   311.95053862935458        6.1032031721587520E-030
   2.6923076923076922E-003   3.4615384615384616E-003   313.36113976667457        8.7817568742494670E-030
   2.6923076923076922E-003   3.8461538461538464E-003   314.59384261945536        1.2153831509873865E-029
   2.6923076923076922E-003   4.2307692307692307E-003   315.56207467844138        1.5748592191364349E-029
   2.6923076923076922E-003   4.6153846153846149E-003   316.18405960696651        1.8630226411630715E-029
   2.6923076923076922E-003   5.0000000000000001E-003   316.39849559538402        1.9747374467372413E-029
   2.6923076923076922E-003   5.3846153846153844E-003   316.18181789037646        1.8621394526923302E-029
   2.6923076923076922E-003   5.7692307692307696E-003   315.55646059901540        1.5729663626845718E-029
   2.6923076923076922E-003   6.1538461538461538E-003   314.58229110323799        1.2123398474644536E-029
   2.6923076923076922E-003   6.5384615384615381E-003   313.33908495660825        8.7394722811190415E-030
   2.6923076923076922E-003   6.9230769230769233E-003   311.91071243640278        6.0502163064831714E-030
   2.6923076923076922E-003   7.3076923076923076E-003   310.37672211480822        4.1250769403227251E-030
   2.6923076923076922E-003   7.6923076923076927E-003   308.81183638131159        2.8343980556381192E-030
   2.6923076923076922E-003   8.0769230769230770E-003   307.29088231361624        2.0037248910278207E-030
   2.6923076923076922E-003   8.4615384615384613E-003   305.89532503537373        1.4840326877225877E-030
   2.6923076923076922E-003   8.8461538461538456E-003   304.71688301597482        1.1689366701130997E-030
   2.6923076923076922E-003   9.2307692307692299E-003   303.85348315908942        9.9040693529211690E-031
   2.6923076923076922E-003   9.6153846153846159E-003   303.39412285533825        9.0970606186402753E-031

   3.0769230769230769E-003   3.8461538461538462E-004   301.28289399259114        6.5385210855794531E-031
   3.0769230769230769E-003   7.6923076923076923E-004   301.50893933663536        6.7459401343175123E-031
   3.0769230769230769E-003   1.1538461538461537E-003   301.93939754964538        7.1707828002273335E-031
   3.0769230769230769E-003   1.5384615384615385E-003   302.53773945449103        7.8344949271534666E-031
   3.0769230769230769E-003   1.9230769230769232E-003   303.25972146545206        8.7690512210904081E-031
   3.0769230769230769E-003   2.3076923076923075E-003   304.05957698032461        1.0013044015974107E-030
   3.0769230769230769E-003   2.6923076923076922E-003   304.89288277918587        1.1600901212810568E-030
   3.0769230769230769E-003   3.0769230769230769E-003   305.71634756977045        1.3540302278098776E-030
   3.0769230769230769E-003   3.4615384615384616E-003   306.48604610489969        1.5773971625524728E-030
   3.0769230769230769E-003   3.8461538461538464E-003   307.15614301554746        1.8131569250060206E-030
   3.0769230769230769E-003   4.2307692307692307E-003   307.68004162924331        2.0299613388960574E-030
   3.0769230769230769E-003   4.6153846153846149E-003   308.01508068181300        2.1860161721728703E-030
   3.0769230769230769E-003   5.0000000000000001E-003   308.13020509580133        2.2431468735266018E-030
   3.0769230769230769E-003   5.3846153846153844E-003   308.01370695504204        2.1855337226388108E-030
   3.0769230769230769E-003   5.7692307692307696E-003   307.67662025863791        2.0288382129924692E-030
   3.0769230769230769E-003   6.1538461538461538E-003   307.14915877357680        1.8111044288610539E-030
   3.0769230769230769E-003   6.5384615384615381E-003   306.47283938437175        1.5740424117392508E-030
   3.0769230769230769E-003   6.9230769230769233E-003   305.69276340105296        1.3489702936861362E-030
   3.0769230769230769E-003   7.3076923076923076E-003   304.85305261180554        1.1529479208777410E-030
   3.0769230769230769E-003   7.6923076923076927E-003   303.99612777804941        9.9178375148756360E-031
   3.0769230769230769E-003   8.0769230769230770E-003   303.16477676838468        8.6484270943729051E-031
   3.0769230769230769E-003   8.4615384615384613E-003   302.40497959535020        7.6886235153975005E-031
   3.0769230769230769E-003   8.8461538461538456E-003   301.76703026553361        7.0020907382342424E-031
   3.0769230769230769E-003   9.2307692307692299E-003   301.30264432407762        6.5595499038089500E-031
   3.0769230769230769E-003   9.6153846153846159E-003   301.05694366701198        6.3424489500725160E-031

   3.4615384615384616E-003   3.8461538461538462E-004   299.77071451839663        5.4544657054651046E-031
   3.4615384615384616E-003   7.6923076923076923E-004   299.88802472602742        5.5224917952017477E-031
   3.4615384615384616E-003   1.1538461538461537E-003   300.11195340713408        5.6565943575669267E-031
   3.4615384615384616E-003   1.5384615384615385E-003   300.42419674503418        5.8536346640305997E-031
   3.4615384615384616E-003   1.9230769230769232E-003   300.80210649282333        6.1095608691794946E-031
   3.4615384615384616E-003   2.3076923076923075E-003   301.22172138285572        6.4192166867731879E-031
   3.4615384615384616E-003   2.6923076923076922E-003   301.65933564658371        6.7751227170607216E-031
   3.4615384615384616E-003   3.0769230769230769E-003   302.09161543250559        7.1650506008618644E-031
   3.4615384615384616E-003   3.4615384615384616E-003   302.49495939538446        7.5687143067771493E-031
   3.4615384615384616E-003   3.8461538461538464E-003   302.84510777952977        7.9549204707158709E-031
   3.4615384615384616E-003   4.2307692307692307E-003   303.11793006458231        8.2818263820946174E-031
   3.4615384615384616E-003   4.6153846153846149E-003   303.29184521188910        8.5033014927260364E-031
   3.4615384615384616E-003   5.0000000000000001E-003   303.35146398536568        8.5818105504374717E-031
   3.4615384615384616E-003   5.3846153846153844E-003   303.29105015720478        8.5026119742799535E-031
   3.4615384615384616E-003   5.7692307692307696E-003   303.11596025785275        8.2801425126125403E-031
   3.4615384615384616E-003   6.1538461538461538E-003   302.84111650856693        7.9516077118627083E-031
   3.4615384615384616E-003   6.5384615384615381E-003   302.48747923114462        7.5627738993673076E-031
   3.4615384615384616E-003   6.9230769230769233E-003   302.07839201738960        7.1551057613579170E-031
   3.4615384615384616E-003   7.3076923076923076E-003   301.63725191240542        6.7594695056705245E-031
   3.4615384615384616E-003   7.6923076923076927E-003   301.18696707603260        6.3959901365476871E-031
   3.4615384615384616E-003   8.0769230769230770E-003   300.75076366769360        6.0770565160909703E-031
   3.4615384615384616E-003   8.4615384615384613E-003   300.35332927515009        5.8107878332763951E-031
   3.4615384615384616E-003   8.8461538461538456E-003   300.02105240770794        5.6035488339487051E-031
   3.4615384615384616E-003   9.2307692307692299E-003   299.78029581472367        5.4610856125646884E-031
   3.4615384615384616E-003   9.6153846153846159E-003   299.65339486635571        5.3883459537825838E-031

   3.8461538461538464E-003   3.8461538461538462E-004   298.91320048622026        5.0311856265743998E-031
   3.8461538461538464E-003   7.6923076923076923E-004   298.97181038720964        5.0564947132933296E-031
   3.8461538461538464E-003   1.1538461538461537E-003   299.08388269151936        5.1054975637766558E-031
   3.8461538461538464E-003   1.5384615384615385E-003   299.24052044953044        5.1754311620209775E-031
   3.8461538461538464E-003   1.9230769230769232E-003   299.43053694758026        5.2628010807896536E-031
   3.8461538461538464E-003   2.3076923076923075E-003   299.64188917805092        5.3637002662302416E-031
   3.8461538461538464E-003   2.6923076923076922E-003   299.86248321070866        5.4738065146018185E-031
   3.8461538461538464E-003   3.0769230769230769E-003   300.08032131170586        5.5880505327332843E-031
   3.8461538461538464E-003   3.4615384615384616E-003   300.28329884056114        5.7001163498666401E-031
   3.8461538461538464E-003   3.8461538461538464E-003   300.45912048528766        5.8021118263716979E-031
   3.8461538461538464E-003   4.2307692307692307E-003   300.59576297438593        5.8848668185492327E-031
   3.8461538461538464E-003   4.6153846153846149E-003   300.68266319689735        5.9392190274859871E-031
   3.8461538461538464E-003   5.0000000000000001E-003   300.71240024631101        5.9581687118118357E-031
   3.8461538461538464E-003   5.3846153846153844E-003   300.68222740950870        5.9390440237879463E-031
   3.8461538461538464E-003   5.7692307692307696E-003   300.59468854849013        5.8844292413886193E-031
   3.8461538461538464E-003   6.1538461538461538E-003   300.45695842347283        5.8012191323570166E-031
   3.8461538461538464E-003   6.5384615384615381E-003   300.27927980936050        5.6984413458731452E-031
   3.8461538461538464E-003   6.9230769230769233E-003   300.07328084090557        5.5851015076283908E-031
   3.8461538461538464E-003   7.3076923076923076E-003   299.85084078921892        5.4689185653408490E-031
   3.8461538461538464E-003   7.6923076923076927E-003   299.62375775514539        5.3560782140637050E-031
   3.8461538461538464E-003   8.0769230769230770E-003   299.40403832475465        5.2516456026381440E-031
   3.8461538461538464E-003   8.4615384615384613E-003   299.20432968689454        5.1601619807568115E-031
   3.8461538461538464E-003   8.8461538461538456E-003   299.03790426261520        5.0860418125215453E-031
   3.8461538461538464E-003   9.2307692307692299E-003   298.91772924246305        5.0335398753446103E-031
   3.8461538461538464E-003   9.6153846153846159E-003   298.85455551179518        5.0062391699545132E-031

   4.2307692307692307E-003   3.8461538461538462E-004   298.45075820640642        4.8528136585428523E-031
   4.2307692307692307E-003   7.6923076923076923E-004   298.47893197074211        4.8627612469868716E-031
   4.2307692307692307E-003   1.1538461538461537E-003   298.53287496165228        4.8818696893654564E-031
   4.2307692307692307E-003   1.5384615384615385E-003   298.60840236725448        4.9087876915255508E-031
   4.2307692307692307E-003   1.9230769230769232E-003   298.70018719838708        4.9418268747183073E-031
   4.2307692307692307E-003   2.3076923076923075E-003   298.80241604317860        4.9791636931556710E-031
   4.2307692307692307E-003   2.6923076923076922E-003   298.90918160110368        5.0189157996286038E-031
   4.2307692307692307E-003   3.0769230769230769E-003   299.01458726945015        5.0590906060731565E-031
   4.2307692307692307E-003   3.4615384615384616E-003   299.11269604418686        5.0974704691830378E-031
   4.2307692307692307E-003   3.8461538461538464E-003   299.19753410593501        5.1315447679546766E-031
   4.2307692307692307E-003   4.2307692307692307E-003   299.26333769424690        5.1586099473479387E-031
   4.2307692307692307E-003   4.6153846153846149E-003   299.30511224435935        5.1761091668391569E-031
   4.2307692307692307E-003   5.0000000000000001E-003   299.31938767830115        5.1821583024723340E-031
   4.2307692307692307E-003   5.3846153846153844E-003   299.30488545237193        5.1760492065467547E-031
   4.2307692307692307E-003   5.7692307692307696E-003   299.26278107181309        5.1584586846347735E-031
   4.2307692307692307E-003   6.1538461538461538E-003   299.19642110307404        5.1312318185041388E-031
   4.2307692307692307E-003   6.5384615384615381E-003   299.11064240413822        5.0968727616932598E-031
   4.2307692307692307E-003   6.9230769230769233E-003   299.01101894429047        5.0580174103458851E-031
   4.2307692307692307E-003   7.3076923076923076E-003   298.90333190562825        5.0171014486368540E-031
   4.2307692307692307E-003   7.6923076923076927E-003   298.79338788230797        4.9762817725629512E-031
   4.2307692307692307E-003   8.0769230769230770E-003   298.68711217797096        4.9375410306708814E-031
   4.2307692307692307E-003   8.4615384615384613E-003   298.59069990815215        4.9028463488488827E-031
   4.2307692307692307E-003   8.8461538461538456E-003   298.51055753746584        4.8742303030691371E-031
   4.2307692307692307E-003   9.2307692307692299E-003   298.45283613324074        4.8536979666445707E-031
   4.2307692307692307E-003   9.6153846153846159E-003   298.42255287651113        4.8429397468333470E-031

   4.6153846153846149E-003   3.8461538461538462E-004   298.21316455373051        4.7758656422238852E-031
   4.6153846153846149E-003   7.6923076923076923E-004   298.22619291056407        4.7798303126289617E-031
   4.6153846153846149E-003   1.1538461538461537E-003   298.25116247543866        4.7874227600499277E-031
   4.6153846153846149E-003   1.5384615384615385E-003   298.28617142553719        4.7980626284331226E-031
   4.6153846153846149E-003   1.9230769230769232E-003   298.32877544316085        4.8110254533537724E-031
   4.6153846153846149E-003   2.3076923076923075E-003   298.37627801279268        4.8255356487796087E-031
   4.6153846153846149E-003   2.6923076923076922E-003   298.42591313540839        4.8408109335688755E-031
   4.6153846153846149E-003   3.0769230769230769E-003   298.47490621480353        4.8560562728935230E-031
   4.6153846153846149E-003   3.4615384615384616E-003   298.52046828390633        4.8704319952231602E-031
   4.6153846153846149E-003   3.8461538461538464E-003   298.55981426189982        4.8830357996119763E-031
   4.6153846153846149E-003   4.2307692307692307E-003   298.59028558739192        4.8929378159026205E-031
   4.6153846153846149E-003   4.6153846153846149E-003   298.60960326062133        4.8992875843735448E-031
   4.6153846153846149E-003   5.0000000000000001E-003   298.61619727535458        4.9014723998658853E-031
   4.6153846153846149E-003   5.3846153846153844E-003   298.60949094183371        4.8992640648888862E-031
   4.6153846153846149E-003   5.7692307692307696E-003   298.59001106964172        4.8928784210370204E-031
   4.6153846153846149E-003   6.1538461538461538E-003   298.55926852753458        4.8829126324077808E-031
   4.6153846153846149E-003   6.5384615384615381E-003   298.51946808840682        4.8701959462476255E-031
   4.6153846153846149E-003   6.9230769230769233E-003   298.47318094290961        4.8556307565320340E-031
   4.6153846153846149E-003   7.3076923076923076E-003   298.42310638784141        4.8400887979397554E-031
   4.6153846153846149E-003   7.6923076923076927E-003   298.37197993497233        4.8243850204301497E-031
   4.6153846153846149E-003   8.0769230769230770E-003   298.32259863421984        4.8093107428457245E-031
   4.6153846153846149E-003   8.4615384615384613E-003   298.27786897184421        4.7956833638907357E-031
   4.6153846153846149E-003   8.8461538461538456E-003   298.24076115446655        4.7843636512563178E-031
   4.6153846153846149E-003   9.2307692307692299E-003   298.21408793018776        4.7762032069289394E-031
   4.6153846153846149E-003   9.6153846153846159E-003   298.20011486358817        4.7719163877013321E-031

   5.0000000000000001E-003   3.8461538461538462E-004   298.09667598238673        4.7428728600594364E-031
   5.0000000000000001E-003   7.6923076923076923E-004   298.10247255758821        4.7444390790512284E-031
   5.0000000000000001E-003   1.1538461538461537E-003   298.11359065501250        4.7474359322085381E-031
   5.0000000000000001E-003   1.5384615384615385E-003   298.12919594540369        4.7516289865774945E-031
   5.0000000000000001E-003   1.9230769230769232E-003   298.14820784658042        4.7567242757442157E-031
   5.0000000000000001E-003   2.3076923076923075E-003   298.16942386751646        4.7624064477747862E-031
   5.0000000000000001E-003   2.6923076923076922E-003   298.19160111453164        4.7683589036734679E-031
   5.0000000000000001E-003   3.0769230769230769E-003   298.21348788664068        4.7742647184955437E-031
   5.0000000000000001E-003   3.4615384615384616E-003   298.23382771454772        4.7797974548456494E-031
   5.0000000000000001E-003   3.8461538461538464E-003   298.25137355876859        4.7846164141990588E-031
   5.0000000000000001E-003   4.2307692307692307E-003   298.26494525350591        4.7883799209151180E-031
   5.0000000000000001E-003   4.6153846153846149E-003   298.27353981275172        4.7907822886604447E-031
   5.0000000000000001E-003   5.0000000000000001E-003   298.27647084485181        4.7916066297477067E-031
   5.0000000000000001E-003   5.3846153846153844E-003   298.27348676593761        4.7907726328298508E-031
   5.0000000000000001E-003   5.7692307692307696E-003   298.26481609936764        4.7883556021714830E-031
   5.0000000000000001E-003   6.1538461538461538E-003   298.25111816494217        4.7845661473395008E-031
   5.0000000000000001E-003   6.5384615384615381E-003   298.23336248882384        4.7797014332433652E-031
   5.0000000000000001E-003   6.9230769230769233E-003   298.21269062702868        4.7740921932771401E-031
   5.0000000000000001E-003   7.3076923076923076E-003   298.19031283360795        4.7680671299852553E-031
   5.0000000000000001E-003   7.6923076923076927E-003   298.16746444392112        4.7619432928183693E-031
   5.0000000000000001E-003   8.0769230769230770E-003   298.14541048330346        4.7560368480224892E-031
   5.0000000000000001E-003   8.4615384615384613E-003   298.12545878238899        4.7506790709383522E-031
   5.0000000000000001E-003   8.8461538461538456E-003   298.10893300229793        4.7462192979158866E-031
   5.0000000000000001E-003   9.2307692307692299E-003   298.09707283766562        4.7430009966994496E-031
   5.0000000000000001E-003   9.6153846153846159E-003   298.09086698067597        4.7413098246861505E-031

   5.3846153846153844E-003   3.8461538461538462E-004   298.04209182056718        4.7290336815296437E-031
   5.3846153846153844E-003   7.6923076923076923E-004   298.04457411163196        4.7296395361991978E-031
   5.3846153846153844E-003   1.1538461538461537E-003   298.04933821689099        4.7307989489628639E-031
   5.3846153846153844E-003   1.5384615384615385E-003   298.05603094873737        4.7324211411773336E-031
   5.3846153846153844E-003   1.9230769230769232E-003   298.06419202187948        4.7343915334472561E-031
   5.3846153846153844E-003   2.3076923076923075E-003   298.07330557448802        4.7365864288569831E-031
   5.3846153846153844E-003   2.6923076923076922E-003   298.08283508870858        4.7388812704541879E-031
   5.3846153846153844E-003   3.0769230769230769E-003   298.09223850023636        4.7411518666191427E-031
   5.3846153846153844E-003   3.4615384615384616E-003   298.10097229411861        4.7432718432175658E-031
   5.3846153846153844E-003   3.8461538461538464E-003   298.10849974082771        4.7451115814754137E-031
   5.3846153846153844E-003   4.2307692307692307E-003   298.11431645844874        4.7465434213514686E-031
   5.3846153846153844E-003   4.6153846153846149E-003   298.11799677388029        4.7474549050088005E-031
   5.3846153846153844E-003   5.0000000000000001E-003   298.11925091565314        4.7477671145421517E-031
   5.3846153846153844E-003   5.3846153846153844E-003   298.11797283604977        4.7474509413461501E-031
   5.3846153846153844E-003   5.7692307692307696E-003   298.11425838201137        4.7465334808371854E-031
   5.3846153846153844E-003   6.1538461538461538E-003   298.10838545548916        4.7450911479003427E-031
   5.3846153846153844E-003   6.5384615384615381E-003   298.10076526119553        4.7432330454564787E-031
   5.3846153846153844E-003   6.9230769230769233E-003   298.09188578112770        4.7410825928160353E-031
   5.3846153846153844E-003   7.3076923076923076E-003   298.08226854014436        4.7387648627284255E-031
   5.3846153846153844E-003   7.6923076923076927E-003   298.07244898833983        4.7364028346990101E-031
   5.3846153846153844E-003   8.0769230769230770E-003   298.06297607002995        4.7341207589750113E-031
   5.3846153846153844E-003   8.4615384615384613E-003   298.05441489002385        4.7320491879518349E-031
   5.3846153846153844E-003   8.8461538461538456E-003   298.04733286827542        4.7303249978782671E-031
   5.3846153846153844E-003   9.2307692307692299E-003   298.04225666536530        4.7290814743009745E-031
   5.3846153846153844E-003   9.6153846153846159E-003   298.03960298669477        4.7284284114683424E-031

   5.7692307692307696E-003   3.8461538461538462E-004   298.01761159622424        4.7233999128094564E-031
   5.7692307692307696E-003   7.6923076923076923E-004   298.01863527710441        4.7236279930912953E-031
   5.7692307692307696E-003   1.1538461538461537E-003   298.02060095500684        4.7240646815245970E-031
   5.7692307692307696E-003   1.5384615384615385E-003   298.02336436649119        4.7246760515284622E-031
   5.7692307692307696E-003   1.9230769230769232E-003   298.02673653775912        4.7254189845442425E-031
   5.7692307692307696E-003   2.3076923076923075E-003   298.03050443170650        4.7262465760209884E-031
   5.7692307692307696E-003   2.6923076923076922E-003   298.03444533952182        4.7271113234027341E-031
   5.7692307692307696E-003   3.0769230769230769E-003   298.03833365142526        4.7279658307443191E-031
   5.7692307692307696E-003   3.4615384615384616E-003   298.04194336753824        4.7287621623843664E-031
   5.7692307692307696E-003   3.8461538461538464E-003   298.04505223766188        4.7294517031592251E-031
   5.7692307692307696E-003   4.2307692307692307E-003   298.04745261867896        4.7299871864561711E-031
   5.7692307692307696E-003   4.6153846153846149E-003   298.04897027419076        4.7303274524594974E-031
   5.7692307692307696E-003   5.0000000000000001E-003   298.04948710379790        4.7304438561190446E-031
   5.7692307692307696E-003   5.3846153846153844E-003   298.04895993465215        4.7303258608428501E-031
   5.7692307692307696E-003   5.7692307692307696E-003   298.04742761489973        4.7299832135421088E-031
   5.7692307692307696E-003   6.1538461538461538E-003   298.04500325272812        4.7294435874385750E-031
   5.7692307692307696E-003   6.5384615384615381E-003   298.04185507477484        4.7287468591001263E-031
   5.7692307692307696E-003   6.9230769230769233E-003   298.03818402066901        4.7279387021174589E-031
   5.7692307692307696E-003   7.3076923076923076E-003   298.03420627782839        4.7270660661340115E-031
   5.7692307692307696E-003   7.6923076923076927E-003   298.03014487395296        4.7261757077736911E-031
   5.7692307692307696E-003   8.0769230769230770E-003   298.02622865775874        4.7253151789226161E-031
   5.7692307692307696E-003   8.4615384615384613E-003   298.02269237024456        4.7245343462147683E-031
   5.7692307692307696E-003   8.8461538461538456E-003   298.01977016189943        4.7238850660826794E-031
   5.7692307692307696E-003   9.2307692307692299E-003   298.01767775463611        4.7234173178351026E-031
   5.7692307692307696E-003   9.6153846153846159E-003   298.01658473001550        4.7231718914137383E-031

   6.1538461538461538E-003   3.8461538461538462E-004   298.00708873270798        4.7211821668244628E-031
   6.1538461538461538E-003   7.6923076923076923E-004   298.00749553863176        4.7212654931269069E-031
   6.1538461538461538E-003   1.1538461538461537E-003   298.00827701515641        4.7214251257257539E-031
   6.1538461538461538E-003   1.5384615384615385E-003   298.00937629218402        4.7216487926609915E-031
   6.1538461538461538E-003   1.9230769230769232E-003   298.01071855518410        4.7219207947840963E-031
   6.1538461538461538E-003   2.3076923076923075E-003   298.01221904794505        4.7222239259107228E-031
   6.1538461538461538E-003   2.6923076923076922E-003   298.01378878471189        4.7225406496467605E-031
   6.1538461538461538E-003   3.0769230769230769E-003   298.01533742066323        4.7228534269657493E-031
   6.1538461538461538E-003   3.4615384615384616E-003   298.01677452700278        4.7231445773919375E-031
   6.1538461538461538E-003   3.8461538461538464E-003   298.01801148535367        4.7233963123566435E-031
   6.1538461538461538E-003   4.2307692307692307E-003   298.01896590401458        4.7235915058783662E-031
   6.1538461538461538E-003   4.6153846153846149E-003   298.01956897718628        4.7237153791337618E-031
   6.1538461538461538E-003   5.0000000000000001E-003   298.01977423242016        4.7237577141354017E-031
   6.1538461538461538E-003   5.3846153846153844E-003   298.01956469539914        4.7237147599362991E-031
   6.1538461538461538E-003   5.7692307692307696E-003   298.01895558044379        4.7235899674824505E-031
   6.1538461538461538E-003   6.1538461538461538E-003   298.01799134291593        4.7233931893943826E-031
   6.1538461538461538E-003   6.5384615384615381E-003   298.01673838763128        4.7231387293420342E-031
   6.1538461538461538E-003   6.9230769230769233E-003   298.01527646673196        4.7228431341142955E-031
   6.1538461538461538E-003   7.3076923076923076E-003   298.01369186466769        4.7225236017858246E-031
   6.1538461538461538E-003   7.6923076923076927E-003   298.01207395195632        4.7221974176505083E-031
   6.1538461538461538E-003   8.0769230769230770E-003   298.01051449424796        4.7218822229361122E-031
   6.1538461538461538E-003   8.4615384615384613E-003   298.00910733284064        4.7215964506685684E-031
   6.1538461538461538E-003   8.8461538461538456E-003   298.00794555424983        4.7213591078996661E-031
   6.1538461538461538E-003   9.2307692307692299E-003   298.00711438778683        4.7211883360604607E-031
   6.1538461538461538E-003   9.6153846153846159E-003   298.00668047425455        4.7210988164850934E-031

   6.5384615384615381E-003   3.8461538461538462E-004   298.00274759196060        4.7203390442248128E-031
   6.5384615384615381E-003   7.6923076923076923E-004   298.00290348787956        4.7203685552057783E-031
   6.5384615384615381E-003   1.1538461538461537E-003   298.00320306934458        4.7204251233824814E-031
   6.5384615384615381E-003   1.5384615384615385E-003   298.00362469112008        4.7205044466597599E-031
   6.5384615384615381E-003   1.9230769230769232E-003   298.00413977499966        4.7206009889393134E-031
   6.5384615384615381E-003   2.3076923076923075E-003   298.00471581029188        4.7207086407363107E-031
   6.5384615384615381E-003   2.6923076923076922E-003   298.00531853956386        4.7208211374617717E-031
   6.5384615384615381E-003   3.0769230769230769E-003   298.00591311710792        4.7209321958484371E-031
   6.5384615384615381E-003   3.4615384615384616E-003   298.00646468859304        4.7210354945348965E-031
   6.5384615384615381E-003   3.8461538461538464E-003   298.00693919842735        4.7211247122335593E-031
   6.5384615384615381E-003   4.2307692307692307E-003   298.00730511419351        4.7211938109079740E-031
   6.5384615384615381E-003   4.6153846153846149E-003   298.00753620922256        4.7212376184417176E-031
   6.5384615384615381E-003   5.0000000000000001E-003   298.00761482227722        4.7212525780059810E-031
   6.5384615384615381E-003   5.3846153846153844E-003   298.00753450657578        4.7212373859019390E-031
   6.5384615384615381E-003   5.7692307692307696E-003   298.00730102036863        4.7211932357323621E-031
   6.5384615384615381E-003   6.1538461538461538E-003   298.00693124090657        4.7211235515740108E-031
   6.5384615384615381E-003   6.5384615384615381E-003   298.00645047115904        4.7210333354077451E-031
   6.5384615384615381E-003   6.9230769230769233E-003   298.00588924132899        4.7209284214767635E-031
   6.5384615384615381E-003   7.3076923076923076E-003   298.00528073898408        4.7208149282837238E-031
   6.5384615384615381E-003   7.6923076923076927E-003   298.00465945426606        4.7206990490208643E-031
   6.5384615384615381E-003   8.0769230769230770E-003   298.00406082070657        4.7205871174248498E-031
   6.5384615384615381E-003   8.4615384615384613E-003   298.00352097845138        4.7204857252249301E-031
   6.5384615384615381E-003   8.8461538461538456E-003   298.00307560799132        4.7204016158710713E-031
   6.5384615384615381E-003   9.2307692307692299E-003   298.00275720690803        4.7203411694236469E-031
   6.5384615384615381E-003   9.6153846153846159E-003   298.00259107049158        4.7203095106543634E-031

   6.9230769230769233E-003   3.8461538461538462E-004   298.00102657316040        4.7200295208997567E-031
   6.9230769230769233E-003   7.6923076923076923E-004   298.00108422904123        4.7200396509245144E-031
   6.9230769230769233E-003   1.1538461538461537E-003   298.00119505778486        4.7200590787956264E-031
   6.9230769230769233E-003   1.5384615384615385E-003   298.00135110107283        4.7200863418079745E-031
   6.9230769230769233E-003   1.9230769230769232E-003   298.00154181894789        4.7201195478409828E-031
   6.9230769230769233E-003   2.3076923076923075E-003   298.00175517833264        4.7201565959358826E-031
   6.9230769230769233E-003   2.6923076923076922E-003   298.00197846011787        4.7201953199487037E-031
   6.9230769230769233E-003   3.0769230769230769E-003   298.00219870614228        4.7202335412932144E-031
   6.9230769230769233E-003   3.4615384615384616E-003   298.00240296265008        4.7202690711668782E-031
   6.9230769230769233E-003   3.8461538461538464E-003   298.00257860478024        4.7202997315933698E-031
   6.9230769230769233E-003   4.2307692307692307E-003   298.00271398422984        4.7203234557972014E-031
   6.9230769230769233E-003   4.6153846153846149E-003   298.00279944607911        4.7203384843660114E-031
   6.9230769230769233E-003   5.0000000000000001E-003   298.00282850505056        4.7203436128005904E-031
   6.9230769230769233E-003   5.3846153846153844E-003   298.00279879501329        4.7203384001317756E-031
   6.9230769230769233E-003   5.7692307692307696E-003   298.00271242281582        4.7203232483155488E-031
   6.9230769230769233E-003   6.1538461538461538E-003   298.00257558024964        4.7202993152452077E-031
   6.9230769230769233E-003   6.5384615384615381E-003   298.00239757964948        4.7202683014150602E-031
   6.9230769230769233E-003   6.9230769230769233E-003   298.00218970204094        4.7202322041753452E-031
   6.9230769230769233E-003   7.3076923076923076E-003   298.00196426017453        4.7201931339899913E-031
   6.9230769230769233E-003   7.6923076923076927E-003   298.00173408663704        4.7201532393713173E-031
   6.9230769230769233E-003   8.0769230769230770E-003   298.00151237067814        4.7201147205316366E-031
   6.9230769230769233E-003   8.4615384615384613E-003   298.00131253406602        4.7200798585913797E-031
   6.9230769230769233E-003   8.8461538461538456E-003   298.00114777418014        4.7200509706560649E-031
   6.9230769230769233E-003   9.2307692307692299E-003   298.00103005717324        4.7200302320207679E-031
   6.9230769230769233E-003   9.6153846153846159E-003   298.00096866138654        4.7200193786035551E-031

   7.3076923076923076E-003   3.8461538461538462E-004   298.00037009662537        4.7199197408008865E-031
   7.3076923076923076E-003   7.6923076923076923E-004   298.00039069175142        4.7199231118899227E-031
   7.3076923076923076E-003   1.1538461538461537E-003   298.00043029070815        4.7199295801126782E-031
   7.3076923076923076E-003   1.5384615384615385E-003   298.00048606516657        4.7199386628890325E-031
   7.3076923076923076E-003   1.9230769230769232E-003   298.00055425924597        4.7199497330874339E-031
   7.3076923076923076E-003   2.3076923076923075E-003   298.00063057175652        4.7199620905743019E-031
   7.3076923076923076E-003   2.6923076923076922E-003   298.00071044404433        4.7199750099765633E-031
   7.3076923076923076E-003   3.0769230769230769E-003   298.00078922539228        4.7199877599260329E-031
   7.3076923076923076E-003   3.4615384615384616E-003   298.00086226904051        4.7199996063925416E-031
   7.3076923076923076E-003   3.8461538461538464E-003   298.00092505613020        4.7200098220081444E-031
   7.3076923076923076E-003   4.2307692307692307E-003   298.00097343005228        4.7200177203936586E-031
   7.3076923076923076E-003   4.6153846153846149E-003   298.00100395578505        4.7200227203486158E-031
   7.3076923076923076E-003   5.0000000000000001E-003   298.00101433101207        4.7200244255106314E-031
   7.3076923076923076E-003   5.3846153846153844E-003   298.00100371606004        4.7200226909058698E-031
   7.3076923076923076E-003   5.7692307692307696E-003   298.00097285649906        4.7200176481526406E-031
   7.3076923076923076E-003   6.1538461538461538E-003   298.00092394870188        4.7200096777947610E-031
   7.3076923076923076E-003   6.5384615384615381E-003   298.00086030507117        4.7199993412878522E-031
   7.3076923076923076E-003   6.9230769230769233E-003   298.00078595219014        4.7199873020969559E-031
   7.3076923076923076E-003   7.3076923076923076E-003   298.00070530034662        4.7199742657835167E-031
   7.3076923076923076E-003   7.6923076923076927E-003   298.00062295731374        4.7199609540888090E-031
   7.3076923076923076E-003   8.0769230769230770E-003   298.00054366057270        4.7199481068302892E-031
   7.3076923076923076E-003   8.4615384615384613E-003   298.00047222157082        4.7199364883698463E-031
   7.3076923076923076E-003   8.8461538461538456E-003   298.00041335467887        4.7199268702619619E-031
   7.3076923076923076E-003   9.2307692307692299E-003   298.00037131784268        4.7199199719202827E-031
   7.3076923076923076E-003   9.6153846153846159E-003   298.00034940164505        4.7199163641774335E-031

   7.6923076923076927E-003   3.8461538461538462E-004   298.00012887040413        4.7198820969550849E-031
   7.6923076923076927E-003   7.6923076923076923E-004   298.00013598181357        4.7198831850353620E-031
   7.6923076923076927E-003   1.1538461538461537E-003   298.00014965818752        4.7198852736163825E-031
   7.6923076923076927E-003   1.5384615384615385E-003   298.00016892726433        4.7198882081302839E-031
   7.6923076923076927E-003   1.9230769230769232E-003   298.00019249489685        4.7198917868946908E-031
   7.6923076923076927E-003   2.3076923076923075E-003   298.00021887504261        4.7198957836722301E-031
   7.6923076923076927E-003   2.6923076923076922E-003   298.00024648900501        4.7198999630641967E-031
   7.6923076923076927E-003   3.0769230769230769E-003   298.00027372427854        4.7199040871975734E-031
   7.6923076923076927E-003   3.4615384615384616E-003   298.00029897045221        4.7199079175390072E-031
   7.6923076923076927E-003   3.8461538461538464E-003   298.00032066443850        4.7199112185639854E-031
   7.6923076923076927E-003   4.2307692307692307E-003   298.00033737228119        4.7199137690957606E-031
   7.6923076923076927E-003   4.6153846153846149E-003   298.00034791204115        4.7199153827147144E-031
   7.6923076923076927E-003   5.0000000000000001E-003   298.00035149302255        4.7199159327115547E-031
   7.6923076923076927E-003   5.3846153846153844E-003   298.00034782693865        4.7199153727755488E-031
   7.6923076923076927E-003   5.7692307692307696E-003   298.00033716912026        4.7199137447967381E-031
   7.6923076923076927E-003   6.1538461538461538E-003   298.00032027334385        4.7199111702892963E-031
   7.6923076923076927E-003   6.5384615384615381E-003   298.00029827915074        4.7199078292645704E-031
   7.6923076923076927E-003   6.9230769230769233E-003   298.00027257598867        4.7199039355665943E-031
   7.6923076923076927E-003   7.3076923076923076E-003   298.00024469038055        4.7198997178813533E-031
   7.6923076923076927E-003   7.6923076923076927E-003   298.00021622060382        4.7198954111030720E-031
   7.6923076923076927E-003   8.0769230769230770E-003   298.00018881039125        4.7198912561859523E-031
   7.6923076923076927E-003   8.4615384615384613E-003   298.00016412622318        4.7198875013049907E-031
   7.6923076923076927E-003   8.8461538461538456E-003   298.00014379592488        4.7198843955852792E-031
   7.6923076923076927E-003   9.2307692307692299E-003   298.00012928472842        4.7198821699280177E-031
   7.6923076923076927E-003   9.6153846153846159E-003   298.00012172170176        4.7198810066307325E-031

   8.0769230769230770E-003   3.8461538461538462E-004   298.00004338340909        4.7198696070764693E-031
   8.0769230769230770E-003   7.6923076923076923E-004   298.00004575905825        4.7198699478970518E-031
   8.0769230769230770E-003   1.1538461538461537E-003   298.00005032869717        4.7198706023382192E-031
   8.0769230769230770E-003   1.5384615384615385E-003   298.00005676880875        4.7198715223148422E-031
   8.0769230769230770E-003   1.9230769230769232E-003   298.00006464787731        4.7198726448592712E-031
   8.0769230769230770E-003   2.3076923076923075E-003   298.00007346922223        4.7198738990388868E-031
   8.0769230769230770E-003   2.6923076923076922E-003   298.00008270410171        4.7198752107694615E-031
   8.0769230769230770E-003   3.0769230769230769E-003   298.00009181188369        4.7198765050405414E-031
   8.0769230769230770E-003   3.4615384615384616E-003   298.00010025285286        4.7198777066893310E-031
   8.0769230769230770E-003   3.8461538461538464E-003   298.00010750403777        4.7198787417322182E-031
   8.0769230769230770E-003   4.2307692307692307E-003   298.00011308679746        4.7198795409874479E-031
   8.0769230769230770E-003   4.6153846153846149E-003   298.00011660751630        4.7198800463813994E-031
   8.0769230769230770E-003   5.0000000000000001E-003   298.00011780330942        4.7198802185567601E-031
   8.0769230769230770E-003   5.3846153846153844E-003   298.00011657835279        4.7198800431376107E-031
   8.0769230769230770E-003   5.7692307692307696E-003   298.00011301732127        4.7198795330836218E-031
   8.0769230769230770E-003   6.1538461538461538E-003   298.00010737066606        4.7198787260997678E-031
   8.0769230769230770E-003   6.5384615384615381E-003   298.00010001782670        4.7198776782437167E-031
   8.0769230769230770E-003   6.9230769230769233E-003   298.00009142270039        4.7198764564203156E-031
   8.0769230769230770E-003   7.3076923076923076E-003   298.00008209632847        4.7198751325297931E-031
   8.0769230769230770E-003   7.6923076923076927E-003   298.00007257477324        4.7198737806881095E-031
   8.0769230769230770E-003   8.0769230769230770E-003   298.00006340947016        4.7198724769683167E-031
   8.0769230769230770E-003   8.4615384615384613E-003   298.00005515861886        4.7198712995059884E-031
   8.0769230769230770E-003   8.8461538461538456E-003   298.00004836598521        4.7198703263523028E-031
   8.0769230769230770E-003   9.2307692307692299E-003   298.00004351955425        4.7198696294670625E-031
   8.0769230769230770E-003   9.6153846153846159E-003   298.00004099439349        4.7198692654121326E-031

   8.4615384615384613E-003   3.8461538461538462E-004   298.00001413468289        4.7198655940753742E-031
   8.4615384615384613E-003   7.6923076923076923E-004   298.00001490320670        4.7198656977476946E-031
   8.4615384615384613E-003   1.1538461538461537E-003   298.00001638174223        4.7198658968811326E-031
   8.4615384615384613E-003   1.5384615384615385E-003   298.00001846599878        4.7198661769379113E-031
   8.4615384615384613E-003   1.9230769230769232E-003   298.00002101661386        4.7198665188201552E-031
   8.4615384615384613E-003   2.3076923076923075E-003   298.00002387283911        4.7198669009333321E-031
   8.4615384615384613E-003   2.6923076923076922E-003   298.00002686323484        4.7198673006476996E-031
   8.4615384615384613E-003   3.0769230769230769E-003   298.00002981234263        4.7198676950108270E-031
   8.4615384615384613E-003   3.4615384615384616E-003   298.00003254506390        4.7198680610387230E-031
   8.4615384615384613E-003   3.8461538461538464E-003   298.00003489198650        4.7198683761699602E-031
   8.4615384615384613E-003   4.2307692307692307E-003   298.00003669838298        4.7198686193868405E-031
   8.4615384615384613E-003   4.6153846153846149E-003   298.00003783727095        4.7198687731095422E-031
   8.4615384615384613E-003   5.0000000000000001E-003   298.00003822396792        4.7198688254550095E-031
   8.4615384615384613E-003   5.3846153846153844E-003   298.00003782761138        4.7198687720847569E-031
   8.4615384615384613E-003   5.7692307692307696E-003   298.00003667541569        4.7198686168976817E-031
   8.4615384615384613E-003   6.1538461538461538E-003   298.00003484801221        4.7198683712675482E-031
   8.4615384615384613E-003   6.5384615384615381E-003   298.00003246779505        4.7198680521585886E-031
   8.4615384615384613E-003   6.9230769230769233E-003   298.00002968476088        4.7198676799020086E-031
   8.4615384615384613E-003   7.3076923076923076E-003   298.00002666454708        4.7198672764421770E-031
   8.4615384615384613E-003   7.6923076923076927E-003   298.00002358118860        4.7198668644705327E-031
   8.4615384615384613E-003   8.0769230769230770E-003   298.00002061374539        4.7198664672889220E-031
   8.4615384615384613E-003   8.4615384615384613E-003   298.00001794322100        4.7198661087718176E-031
   8.4615384615384613E-003   8.8461538461538456E-003   298.00001574551123        4.7198658126641520E-031
   8.4615384615384613E-003   9.2307692307692299E-003   298.00001417804538        4.7198656007550759E-031
   8.4615384615384613E-003   9.6153846153846159E-003   298.00001336155026        4.7198654901041736E-031

   8.8461538461538456E-003   3.8461538461538462E-004   298.00000446784372        4.7198643448984958E-031
   8.8461538461538456E-003   7.6923076923076923E-004   298.00000470915961        4.7198643755784333E-031
   8.8461538461538456E-003   1.1538461538461537E-003   298.00000517349059        4.7198644345248555E-031
   8.8461538461538456E-003   1.5384615384615385E-003   298.00000582819320        4.7198645174592468E-031
   8.8461538461538456E-003   1.9230769230769232E-003   298.00000662957376        4.7198646187447259E-031
   8.8461538461538456E-003   2.3076923076923075E-003   298.00000752713731        4.7198647319861219E-031
   8.8461538461538456E-003   2.6923076923076922E-003   298.00000846694104        4.7198648504614772E-031
   8.8461538461538456E-003   3.0769230769230769E-003   298.00000939373137        4.7198649673425805E-031
   8.8461538461538456E-003   3.4615384615384616E-003   298.00001025238578        4.7198650757955418E-031
   8.8461538461538456E-003   3.8461538461538464E-003   298.00001098964407        4.7198651691288982E-031
   8.8461538461538456E-003   4.2307692307692307E-003   298.00001155695406        4.7198652411298483E-031
   8.8461538461538456E-003   4.6153846153846149E-003   298.00001191454373        4.7198652866185232E-031
   8.8461538461538456E-003   5.0000000000000001E-003   298.00001203592382        4.7198653021016845E-031
   8.8461538461538456E-003   5.3846153846153844E-003   298.00001191144270        4.7198652863043801E-031
   8.8461538461538456E-003   5.7692307692307696E-003   298.00001154959511        4.7198652403691806E-031
   8.8461538461538456E-003   6.1538461538461538E-003   298.00001097558891        4.7198651676366694E-031
   8.8461538461538456E-003   6.5384615384615381E-003   298.00001022775609        4.7198650731039242E-031
   8.8461538461538456E-003   6.9230769230769233E-003   298.00000935317422        4.7198649627824856E-031
   8.8461538461538456E-003   7.3076923076923076E-003   298.00000840394409        4.7198648431859102E-031
   8.8461538461538456E-003   7.6923076923076927E-003   298.00000743488744        4.7198647210685338E-031
   8.8461538461538456E-003   8.0769230769230770E-003   298.00000650241918        4.7198646033687884E-031
   8.8461538461538456E-003   8.4615384615384613E-003   298.00000566349394        4.7198644971800802E-031
   8.8461538461538456E-003   8.8461538461538456E-003   298.00000497333747        4.7198644095296557E-031
   8.8461538461538456E-003   9.2307692307692299E-003   298.00000448125894        4.7198643468388869E-031
   8.8461538461538456E-003   9.6153846153846159E-003   298.00000422499346        4.7198643141175606E-031

   9.2307692307692299E-003   3.8461538461538462E-004   298.00000139645948        4.7198639697045200E-031
   9.2307692307692299E-003   7.6923076923076923E-004   298.00000147139809        4.7198639786835291E-031
   9.2307692307692299E-003   1.1538461538461537E-003   298.00000161561258        4.7198639959397656E-031
   9.2307692307692299E-003   1.5384615384615385E-003   298.00000181899645        4.7198640202273850E-031
   9.2307692307692299E-003   1.9230769230769232E-003   298.00000206800047        4.7198640499008075E-031
   9.2307692307692299E-003   2.3076923076923075E-003   298.00000234693800        4.7198640830869691E-031
   9.2307692307692299E-003   2.6923076923076922E-003   298.00000263902507        4.7198641178117992E-031
   9.2307692307692299E-003   3.0769230769230769E-003   298.00000292705636        4.7198641520671279E-031
   9.2307692307692299E-003   3.4615384615384616E-003   298.00000319387294        4.7198641838441857E-031
   9.2307692307692299E-003   3.8461538461538464E-003   298.00000342291656        4.7198642111804727E-031
   9.2307692307692299E-003   4.2307692307692307E-003   298.00000359911866        4.7198642322597501E-031
   9.2307692307692299E-003   4.6153846153846149E-003   298.00000371015830        4.7198642455720075E-031
   9.2307692307692299E-003   5.0000000000000001E-003   298.00000374783860        4.7198642501012783E-031
   9.2307692307692299E-003   5.3846153846153844E-003   298.00000370917422        4.7198642454768611E-031
   9.2307692307692299E-003   5.7692307692307696E-003   298.00000359678791        4.7198642320300440E-031
   9.2307692307692299E-003   6.1538461538461538E-003   298.00000341847556        4.7198642107316937E-031
   9.2307692307692299E-003   6.5384615384615381E-003   298.00000318611188        4.7198641830380835E-031
   9.2307692307692299E-003   6.9230769230769233E-003   298.00000291431053        4.7198641507070468E-031
   9.2307692307692299E-003   7.3076923076923076E-003   298.00000261927693        4.7198641156504908E-031
   9.2307692307692299E-003   7.6923076923076927E-003   298.00000231808752        4.7198640798557324E-031
   9.2307692307692299E-003   8.0769230769230770E-003   298.00000202831666        4.7198640453651678E-031
   9.2307692307692299E-003   8.4615384615384613E-003   298.00000176768600        4.7198640142623167E-031
   9.2307692307692299E-003   8.8461538461538456E-003   298.00000155334322        4.7198639886040277E-031
   9.2307692307692299E-003   9.2307692307692299E-003   298.00000140056432        4.7198639702619837E-031
   9.2307692307692299E-003   9.6153846153846159E-003   298.00000132101718        4.7198639606920331E-031

   9.6153846153846159E-003   3.8461538461538462E-004   298.00000052129650        4.7198638677185345E-031
   9.6153846153846159E-003   7.6923076923076923E-004   298.00000054908691        4.7198638708479116E-031
   9.6153846153846159E-003   1.1538461538461537E-003   298.00000060257543        4.7198638768635782E-031
   9.6153846153846159E-003   1.5384615384615385E-003   298.00000067802563        4.7198638853335271E-031
   9.6153846153846159E-003   1.9230769230769232E-003   298.00000077041926        4.7198638956856782E-031
   9.6153846153846159E-003   2.3076923076923075E-003   298.00000087393727        4.7198639072667706E-031
   9.6153846153846159E-003   2.6923076923076922E-003   298.00000098234358        4.7198639193864811E-031
   9.6153846153846159E-003   3.0769230769230769E-003   298.00000108924047        4.7198639313415661E-031
   9.6153846153846159E-003   3.4615384615384616E-003   298.00000118824937        4.7198639424289531E-031
   9.6153846153846159E-003   3.8461538461538464E-003   298.00000127322312        4.7198639519632600E-031
   9.6153846153846159E-003   4.2307692307692307E-003   298.00000133857708        4.7198639593120772E-031
   9.6153846153846159E-003   4.6153846153846149E-003   298.00000137975252        4.7198639639513175E-031
   9.6153846153846159E-003   5.0000000000000001E-003   298.00000139372116        4.7198639655290666E-031
   9.6153846153846159E-003   5.3846153846153844E-003   298.00000137937957        4.7198639639169419E-031
   9.6153846153846159E-003   5.7692307692307696E-003   298.00000133769504        4.7198639592294409E-031
   9.6153846153846159E-003   6.1538461538461538E-003   298.00000127154692        4.7198639518024075E-031
   9.6153846153846159E-003   6.5384615384615381E-003   298.00000118532807        4.7198639421413812E-031
   9.6153846153846159E-003   6.9230769230769233E-003   298.00000108445602        4.7198639308583966E-031
   9.6153846153846159E-003   7.3076923076923076E-003   298.00000097494996        4.7198639186218240E-031
   9.6153846153846159E-003   7.6923076923076927E-003   298.00000086316146        4.7198639061278461E-031
   9.6153846153846159E-003   8.0769230769230770E-003   298.00000075562826        4.7198638940922976E-031
   9.6153846153846159E-003   8.4615384615384613E-003   298.00000065893522        4.7198638832439564E-031
   9.6153846153846159E-003   8.8461538461538456E-003   298.00000057944061        4.7198638742996321E-031
   9.6153846153846159E-003   9.2307692307692299E-003   298.00000052279552        4.7198638679090892E-031
   9.6153846153846159E-003   9.6153846153846159E-003   298.00000049330833        4.7198638645760010E-031

