   3.8461538461538462E-004   3.8461538461538462E-004   975.71508026515573        1.0000000000000000     
   3.8461538461538462E-004   7.6923076923076923E-004   975.57034641737266        1.0000000000000000     
   3.8461538461538462E-004   1.1538461538461537E-003   975.44028030527659        1.0000000000000000     
   3.8461538461538462E-004   1.5384615384615385E-003   975.32456226057764        1.0000000000000000     
   3.8461538461538462E-004   1.9230769230769232E-003   975.22240188914168        1.0000000000000000     
   3.8461538461538462E-004   2.3076923076923075E-003   975.13349441814319        1.0000000000000000     
   3.8461538461538462E-004   2.6923076923076922E-003   975.05738475382475        1.0000000000000000     
   3.8461538461538462E-004   3.0769230769230769E-003   974.99370569182338        1.0000000000000000     
   3.8461538461538462E-004   3.4615384615384616E-003   974.94208147316988        1.0000000000000000     
   3.8461538461538462E-004   3.8461538461538464E-003   974.90221377932608        1.0000000000000000     
   3.8461538461538462E-004   4.2307692307692307E-003   974.87388214067323        1.0000000000000000     
   3.8461538461538462E-004   4.6153846153846149E-003   974.85693876000698        1.0000000000000000     
   3.8461538461538462E-004   5.0000000000000001E-003   974.85129994807903        1.0000000000000000     
   3.8461538461538462E-004   5.3846153846153844E-003   974.85693876000710        1.0000000000000000     
   3.8461538461538462E-004   5.7692307692307696E-003   974.87388214067312        1.0000000000000000     
   3.8461538461538462E-004   6.1538461538461538E-003   974.90221377932687        1.0000000000000000     
   3.8461538461538462E-004   6.5384615384615381E-003   974.94208147317022        1.0000000000000000     
   3.8461538461538462E-004   6.9230769230769233E-003   974.99370569182338        1.0000000000000000     
   3.8461538461538462E-004   7.3076923076923076E-003   975.05738475382520        1.0000000000000000     
   3.8461538461538462E-004   7.6923076923076927E-003   975.13349441814330        1.0000000000000000     
   3.8461538461538462E-004   8.0769230769230770E-003   975.22240188914236        1.0000000000000000     
   3.8461538461538462E-004   8.4615384615384613E-003   975.32456226057809        1.0000000000000000     
   3.8461538461538462E-004   8.8461538461538456E-003   975.44028030527727        1.0000000000000000     
   3.8461538461538462E-004   9.2307692307692299E-003   975.57034641737266        1.0000000000000000     
   3.8461538461538462E-004   9.6153846153846159E-003   975.71508026515573        1.0000000000000000     

   7.6923076923076923E-004   3.8461538461538462E-004   1097.5090371526558        1.0000000000000000     
   7.6923076923076923E-004   7.6923076923076923E-004   1097.2320631277512        1.0000000000000000     
   7.6923076923076923E-004   1.1538461538461537E-003   1096.9831432941767        1.0000000000000000     
   7.6923076923076923E-004   1.5384615384615385E-003   1096.7612729124041        1.0000000000000000     
   7.6923076923076923E-004   1.9230769230769232E-003   1096.5661252150201        1.0000000000000000     
   7.6923076923076923E-004   2.3076923076923075E-003   1096.3961505398909        1.0000000000000000     
   7.6923076923076923E-004   2.6923076923076922E-003   1096.2507958362351        1.0000000000000000     
   7.6923076923076923E-004   3.0769230769230769E-003   1096.1292514607167        1.0000000000000000     
   7.6923076923076923E-004   3.4615384615384616E-003   1096.0307652667179        1.0000000000000000     
   7.6923076923076923E-004   3.8461538461538464E-003   1095.9547377380436        1.0000000000000000     
   7.6923076923076923E-004   4.2307692307692307E-003   1095.9007252351551        1.0000000000000000     
   7.6923076923076923E-004   4.6153846153846149E-003   1095.8684299318224        1.0000000000000000     
   7.6923076923076923E-004   5.0000000000000001E-003   1095.8576829674441        1.0000000000000000     
   7.6923076923076923E-004   5.3846153846153844E-003   1095.8684299318229        1.0000000000000000     
   7.6923076923076923E-004   5.7692307692307696E-003   1095.9007252351553        1.0000000000000000     
   7.6923076923076923E-004   6.1538461538461538E-003   1095.9547377380445        1.0000000000000000     
   7.6923076923076923E-004   6.5384615384615381E-003   1096.0307652667188        1.0000000000000000     
   7.6923076923076923E-004   6.9230769230769233E-003   1096.1292514607171        1.0000000000000000     
   7.6923076923076923E-004   7.3076923076923076E-003   1096.2507958362357        1.0000000000000000     
   7.6923076923076923E-004   7.6923076923076927E-003   1096.3961505398916        1.0000000000000000     
   7.6923076923076923E-004   8.0769230769230770E-003   1096.5661252150210        1.0000000000000000     
   7.6923076923076923E-004   8.4615384615384613E-003   1096.7612729124046        1.0000000000000000     
   7.6923076923076923E-004   8.8461538461538456E-003   1096.9831432941769        1.0000000000000000     
   7.6923076923076923E-004   9.2307692307692299E-003   1097.2320631277516        1.0000000000000000     
   7.6923076923076923E-004   9.6153846153846159E-003   1097.5090371526558        1.0000000000000000     

   1.1538461538461537E-003   3.8461538461538462E-004   1211.7844719718539        1.0000000000000000     
   1.1538461538461537E-003   7.6923076923076923E-004   1211.3977344614946        1.0000000000000000     
   1.1538461538461537E-003   1.1538461538461537E-003   1211.0498864348669        1.0000000000000000     
   1.1538461538461537E-003   1.5384615384615385E-003   1210.7413106749416        1.0000000000000000     
   1.1538461538461537E-003   1.9230769230769232E-003   1210.4695563354921        1.0000000000000000     
   1.1538461538461537E-003   2.3076923076923075E-003   1210.2333007838502        1.0000000000000000     
   1.1538461538461537E-003   2.6923076923076922E-003   1210.0315211469049        1.0000000000000000     
   1.1538461538461537E-003   3.0769230769230769E-003   1209.8629727464163        1.0000000000000000     
   1.1538461538461537E-003   3.4615384615384616E-003   1209.7265215798413        1.0000000000000000     
   1.1538461538461537E-003   3.8461538461538464E-003   1209.6212614213555        1.0000000000000000     
   1.1538461538461537E-003   4.2307692307692307E-003   1209.5465203679710        1.0000000000000000     
   1.1538461538461537E-003   4.6153846153846149E-003   1209.5018463837671        1.0000000000000000     
   1.1538461538461537E-003   5.0000000000000001E-003   1209.4869826707950        1.0000000000000000     
   1.1538461538461537E-003   5.3846153846153844E-003   1209.5018463837666        1.0000000000000000     
   1.1538461538461537E-003   5.7692307692307696E-003   1209.5465203679712        1.0000000000000000     
   1.1538461538461537E-003   6.1538461538461538E-003   1209.6212614213566        1.0000000000000000     
   1.1538461538461537E-003   6.5384615384615381E-003   1209.7265215798425        1.0000000000000000     
   1.1538461538461537E-003   6.9230769230769233E-003   1209.8629727464172        1.0000000000000000     
   1.1538461538461537E-003   7.3076923076923076E-003   1210.0315211469060        1.0000000000000000     
   1.1538461538461537E-003   7.6923076923076927E-003   1210.2333007838513        1.0000000000000000     
   1.1538461538461537E-003   8.0769230769230770E-003   1210.4695563354931        1.0000000000000000     
   1.1538461538461537E-003   8.4615384615384613E-003   1210.7413106749420        1.0000000000000000     
   1.1538461538461537E-003   8.8461538461538456E-003   1211.0498864348669        1.0000000000000000     
   1.1538461538461537E-003   9.2307692307692299E-003   1211.3977344614948        1.0000000000000000     
   1.1538461538461537E-003   9.6153846153846159E-003   1211.7844719718537        1.0000000000000000     

   1.5384615384615385E-003   3.8461538461538462E-004   1315.5462678368556        1.0000000000000000     
   1.5384615384615385E-003   7.6923076923076923E-004   1315.0793983443511        1.0000000000000000     
   1.5384615384615385E-003   1.1538461538461537E-003   1314.6611486597321        1.0000000000000000     
   1.5384615384615385E-003   1.5384615384615385E-003   1314.2901323627400        1.0000000000000000     
   1.5384615384615385E-003   1.9230769230769232E-003   1313.9641470421586        1.0000000000000000     
   1.5384615384615385E-003   2.3076923076923075E-003   1313.6813545461575        1.0000000000000000     
   1.5384615384615385E-003   2.6923076923076922E-003   1313.4402844036078        1.0000000000000000     
   1.5384615384615385E-003   3.0769230769230769E-003   1313.2392487674376        1.0000000000000000     
   1.5384615384615385E-003   3.4615384615384616E-003   1313.0767240568582        1.0000000000000000     
   1.5384615384615385E-003   3.8461538461538464E-003   1312.9514898340951        1.0000000000000000     
   1.5384615384615385E-003   4.2307692307692307E-003   1312.8626391457030        1.0000000000000000     
   1.5384615384615385E-003   4.6153846153846149E-003   1312.8095602490573        1.0000000000000000     
   1.5384615384615385E-003   5.0000000000000001E-003   1312.7919047977143        1.0000000000000000     
   1.5384615384615385E-003   5.3846153846153844E-003   1312.8095602490562        1.0000000000000000     
   1.5384615384615385E-003   5.7692307692307696E-003   1312.8626391457026        1.0000000000000000     
   1.5384615384615385E-003   6.1538461538461538E-003   1312.9514898340963        1.0000000000000000     
   1.5384615384615385E-003   6.5384615384615381E-003   1313.0767240568598        1.0000000000000000     
   1.5384615384615385E-003   6.9230769230769233E-003   1313.2392487674399        1.0000000000000000     
   1.5384615384615385E-003   7.3076923076923076E-003   1313.4402844036088        1.0000000000000000     
   1.5384615384615385E-003   7.6923076923076927E-003   1313.6813545461587        1.0000000000000000     
   1.5384615384615385E-003   8.0769230769230770E-003   1313.9641470421589        1.0000000000000000     
   1.5384615384615385E-003   8.4615384615384613E-003   1314.2901323627398        1.0000000000000000     
   1.5384615384615385E-003   8.8461538461538456E-003   1314.6611486597319        1.0000000000000000     
   1.5384615384615385E-003   9.2307692307692299E-003   1315.0793983443518        1.0000000000000000     
   1.5384615384615385E-003   9.6153846153846159E-003   1315.5462678368556        1.0000000000000000     

   1.9230769230769232E-003   3.8461538461538462E-004   1406.6040032381559        1.0000000000000000     
   1.9230769230769232E-003   7.6923076923076923E-004   1406.0915238607386        1.0000000000000000     
   1.9230769230769232E-003   1.1538461538461537E-003   1405.6333188523920        1.0000000000000000     
   1.9230769230769232E-003   1.5384615384615385E-003   1405.2280779922819        1.0000000000000000     
   1.9230769230769232E-003   1.9230769230769232E-003   1404.8731050852837        1.0000000000000000     
   1.9230769230769232E-003   2.3076923076923075E-003   1404.5660838668173        1.0000000000000000     
   1.9230769230769232E-003   2.6923076923076922E-003   1404.3050836140360        1.0000000000000000     
   1.9230769230769232E-003   3.0769230769230769E-003   1404.0879631798939        1.0000000000000000     
   1.9230769230769232E-003   3.4615384615384616E-003   1403.9128003346993        1.0000000000000000     
   1.9230769230769232E-003   3.8461538461538464E-003   1403.7780520522310        1.0000000000000000     
   1.9230769230769232E-003   4.2307692307692307E-003   1403.6825690467708        1.0000000000000000     
   1.9230769230769232E-003   4.6153846153846149E-003   1403.6255741204548        1.0000000000000000     
   1.9230769230769232E-003   5.0000000000000001E-003   1403.6066236559886        1.0000000000000000     
   1.9230769230769232E-003   5.3846153846153844E-003   1403.6255741204548        1.0000000000000000     
   1.9230769230769232E-003   5.7692307692307696E-003   1403.6825690467713        1.0000000000000000     
   1.9230769230769232E-003   6.1538461538461538E-003   1403.7780520522319        1.0000000000000000     
   1.9230769230769232E-003   6.5384615384615381E-003   1403.9128003347012        1.0000000000000000     
   1.9230769230769232E-003   6.9230769230769233E-003   1404.0879631798953        1.0000000000000000     
   1.9230769230769232E-003   7.3076923076923076E-003   1404.3050836140376        1.0000000000000000     
   1.9230769230769232E-003   7.6923076923076927E-003   1404.5660838668177        1.0000000000000000     
   1.9230769230769232E-003   8.0769230769230770E-003   1404.8731050852846        1.0000000000000000     
   1.9230769230769232E-003   8.4615384615384613E-003   1405.2280779922826        1.0000000000000000     
   1.9230769230769232E-003   8.8461538461538456E-003   1405.6333188523924        1.0000000000000000     
   1.9230769230769232E-003   9.2307692307692299E-003   1406.0915238607402        1.0000000000000000     
   1.9230769230769232E-003   9.6153846153846159E-003   1406.6040032381568        1.0000000000000000     

   2.3076923076923075E-003   3.8461538461538462E-004   1483.6766473865800        1.0000000000000000     
   2.3076923076923075E-003   7.6923076923076923E-004   1483.1523307512016        1.0000000000000000     
   2.3076923076923075E-003   1.1538461538461537E-003   1482.6853687393450        1.0000000000000000     
   2.3076923076923075E-003   1.5384615384615385E-003   1482.2741381412659        1.0000000000000000     
   2.3076923076923075E-003   1.9230769230769232E-003   1481.9154813111052        1.0000000000000000     
   2.3076923076923075E-003   2.3076923076923075E-003   1481.6065947403747        1.0000000000000000     
   2.3076923076923075E-003   2.6923076923076922E-003   1481.3450720248984        1.0000000000000000     
   2.3076923076923075E-003   3.0769230769230769E-003   1481.1283073453910        1.0000000000000000     
   2.3076923076923075E-003   3.4615384615384616E-003   1480.9539706651981        1.0000000000000000     
   2.3076923076923075E-003   3.8461538461538464E-003   1480.8201887680887        1.0000000000000000     
   2.3076923076923075E-003   4.2307692307692307E-003   1480.7255639976165        1.0000000000000000     
   2.3076923076923075E-003   4.6153846153846149E-003   1480.6691492326795        1.0000000000000000     
   2.3076923076923075E-003   5.0000000000000001E-003   1480.6504028020966        1.0000000000000000     
   2.3076923076923075E-003   5.3846153846153844E-003   1480.6691492326797        1.0000000000000000     
   2.3076923076923075E-003   5.7692307692307696E-003   1480.7255639976172        1.0000000000000000     
   2.3076923076923075E-003   6.1538461538461538E-003   1480.8201887680902        1.0000000000000000     
   2.3076923076923075E-003   6.5384615384615381E-003   1480.9539706651999        1.0000000000000000     
   2.3076923076923075E-003   6.9230769230769233E-003   1481.1283073453924        1.0000000000000000     
   2.3076923076923075E-003   7.3076923076923076E-003   1481.3450720248989        1.0000000000000000     
   2.3076923076923075E-003   7.6923076923076927E-003   1481.6065947403756        1.0000000000000000     
   2.3076923076923075E-003   8.0769230769230770E-003   1481.9154813111054        1.0000000000000000     
   2.3076923076923075E-003   8.4615384615384613E-003   1482.2741381412666        1.0000000000000000     
   2.3076923076923075E-003   8.8461538461538456E-003   1482.6853687393464        1.0000000000000000     
   2.3076923076923075E-003   9.2307692307692299E-003   1483.1523307512023        1.0000000000000000     
   2.3076923076923075E-003   9.6153846153846159E-003   1483.6766473865816        1.0000000000000000     

   2.6923076923076922E-003   3.8461538461538462E-004   1546.3928701925170        1.0000000000000000     
   2.6923076923076922E-003   7.6923076923076923E-004   1545.8874942491386        1.0000000000000000     
   2.6923076923076922E-003   1.1538461538461537E-003   1545.4399110539455        1.0000000000000000     
   2.6923076923076922E-003   1.5384615384615385E-003   1545.0481894496565        1.0000000000000000     
   2.6923076923076922E-003   1.9230769230769232E-003   1544.7087050690211        1.0000000000000000     
   2.6923076923076922E-003   2.3076923076923075E-003   1544.4181538086202        1.0000000000000000     
   2.6923076923076922E-003   2.6923076923076922E-003   1544.1736359194635        1.0000000000000000     
   2.6923076923076922E-003   3.0769230769230769E-003   1543.9720693920988        1.0000000000000000     
   2.6923076923076922E-003   3.4615384615384616E-003   1543.8107088752720        1.0000000000000000     
   2.6923076923076922E-003   3.8461538461538464E-003   1543.6873462694712        1.0000000000000000     
   2.6923076923076922E-003   4.2307692307692307E-003   1543.6003329600946        1.0000000000000000     
   2.6923076923076922E-003   4.6153846153846149E-003   1543.5485506396549        1.0000000000000000     
   2.6923076923076922E-003   5.0000000000000001E-003   1543.5313590511457        1.0000000000000000     
   2.6923076923076922E-003   5.3846153846153844E-003   1543.5485506396553        1.0000000000000000     
   2.6923076923076922E-003   5.7692307692307696E-003   1543.6003329600960        1.0000000000000000     
   2.6923076923076922E-003   6.1538461538461538E-003   1543.6873462694725        1.0000000000000000     
   2.6923076923076922E-003   6.5384615384615381E-003   1543.8107088752747        1.0000000000000000     
   2.6923076923076922E-003   6.9230769230769233E-003   1543.9720693920997        1.0000000000000000     
   2.6923076923076922E-003   7.3076923076923076E-003   1544.1736359194640        1.0000000000000000     
   2.6923076923076922E-003   7.6923076923076927E-003   1544.4181538086209        1.0000000000000000     
   2.6923076923076922E-003   8.0769230769230770E-003   1544.7087050690220        1.0000000000000000     
   2.6923076923076922E-003   8.4615384615384613E-003   1545.0481894496584        1.0000000000000000     
   2.6923076923076922E-003   8.8461538461538456E-003   1545.4399110539462        1.0000000000000000     
   2.6923076923076922E-003   9.2307692307692299E-003   1545.8874942491393        1.0000000000000000     
   2.6923076923076922E-003   9.6153846153846159E-003   1546.3928701925186        1.0000000000000000     

   3.0769230769230769E-003   3.8461538461538462E-004   1595.2021637668629        1.0000000000000000     
   3.0769230769230769E-003   7.6923076923076923E-004   1594.7406940614496        1.0000000000000000     
   3.0769230769230769E-003   1.1538461538461537E-003   1594.3353432190574        1.0000000000000000     
   3.0769230769230769E-003   1.5384615384615385E-003   1593.9838520163648        1.0000000000000000     
   3.0769230769230769E-003   1.9230769230769232E-003   1593.6821168382824        1.0000000000000000     
   3.0769230769230769E-003   2.3076923076923075E-003   1593.4263153987627        1.0000000000000000     
   3.0769230769230769E-003   2.6923076923076922E-003   1593.2130357427181        1.0000000000000000     
   3.0769230769230769E-003   3.0769230769230769E-003   1593.0387095977133        1.0000000000000000     
   3.0769230769230769E-003   3.4615384615384616E-003   1592.9001725417290        1.0000000000000000     
   3.0769230769230769E-003   3.8461538461538464E-003   1592.7948822415567        1.0000000000000000     
   3.0769230769230769E-003   4.2307692307692307E-003   1592.7209424337552        1.0000000000000000     
   3.0769230769230769E-003   4.6153846153846149E-003   1592.6770676651981        1.0000000000000000     
   3.0769230769230769E-003   5.0000000000000001E-003   1592.6625222315704        1.0000000000000000     
   3.0769230769230769E-003   5.3846153846153844E-003   1592.6770676651993        1.0000000000000000     
   3.0769230769230769E-003   5.7692307692307696E-003   1592.7209424337577        1.0000000000000000     
   3.0769230769230769E-003   6.1538461538461538E-003   1592.7948822415588        1.0000000000000000     
   3.0769230769230769E-003   6.5384615384615381E-003   1592.9001725417311        1.0000000000000000     
   3.0769230769230769E-003   6.9230769230769233E-003   1593.0387095977148        1.0000000000000000     
   3.0769230769230769E-003   7.3076923076923076E-003   1593.2130357427181        1.0000000000000000     
   3.0769230769230769E-003   7.6923076923076927E-003   1593.4263153987640        1.0000000000000000     
   3.0769230769230769E-003   8.0769230769230770E-003   1593.6821168382839        1.0000000000000000     
   3.0769230769230769E-003   8.4615384615384613E-003   1593.9838520163662        1.0000000000000000     
   3.0769230769230769E-003   8.8461538461538456E-003   1594.3353432190586        1.0000000000000000     
   3.0769230769230769E-003   9.2307692307692299E-003   1594.7406940614501        1.0000000000000000     
   3.0769230769230769E-003   9.6153846153846159E-003   1595.2021637668640        1.0000000000000000     

   3.4615384615384616E-003   3.8461538461538462E-004   1631.2198452089135        1.0000000000000000     
   3.4615384615384616E-003   7.6923076923076923E-004   1630.8201747908829        1.0000000000000000     
   3.4615384615384616E-003   1.1538461538461537E-003   1630.4734493067353        1.0000000000000000     
   3.4615384615384616E-003   1.5384615384615385E-003   1630.1770573299411        1.0000000000000000     
   3.4615384615384616E-003   1.9230769230769232E-003   1629.9263983888957        1.0000000000000000     
   3.4615384615384616E-003   2.3076923076923075E-003   1629.7171115873712        1.0000000000000000     
   3.4615384615384616E-003   2.6923076923076922E-003   1629.5452544785512        1.0000000000000000     
   3.4615384615384616E-003   3.0769230769230769E-003   1629.4067658574920        1.0000000000000000     
   3.4615384615384616E-003   3.4615384615384616E-003   1629.2980644753884        1.0000000000000000     
   3.4615384615384616E-003   3.8461538461538464E-003   1629.2162821660829        1.0000000000000000     
   3.4615384615384616E-003   4.2307692307692307E-003   1629.1592865399009        1.0000000000000000     
   3.4615384615384616E-003   4.6153846153846149E-003   1629.1256362824313        1.0000000000000000     
   3.4615384615384616E-003   5.0000000000000001E-003   1629.1145083452791        1.0000000000000000     
   3.4615384615384616E-003   5.3846153846153844E-003   1629.1256362824317        1.0000000000000000     
   3.4615384615384616E-003   5.7692307692307696E-003   1629.1592865399025        1.0000000000000000     
   3.4615384615384616E-003   6.1538461538461538E-003   1629.2162821660854        1.0000000000000000     
   3.4615384615384616E-003   6.5384615384615381E-003   1629.2980644753914        1.0000000000000000     
   3.4615384615384616E-003   6.9230769230769233E-003   1629.4067658574952        1.0000000000000000     
   3.4615384615384616E-003   7.3076923076923076E-003   1629.5452544785535        1.0000000000000000     
   3.4615384615384616E-003   7.6923076923076927E-003   1629.7171115873743        1.0000000000000000     
   3.4615384615384616E-003   8.0769230769230770E-003   1629.9263983888986        1.0000000000000000     
   3.4615384615384616E-003   8.4615384615384613E-003   1630.1770573299432        1.0000000000000000     
   3.4615384615384616E-003   8.8461538461538456E-003   1630.4734493067360        1.0000000000000000     
   3.4615384615384616E-003   9.2307692307692299E-003   1630.8201747908829        1.0000000000000000     
   3.4615384615384616E-003   9.6153846153846159E-003   1631.2198452089140        1.0000000000000000     

   3.8461538461538464E-003   3.8461538461538462E-004   1656.0380778633637        1.0000000000000000     
   3.8461538461538464E-003   7.6923076923076923E-004   1655.7109351995548        1.0000000000000000     
   3.8461538461538464E-003   1.1538461538461537E-003   1655.4326742228625        1.0000000000000000     
   3.8461538461538464E-003   1.5384615384615385E-003   1655.2003044323797        1.0000000000000000     
   3.8461538461538464E-003   1.9230769230769232E-003   1655.0087074434032        1.0000000000000000     
   3.8461538461538464E-003   2.3076923076923075E-003   1654.8529623815748        1.0000000000000000     
   3.8461538461538464E-003   2.6923076923076922E-003   1654.7285807094561        1.0000000000000000     
   3.8461538461538464E-003   3.0769230769230769E-003   1654.6310071035211        1.0000000000000000     
   3.8461538461538464E-003   3.4615384615384616E-003   1654.5562538146612        1.0000000000000000     
   3.8461538461538464E-003   3.8461538461538464E-003   1654.5011449972994        1.0000000000000000     
   3.8461538461538464E-003   4.2307692307692307E-003   1654.4633336574500        1.0000000000000000     
   3.8461538461538464E-003   4.6153846153846149E-003   1654.4412425730936        1.0000000000000000     
   3.8461538461538464E-003   5.0000000000000001E-003   1654.4339753458451        1.0000000000000000     
   3.8461538461538464E-003   5.3846153846153844E-003   1654.4412425730929        1.0000000000000000     
   3.8461538461538464E-003   5.7692307692307696E-003   1654.4633336574511        1.0000000000000000     
   3.8461538461538464E-003   6.1538461538461538E-003   1654.5011449973008        1.0000000000000000     
   3.8461538461538464E-003   6.5384615384615381E-003   1654.5562538146642        1.0000000000000000     
   3.8461538461538464E-003   6.9230769230769233E-003   1654.6310071035248        1.0000000000000000     
   3.8461538461538464E-003   7.3076923076923076E-003   1654.7285807094593        1.0000000000000000     
   3.8461538461538464E-003   7.6923076923076927E-003   1654.8529623815778        1.0000000000000000     
   3.8461538461538464E-003   8.0769230769230770E-003   1655.0087074434052        1.0000000000000000     
   3.8461538461538464E-003   8.4615384615384613E-003   1655.2003044323806        1.0000000000000000     
   3.8461538461538464E-003   8.8461538461538456E-003   1655.4326742228634        1.0000000000000000     
   3.8461538461538464E-003   9.2307692307692299E-003   1655.7109351995548        1.0000000000000000     
   3.8461538461538464E-003   9.6153846153846159E-003   1656.0380778633637        1.0000000000000000     

   4.2307692307692307E-003   3.8461538461538462E-004   1671.5344831738528        1.0000000000000000     
   4.2307692307692307E-003   7.6923076923076923E-004   1671.2843426528675        1.0000000000000000     
   4.2307692307692307E-003   1.1538461538461537E-003   1671.0786544883988        1.0000000000000000     
   4.2307692307692307E-003   1.5384615384615385E-003   1670.9140207190489        1.0000000000000000     
   4.2307692307692307E-003   1.9230769230769232E-003   1670.7847822410026        1.0000000000000000     
   4.2307692307692307E-003   2.3076923076923075E-003   1670.6854379810782        1.0000000000000000     
   4.2307692307692307E-003   2.6923076923076922E-003   1670.6109425462737        1.0000000000000000     
   4.2307692307692307E-003   3.0769230769230769E-003   1670.5562526978774        1.0000000000000000     
   4.2307692307692307E-003   3.4615384615384616E-003   1670.5169942118689        1.0000000000000000     
   4.2307692307692307E-003   3.8461538461538464E-003   1670.4897127607931        1.0000000000000000     
   4.2307692307692307E-003   4.2307692307692307E-003   1670.4718792393674        1.0000000000000000     
   4.2307692307692307E-003   4.6153846153846149E-003   1670.4618098220608        1.0000000000000000     
   4.2307692307692307E-003   5.0000000000000001E-003   1670.4585550540057        1.0000000000000000     
   4.2307692307692307E-003   5.3846153846153844E-003   1670.4618098220610        1.0000000000000000     
   4.2307692307692307E-003   5.7692307692307696E-003   1670.4718792393685        1.0000000000000000     
   4.2307692307692307E-003   6.1538461538461538E-003   1670.4897127607946        1.0000000000000000     
   4.2307692307692307E-003   6.5384615384615381E-003   1670.5169942118714        1.0000000000000000     
   4.2307692307692307E-003   6.9230769230769233E-003   1670.5562526978797        1.0000000000000000     
   4.2307692307692307E-003   7.3076923076923076E-003   1670.6109425462760        1.0000000000000000     
   4.2307692307692307E-003   7.6923076923076927E-003   1670.6854379810811        1.0000000000000000     
   4.2307692307692307E-003   8.0769230769230770E-003   1670.7847822410047        1.0000000000000000     
   4.2307692307692307E-003   8.4615384615384613E-003   1670.9140207190503        1.0000000000000000     
   4.2307692307692307E-003   8.8461538461538456E-003   1671.0786544883999        1.0000000000000000     
   4.2307692307692307E-003   9.2307692307692299E-003   1671.2843426528668        1.0000000000000000     
   4.2307692307692307E-003   9.6153846153846159E-003   1671.5344831738525        1.0000000000000000     

   4.6153846153846149E-003   3.8461538461538462E-004   1679.7053193246386        1.0000000000000000     
   4.6153846153846149E-003   7.6923076923076923E-004   1679.5319717064797        1.0000000000000000     
   4.6153846153846149E-003   1.1538461538461537E-003   1679.3986614369223        1.0000000000000000     
   4.6153846153846149E-003   1.5384615384615385E-003   1679.3015545204862        1.0000000000000000     
   4.6153846153846149E-003   1.9230769230769232E-003   1679.2344281064238        1.0000000000000000     
   4.6153846153846149E-003   2.3076923076923075E-003   1679.1911836317263        1.0000000000000000     
   4.6153846153846149E-003   2.6923076923076922E-003   1679.1662146065353        1.0000000000000000     
   4.6153846153846149E-003   3.0769230769230769E-003   1679.1540048090264        1.0000000000000000     
   4.6153846153846149E-003   3.4615384615384616E-003   1679.1498241519569        1.0000000000000000     
   4.6153846153846149E-003   3.8461538461538464E-003   1679.1499805101917        1.0000000000000000     
   4.6153846153846149E-003   4.2307692307692307E-003   1679.1518062516611        1.0000000000000000     
   4.6153846153846149E-003   4.6153846153846149E-003   1679.1535495640558        1.0000000000000000     
   4.6153846153846149E-003   5.0000000000000001E-003   1679.1542344620905        1.0000000000000000     
   4.6153846153846149E-003   5.3846153846153844E-003   1679.1535495640567        1.0000000000000000     
   4.6153846153846149E-003   5.7692307692307696E-003   1679.1518062516623        1.0000000000000000     
   4.6153846153846149E-003   6.1538461538461538E-003   1679.1499805101932        1.0000000000000000     
   4.6153846153846149E-003   6.5384615384615381E-003   1679.1498241519594        1.0000000000000000     
   4.6153846153846149E-003   6.9230769230769233E-003   1679.1540048090292        1.0000000000000000     
   4.6153846153846149E-003   7.3076923076923076E-003   1679.1662146065378        1.0000000000000000     
   4.6153846153846149E-003   7.6923076923076927E-003   1679.1911836317288        1.0000000000000000     
   4.6153846153846149E-003   8.0769230769230770E-003   1679.2344281064268        1.0000000000000000     
   4.6153846153846149E-003   8.4615384615384613E-003   1679.3015545204876        1.0000000000000000     
   4.6153846153846149E-003   8.8461538461538456E-003   1679.3986614369230        1.0000000000000000     
   4.6153846153846149E-003   9.2307692307692299E-003   1679.5319717064792        1.0000000000000000     
   4.6153846153846149E-003   9.6153846153846159E-003   1679.7053193246381        1.0000000000000000     

   5.0000000000000001E-003   3.8461538461538462E-004   1682.5408575296160        1.0000000000000000     
   5.0000000000000001E-003   7.6923076923076923E-004   1682.4411884928159        1.0000000000000000     
   5.0000000000000001E-003   1.1538461538461537E-003   1682.3773814159781        1.0000000000000000     
   5.0000000000000001E-003   1.5384615384615385E-003   1682.3451378828252        1.0000000000000000     
   5.0000000000000001E-003   1.9230769230769232E-003   1682.3376482566839        1.0000000000000000     
   5.0000000000000001E-003   2.3076923076923075E-003   1682.3482024390130        1.0000000000000000     
   5.0000000000000001E-003   2.6923076923076922E-003   1682.3706353947134        1.0000000000000000     
   5.0000000000000001E-003   3.0769230769230769E-003   1682.3989816850451        1.0000000000000000     
   5.0000000000000001E-003   3.4615384615384616E-003   1682.4281963944757        1.0000000000000000     
   5.0000000000000001E-003   3.8461538461538464E-003   1682.4544013607986        1.0000000000000000     
   5.0000000000000001E-003   4.2307692307692307E-003   1682.4748445909947        1.0000000000000000     
   5.0000000000000001E-003   4.6153846153846149E-003   1682.4877537718023        1.0000000000000000     
   5.0000000000000001E-003   5.0000000000000001E-003   1682.4921588669636        1.0000000000000000     
   5.0000000000000001E-003   5.3846153846153844E-003   1682.4877537718023        1.0000000000000000     
   5.0000000000000001E-003   5.7692307692307696E-003   1682.4748445909970        1.0000000000000000     
   5.0000000000000001E-003   6.1538461538461538E-003   1682.4544013608011        1.0000000000000000     
   5.0000000000000001E-003   6.5384615384615381E-003   1682.4281963944775        1.0000000000000000     
   5.0000000000000001E-003   6.9230769230769233E-003   1682.3989816850483        1.0000000000000000     
   5.0000000000000001E-003   7.3076923076923076E-003   1682.3706353947157        1.0000000000000000     
   5.0000000000000001E-003   7.6923076923076927E-003   1682.3482024390159        1.0000000000000000     
   5.0000000000000001E-003   8.0769230769230770E-003   1682.3376482566855        1.0000000000000000     
   5.0000000000000001E-003   8.4615384615384613E-003   1682.3451378828270        1.0000000000000000     
   5.0000000000000001E-003   8.8461538461538456E-003   1682.3773814159795        1.0000000000000000     
   5.0000000000000001E-003   9.2307692307692299E-003   1682.4411884928159        1.0000000000000000     
   5.0000000000000001E-003   9.6153846153846159E-003   1682.5408575296156        1.0000000000000000     

   5.3846153846153844E-003   3.8461538461538462E-004   1681.9483704021627        1.0000000000000000     
   5.3846153846153844E-003   7.6923076923076923E-004   1681.9178365269752        1.0000000000000000     
   5.3846153846153844E-003   1.1538461538461537E-003   1681.9193374686363        1.0000000000000000     
   5.3846153846153844E-003   1.5384615384615385E-003   1681.9480798919649        1.0000000000000000     
   5.3846153846153844E-003   1.9230769230769232E-003   1681.9966412496199        1.0000000000000000     
   5.3846153846153844E-003   2.3076923076923075E-003   1682.0576860363294        1.0000000000000000     
   5.3846153846153844E-003   2.6923076923076922E-003   1682.1244972797374        1.0000000000000000     
   5.3846153846153844E-003   3.0769230769230769E-003   1682.1906906886109        1.0000000000000000     
   5.3846153846153844E-003   3.4615384615384616E-003   1682.2509562060304        1.0000000000000000     
   5.3846153846153844E-003   3.8461538461538464E-003   1682.3012911521860        1.0000000000000000     
   5.3846153846153844E-003   4.2307692307692307E-003   1682.3389230814532        1.0000000000000000     
   5.3846153846153844E-003   4.6153846153846149E-003   1682.3621151352881        1.0000000000000000     
   5.3846153846153844E-003   5.0000000000000001E-003   1682.3699415488609        1.0000000000000000     
   5.3846153846153844E-003   5.3846153846153844E-003   1682.3621151352888        1.0000000000000000     
   5.3846153846153844E-003   5.7692307692307696E-003   1682.3389230814551        1.0000000000000000     
   5.3846153846153844E-003   6.1538461538461538E-003   1682.3012911521887        1.0000000000000000     
   5.3846153846153844E-003   6.5384615384615381E-003   1682.2509562060329        1.0000000000000000     
   5.3846153846153844E-003   6.9230769230769233E-003   1682.1906906886140        1.0000000000000000     
   5.3846153846153844E-003   7.3076923076923076E-003   1682.1244972797404        1.0000000000000000     
   5.3846153846153844E-003   7.6923076923076927E-003   1682.0576860363310        1.0000000000000000     
   5.3846153846153844E-003   8.0769230769230770E-003   1681.9966412496219        1.0000000000000000     
   5.3846153846153844E-003   8.4615384615384613E-003   1681.9480798919665        1.0000000000000000     
   5.3846153846153844E-003   8.8461538461538456E-003   1681.9193374686374        1.0000000000000000     
   5.3846153846153844E-003   9.2307692307692299E-003   1681.9178365269759        1.0000000000000000     
   5.3846153846153844E-003   9.6153846153846159E-003   1681.9483704021641        1.0000000000000000     

   5.7692307692307696E-003   3.8461538461538462E-004   1679.7142922424150        1.0000000000000000     
   5.7692307692307696E-003   7.6923076923076923E-004   1679.7475953987009        1.0000000000000000     
   5.7692307692307696E-003   1.1538461538461537E-003   1679.8095362916220        1.0000000000000000     
   5.7692307692307696E-003   1.5384615384615385E-003   1679.8947870741229        1.0000000000000000     
   5.7692307692307696E-003   1.9230769230769232E-003   1679.9952744104653        1.0000000000000000     
   5.7692307692307696E-003   2.3076923076923075E-003   1680.1030149458345        1.0000000000000000     
   5.7692307692307696E-003   2.6923076923076922E-003   1680.2107427235035        1.0000000000000000     
   5.7692307692307696E-003   3.0769230769230769E-003   1680.3116855028597        1.0000000000000000     
   5.7692307692307696E-003   3.4615384615384616E-003   1680.4003221402645        1.0000000000000000     
   5.7692307692307696E-003   3.8461538461538464E-003   1680.4725941310776        1.0000000000000000     
   5.7692307692307696E-003   4.2307692307692307E-003   1680.5257811034464        1.0000000000000000     
   5.7692307692307696E-003   4.6153846153846149E-003   1680.5582459710160        1.0000000000000000     
   5.7692307692307696E-003   5.0000000000000001E-003   1680.5691517124767        1.0000000000000000     
   5.7692307692307696E-003   5.3846153846153844E-003   1680.5582459710172        1.0000000000000000     
   5.7692307692307696E-003   5.7692307692307696E-003   1680.5257811034483        1.0000000000000000     
   5.7692307692307696E-003   6.1538461538461538E-003   1680.4725941310789        1.0000000000000000     
   5.7692307692307696E-003   6.5384615384615381E-003   1680.4003221402659        1.0000000000000000     
   5.7692307692307696E-003   6.9230769230769233E-003   1680.3116855028627        1.0000000000000000     
   5.7692307692307696E-003   7.3076923076923076E-003   1680.2107427235064        1.0000000000000000     
   5.7692307692307696E-003   7.6923076923076927E-003   1680.1030149458370        1.0000000000000000     
   5.7692307692307696E-003   8.0769230769230770E-003   1679.9952744104673        1.0000000000000000     
   5.7692307692307696E-003   8.4615384615384613E-003   1679.8947870741240        1.0000000000000000     
   5.7692307692307696E-003   8.8461538461538456E-003   1679.8095362916222        1.0000000000000000     
   5.7692307692307696E-003   9.2307692307692299E-003   1679.7475953987014        1.0000000000000000     
   5.7692307692307696E-003   9.6153846153846159E-003   1679.7142922424166        1.0000000000000000     

   6.1538461538461538E-003   3.8461538461538462E-004   1677.4835194243537        1.0000000000000000     
   6.1538461538461538E-003   7.6923076923076923E-004   1677.5741207697490        1.0000000000000000     
   6.1538461538461538E-003   1.1538461538461537E-003   1677.6905750531253        1.0000000000000000     
   6.1538461538461538E-003   1.5384615384615385E-003   1677.8269582168002        1.0000000000000000     
   6.1538461538461538E-003   1.9230769230769232E-003   1677.9744808322887        1.0000000000000000     
   6.1538461538461538E-003   2.3076923076923075E-003   1678.1244647987976        1.0000000000000000     
   6.1538461538461538E-003   2.6923076923076922E-003   1678.2690803860489        1.0000000000000000     
   6.1538461538461538E-003   3.0769230769230769E-003   1678.4011877131277        1.0000000000000000     
   6.1538461538461538E-003   3.4615384615384616E-003   1678.5151051555367        1.0000000000000000     
   6.1538461538461538E-003   3.8461538461538464E-003   1678.6067896313734        1.0000000000000000     
   6.1538461538461538E-003   4.2307692307692307E-003   1678.6736520398426        1.0000000000000000     
   6.1538461538461538E-003   4.6153846153846149E-003   1678.7142275757021        1.0000000000000000     
   6.1538461538461538E-003   5.0000000000000001E-003   1678.7278191038567        1.0000000000000000     
   6.1538461538461538E-003   5.3846153846153844E-003   1678.7142275757021        1.0000000000000000     
   6.1538461538461538E-003   5.7692307692307696E-003   1678.6736520398431        1.0000000000000000     
   6.1538461538461538E-003   6.1538461538461538E-003   1678.6067896313746        1.0000000000000000     
   6.1538461538461538E-003   6.5384615384615381E-003   1678.5151051555381        1.0000000000000000     
   6.1538461538461538E-003   6.9230769230769233E-003   1678.4011877131286        1.0000000000000000     
   6.1538461538461538E-003   7.3076923076923076E-003   1678.2690803860505        1.0000000000000000     
   6.1538461538461538E-003   7.6923076923076927E-003   1678.1244647987990        1.0000000000000000     
   6.1538461538461538E-003   8.0769230769230770E-003   1677.9744808322907        1.0000000000000000     
   6.1538461538461538E-003   8.4615384615384613E-003   1677.8269582168018        1.0000000000000000     
   6.1538461538461538E-003   8.8461538461538456E-003   1677.6905750531262        1.0000000000000000     
   6.1538461538461538E-003   9.2307692307692299E-003   1677.5741207697492        1.0000000000000000     
   6.1538461538461538E-003   9.6153846153846159E-003   1677.4835194243542        1.0000000000000000     

   6.5384615384615381E-003   3.8461538461538462E-004   1676.7240324753259        1.0000000000000000     
   6.5384615384615381E-003   7.6923076923076923E-004   1676.8624935874129        1.0000000000000000     
   6.5384615384615381E-003   1.1538461538461537E-003   1677.0250430559647        1.0000000000000000     
   6.5384615384615381E-003   1.5384615384615385E-003   1677.2050588225736        1.0000000000000000     
   6.5384615384615381E-003   1.9230769230769232E-003   1677.3929215251010        1.0000000000000000     
   6.5384615384615381E-003   2.3076923076923075E-003   1677.5791654044297        1.0000000000000000     
   6.5384615384615381E-003   2.6923076923076922E-003   1677.7553449245704        1.0000000000000000     
   6.5384615384615381E-003   3.0769230769230769E-003   1677.9139463983327        1.0000000000000000     
   6.5384615384615381E-003   3.4615384615384616E-003   1678.0491632286323        1.0000000000000000     
   6.5384615384615381E-003   3.8461538461538464E-003   1678.1570341033519        1.0000000000000000     
   6.5384615384615381E-003   4.2307692307692307E-003   1678.2351831854364        1.0000000000000000     
   6.5384615384615381E-003   4.6153846153846149E-003   1678.2823972859396        1.0000000000000000     
   6.5384615384615381E-003   5.0000000000000001E-003   1678.2981768530092        1.0000000000000000     
   6.5384615384615381E-003   5.3846153846153844E-003   1678.2823972859396        1.0000000000000000     
   6.5384615384615381E-003   5.7692307692307696E-003   1678.2351831854376        1.0000000000000000     
   6.5384615384615381E-003   6.1538461538461538E-003   1678.1570341033528        1.0000000000000000     
   6.5384615384615381E-003   6.5384615384615381E-003   1678.0491632286344        1.0000000000000000     
   6.5384615384615381E-003   6.9230769230769233E-003   1677.9139463983336        1.0000000000000000     
   6.5384615384615381E-003   7.3076923076923076E-003   1677.7553449245715        1.0000000000000000     
   6.5384615384615381E-003   7.6923076923076927E-003   1677.5791654044313        1.0000000000000000     
   6.5384615384615381E-003   8.0769230769230770E-003   1677.3929215251021        1.0000000000000000     
   6.5384615384615381E-003   8.4615384615384613E-003   1677.2050588225750        1.0000000000000000     
   6.5384615384615381E-003   8.8461538461538456E-003   1677.0250430559663        1.0000000000000000     
   6.5384615384615381E-003   9.2307692307692299E-003   1676.8624935874143        1.0000000000000000     
   6.5384615384615381E-003   9.6153846153846159E-003   1676.7240324753268        1.0000000000000000     

   6.9230769230769233E-003   3.8461538461538462E-004   1678.6447641571810        1.0000000000000000     
   6.9230769230769233E-003   7.6923076923076923E-004   1678.8164784345131        1.0000000000000000     
   6.9230769230769233E-003   1.1538461538461537E-003   1679.0122254754287        1.0000000000000000     
   6.9230769230769233E-003   1.5384615384615385E-003   1679.2245258288463        1.0000000000000000     
   6.9230769230769233E-003   1.9230769230769232E-003   1679.4427481358023        1.0000000000000000     
   6.9230769230769233E-003   2.3076923076923075E-003   1679.6564795032384        1.0000000000000000     
   6.9230769230769233E-003   2.6923076923076922E-003   1679.8565498316764        1.0000000000000000     
   6.9230769230769233E-003   3.0769230769230769E-003   1680.0350220204309        1.0000000000000000     
   6.9230769230769233E-003   3.4615384615384616E-003   1680.1859712059149        1.0000000000000000     
   6.9230769230769233E-003   3.8461538461538464E-003   1680.3055691087886        1.0000000000000000     
   6.9230769230769233E-003   4.2307692307692307E-003   1680.3917310654235        1.0000000000000000     
   6.9230769230769233E-003   4.6153846153846149E-003   1680.4435775248326        1.0000000000000000     
   6.9230769230769233E-003   5.0000000000000001E-003   1680.4608686707627        1.0000000000000000     
   6.9230769230769233E-003   5.3846153846153844E-003   1680.4435775248326        1.0000000000000000     
   6.9230769230769233E-003   5.7692307692307696E-003   1680.3917310654238        1.0000000000000000     
   6.9230769230769233E-003   6.1538461538461538E-003   1680.3055691087902        1.0000000000000000     
   6.9230769230769233E-003   6.5384615384615381E-003   1680.1859712059165        1.0000000000000000     
   6.9230769230769233E-003   6.9230769230769233E-003   1680.0350220204321        1.0000000000000000     
   6.9230769230769233E-003   7.3076923076923076E-003   1679.8565498316768        1.0000000000000000     
   6.9230769230769233E-003   7.6923076923076927E-003   1679.6564795032398        1.0000000000000000     
   6.9230769230769233E-003   8.0769230769230770E-003   1679.4427481358034        1.0000000000000000     
   6.9230769230769233E-003   8.4615384615384613E-003   1679.2245258288474        1.0000000000000000     
   6.9230769230769233E-003   8.8461538461538456E-003   1679.0122254754301        1.0000000000000000     
   6.9230769230769233E-003   9.2307692307692299E-003   1678.8164784345145        1.0000000000000000     
   6.9230769230769233E-003   9.6153846153846159E-003   1678.6447641571820        1.0000000000000000     

   7.3076923076923076E-003   3.8461538461538462E-004   1684.0503096524694        1.0000000000000000     
   7.3076923076923076E-003   7.6923076923076923E-004   1684.2338515660579        1.0000000000000000     
   7.3076923076923076E-003   1.1538461538461537E-003   1684.4439531489738        1.0000000000000000     
   7.3076923076923076E-003   1.5384615384615385E-003   1684.6720543395202        1.0000000000000000     
   7.3076923076923076E-003   1.9230769230769232E-003   1684.9062562718741        1.0000000000000000     
   7.3076923076923076E-003   2.3076923076923075E-003   1685.1349661149416        1.0000000000000000     
   7.3076923076923076E-003   2.6923076923076922E-003   1685.3481150738630        1.0000000000000000     
   7.3076923076923076E-003   3.0769230769230769E-003   1685.5372395596851        1.0000000000000000     
   7.3076923076923076E-003   3.4615384615384616E-003   1685.6962635522164        1.0000000000000000     
   7.3076923076923076E-003   3.8461538461538464E-003   1685.8215172337677        1.0000000000000000     
   7.3076923076923076E-003   4.2307692307692307E-003   1685.9112710930920        1.0000000000000000     
   7.3076923076923076E-003   4.6153846153846149E-003   1685.9650558853166        1.0000000000000000     
   7.3076923076923076E-003   5.0000000000000001E-003   1685.9829528204884        1.0000000000000000     
   7.3076923076923076E-003   5.3846153846153844E-003   1685.9650558853166        1.0000000000000000     
   7.3076923076923076E-003   5.7692307692307696E-003   1685.9112710930935        1.0000000000000000     
   7.3076923076923076E-003   6.1538461538461538E-003   1685.8215172337684        1.0000000000000000     
   7.3076923076923076E-003   6.5384615384615381E-003   1685.6962635522182        1.0000000000000000     
   7.3076923076923076E-003   6.9230769230769233E-003   1685.5372395596871        1.0000000000000000     
   7.3076923076923076E-003   7.3076923076923076E-003   1685.3481150738646        1.0000000000000000     
   7.3076923076923076E-003   7.6923076923076927E-003   1685.1349661149438        1.0000000000000000     
   7.3076923076923076E-003   8.0769230769230770E-003   1684.9062562718764        1.0000000000000000     
   7.3076923076923076E-003   8.4615384615384613E-003   1684.6720543395218        1.0000000000000000     
   7.3076923076923076E-003   8.8461538461538456E-003   1684.4439531489759        1.0000000000000000     
   7.3076923076923076E-003   9.2307692307692299E-003   1684.2338515660601        1.0000000000000000     
   7.3076923076923076E-003   9.6153846153846159E-003   1684.0503096524706        1.0000000000000000     

   7.6923076923076927E-003   3.8461538461538462E-004   1693.1501904790941        1.0000000000000000     
   7.6923076923076927E-003   7.6923076923076923E-004   1693.3178993244928        1.0000000000000000     
   7.6923076923076927E-003   1.1538461538461537E-003   1693.5180385590768        1.0000000000000000     
   7.6923076923076927E-003   1.5384615384615385E-003   1693.7407006275082        1.0000000000000000     
   7.6923076923076927E-003   1.9230769230769232E-003   1693.9724158477684        1.0000000000000000     
   7.6923076923076927E-003   2.3076923076923075E-003   1694.2001281565504        1.0000000000000000     
   7.6923076923076927E-003   2.6923076923076922E-003   1694.4126465133456        1.0000000000000000     
   7.6923076923076927E-003   3.0769230769230769E-003   1694.6008320987394        1.0000000000000000     
   7.6923076923076927E-003   3.4615384615384616E-003   1694.7583849986761        1.0000000000000000     
   7.6923076923076927E-003   3.8461538461538464E-003   1694.8817866689931        1.0000000000000000     
   7.6923076923076927E-003   4.2307692307692307E-003   1694.9697020099732        1.0000000000000000     
   7.6923076923076927E-003   4.6153846153846149E-003   1695.0221318606011        1.0000000000000000     
   7.6923076923076927E-003   5.0000000000000001E-003   1695.0395300863142        1.0000000000000000     
   7.6923076923076927E-003   5.3846153846153844E-003   1695.0221318606013        1.0000000000000000     
   7.6923076923076927E-003   5.7692307692307696E-003   1694.9697020099750        1.0000000000000000     
   7.6923076923076927E-003   6.1538461538461538E-003   1694.8817866689947        1.0000000000000000     
   7.6923076923076927E-003   6.5384615384615381E-003   1694.7583849986779        1.0000000000000000     
   7.6923076923076927E-003   6.9230769230769233E-003   1694.6008320987414        1.0000000000000000     
   7.6923076923076927E-003   7.3076923076923076E-003   1694.4126465133470        1.0000000000000000     
   7.6923076923076927E-003   7.6923076923076927E-003   1694.2001281565515        1.0000000000000000     
   7.6923076923076927E-003   8.0769230769230770E-003   1693.9724158477702        1.0000000000000000     
   7.6923076923076927E-003   8.4615384615384613E-003   1693.7407006275103        1.0000000000000000     
   7.6923076923076927E-003   8.8461538461538456E-003   1693.5180385590779        1.0000000000000000     
   7.6923076923076927E-003   9.2307692307692299E-003   1693.3178993244956        1.0000000000000000     
   7.6923076923076927E-003   9.6153846153846159E-003   1693.1501904790962        1.0000000000000000     

   8.0769230769230770E-003   3.8461538461538462E-004   1705.3851223586203        1.0000000000000000     
   8.0769230769230770E-003   7.6923076923076923E-004   1705.5072084113851        1.0000000000000000     
   8.0769230769230770E-003   1.1538461538461537E-003   1705.6710972403248        1.0000000000000000     
   8.0769230769230770E-003   1.5384615384615385E-003   1705.8653205631788        1.0000000000000000     
   8.0769230769230770E-003   1.9230769230769232E-003   1706.0745552192443        1.0000000000000000     
   8.0769230769230770E-003   2.3076923076923075E-003   1706.2840109204315        1.0000000000000000     
   8.0769230769230770E-003   2.6923076923076922E-003   1706.4811517258481        1.0000000000000000     
   8.0769230769230770E-003   3.0769230769230769E-003   1706.6560033601295        1.0000000000000000     
   8.0769230769230770E-003   3.4615384615384616E-003   1706.8019467192005        1.0000000000000000     
   8.0769230769230770E-003   3.8461538461538464E-003   1706.9155772339384        1.0000000000000000     
   8.0769230769230770E-003   4.2307692307692307E-003   1706.9959607833662        1.0000000000000000     
   8.0769230769230770E-003   4.6153846153846149E-003   1707.0435985620595        1.0000000000000000     
   8.0769230769230770E-003   5.0000000000000001E-003   1707.0593480995033        1.0000000000000000     
   8.0769230769230770E-003   5.3846153846153844E-003   1707.0435985620611        1.0000000000000000     
   8.0769230769230770E-003   5.7692307692307696E-003   1706.9959607833675        1.0000000000000000     
   8.0769230769230770E-003   6.1538461538461538E-003   1706.9155772339398        1.0000000000000000     
   8.0769230769230770E-003   6.5384615384615381E-003   1706.8019467192025        1.0000000000000000     
   8.0769230769230770E-003   6.9230769230769233E-003   1706.6560033601313        1.0000000000000000     
   8.0769230769230770E-003   7.3076923076923076E-003   1706.4811517258495        1.0000000000000000     
   8.0769230769230770E-003   7.6923076923076927E-003   1706.2840109204330        1.0000000000000000     
   8.0769230769230770E-003   8.0769230769230770E-003   1706.0745552192459        1.0000000000000000     
   8.0769230769230770E-003   8.4615384615384613E-003   1705.8653205631815        1.0000000000000000     
   8.0769230769230770E-003   8.8461538461538456E-003   1705.6710972403271        1.0000000000000000     
   8.0769230769230770E-003   9.2307692307692299E-003   1705.5072084113874        1.0000000000000000     
   8.0769230769230770E-003   9.6153846153846159E-003   1705.3851223586232        1.0000000000000000     

   8.4615384615384613E-003   3.8461538461538462E-004   1719.3682322806469        1.0000000000000000     
   8.4615384615384613E-003   7.6923076923076923E-004   1719.4194327405253        1.0000000000000000     
   8.4615384615384613E-003   1.1538461538461537E-003   1719.5252899576819        1.0000000000000000     
   8.4615384615384613E-003   1.5384615384615385E-003   1719.6718373727269        1.0000000000000000     
   8.4615384615384613E-003   1.9230769230769232E-003   1719.8417983364070        1.0000000000000000     
   8.4615384615384613E-003   2.3076923076923075E-003   1720.0184855035084        1.0000000000000000     
   8.4615384615384613E-003   2.6923076923076922E-003   1720.1878770441813        1.0000000000000000     
   8.4615384615384613E-003   3.0769230769230769E-003   1720.3390508755929        1.0000000000000000     
   8.4615384615384613E-003   3.4615384615384616E-003   1720.4649865772781        1.0000000000000000     
   8.4615384615384613E-003   3.8461538461538464E-003   1720.5623405526019        1.0000000000000000     
   8.4615384615384613E-003   4.2307692307692307E-003   1720.6305520096289        1.0000000000000000     
   8.4615384615384613E-003   4.6153846153846149E-003   1720.6706132832612        1.0000000000000000     
   8.4615384615384613E-003   5.0000000000000001E-003   1720.6837856145617        1.0000000000000000     
   8.4615384615384613E-003   5.3846153846153844E-003   1720.6706132832614        1.0000000000000000     
   8.4615384615384613E-003   5.7692307692307696E-003   1720.6305520096303        1.0000000000000000     
   8.4615384615384613E-003   6.1538461538461538E-003   1720.5623405526021        1.0000000000000000     
   8.4615384615384613E-003   6.5384615384615381E-003   1720.4649865772794        1.0000000000000000     
   8.4615384615384613E-003   6.9230769230769233E-003   1720.3390508755936        1.0000000000000000     
   8.4615384615384613E-003   7.3076923076923076E-003   1720.1878770441831        1.0000000000000000     
   8.4615384615384613E-003   7.6923076923076927E-003   1720.0184855035102        1.0000000000000000     
   8.4615384615384613E-003   8.0769230769230770E-003   1719.8417983364086        1.0000000000000000     
   8.4615384615384613E-003   8.4615384615384613E-003   1719.6718373727294        1.0000000000000000     
   8.4615384615384613E-003   8.8461538461538456E-003   1719.5252899576853        1.0000000000000000     
   8.4615384615384613E-003   9.2307692307692299E-003   1719.4194327405282        1.0000000000000000     
   8.4615384615384613E-003   9.6153846153846159E-003   1719.3682322806505        1.0000000000000000     

   8.8461538461538456E-003   3.8461538461538462E-004   1733.0332127528936        1.0000000000000000     
   8.8461538461538456E-003   7.6923076923076923E-004   1733.0037339047005        1.0000000000000000     
   8.8461538461538456E-003   1.1538461538461537E-003   1733.0402680375337        1.0000000000000000     
   8.8461538461538456E-003   1.5384615384615385E-003   1733.1302023924741        1.0000000000000000     
   8.8461538461538456E-003   1.9230769230769232E-003   1733.2528208232529        1.0000000000000000     
   8.8461538461538456E-003   2.3076923076923075E-003   1733.3896764326967        1.0000000000000000     
   8.8461538461538456E-003   2.6923076923076922E-003   1733.5252915009517        1.0000000000000000     
   8.8461538461538456E-003   3.0769230769230769E-003   1733.6478001948681        1.0000000000000000     
   8.8461538461538456E-003   3.4615384615384616E-003   1733.7497564211465        1.0000000000000000     
   8.8461538461538456E-003   3.8461538461538464E-003   1733.8278315325379        1.0000000000000000     
   8.8461538461538456E-003   4.2307692307692307E-003   1733.8817820356096        1.0000000000000000     
   8.8461538461538456E-003   4.6153846153846149E-003   1733.9130386251729        1.0000000000000000     
   8.8461538461538456E-003   5.0000000000000001E-003   1733.9232288544370        1.0000000000000000     
   8.8461538461538456E-003   5.3846153846153844E-003   1733.9130386251734        1.0000000000000000     
   8.8461538461538456E-003   5.7692307692307696E-003   1733.8817820356096        1.0000000000000000     
   8.8461538461538456E-003   6.1538461538461538E-003   1733.8278315325383        1.0000000000000000     
   8.8461538461538456E-003   6.5384615384615381E-003   1733.7497564211474        1.0000000000000000     
   8.8461538461538456E-003   6.9230769230769233E-003   1733.6478001948685        1.0000000000000000     
   8.8461538461538456E-003   7.3076923076923076E-003   1733.5252915009532        1.0000000000000000     
   8.8461538461538456E-003   7.6923076923076927E-003   1733.3896764326992        1.0000000000000000     
   8.8461538461538456E-003   8.0769230769230770E-003   1733.2528208232557        1.0000000000000000     
   8.8461538461538456E-003   8.4615384615384613E-003   1733.1302023924766        1.0000000000000000     
   8.8461538461538456E-003   8.8461538461538456E-003   1733.0402680375357        1.0000000000000000     
   8.8461538461538456E-003   9.2307692307692299E-003   1733.0037339047028        1.0000000000000000     
   8.8461538461538456E-003   9.6153846153846159E-003   1733.0332127528959        1.0000000000000000     

   9.2307692307692299E-003   3.8461538461538462E-004   1744.0263410790774        1.0000000000000000     
   9.2307692307692299E-003   7.6923076923076923E-004   1743.9242402879086        1.0000000000000000     
   9.2307692307692299E-003   1.1538461538461537E-003   1743.9007904584764        1.0000000000000000     
   9.2307692307692299E-003   1.5384615384615385E-003   1743.9385105952379        1.0000000000000000     
   9.2307692307692299E-003   1.9230769230769232E-003   1744.0184473829556        1.0000000000000000     
   9.2307692307692299E-003   2.3076923076923075E-003   1744.1192034920073        1.0000000000000000     
   9.2307692307692299E-003   2.6923076923076922E-003   1744.2241724103426        1.0000000000000000     
   9.2307692307692299E-003   3.0769230769230769E-003   1744.3207156792994        1.0000000000000000     
   9.2307692307692299E-003   3.4615384615384616E-003   1744.4010291188051        1.0000000000000000     
   9.2307692307692299E-003   3.8461538461538464E-003   1744.4617806711196        1.0000000000000000     
   9.2307692307692299E-003   4.2307692307692307E-003   1744.5029698197684        1.0000000000000000     
   9.2307692307692299E-003   4.6153846153846149E-003   1744.5263722775794        1.0000000000000000     
   9.2307692307692299E-003   5.0000000000000001E-003   1744.5339067861225        1.0000000000000000     
   9.2307692307692299E-003   5.3846153846153844E-003   1744.5263722775799        1.0000000000000000     
   9.2307692307692299E-003   5.7692307692307696E-003   1744.5029698197686        1.0000000000000000     
   9.2307692307692299E-003   6.1538461538461538E-003   1744.4617806711201        1.0000000000000000     
   9.2307692307692299E-003   6.5384615384615381E-003   1744.4010291188069        1.0000000000000000     
   9.2307692307692299E-003   6.9230769230769233E-003   1744.3207156793012        1.0000000000000000     
   9.2307692307692299E-003   7.3076923076923076E-003   1744.2241724103451        1.0000000000000000     
   9.2307692307692299E-003   7.6923076923076927E-003   1744.1192034920095        1.0000000000000000     
   9.2307692307692299E-003   8.0769230769230770E-003   1744.0184473829579        1.0000000000000000     
   9.2307692307692299E-003   8.4615384615384613E-003   1743.9385105952408        1.0000000000000000     
   9.2307692307692299E-003   8.8461538461538456E-003   1743.9007904584785        1.0000000000000000     
   9.2307692307692299E-003   9.2307692307692299E-003   1743.9242402879104        1.0000000000000000     
   9.2307692307692299E-003   9.6153846153846159E-003   1744.0263410790794        1.0000000000000000     

   9.6153846153846159E-003   3.8461538461538462E-004   1750.2662100739667        1.0000000000000000     
   9.6153846153846159E-003   7.6923076923076923E-004   1750.1203570587409        1.0000000000000000     
   9.6153846153846159E-003   1.1538461538461537E-003   1750.0601243943331        1.0000000000000000     
   9.6153846153846159E-003   1.5384615384615385E-003   1750.0679655795907        1.0000000000000000     
   9.6153846153846159E-003   1.9230769230769232E-003   1750.1218479946504        1.0000000000000000     
   9.6153846153846159E-003   2.3076923076923075E-003   1750.2011065693703        1.0000000000000000     
   9.6153846153846159E-003   2.6923076923076922E-003   1750.2877363849257        1.0000000000000000     
   9.6153846153846159E-003   3.0769230769230769E-003   1750.3687012469195        1.0000000000000000     
   9.6153846153846159E-003   3.4615384615384616E-003   1750.4360004447369        1.0000000000000000     
   9.6153846153846159E-003   3.8461538461538464E-003   1750.4863140510467        1.0000000000000000     
   9.6153846153846159E-003   4.2307692307692307E-003   1750.5198008387033        1.0000000000000000     
   9.6153846153846159E-003   4.6153846153846149E-003   1750.5384565926272        1.0000000000000000     
   9.6153846153846159E-003   5.0000000000000001E-003   1750.5443849529540        1.0000000000000000     
   9.6153846153846159E-003   5.3846153846153844E-003   1750.5384565926272        1.0000000000000000     
   9.6153846153846159E-003   5.7692307692307696E-003   1750.5198008387049        1.0000000000000000     
   9.6153846153846159E-003   6.1538461538461538E-003   1750.4863140510474        1.0000000000000000     
   9.6153846153846159E-003   6.5384615384615381E-003   1750.4360004447385        1.0000000000000000     
   9.6153846153846159E-003   6.9230769230769233E-003   1750.3687012469211        1.0000000000000000     
   9.6153846153846159E-003   7.3076923076923076E-003   1750.2877363849275        1.0000000000000000     
   9.6153846153846159E-003   7.6923076923076927E-003   1750.2011065693721        1.0000000000000000     
   9.6153846153846159E-003   8.0769230769230770E-003   1750.1218479946517        1.0000000000000000     
   9.6153846153846159E-003   8.4615384615384613E-003   1750.0679655795927        1.0000000000000000     
   9.6153846153846159E-003   8.8461538461538456E-003   1750.0601243943345        1.0000000000000000     
   9.6153846153846159E-003   9.2307692307692299E-003   1750.1203570587413        1.0000000000000000     
   9.6153846153846159E-003   9.6153846153846159E-003   1750.2662100739697        1.0000000000000000     

