   3.8461538461538462E-004   3.8461538461538462E-004   1629.9443816656428        1.0000000000000000     
   3.8461538461538462E-004   7.6923076923076923E-004   1630.0922151914681        1.0000000000000000     
   3.8461538461538462E-004   1.1538461538461537E-003   1630.1592012298847        1.0000000000000000     
   3.8461538461538462E-004   1.5384615384615385E-003   1630.1534583985292        1.0000000000000000     
   3.8461538461538462E-004   1.9230769230769232E-003   1630.0865574322961        1.0000000000000000     
   3.8461538461538462E-004   2.3076923076923075E-003   1629.9728265138313        1.0000000000000000     
   3.8461538461538462E-004   2.6923076923076922E-003   1629.8284942401326        1.0000000000000000     
   3.8461538461538462E-004   3.0769230769230769E-003   1629.6707238374356        1.0000000000000000     
   3.8461538461538462E-004   3.4615384615384616E-003   1629.5165987787266        1.0000000000000000     
   3.8461538461538462E-004   3.8461538461538464E-003   1629.3821226722166        1.0000000000000000     
   3.8461538461538462E-004   4.2307692307692307E-003   1629.2812950811074        1.0000000000000000     
   3.8461538461538462E-004   4.6153846153846149E-003   1629.2253199564798        1.0000000000000000     
   3.8461538461538462E-004   5.0000000000000001E-003   1629.2219949988728        1.0000000000000000     
   3.8461538461538462E-004   5.3846153846153844E-003   1629.2753190941762        1.0000000000000000     
   3.8461538461538462E-004   5.7692307692307696E-003   1629.3853417521184        1.0000000000000000     
   3.8461538461538462E-004   6.1538461538461538E-003   1629.5482641286651        1.0000000000000000     
   3.8461538461538462E-004   6.5384615384615381E-003   1629.7567868444078        1.0000000000000000     
   3.8461538461538462E-004   6.9230769230769233E-003   1630.0006868606795        1.0000000000000000     
   3.8461538461538462E-004   7.3076923076923076E-003   1630.2675963720933        1.0000000000000000     
   3.8461538461538462E-004   7.6923076923076927E-003   1630.5439554513266        1.0000000000000000     
   3.8461538461538462E-004   8.0769230769230770E-003   1630.8161282661470        1.0000000000000000     
   3.8461538461538462E-004   8.4615384615384613E-003   1631.0717439443679        1.0000000000000000     
   3.8461538461538462E-004   8.8461538461538456E-003   1631.3015624885045        1.0000000000000000     
   3.8461538461538462E-004   9.2307692307692299E-003   1631.5029982767337        1.0000000000000000     
   3.8461538461538462E-004   9.6153846153846159E-003   1631.6895389641134        1.0000000000000000     

   7.6923076923076923E-004   3.8461538461538462E-004   1629.8595336138385        1.0000000000000000     
   7.6923076923076923E-004   7.6923076923076923E-004   1630.0075519864495        1.0000000000000000     
   7.6923076923076923E-004   1.1538461538461537E-003   1630.0749114477546        1.0000000000000000     
   7.6923076923076923E-004   1.5384615384615385E-003   1630.0697089091457        1.0000000000000000     
   7.6923076923076923E-004   1.9230769230769232E-003   1630.0034841538231        1.0000000000000000     
   7.6923076923076923E-004   2.3076923076923075E-003   1629.8905270010398        1.0000000000000000     
   7.6923076923076923E-004   2.6923076923076922E-003   1629.7470225285581        1.0000000000000000     
   7.6923076923076923E-004   3.0769230769230769E-003   1629.5900878179298        1.0000000000000000     
   7.6923076923076923E-004   3.4615384615384616E-003   1629.4367602089681        1.0000000000000000     
   7.6923076923076923E-004   3.8461538461538464E-003   1629.3029997517185        1.0000000000000000     
   7.6923076923076923E-004   4.2307692307692307E-003   1629.2027673312311        1.0000000000000000     
   7.6923076923076923E-004   4.6153846153846149E-003   1629.1472349602279        1.0000000000000000     
   7.6923076923076923E-004   5.0000000000000001E-003   1629.1441763631653        1.0000000000000000     
   7.6923076923076923E-004   5.3846153846153844E-003   1629.1975747810629        1.0000000000000000     
   7.6923076923076923E-004   5.7692307692307696E-003   1629.3074716349270        1.0000000000000000     
   7.6923076923076923E-004   6.1538461538461538E-003   1629.4700651403966        1.0000000000000000     
   7.6923076923076923E-004   6.5384615384615381E-003   1629.6780530919393        1.0000000000000000     
   7.6923076923076923E-004   6.9230769230769233E-003   1629.9211997751581        1.0000000000000000     
   7.6923076923076923E-004   7.3076923076923076E-003   1630.1870940901590        1.0000000000000000     
   7.6923076923076923E-004   7.6923076923076927E-003   1630.4620542745781        1.0000000000000000     
   7.6923076923076923E-004   8.0769230769230770E-003   1630.7321194369592        1.0000000000000000     
   7.6923076923076923E-004   8.4615384615384613E-003   1630.9840248674514        1.0000000000000000     
   7.6923076923076923E-004   8.8461538461538456E-003   1631.2058728280720        1.0000000000000000     
   7.6923076923076923E-004   9.2307692307692299E-003   1631.3863621443870        1.0000000000000000     
   7.6923076923076923E-004   9.6153846153846159E-003   1631.5075178263469        1.0000000000000000     

   1.1538461538461537E-003   3.8461538461538462E-004   1629.4749809349551        1.0000000000000000     
   1.1538461538461537E-003   7.6923076923076923E-004   1629.6233412632962        1.0000000000000000     
   1.1538461538461537E-003   1.1538461538461537E-003   1629.6914292021168        1.0000000000000000     
   1.1538461538461537E-003   1.5384615384615385E-003   1629.6872973737586        1.0000000000000000     
   1.1538461538461537E-003   1.9230769230769232E-003   1629.6224224115456        1.0000000000000000     
   1.1538461538461537E-003   2.3076923076923075E-003   1629.5110158703883        1.0000000000000000     
   1.1538461538461537E-003   2.6923076923076922E-003   1629.3691740593163        1.0000000000000000     
   1.1538461538461537E-003   3.0769230769230769E-003   1629.2139199608162        1.0000000000000000     
   1.1538461538461537E-003   3.4615384615384616E-003   1629.0621968825660        1.0000000000000000     
   1.1538461538461537E-003   3.8461538461538464E-003   1628.9298761665743        1.0000000000000000     
   1.1538461538461537E-003   4.2307692307692307E-003   1628.8308400607289        1.0000000000000000     
   1.1538461538461537E-003   4.6153846153846149E-003   1628.7761958811311        1.0000000000000000     
   1.1538461538461537E-003   5.0000000000000001E-003   1628.7736692253181        1.0000000000000000     
   1.1538461538461537E-003   5.3846153846153844E-003   1628.8272127854912        1.0000000000000000     
   1.1538461538461537E-003   5.7692307692307696E-003   1628.9368539432865        1.0000000000000000     
   1.1538461538461537E-003   6.1538461538461538E-003   1629.0987895691346        1.0000000000000000     
   1.1538461538461537E-003   6.5384615384615381E-003   1629.3057210609036        1.0000000000000000     
   1.1538461538461537E-003   6.9230769230769233E-003   1629.5474072365334        1.0000000000000000     
   1.1538461538461537E-003   7.3076923076923076E-003   1629.8113973097338        1.0000000000000000     
   1.1538461538461537E-003   7.6923076923076927E-003   1630.0838894326280        1.0000000000000000     
   1.1538461538461537E-003   8.0769230769230770E-003   1630.3506370378516        1.0000000000000000     
   1.1538461538461537E-003   8.4615384615384613E-003   1630.5977818415897        1.0000000000000000     
   1.1538461538461537E-003   8.8461538461538456E-003   1630.8124038283586        1.0000000000000000     
   1.1538461538461537E-003   9.2307692307692299E-003   1630.9824603769698        1.0000000000000000     
   1.1538461538461537E-003   9.6153846153846159E-003   1631.0961861985456        1.0000000000000000     

   1.5384615384615385E-003   3.8461538461538462E-004   1628.8257808550065        1.0000000000000000     
   1.5384615384615385E-003   7.6923076923076923E-004   1628.9746364138948        1.0000000000000000     
   1.5384615384615385E-003   1.1538461538461537E-003   1629.0437946315787        1.0000000000000000     
   1.5384615384615385E-003   1.5384615384615385E-003   1629.0412423307559        1.0000000000000000     
   1.5384615384615385E-003   1.9230769230769232E-003   1628.9783623299334        1.0000000000000000     
   1.5384615384615385E-003   2.3076923076923075E-003   1628.8692499280796        1.0000000000000000     
   1.5384615384615385E-003   2.6923076923076922E-003   1628.7298695988270        1.0000000000000000     
   1.5384615384615385E-003   3.0769230769230769E-003   1628.5771046156628        1.0000000000000000     
   1.5384615384615385E-003   3.4615384615384616E-003   1628.4277587512690        1.0000000000000000     
   1.5384615384615385E-003   3.8461538461538464E-003   1628.2975718429695        1.0000000000000000     
   1.5384615384615385E-003   4.2307692307692307E-003   1628.2003097917598        1.0000000000000000     
   1.5384615384615385E-003   4.6153846153846149E-003   1628.1469846024979        1.0000000000000000     
   1.5384615384615385E-003   5.0000000000000001E-003   1628.1452517327320        1.0000000000000000     
   1.5384615384615385E-003   5.3846153846153844E-003   1628.1990208306133        1.0000000000000000     
   1.5384615384615385E-003   5.7692307692307696E-003   1628.3083025694041        1.0000000000000000     
   1.5384615384615385E-003   6.1538461538461538E-003   1628.4692994559757        1.0000000000000000     
   1.5384615384615385E-003   6.5384615384615381E-003   1628.6747329186796        1.0000000000000000     
   1.5384615384615385E-003   6.9230769230769233E-003   1628.9143832455134        1.0000000000000000     
   1.5384615384615385E-003   7.3076923076923076E-003   1629.1758032967759        1.0000000000000000     
   1.5384615384615385E-003   7.6923076923076927E-003   1629.4451510177512        1.0000000000000000     
   1.5384615384615385E-003   8.0769230769230770E-003   1629.7080686697884        1.0000000000000000     
   1.5384615384615385E-003   8.4615384615384613E-003   1629.9505186632712        1.0000000000000000     
   1.5384615384615385E-003   8.8461538461538456E-003   1630.1594787005665        1.0000000000000000     
   1.5384615384615385E-003   9.2307692307692299E-003   1630.3234636316222        1.0000000000000000     
   1.5384615384615385E-003   9.6153846153846159E-003   1630.4331714330995        1.0000000000000000     

   1.9230769230769232E-003   3.8461538461538462E-004   1627.9620820643133        1.0000000000000000     
   1.9230769230769232E-003   7.6923076923076923E-004   1628.1115803879197        1.0000000000000000     
   1.9230769230769232E-003   1.1538461538461537E-003   1628.1821312283387        1.0000000000000000     
   1.9230769230769232E-003   1.5384615384615385E-003   1628.1816356570939        1.0000000000000000     
   1.9230769230769232E-003   1.9230769230769232E-003   1628.1213542414139        1.0000000000000000     
   1.9230769230769232E-003   2.3076923076923075E-003   1628.0152308058789        1.0000000000000000     
   1.9230769230769232E-003   2.6923076923076922E-003   1627.8790580882376        1.0000000000000000     
   1.9230769230769232E-003   3.0769230769230769E-003   1627.7295374359023        1.0000000000000000     
   1.9230769230769232E-003   3.4615384615384616E-003   1627.5832910366184        1.0000000000000000     
   1.9230769230769232E-003   3.8461538461538464E-003   1627.4558877898596        1.0000000000000000     
   1.9230769230769232E-003   4.2307692307692307E-003   1627.3609427025476        1.0000000000000000     
   1.9230769230769232E-003   4.6153846153846149E-003   1627.3093447682941        1.0000000000000000     
   1.9230769230769232E-003   5.0000000000000001E-003   1627.3086600122779        1.0000000000000000     
   1.9230769230769232E-003   5.3846153846153844E-003   1627.3627452788521        1.0000000000000000     
   1.9230769230769232E-003   5.7692307692307696E-003   1627.4715950595282        1.0000000000000000     
   1.9230769230769232E-003   6.1538461538461538E-003   1627.6314289355000        1.0000000000000000     
   1.9230769230769232E-003   6.5384615384615381E-003   1627.8350117917219        1.0000000000000000     
   1.9230769230769232E-003   6.9230769230769233E-003   1628.0721835635923        1.0000000000000000     
   1.9230769230769232E-003   7.3076923076923076E-003   1628.3305605536164        1.0000000000000000     
   1.9230769230769232E-003   7.6923076923076927E-003   1628.5963570029849        1.0000000000000000     
   1.9230769230769232E-003   8.0769230769230770E-003   1628.8552649542451        1.0000000000000000     
   1.9230769230769232E-003   8.4615384615384613E-003   1629.0933263566030        1.0000000000000000     
   1.9230769230769232E-003   8.8461538461538456E-003   1629.2977447097076        1.0000000000000000     
   1.9230769230769232E-003   9.2307692307692299E-003   1629.4576375294855        1.0000000000000000     
   1.9230769230769232E-003   9.6153846153846159E-003   1629.5648431845068        1.0000000000000000     

   2.3076923076923075E-003   3.8461538461538462E-004   1626.9462911455596        1.0000000000000000     
   2.3076923076923075E-003   7.6923076923076923E-004   1627.0965721473708        1.0000000000000000     
   2.3076923076923075E-003   1.1538461538461537E-003   1627.1688128118381        1.0000000000000000     
   2.3076923076923075E-003   1.5384615384615385E-003   1627.1708104956940        1.0000000000000000     
   2.3076923076923075E-003   1.9230769230769232E-003   1627.1136779184005        1.0000000000000000     
   2.3076923076923075E-003   2.3076923076923075E-003   1627.0111757425707        1.0000000000000000     
   2.3076923076923075E-003   2.6923076923076922E-003   1626.8788890946748        1.0000000000000000     
   2.3076923076923075E-003   3.0769230769230769E-003   1626.7332994804701        1.0000000000000000     
   2.3076923076923075E-003   3.4615384615384616E-003   1626.5908098088601        1.0000000000000000     
   2.3076923076923075E-003   3.8461538461538464E-003   1626.4667828118122        1.0000000000000000     
   2.3076923076923075E-003   4.2307692307692307E-003   1626.3746519342928        1.0000000000000000     
   2.3076923076923075E-003   4.6153846153846149E-003   1626.3251588994003        1.0000000000000000     
   2.3076923076923075E-003   5.0000000000000001E-003   1626.3257639751937        1.0000000000000000     
   2.3076923076923075E-003   5.3846153846153844E-003   1626.3802640026374        1.0000000000000000     
   2.3076923076923075E-003   5.7692307692307696E-003   1626.4886401437675        1.0000000000000000     
   2.3076923076923075E-003   6.1538461538461538E-003   1626.6471428228722        1.0000000000000000     
   2.3076923076923075E-003   6.5384615384615381E-003   1626.8486062620682        1.0000000000000000     
   2.3076923076923075E-003   6.9230769230769233E-003   1627.0829701935174        1.0000000000000000     
   2.3076923076923075E-003   7.3076923076923076E-003   1627.3379726637534        1.0000000000000000     
   2.3076923076923075E-003   7.6923076923076927E-003   1627.5999664382175        1.0000000000000000     
   2.3076923076923075E-003   8.0769230769230770E-003   1627.8548040476660        1.0000000000000000     
   2.3076923076923075E-003   8.4615384615384613E-003   1628.0887359100536        1.0000000000000000     
   2.3076923076923075E-003   8.8461538461538456E-003   1628.2892767680910        1.0000000000000000     
   2.3076923076923075E-003   9.2307692307692299E-003   1628.4460212162808        1.0000000000000000     
   2.3076923076923075E-003   9.6153846153846159E-003   1628.5514165523396        1.0000000000000000     

   2.6923076923076922E-003   3.8461538461538462E-004   1625.8495030133633        1.0000000000000000     
   2.6923076923076922E-003   7.6923076923076923E-004   1626.0006971370824        1.0000000000000000     
   2.6923076923076922E-003   1.1538461538461537E-003   1626.0748946490758        1.0000000000000000     
   2.6923076923076922E-003   1.5384615384615385E-003   1626.0797735725305        1.0000000000000000     
   2.6923076923076922E-003   1.9230769230769232E-003   1626.0262765307127        1.0000000000000000     
   2.6923076923076922E-003   2.3076923076923075E-003   1625.9279534952125        1.0000000000000000     
   2.6923076923076922E-003   2.6923076923076922E-003   1625.8001508385721        1.0000000000000000     
   2.6923076923076922E-003   3.0769230769230769E-003   1625.6590973527668        1.0000000000000000     
   2.6923076923076922E-003   3.4615384615384616E-003   1625.5209440555952        1.0000000000000000     
   2.6923076923076922E-003   3.8461538461538464E-003   1625.4008171397334        1.0000000000000000     
   2.6923076923076922E-003   4.2307692307692307E-003   1625.3119422220423        1.0000000000000000     
   2.6923076923076922E-003   4.6153846153846149E-003   1625.2648932553202        1.0000000000000000     
   2.6923076923076922E-003   5.0000000000000001E-003   1625.2670114136804        1.0000000000000000     
   2.6923076923076922E-003   5.3846153846153844E-003   1625.3220284756760        1.0000000000000000     
   2.6923076923076922E-003   5.7692307692307696E-003   1625.4299163637288        1.0000000000000000     
   2.6923076923076922E-003   6.1538461538461538E-003   1625.5869703137137        1.0000000000000000     
   2.6923076923076922E-003   6.5384615384615381E-003   1625.7861184761978        1.0000000000000000     
   2.6923076923076922E-003   6.9230769230769233E-003   1626.0174364819663        1.0000000000000000     
   2.6923076923076922E-003   7.3076923076923076E-003   1626.2688326059726        1.0000000000000000     
   2.6923076923076922E-003   7.6923076923076927E-003   1626.5268587375049        1.0000000000000000     
   2.6923076923076922E-003   8.0769230769230770E-003   1626.7775957355752        1.0000000000000000     
   2.6923076923076922E-003   8.4615384615384613E-003   1627.0075604447600        1.0000000000000000     
   2.6923076923076922E-003   8.8461538461538456E-003   1627.2045867571051        1.0000000000000000     
   2.6923076923076922E-003   9.2307692307692299E-003   1627.3586428831761        1.0000000000000000     
   2.6923076923076922E-003   9.6153846153846159E-003   1627.4625518141042        1.0000000000000000     

   3.0769230769230769E-003   3.8461538461538462E-004   1624.7473702644290        1.0000000000000000     
   3.0769230769230769E-003   7.6923076923076923E-004   1624.8995966686180        1.0000000000000000     
   3.0769230769230769E-003   1.1538461538461537E-003   1624.9759835869409        1.0000000000000000     
   3.0769230769230769E-003   1.5384615384615385E-003   1624.9840767104281        1.0000000000000000     
   3.0769230769230769E-003   1.9230769230769232E-003   1624.9346300566924        1.0000000000000000     
   3.0769230769230769E-003   2.3076923076923075E-003   1624.8409600168220        1.0000000000000000     
   3.0769230769230769E-003   2.6923076923076922E-003   1624.7181483386059        1.0000000000000000     
   3.0769230769230769E-003   3.0769230769230769E-003   1624.5821438308797        1.0000000000000000     
   3.0769230769230769E-003   3.4615384615384616E-003   1624.4488186269525        1.0000000000000000     
   3.0769230769230769E-003   3.8461538461538464E-003   1624.3330373346621        1.0000000000000000     
   3.0769230769230769E-003   4.2307692307692307E-003   1624.2477962255562        1.0000000000000000     
   3.0769230769230769E-003   4.6153846153846149E-003   1624.2034849069855        1.0000000000000000     
   3.0769230769230769E-003   5.0000000000000001E-003   1624.2073150180970        1.0000000000000000     
   3.0769230769230769E-003   5.3846153846153844E-003   1624.2629499098659        1.0000000000000000     
   3.0769230769230769E-003   5.7692307692307696E-003   1624.3703566658578        1.0000000000000000     
   3.0769230769230769E-003   6.1538461538461538E-003   1624.5258879548026        1.0000000000000000     
   3.0769230769230769E-003   6.5384615384615381E-003   1624.7225869137026        1.0000000000000000     
   3.0769230769230769E-003   6.9230769230769233E-003   1624.9506944315635        1.0000000000000000     
   3.0769230769230769E-003   7.3076923076923076E-003   1625.1983257726358        1.0000000000000000     
   3.0769230769230769E-003   7.6923076923076927E-003   1625.4522734101688        1.0000000000000000     
   3.0769230769230769E-003   8.0769230769230770E-003   1625.6988861840928        1.0000000000000000     
   3.0769230769230769E-003   8.4615384615384613E-003   1625.9249721823353        1.0000000000000000     
   3.0769230769230769E-003   8.8461538461538456E-003   1626.1186740602543        1.0000000000000000     
   3.0769230769230769E-003   9.2307692307692299E-003   1626.2702690641881        1.0000000000000000     
   3.0769230769230769E-003   9.6153846153846159E-003   1626.3728473719789        1.0000000000000000     

   3.4615384615384616E-003   3.8461538461538462E-004   1623.7156226938073        1.0000000000000000     
   3.4615384615384616E-003   7.6923076923076923E-004   1623.8689874729334        1.0000000000000000     
   3.4615384615384616E-003   1.1538461538461537E-003   1623.9477584170147        1.0000000000000000     
   3.4615384615384616E-003   1.5384615384615385E-003   1623.9593386944407        1.0000000000000000     
   3.4615384615384616E-003   1.9230769230769232E-003   1623.9142792127930        1.0000000000000000     
   3.4615384615384616E-003   2.3076923076923075E-003   1623.8256448585641        1.0000000000000000     
   3.4615384615384616E-003   2.6923076923076922E-003   1623.7082325177873        1.0000000000000000     
   3.4615384615384616E-003   3.0769230769230769E-003   1623.5776897200942        1.0000000000000000     
   3.4615384615384616E-003   3.4615384615384616E-003   1623.4495886875163        1.0000000000000000     
   3.4615384615384616E-003   3.8461538461538464E-003   1623.3385130139682        1.0000000000000000     
   3.4615384615384616E-003   4.2307692307692307E-003   1623.2572130520082        1.0000000000000000     
   3.4615384615384616E-003   4.6153846153846149E-003   1623.2158814699721        1.0000000000000000     
   3.4615384615384616E-003   5.0000000000000001E-003   1623.2215927002860        1.0000000000000000     
   3.4615384615384616E-003   5.3846153846153844E-003   1623.2779396383992        1.0000000000000000     
   3.4615384615384616E-003   5.7692307692307696E-003   1623.3848886195929        1.0000000000000000     
   3.4615384615384616E-003   6.1538461538461538E-003   1623.5388601490388        1.0000000000000000     
   3.4615384615384616E-003   6.5384615384615381E-003   1623.7330289105319        1.0000000000000000     
   3.4615384615384616E-003   6.9230769230769233E-003   1623.9578230943164        1.0000000000000000     
   3.4615384615384616E-003   7.3076923076923076E-003   1624.2015909374218        1.0000000000000000     
   3.4615384615384616E-003   7.6923076923076927E-003   1624.4513923999989        1.0000000000000000     
   3.4615384615384616E-003   8.0769230769230770E-003   1624.6938668285352        1.0000000000000000     
   3.4615384615384616E-003   8.4615384615384613E-003   1624.9161237159119        1.0000000000000000     
   3.4615384615384616E-003   8.8461538461538456E-003   1625.1066031286957        1.0000000000000000     
   3.4615384615384616E-003   9.2307692307692299E-003   1625.2558540480100        1.0000000000000000     
   3.4615384615384616E-003   9.6153846153846159E-003   1625.3571811034856        1.0000000000000000     

   3.8461538461538464E-003   3.8461538461538462E-004   1622.8254778297039        1.0000000000000000     
   3.8461538461538464E-003   7.6923076923076923E-004   1622.9800722768009        1.0000000000000000     
   3.8461538461538464E-003   1.1538461538461537E-003   1623.0613812929084        1.0000000000000000     
   3.8461538461538464E-003   1.5384615384615385E-003   1623.0766582407769        1.0000000000000000     
   3.8461538461538464E-003   1.9230769230769232E-003   1623.0362405584001        1.0000000000000000     
   3.8461538461538464E-003   2.3076923076923075E-003   1622.9529288381841        1.0000000000000000     
   3.8461538461538464E-003   2.6923076923076922E-003   1622.8412206860114        1.0000000000000000     
   3.8461538461538464E-003   3.0769230769230769E-003   1622.7164472133275        1.0000000000000000     
   3.8461538461538464E-003   3.4615384615384616E-003   1622.5938658346354        1.0000000000000000     
   3.8461538461538464E-003   3.8461538461538464E-003   1622.4877654407383        1.0000000000000000     
   3.8461538461538464E-003   4.2307692307692307E-003   1622.4106388961341        1.0000000000000000     
   3.8461538461538464E-003   4.6153846153846149E-003   1622.3724732950739        1.0000000000000000     
   3.8461538461538464E-003   5.0000000000000001E-003   1622.3802008348882        1.0000000000000000     
   3.8461538461538464E-003   5.3846153846153844E-003   1622.4373430282110        1.0000000000000000     
   3.8461538461538464E-003   5.7692307692307696E-003   1622.5438689145724        1.0000000000000000     
   3.8461538461538464E-003   6.1538461538461538E-003   1622.6962746820943        1.0000000000000000     
   3.8461538461538464E-003   6.5384615384615381E-003   1622.8878784717390        1.0000000000000000     
   3.8461538461538464E-003   6.9230769230769233E-003   1623.1093109386891        1.0000000000000000     
   3.8461538461538464E-003   7.3076923076923076E-003   1623.3491702066183        1.0000000000000000     
   3.8461538461538464E-003   7.6923076923076927E-003   1623.5947999275584        1.0000000000000000     
   3.8461538461538464E-003   8.0769230769230770E-003   1623.8331418716180        1.0000000000000000     
   3.8461538461538464E-003   8.4615384615384613E-003   1624.0516101903972        1.0000000000000000     
   3.8461538461538464E-003   8.8461538461538456E-003   1624.2389332359589        1.0000000000000000     
   3.8461538461538464E-003   9.2307692307692299E-003   1624.3859101869730        1.0000000000000000     
   3.8461538461538464E-003   9.6153846153846159E-003   1624.4860332121752        1.0000000000000000     

   4.2307692307692307E-003   3.8461538461538462E-004   1622.1392034925577        1.0000000000000000     
   4.2307692307692307E-003   7.6923076923076923E-004   1622.2951024144179        1.0000000000000000     
   4.2307692307692307E-003   1.1538461538461537E-003   1622.3790611794204        1.0000000000000000     
   4.2307692307692307E-003   1.5384615384615385E-003   1622.3981789825837        1.0000000000000000     
   4.2307692307692307E-003   1.9230769230769232E-003   1622.3625735950129        1.0000000000000000     
   4.2307692307692307E-003   2.3076923076923075E-003   1622.2847736783597        1.0000000000000000     
   4.2307692307692307E-003   2.6923076923076922E-003   1622.1789689733300        1.0000000000000000     
   4.2307692307692307E-003   3.0769230769230769E-003   1622.0601651973002        1.0000000000000000     
   4.2307692307692307E-003   3.4615384615384616E-003   1621.9432961827197        1.0000000000000000     
   4.2307692307692307E-003   3.8461538461538464E-003   1621.8423481377522        1.0000000000000000     
   4.2307692307692307E-003   4.2307692307692307E-003   1621.7695498163337        1.0000000000000000     
   4.2307692307692307E-003   4.6153846153846149E-003   1621.7346779719423        1.0000000000000000     
   4.2307692307692307E-003   5.0000000000000001E-003   1621.7445200611821        1.0000000000000000     
   4.2307692307692307E-003   5.3846153846153844E-003   1621.8025262505789        1.0000000000000000     
   4.2307692307692307E-003   5.7692307692307696E-003   1621.9086709858295        1.0000000000000000     
   4.2307692307692307E-003   6.1538461538461538E-003   1622.0595314245750        1.0000000000000000     
   4.2307692307692307E-003   6.5384615384615381E-003   1622.2485766888774        1.0000000000000000     
   4.2307692307692307E-003   6.9230769230769233E-003   1622.4666489592521        1.0000000000000000     
   4.2307692307692307E-003   7.3076923076923076E-003   1622.7026056876055        1.0000000000000000     
   4.2307692307692307E-003   7.6923076923076927E-003   1622.9440823625264        1.0000000000000000     
   4.2307692307692307E-003   8.0769230769230770E-003   1623.1783279012423        1.0000000000000000     
   4.2307692307692307E-003   8.4615384615384613E-003   1623.3930602596392        1.0000000000000000     
   4.2307692307692307E-003   8.8461538461538456E-003   1623.5772883955999        1.0000000000000000     
   4.2307692307692307E-003   9.2307692307692299E-003   1623.7220482203129        1.0000000000000000     
   4.2307692307692307E-003   9.6153846153846159E-003   1623.8210044896859        1.0000000000000000     

   4.6153846153846149E-003   3.8461538461538462E-004   1621.7061012134147        1.0000000000000000     
   4.6153846153846149E-003   7.6923076923076923E-004   1621.8633613182992        1.0000000000000000     
   4.6153846153846149E-003   1.1538461538461537E-003   1621.9500381505616        1.0000000000000000     
   4.6153846153846149E-003   1.5384615384615385E-003   1621.9730752301195        1.0000000000000000     
   4.6153846153846149E-003   1.9230769230769232E-003   1621.9423685304516        1.0000000000000000     
   4.6153846153846149E-003   2.3076923076923075E-003   1621.8701721774889        1.0000000000000000     
   4.6153846153846149E-003   2.6923076923076922E-003   1621.7703651534359        1.0000000000000000     
   4.6153846153846149E-003   3.0769230769230769E-003   1621.6576248121169        1.0000000000000000     
   4.6153846153846149E-003   3.4615384615384616E-003   1621.5465585851525        1.0000000000000000     
   4.6153846153846149E-003   3.8461538461538464E-003   1621.4508475590328        1.0000000000000000     
   4.6153846153846149E-003   4.2307692307692307E-003   1621.3824545358157        1.0000000000000000     
   4.6153846153846149E-003   4.6153846153846149E-003   1621.3509448774194        1.0000000000000000     
   4.6153846153846149E-003   5.0000000000000001E-003   1621.3629611914230        1.0000000000000000     
   4.6153846153846149E-003   5.3846153846153844E-003   1621.4218832246747        1.0000000000000000     
   4.6153846153846149E-003   5.7692307692307696E-003   1621.5276927980362        1.0000000000000000     
   4.6153846153846149E-003   6.1538461538461538E-003   1621.6770509411535        1.0000000000000000     
   4.6153846153846149E-003   6.5384615384615381E-003   1621.8635813248968        1.0000000000000000     
   4.6153846153846149E-003   6.9230769230769233E-003   1622.0783414133343        1.0000000000000000     
   4.6153846153846149E-003   7.3076923076923076E-003   1622.3104512178436        1.0000000000000000     
   4.6153846153846149E-003   7.6923076923076927E-003   1622.5478398197336        1.0000000000000000     
   4.6153846153846149E-003   8.0769230769230770E-003   1622.7780625099365        1.0000000000000000     
   4.6153846153846149E-003   8.4615384615384613E-003   1622.9891368953354        1.0000000000000000     
   4.6153846153846149E-003   8.8461538461538456E-003   1623.1703448786225        1.0000000000000000     
   4.6153846153846149E-003   9.2307692307692299E-003   1623.3129490999108        1.0000000000000000     
   4.6153846153846149E-003   9.6153846153846159E-003   1623.4107771975016        1.0000000000000000     

   5.0000000000000001E-003   3.8461538461538462E-004   1621.5591721308488        1.0000000000000000     
   5.0000000000000001E-003   7.6923076923076923E-004   1621.7178305206016        1.0000000000000000     
   5.0000000000000001E-003   1.1538461538461537E-003   1621.8072501472393        1.0000000000000000     
   5.0000000000000001E-003   1.5384615384615385E-003   1621.8342200665895        1.0000000000000000     
   5.0000000000000001E-003   1.9230769230769232E-003   1621.8084161950444        1.0000000000000000     
   5.0000000000000001E-003   2.3076923076923075E-003   1621.7418203058908        1.0000000000000000     
   5.0000000000000001E-003   2.6923076923076922E-003   1621.6480031423368        1.0000000000000000     
   5.0000000000000001E-003   3.0769230769230769E-003   1621.5413164323609        1.0000000000000000     
   5.0000000000000001E-003   3.4615384615384616E-003   1621.4360440403318        1.0000000000000000     
   5.0000000000000001E-003   3.8461538461538464E-003   1621.3455647417325        1.0000000000000000     
   5.0000000000000001E-003   4.2307692307692307E-003   1621.2815780657836        1.0000000000000000     
   5.0000000000000001E-003   4.6153846153846149E-003   1621.2534404356986        1.0000000000000000     
   5.0000000000000001E-003   5.0000000000000001E-003   1621.2676517565030        1.0000000000000000     
   5.0000000000000001E-003   5.3846153846153844E-003   1621.3275231243911        1.0000000000000000     
   5.0000000000000001E-003   5.7692307692307696E-003   1621.4330450531070        1.0000000000000000     
   5.0000000000000001E-003   6.1538461538461538E-003   1621.5809632147120        1.0000000000000000     
   5.0000000000000001E-003   6.5384615384615381E-003   1621.7650559090641        1.0000000000000000     
   5.0000000000000001E-003   6.9230769230769233E-003   1621.9765950599322        1.0000000000000000     
   5.0000000000000001E-003   7.3076923076923076E-003   1622.2049612165972        1.0000000000000000     
   5.0000000000000001E-003   7.6923076923076927E-003   1622.4383734895791        1.0000000000000000     
   5.0000000000000001E-003   8.0769230769230770E-003   1622.6646881410750        1.0000000000000000     
   5.0000000000000001E-003   8.4615384615384613E-003   1622.8722151237478        1.0000000000000000     
   5.0000000000000001E-003   8.8461538461538456E-003   1623.0505004966290        1.0000000000000000     
   5.0000000000000001E-003   9.2307692307692299E-003   1623.1910244622525        1.0000000000000000     
   5.0000000000000001E-003   9.6153846153846159E-003   1623.2877697388101        1.0000000000000000     

   5.3846153846153844E-003   3.8461538461538462E-004   1621.7127025939435        1.0000000000000000     
   5.3846153846153844E-003   7.6923076923076923E-004   1621.8727754060415        1.0000000000000000     
   5.3846153846153844E-003   1.1538461538461537E-003   1621.9649194227813        1.0000000000000000     
   5.3846153846153844E-003   1.5384615384615385E-003   1621.9957729707282        1.0000000000000000     
   5.3846153846153844E-003   1.9230769230769232E-003   1621.9747972431067        1.0000000000000000     
   5.3846153846153844E-003   2.3076923076923075E-003   1621.9137082865309        1.0000000000000000     
   5.3846153846153844E-003   2.6923076923076922E-003   1621.8257761450241        1.0000000000000000     
   5.3846153846153844E-003   3.0769230769230769E-003   1621.7250349485423        1.0000000000000000     
   5.3846153846153844E-003   3.4615384615384616E-003   1621.6254530628962        1.0000000000000000     
   5.3846153846153844E-003   3.8461538461538464E-003   1621.5401146207146        1.0000000000000000     
   5.3846153846153844E-003   4.2307692307692307E-003   1621.4804627357157        1.0000000000000000     
   5.3846153846153844E-003   4.6153846153846149E-003   1621.4556505816954        1.0000000000000000     
   5.3846153846153844E-003   5.0000000000000001E-003   1621.4720395943068        1.0000000000000000     
   5.3846153846153844E-003   5.3846153846153844E-003   1621.5328747860642        1.0000000000000000     
   5.3846153846153844E-003   5.7692307692307696E-003   1621.6381561326018        1.0000000000000000     
   5.3846153846153844E-003   6.1538461538461538E-003   1621.7847128581361        1.0000000000000000     
   5.3846153846153844E-003   6.5384615384615381E-003   1621.9664749375067        1.0000000000000000     
   5.3846153846153844E-003   6.9230769230769233E-003   1622.1749239750350        1.0000000000000000     
   5.3846153846153844E-003   7.3076923076923076E-003   1622.3996945310441        1.0000000000000000     
   5.3846153846153844E-003   7.6923076923076927E-003   1622.6292876053806        1.0000000000000000     
   5.3846153846153844E-003   8.0769230769230770E-003   1622.8518509232006        1.0000000000000000     
   5.3846153846153844E-003   8.4615384615384613E-003   1623.0559763483714        1.0000000000000000     
   5.3846153846153844E-003   8.8461538461538456E-003   1623.2314634706704        1.0000000000000000     
   5.3846153846153844E-003   9.2307692307692299E-003   1623.3700003063066        1.0000000000000000     
   5.3846153846153844E-003   9.6153846153846159E-003   1623.4657170780335        1.0000000000000000     

   5.7692307692307696E-003   3.8461538461538462E-004   1622.1609640587387        1.0000000000000000     
   5.7692307692307696E-003   7.6923076923076923E-004   1622.3224453174985        1.0000000000000000     
   5.7692307692307696E-003   1.1538461538461537E-003   1622.4172532716520        1.0000000000000000     
   5.7692307692307696E-003   1.5384615384615385E-003   1622.4518815380277        1.0000000000000000     
   5.7692307692307696E-003   1.9230769230769232E-003   1622.4355851729299        1.0000000000000000     
   5.7692307692307696E-003   2.3076923076923075E-003   1622.3798251424323        1.0000000000000000     
   5.7692307692307696E-003   2.6923076923076922E-003   1622.2975828722633        1.0000000000000000     
   5.7692307692307696E-003   3.0769230769230769E-003   1622.2025877051501        1.0000000000000000     
   5.7692307692307696E-003   3.4615384615384616E-003   1622.1085053078218        1.0000000000000000     
   5.7692307692307696E-003   3.8461538461538464E-003   1622.0281372252803        1.0000000000000000     
   5.7692307692307696E-003   4.2307692307692307E-003   1621.9726807852871        1.0000000000000000     
   5.7692307692307696E-003   4.6153846153846149E-003   1621.9510945244992        1.0000000000000000     
   5.7692307692307696E-003   5.0000000000000001E-003   1621.9696075337697        1.0000000000000000     
   5.7692307692307696E-003   5.3846153846153844E-003   1622.0314020511773        1.0000000000000000     
   5.7692307692307696E-003   5.7692307692307696E-003   1622.1364878345992        1.0000000000000000     
   5.7692307692307696E-003   6.1538461538461538E-003   1622.2817749730932        1.0000000000000000     
   5.7692307692307696E-003   6.5384615384615381E-003   1622.4613395498318        1.0000000000000000     
   5.7692307692307696E-003   6.9230769230769233E-003   1622.6668646669993        1.0000000000000000     
   5.7692307692307696E-003   7.3076923076923076E-003   1622.8882284851986        1.0000000000000000     
   5.7692307692307696E-003   7.6923076923076927E-003   1623.1142017654427        1.0000000000000000     
   5.7692307692307696E-003   8.0769230769230770E-003   1623.3332104943463        1.0000000000000000     
   5.7692307692307696E-003   8.4615384615384613E-003   1623.5341149684446        1.0000000000000000     
   5.7692307692307696E-003   8.8461538461538456E-003   1623.7069555104783        1.0000000000000000     
   5.7692307692307696E-003   9.2307692307692299E-003   1623.8436169195111        1.0000000000000000     
   5.7692307692307696E-003   9.6153846153846159E-003   1623.9383687644945        1.0000000000000000     

   6.1538461538461538E-003   3.8461538461538462E-004   1622.8781613974340        1.0000000000000000     
   6.1538461538461538E-003   7.6923076923076923E-004   1623.0410221453451        1.0000000000000000     
   6.1538461538461538E-003   1.1538461538461537E-003   1623.1383931728203        1.0000000000000000     
   6.1538461538461538E-003   1.5384615384615385E-003   1623.1766314221509        1.0000000000000000     
   6.1538461538461538E-003   1.9230769230769232E-003   1623.1647972678916        1.0000000000000000     
   6.1538461538461538E-003   2.3076923076923075E-003   1623.1141107871865        1.0000000000000000     
   6.1538461538461538E-003   2.6923076923076922E-003   1623.0372808721004        1.0000000000000000     
   6.1538461538461538E-003   3.0769230769230769E-003   1622.9477491045384        1.0000000000000000     
   6.1538461538461538E-003   3.4615384615384616E-003   1622.8588954196457        1.0000000000000000     
   6.1538461538461538E-003   3.8461538461538464E-003   1622.7832546939646        1.0000000000000000     
   6.1538461538461538E-003   4.2307692307692307E-003   1622.7317924208426        1.0000000000000000     
   6.1538461538461538E-003   4.6153846153846149E-003   1622.7132836880580        1.0000000000000000     
   6.1538461538461538E-003   5.0000000000000001E-003   1622.7338330391292        1.0000000000000000     
   6.1538461538461538E-003   5.3846153846153844E-003   1622.7965639182112        1.0000000000000000     
   6.1538461538461538E-003   5.7692307692307696E-003   1622.9014958242676        1.0000000000000000     
   6.1538461538461538E-003   6.1538461538461538E-003   1623.0456156718460        1.0000000000000000     
   6.1538461538461538E-003   6.5384615384615381E-003   1623.2231378612264        1.0000000000000000     
   6.1538461538461538E-003   6.9230769230769233E-003   1623.4259359036648        1.0000000000000000     
   6.1538461538461538E-003   7.3076923076923076E-003   1623.6441178154089        1.0000000000000000     
   6.1538461538461538E-003   7.6923076923076927E-003   1623.8667085247034        1.0000000000000000     
   6.1538461538461538E-003   8.0769230769230770E-003   1624.0823957846815        1.0000000000000000     
   6.1538461538461538E-003   8.4615384615384613E-003   1624.2802919918445        1.0000000000000000     
   6.1538461538461538E-003   8.8461538461538456E-003   1624.4506631698137        1.0000000000000000     
   6.1538461538461538E-003   9.2307692307692299E-003   1624.5855783155600        1.0000000000000000     
   6.1538461538461538E-003   9.6153846153846159E-003   1624.6794372567508        1.0000000000000000     

   6.5384615384615381E-003   3.8461538461538462E-004   1623.8196876786899        1.0000000000000000     
   6.5384615384615381E-003   7.6923076923076923E-004   1623.9838754663674        1.0000000000000000     
   6.5384615384615381E-003   1.1538461538461537E-003   1624.0836704186256        1.0000000000000000     
   6.5384615384615381E-003   1.5384615384615385E-003   1624.1253025699332        1.0000000000000000     
   6.5384615384615381E-003   1.9230769230769232E-003   1624.1176515323803        1.0000000000000000     
   6.5384615384615381E-003   2.3076923076923075E-003   1624.0717137304023        1.0000000000000000     
   6.5384615384615381E-003   2.6923076923076922E-003   1623.9999450443465        1.0000000000000000     
   6.5384615384615381E-003   3.0769230769230769E-003   1623.9155199398394        1.0000000000000000     
   6.5384615384615381E-003   3.4615384615384616E-003   1623.8315531641367        1.0000000000000000     
   6.5384615384615381E-003   3.8461538461538464E-003   1623.7603321588447        1.0000000000000000     
   6.5384615384615381E-003   4.2307692307692307E-003   1623.7126073837615        1.0000000000000000     
   6.5384615384615381E-003   4.6153846153846149E-003   1623.6969838767084        1.0000000000000000     
   6.5384615384615381E-003   5.0000000000000001E-003   1623.7194508709092        1.0000000000000000     
   6.5384615384615381E-003   5.3846153846153844E-003   1623.7830775838654        1.0000000000000000     
   6.5384615384615381E-003   5.7692307692307696E-003   1623.8878929244529        1.0000000000000000     
   6.5384615384615381E-003   6.1538461538461538E-003   1624.0309554644339        1.0000000000000000     
   6.5384615384615381E-003   6.5384615384615381E-003   1624.2066082620443        1.0000000000000000     
   6.5384615384615381E-003   6.9230769230769233E-003   1624.4069016992958        1.0000000000000000     
   6.5384615384615381E-003   7.3076923076923076E-003   1624.6221570766113        1.0000000000000000     
   6.5384615384615381E-003   7.6923076923076927E-003   1624.8416349247348        1.0000000000000000     
   6.5384615384615381E-003   8.0769230769230770E-003   1625.0542653906753        1.0000000000000000     
   6.5384615384615381E-003   8.4615384615384613E-003   1625.2493940642107        1.0000000000000000     
   6.5384615384615381E-003   8.8461538461538456E-003   1625.4174955225174        1.0000000000000000     
   6.5384615384615381E-003   9.2307692307692299E-003   1625.5508088009151        1.0000000000000000     
   6.5384615384615381E-003   9.6153846153846159E-003   1625.6438538770710        1.0000000000000000     

   6.9230769230769233E-003   3.8461538461538462E-004   1624.9246560071506        1.0000000000000000     
   6.9230769230769233E-003   7.6923076923076923E-004   1625.0900948218571        1.0000000000000000     
   6.9230769230769233E-003   1.1538461538461537E-003   1625.1921388263472        1.0000000000000000     
   6.9230769230769233E-003   1.5384615384615385E-003   1625.2369023602300        1.0000000000000000     
   6.9230769230769233E-003   1.9230769230769232E-003   1625.2331002502615        1.0000000000000000     
   6.9230769230769233E-003   2.3076923076923075E-003   1625.1915250465649        1.0000000000000000     
   6.9230769230769233E-003   2.6923076923076922E-003   1625.1244020090674        1.0000000000000000     
   6.9230769230769233E-003   3.0769230769230769E-003   1625.0446621510921        1.0000000000000000     
   6.9230769230769233E-003   3.4615384615384616E-003   1624.9651785591582        1.0000000000000000     
   6.9230769230769233E-003   3.8461538461538464E-003   1624.8980132376021        1.0000000000000000     
   6.9230769230769233E-003   4.2307692307692307E-003   1624.8537207892953        1.0000000000000000     
   6.9230769230769233E-003   4.6153846153846149E-003   1624.8407514445032        1.0000000000000000     
   6.9230769230769233E-003   5.0000000000000001E-003   1624.8649895652015        1.0000000000000000     
   6.9230769230769233E-003   5.3846153846153844E-003   1624.9294552033753        1.0000000000000000     
   6.9230769230769233E-003   5.7692307692307696E-003   1625.0341861135930        1.0000000000000000     
   6.9230769230769233E-003   6.1538461538461538E-003   1625.1763064284651        1.0000000000000000     
   6.9230769230769233E-003   6.5384615384615381E-003   1625.3502766634829        1.0000000000000000     
   6.9230769230769233E-003   6.9230769230769233E-003   1625.5483085047138        1.0000000000000000     
   6.9230769230769233E-003   7.3076923076923076E-003   1625.7609176122571        1.0000000000000000     
   6.9230769230769233E-003   7.6923076923076927E-003   1625.9775790604103        1.0000000000000000     
   6.9230769230769233E-003   8.0769230769230770E-003   1626.1874435684495        1.0000000000000000     
   6.9230769230769233E-003   8.4615384615384613E-003   1626.3800687779255        1.0000000000000000     
   6.9230769230769233E-003   8.8461538461538456E-003   1626.5461187849078        1.0000000000000000     
   6.9230769230769233E-003   9.2307692307692299E-003   1626.6779870508597        1.0000000000000000     
   6.9230769230769233E-003   9.6153846153846159E-003   1626.7703026191921        1.0000000000000000     

   7.3076923076923076E-003   3.8461538461538462E-004   1626.1195861479089        1.0000000000000000     
   7.3076923076923076E-003   7.6923076923076923E-004   1626.2861768543885        1.0000000000000000     
   7.3076923076923076E-003   1.1538461538461537E-003   1626.3902622601902        1.0000000000000000     
   7.3076923076923076E-003   1.5384615384615385E-003   1626.4378533954500        1.0000000000000000     
   7.3076923076923076E-003   1.9230769230769232E-003   1626.4375179466570        1.0000000000000000     
   7.3076923076923076E-003   2.3076923076923075E-003   1626.3998664280873        1.0000000000000000     
   7.3076923076923076E-003   2.6923076923076922E-003   1626.3369181951359        1.0000000000000000     
   7.3076923076923076E-003   3.0769230769230769E-003   1626.2613869181705        1.0000000000000000     
   7.3076923076923076E-003   3.4615384615384616E-003   1626.1859299653856        1.0000000000000000     
   7.3076923076923076E-003   3.8461538461538464E-003   1626.1224081382095        1.0000000000000000     
   7.3076923076923076E-003   4.2307692307692307E-003   1626.0812012806796        1.0000000000000000     
   7.3076923076923076E-003   4.6153846153846149E-003   1626.0706215480798        1.0000000000000000     
   7.3076923076923076E-003   5.0000000000000001E-003   1626.0964598413980        1.0000000000000000     
   7.3076923076923076E-003   5.3846153846153844E-003   1626.1616925071794        1.0000000000000000     
   7.3076923076923076E-003   5.7692307692307696E-003   1626.2663653935142        1.0000000000000000     
   7.3076923076923076E-003   6.1538461538461538E-003   1626.4076613481757        1.0000000000000000     
   7.3076923076923076E-003   6.5384615384615381E-003   1626.5801458972912        1.0000000000000000     
   7.3076923076923076E-003   6.9230769230769233E-003   1626.7761748212411        1.0000000000000000     
   7.3076923076923076E-003   7.3076923076923076E-003   1626.9864373017738        1.0000000000000000     
   7.3076923076923076E-003   7.6923076923076927E-003   1627.2005998566638        1.0000000000000000     
   7.3076923076923076E-003   8.0769230769230770E-003   1627.4080099329321        1.0000000000000000     
   7.3076923076923076E-003   8.4615384615384613E-003   1627.5984142126197        1.0000000000000000     
   7.3076923076923076E-003   8.8461538461538456E-003   1627.7626456713526        1.0000000000000000     
   7.3076923076923076E-003   9.2307692307692299E-003   1627.8932353267837        1.0000000000000000     
   7.3076923076923076E-003   9.6153846153846159E-003   1627.9849093442601        1.0000000000000000     

   7.6923076923076927E-003   3.8461538461538462E-004   1627.3230328638272        1.0000000000000000     
   7.6923076923076927E-003   7.6923076923076923E-004   1627.4906542167037        1.0000000000000000     
   7.6923076923076927E-003   1.1538461538461537E-003   1627.5965438843045        1.0000000000000000     
   7.6923076923076927E-003   1.5384615384615385E-003   1627.6466228929839        1.0000000000000000     
   7.6923076923076927E-003   1.9230769230769232E-003   1627.6493307430871        1.0000000000000000     
   7.6923076923076927E-003   2.3076923076923075E-003   1627.6151193679216        1.0000000000000000     
   7.6923076923076927E-003   2.6923076923076922E-003   1627.5558287576414        1.0000000000000000     
   7.6923076923076927E-003   3.0769230769230769E-003   1627.4839832663263        1.0000000000000000     
   7.6923076923076927E-003   3.4615384615384616E-003   1627.4120523790325        1.0000000000000000     
   7.6923076923076927E-003   3.8461538461538464E-003   1627.3517216802954        1.0000000000000000     
   7.6923076923076927E-003   4.2307692307692307E-003   1627.3132188568375        1.0000000000000000     
   7.6923076923076927E-003   4.6153846153846149E-003   1627.3047358860072        1.0000000000000000     
   7.6923076923076927E-003   5.0000000000000001E-003   1627.3319823750955        1.0000000000000000     
   7.6923076923076927E-003   5.3846153846153844E-003   1627.3978967335067        1.0000000000000000     
   7.6923076923076927E-003   5.7692307692307696E-003   1627.5025319987531        1.0000000000000000     
   7.6923076923076927E-003   6.1538461538461538E-003   1627.6431222958481        1.0000000000000000     
   7.6923076923076927E-003   6.5384615384615381E-003   1627.8143247322196        1.0000000000000000     
   7.6923076923076927E-003   6.9230769230769233E-003   1628.0086206759916        1.0000000000000000     
   7.6923076923076927E-003   7.3076923076923076E-003   1628.2168504784277        1.0000000000000000     
   7.6923076923076927E-003   7.6923076923076927E-003   1628.4288473786482        1.0000000000000000     
   7.6923076923076927E-003   8.0769230769230770E-003   1628.6341300892213        1.0000000000000000     
   7.6923076923076927E-003   8.4615384615384613E-003   1628.8226098138243        1.0000000000000000     
   7.6923076923076927E-003   8.8461538461538456E-003   1628.9852664616776        1.0000000000000000     
   7.6923076923076927E-003   9.2307692307692299E-003   1629.1147507017238        1.0000000000000000     
   7.6923076923076927E-003   9.6153846153846159E-003   1629.2058731632897        1.0000000000000000     

   8.0769230769230770E-003   3.8461538461538462E-004   1628.4508623989921        1.0000000000000000     
   8.0769230769230770E-003   7.6923076923076923E-004   1628.6193726634299        1.0000000000000000     
   8.0769230769230770E-003   1.1538461538461537E-003   1628.7268035623413        1.0000000000000000     
   8.0769230769230770E-003   1.5384615384615385E-003   1628.7790001214878        1.0000000000000000     
   8.0769230769230770E-003   1.9230769230769232E-003   1628.7842936010788        1.0000000000000000     
   8.0769230769230770E-003   2.3076923076923075E-003   1628.7530020327652        1.0000000000000000     
   8.0769230769230770E-003   2.6923076923076922E-003   1628.6968139614146        1.0000000000000000     
   8.0769230769230770E-003   3.0769230769230769E-003   1628.6280939025623        1.0000000000000000     
   8.0769230769230770E-003   3.4615384615384616E-003   1628.5591527247775        1.0000000000000000     
   8.0769230769230770E-003   3.8461538461538464E-003   1628.5015281052322        1.0000000000000000     
   8.0769230769230770E-003   4.2307692307692307E-003   1628.4653193092920        1.0000000000000000     
   8.0769230769230770E-003   4.6153846153846149E-003   1628.4586169100924        1.0000000000000000     
   8.0769230769230770E-003   5.0000000000000001E-003   1628.4870619557980        1.0000000000000000     
   8.0769230769230770E-003   5.3846153846153844E-003   1628.5535609136707        1.0000000000000000     
   8.0769230769230770E-003   5.7692307692307696E-003   1628.6581729841444        1.0000000000000000     
   8.0769230769230770E-003   6.1538461538461538E-003   1628.7981756749614        1.0000000000000000     
   8.0769230769230770E-003   6.5384615384615381E-003   1628.9683034920261        1.0000000000000000     
   8.0769230769230770E-003   6.9230769230769233E-003   1629.1611438911712        1.0000000000000000     
   8.0769230769230770E-003   7.3076923076923076E-003   1629.3676648798298        1.0000000000000000     
   8.0769230769230770E-003   7.6923076923076927E-003   1629.5778404490131        1.0000000000000000     
   8.0769230769230770E-003   8.0769230769230770E-003   1629.7813338656540        1.0000000000000000     
   8.0769230769230770E-003   8.4615384615384613E-003   1629.9681951660666        1.0000000000000000     
   8.0769230769230770E-003   8.8461538461538456E-003   1630.1295282267290        1.0000000000000000     
   8.0769230769230770E-003   9.2307692307692299E-003   1630.2580846496130        1.0000000000000000     
   8.0769230769230770E-003   9.6153846153846159E-003   1630.3487463056481        1.0000000000000000     

   8.4615384615384613E-003   3.8461538461538462E-004   1629.4218215032467        1.0000000000000000     
   8.4615384615384613E-003   7.6923076923076923E-004   1629.5910606911925        1.0000000000000000     
   8.4615384615384613E-003   1.1538461538461537E-003   1629.6997477710470        1.0000000000000000     
   8.4615384615384613E-003   1.5384615384615385E-003   1629.7536662795010        1.0000000000000000     
   8.4615384615384613E-003   1.9230769230769232E-003   1629.7610599053000        1.0000000000000000     
   8.4615384615384613E-003   2.3076923076923075E-003   1629.7321383495498        1.0000000000000000     
   8.4615384615384613E-003   2.6923076923076922E-003   1629.6784676368875        1.0000000000000000     
   8.4615384615384613E-003   3.0769230769230769E-003   1629.6122829777039        1.0000000000000000     
   8.4615384615384613E-003   3.4615384615384616E-003   1629.5457669312291        1.0000000000000000     
   8.4615384615384613E-003   3.8461538461538464E-003   1629.4903375376239        1.0000000000000000     
   8.4615384615384613E-003   4.2307692307692307E-003   1629.4559901988296        1.0000000000000000     
   8.4615384615384613E-003   4.6153846153846149E-003   1629.4507334906730        1.0000000000000000     
   8.4615384615384613E-003   5.0000000000000001E-003   1629.4801530435466        1.0000000000000000     
   8.4615384615384613E-003   5.3846153846153844E-003   1629.5471295353648        1.0000000000000000     
   8.4615384615384613E-003   5.7692307692307696E-003   1629.6517272056542        1.0000000000000000     
   8.4615384615384613E-003   6.1538461538461538E-003   1629.7912587087339        1.0000000000000000     
   8.4615384615384613E-003   6.5384615384615381E-003   1629.9605212071804        1.0000000000000000     
   8.4615384615384613E-003   6.9230769230769233E-003   1630.1521880093289        1.0000000000000000     
   8.4615384615384613E-003   7.3076923076923076E-003   1630.3573304062397        1.0000000000000000     
   8.4615384615384613E-003   7.6923076923076927E-003   1630.5660362472101        1.0000000000000000     
   8.4615384615384613E-003   8.0769230769230770E-003   1630.7680857147197        1.0000000000000000     
   8.4615384615384613E-003   8.4615384615384613E-003   1630.9536411168258        1.0000000000000000     
   8.4615384615384613E-003   8.8461538461538456E-003   1631.1139065677164        1.0000000000000000     
   8.4615384615384613E-003   9.2307692307692299E-003   1631.2417152733879        1.0000000000000000     
   8.4615384615384613E-003   9.6153846153846159E-003   1631.3320066987521        1.0000000000000000     

   8.8461538461538456E-003   3.8461538461538462E-004   1630.1630069068483        1.0000000000000000     
   8.8461538461538456E-003   7.6923076923076923E-004   1630.3327996021726        1.0000000000000000     
   8.8461538461538456E-003   1.1538461538461537E-003   1630.4424399018840        1.0000000000000000     
   8.8461538461538456E-003   1.5384615384615385E-003   1630.4976647189599        1.0000000000000000     
   8.8461538461538456E-003   1.9230769230769232E-003   1630.5066513422610        1.0000000000000000     
   8.8461538461538456E-003   2.3076923076923075E-003   1630.4795273337720        1.0000000000000000     
   8.8461538461538456E-003   2.6923076923076922E-003   1630.4277658217086        1.0000000000000000     
   8.8461538461538456E-003   3.0769230769230769E-003   1630.3635039780318        1.0000000000000000     
   8.8461538461538456E-003   3.4615384615384616E-003   1630.2988270817716        1.0000000000000000     
   8.8461538461538456E-003   3.8461538461538464E-003   1630.2450624720861        1.0000000000000000     
   8.8461538461538456E-003   4.2307692307692307E-003   1630.2121268135443        1.0000000000000000     
   8.8461538461538456E-003   4.6153846153846149E-003   1630.2079665272777        1.0000000000000000     
   8.8461538461538456E-003   5.0000000000000001E-003   1630.2381252445339        1.0000000000000000     
   8.8461538461538456E-003   5.3846153846153844E-003   1630.3054641097735        1.0000000000000000     
   8.8461538461538456E-003   5.7692307692307696E-003   1630.4100512025493        1.0000000000000000     
   8.8461538461538456E-003   6.1538461538461538E-003   1630.5492258415672        1.0000000000000000     
   8.8461538461538456E-003   6.5384615384615381E-003   1630.7178327061797        1.0000000000000000     
   8.8461538461538456E-003   6.9230769230769233E-003   1630.9086102004562        1.0000000000000000     
   8.8461538461538456E-003   7.3076923076923076E-003   1631.1127079176777        1.0000000000000000     
   8.8461538461538456E-003   7.6923076923076927E-003   1631.3203000167930        1.0000000000000000     
   8.8461538461538456E-003   8.0769230769230770E-003   1631.5212552986934        1.0000000000000000     
   8.8461538461538456E-003   8.4615384615384613E-003   1631.7058211623485        1.0000000000000000     
   8.8461538461538456E-003   8.8461538461538456E-003   1631.8652776861964        1.0000000000000000     
   8.8461538461538456E-003   9.2307692307692299E-003   1631.9925199150114        1.0000000000000000     
   8.8461538461538456E-003   9.6153846153846159E-003   1632.0825309556676        1.0000000000000000     

   9.2307692307692299E-003   3.8461538461538462E-004   1630.6148373122571        1.0000000000000000     
   9.2307692307692299E-003   7.6923076923076923E-004   1630.7849960224405        1.0000000000000000     
   9.2307692307692299E-003   1.1538461538461537E-003   1630.8952729785974        1.0000000000000000     
   9.2307692307692299E-003   1.5384615384615385E-003   1630.9513735671924        1.0000000000000000     
   9.2307692307692299E-003   1.9230769230769232E-003   1630.9614301781614        1.0000000000000000     
   9.2307692307692299E-003   2.3076923076923075E-003   1630.9355148319153        1.0000000000000000     
   9.2307692307692299E-003   2.6923076923076922E-003   1630.8850378412087        1.0000000000000000     
   9.2307692307692299E-003   3.0769230769230769E-003   1630.8220700856421        1.0000000000000000     
   9.2307692307692299E-003   3.4615384615384616E-003   1630.7586310645456        1.0000000000000000     
   9.2307692307692299E-003   3.8461538461538464E-003   1630.7059867858932        1.0000000000000000     
   9.2307692307692299E-003   4.2307692307692307E-003   1630.6740006720886        1.0000000000000000     
   9.2307692307692299E-003   4.6153846153846149E-003   1630.6705771139070        1.0000000000000000     
   9.2307692307692299E-003   5.0000000000000001E-003   1630.7012313392408        1.0000000000000000     
   9.2307692307692299E-003   5.3846153846153844E-003   1630.7688112773867        1.0000000000000000     
   9.2307692307692299E-003   5.7692307692307696E-003   1630.8733875937796        1.0000000000000000     
   9.2307692307692299E-003   6.1538461538461538E-003   1631.0123176217828        1.0000000000000000     
   9.2307692307692299E-003   6.5384615384615381E-003   1631.1804781499636        1.0000000000000000     
   9.2307692307692299E-003   6.9230769230769233E-003   1631.3706515723097        1.0000000000000000     
   9.2307692307692299E-003   7.3076923076923076E-003   1631.5740403962320        1.0000000000000000     
   9.2307692307692299E-003   7.6923076923076927E-003   1631.7808771043983        1.0000000000000000     
   9.2307692307692299E-003   8.0769230769230770E-003   1631.9810903793311        1.0000000000000000     
   9.2307692307692299E-003   8.4615384615384613E-003   1632.1649851156769        1.0000000000000000     
   9.2307692307692299E-003   8.8461538461538456E-003   1632.3238927186499        1.0000000000000000     
   9.2307692307692299E-003   9.2307692307692299E-003   1632.4507500141510        1.0000000000000000     
   9.2307692307692299E-003   9.6153846153846159E-003   1632.5405695947657        1.0000000000000000     

   9.6153846153846159E-003   3.8461538461538462E-004   1630.7351570890135        1.0000000000000000     
   9.6153846153846159E-003   7.6923076923076923E-004   1630.9054860268554        1.0000000000000000     
   9.6153846153846159E-003   1.1538461538461537E-003   1631.0160739376777        1.0000000000000000     
   9.6153846153846159E-003   1.5384615384615385E-003   1631.0726099157685        1.0000000000000000     
   9.6153846153846159E-003   1.9230769230769232E-003   1631.0832031478544        1.0000000000000000     
   9.6153846153846159E-003   2.3076923076923075E-003   1631.0578969503424        1.0000000000000000     
   9.6153846153846159E-003   2.6923076923076922E-003   1631.0080691715032        1.0000000000000000     
   9.6153846153846159E-003   3.0769230769230769E-003   1630.9457564275085        1.0000000000000000     
   9.6153846153846159E-003   3.4615384615384616E-003   1630.8829442162955        1.0000000000000000     
   9.6153846153846159E-003   3.8461538461538464E-003   1630.8308668396567        1.0000000000000000     
   9.6153846153846159E-003   4.2307692307692307E-003   1630.7993601895612        1.0000000000000000     
   9.6153846153846159E-003   4.6153846153846149E-003   1630.7963069151108        1.0000000000000000     
   9.6153846153846159E-003   5.0000000000000001E-003   1630.8272075387029        1.0000000000000000     
   9.6153846153846159E-003   5.3846153846153844E-003   1630.8949031265249        1.0000000000000000     
   9.6153846153846159E-003   5.7692307692307696E-003   1630.9994656396609        1.0000000000000000     
   9.6153846153846159E-003   6.1538461538461538E-003   1631.1382616734677        1.0000000000000000     
   9.6153846153846159E-003   6.5384615384615381E-003   1631.3061845557484        1.0000000000000000     
   9.6153846153846159E-003   6.9230769230769233E-003   1631.4960393537915        1.0000000000000000     
   9.6153846153846159E-003   7.3076923076923076E-003   1631.6990558560381        1.0000000000000000     
   9.6153846153846159E-003   7.6923076923076927E-003   1631.9054966197152        1.0000000000000000     
   9.6153846153846159E-003   8.0769230769230770E-003   1632.1053212076465        1.0000000000000000     
   9.6153846153846159E-003   8.4615384615384613E-003   1632.2888641654781        1.0000000000000000     
   9.6153846153846159E-003   8.8461538461538456E-003   1632.4474833684742        1.0000000000000000     
   9.6153846153846159E-003   9.2307692307692299E-003   1632.5741371898191        1.0000000000000000     
   9.6153846153846159E-003   9.6153846153846159E-003   1632.6638534283841        1.0000000000000000     

