   3.8461538461538462E-004   3.8461538461538462E-004   951.76151355220645        1.0000000000000000     
   3.8461538461538462E-004   7.6923076923076923E-004   951.67900473337045        1.0000000000000000     
   3.8461538461538462E-004   1.1538461538461537E-003   951.60496087598710        1.0000000000000000     
   3.8461538461538462E-004   1.5384615384615385E-003   951.53922328543820        1.0000000000000000     
   3.8461538461538462E-004   1.9230769230769232E-003   951.48121644581920        1.0000000000000000     
   3.8461538461538462E-004   2.3076923076923075E-003   951.43085148610771        1.0000000000000000     
   3.8461538461538462E-004   2.6923076923076922E-003   951.38786528790808        1.0000000000000000     
   3.8461538461538462E-004   3.0769230769230769E-003   951.35205137423554        1.0000000000000000     
   3.8461538461538462E-004   3.4615384615384616E-003   951.32314931114547        1.0000000000000000     
   3.8461538461538462E-004   3.8461538461538464E-003   951.30092911602856        1.0000000000000000     
   3.8461538461538462E-004   4.2307692307692307E-003   951.28520050345458        1.0000000000000000     
   3.8461538461538462E-004   4.6153846153846149E-003   951.27582165680246        1.0000000000000000     
   3.8461538461538462E-004   5.0000000000000001E-003   951.27270520597722        1.0000000000000000     
   3.8461538461538462E-004   5.3846153846153844E-003   951.27582165680269        1.0000000000000000     
   3.8461538461538462E-004   5.7692307692307696E-003   951.28520050345469        1.0000000000000000     
   3.8461538461538462E-004   6.1538461538461538E-003   951.30092911602856        1.0000000000000000     
   3.8461538461538462E-004   6.5384615384615381E-003   951.32314931114524        1.0000000000000000     
   3.8461538461538462E-004   6.9230769230769233E-003   951.35205137423520        1.0000000000000000     
   3.8461538461538462E-004   7.3076923076923076E-003   951.38786528790763        1.0000000000000000     
   3.8461538461538462E-004   7.6923076923076927E-003   951.43085148610714        1.0000000000000000     
   3.8461538461538462E-004   8.0769230769230770E-003   951.48121644581954        1.0000000000000000     
   3.8461538461538462E-004   8.4615384615384613E-003   951.53922328543808        1.0000000000000000     
   3.8461538461538462E-004   8.8461538461538456E-003   951.60496087598790        1.0000000000000000     
   3.8461538461538462E-004   9.2307692307692299E-003   951.67900473337068        1.0000000000000000     
   3.8461538461538462E-004   9.6153846153846159E-003   951.76151355220634        1.0000000000000000     

   7.6923076923076923E-004   3.8461538461538462E-004   1051.2892126711092        1.0000000000000000     
   7.6923076923076923E-004   7.6923076923076923E-004   1051.1295799169438        1.0000000000000000     
   7.6923076923076923E-004   1.1538461538461537E-003   1050.9862079200959        1.0000000000000000     
   7.6923076923076923E-004   1.5384615384615385E-003   1050.8584171510320        1.0000000000000000     
   7.6923076923076923E-004   1.9230769230769232E-003   1050.7463030668523        1.0000000000000000     
   7.6923076923076923E-004   2.3076923076923075E-003   1050.6487526290107        1.0000000000000000     
   7.6923076923076923E-004   2.6923076923076922E-003   1050.5655980832876        1.0000000000000000     
   7.6923076923076923E-004   3.0769230769230769E-003   1050.4963536032669        1.0000000000000000     
   7.6923076923076923E-004   3.4615384615384616E-003   1050.4405001253842        1.0000000000000000     
   7.6923076923076923E-004   3.8461538461538464E-003   1050.3975773209409        1.0000000000000000     
   7.6923076923076923E-004   4.2307692307692307E-003   1050.3672043102281        1.0000000000000000     
   7.6923076923076923E-004   4.6153846153846149E-003   1050.3490972350867        1.0000000000000000     
   7.6923076923076923E-004   5.0000000000000001E-003   1050.3430812209676        1.0000000000000000     
   7.6923076923076923E-004   5.3846153846153844E-003   1050.3490972350867        1.0000000000000000     
   7.6923076923076923E-004   5.7692307692307696E-003   1050.3672043102279        1.0000000000000000     
   7.6923076923076923E-004   6.1538461538461538E-003   1050.3975773209399        1.0000000000000000     
   7.6923076923076923E-004   6.5384615384615381E-003   1050.4405001253840        1.0000000000000000     
   7.6923076923076923E-004   6.9230769230769233E-003   1050.4963536032672        1.0000000000000000     
   7.6923076923076923E-004   7.3076923076923076E-003   1050.5655980832878        1.0000000000000000     
   7.6923076923076923E-004   7.6923076923076927E-003   1050.6487526290107        1.0000000000000000     
   7.6923076923076923E-004   8.0769230769230770E-003   1050.7463030668525        1.0000000000000000     
   7.6923076923076923E-004   8.4615384615384613E-003   1050.8584171510327        1.0000000000000000     
   7.6923076923076923E-004   8.8461538461538456E-003   1050.9862079200971        1.0000000000000000     
   7.6923076923076923E-004   9.2307692307692299E-003   1051.1295799169441        1.0000000000000000     
   7.6923076923076923E-004   9.6153846153846159E-003   1051.2892126711104        1.0000000000000000     

   1.1538461538461537E-003   3.8461538461538462E-004   1146.4830109464388        1.0000000000000000     
   1.1538461538461537E-003   7.6923076923076923E-004   1146.2556660884516        1.0000000000000000     
   1.1538461538461537E-003   1.1538461538461537E-003   1146.0509552171059        1.0000000000000000     
   1.1538461538461537E-003   1.5384615384615385E-003   1145.8697354890401        1.0000000000000000     
   1.1538461538461537E-003   1.9230769230769232E-003   1145.7101973959200        1.0000000000000000     
   1.1538461538461537E-003   2.3076923076923075E-003   1145.5716741332280        1.0000000000000000     
   1.1538461538461537E-003   2.6923076923076922E-003   1145.4537264596288        1.0000000000000000     
   1.1538461538461537E-003   3.0769230769230769E-003   1145.3556012182983        1.0000000000000000     
   1.1538461538461537E-003   3.4615384615384616E-003   1145.2765200144916        1.0000000000000000     
   1.1538461538461537E-003   3.8461538461538464E-003   1145.2157915077898        1.0000000000000000     
   1.1538461538461537E-003   4.2307692307692307E-003   1145.1728436909293        1.0000000000000000     
   1.1538461538461537E-003   4.6153846153846149E-003   1145.1472502880974        1.0000000000000000     
   1.1538461538461537E-003   5.0000000000000001E-003   1145.1387487013978        1.0000000000000000     
   1.1538461538461537E-003   5.3846153846153844E-003   1145.1472502880974        1.0000000000000000     
   1.1538461538461537E-003   5.7692307692307696E-003   1145.1728436909291        1.0000000000000000     
   1.1538461538461537E-003   6.1538461538461538E-003   1145.2157915077892        1.0000000000000000     
   1.1538461538461537E-003   6.5384615384615381E-003   1145.2765200144913        1.0000000000000000     
   1.1538461538461537E-003   6.9230769230769233E-003   1145.3556012182983        1.0000000000000000     
   1.1538461538461537E-003   7.3076923076923076E-003   1145.4537264596293        1.0000000000000000     
   1.1538461538461537E-003   7.6923076923076927E-003   1145.5716741332287        1.0000000000000000     
   1.1538461538461537E-003   8.0769230769230770E-003   1145.7101973959209        1.0000000000000000     
   1.1538461538461537E-003   8.4615384615384613E-003   1145.8697354890412        1.0000000000000000     
   1.1538461538461537E-003   8.8461538461538456E-003   1146.0509552171075        1.0000000000000000     
   1.1538461538461537E-003   9.2307692307692299E-003   1146.2556660884518        1.0000000000000000     
   1.1538461538461537E-003   9.6153846153846159E-003   1146.4830109464401        1.0000000000000000     

   1.5384615384615385E-003   3.8461538461538462E-004   1235.4958994895651        1.0000000000000000     
   1.5384615384615385E-003   7.6923076923076923E-004   1235.2135163265186        1.0000000000000000     
   1.5384615384615385E-003   1.1538461538461537E-003   1234.9604792830544        1.0000000000000000     
   1.5384615384615385E-003   1.5384615384615385E-003   1234.7360400198686        1.0000000000000000     
   1.5384615384615385E-003   1.9230769230769232E-003   1234.5388514985748        1.0000000000000000     
   1.5384615384615385E-003   2.3076923076923075E-003   1234.3679555008662        1.0000000000000000     
   1.5384615384615385E-003   2.6923076923076922E-003   1234.2226707996467        1.0000000000000000     
   1.5384615384615385E-003   3.0769230769230769E-003   1234.1019756344187        1.0000000000000000     
   1.5384615384615385E-003   3.4615384615384616E-003   1234.0048313666789        1.0000000000000000     
   1.5384615384615385E-003   3.8461538461538464E-003   1233.9303148607580        1.0000000000000000     
   1.5384615384615385E-003   4.2307692307692307E-003   1233.8776623959700        1.0000000000000000     
   1.5384615384615385E-003   4.6153846153846149E-003   1233.8463048972476        1.0000000000000000     
   1.5384615384615385E-003   5.0000000000000001E-003   1233.8358918366803        1.0000000000000000     
   1.5384615384615385E-003   5.3846153846153844E-003   1233.8463048972476        1.0000000000000000     
   1.5384615384615385E-003   5.7692307692307696E-003   1233.8776623959702        1.0000000000000000     
   1.5384615384615385E-003   6.1538461538461538E-003   1233.9303148607576        1.0000000000000000     
   1.5384615384615385E-003   6.5384615384615381E-003   1234.0048313666787        1.0000000000000000     
   1.5384615384615385E-003   6.9230769230769233E-003   1234.1019756344190        1.0000000000000000     
   1.5384615384615385E-003   7.3076923076923076E-003   1234.2226707996467        1.0000000000000000     
   1.5384615384615385E-003   7.6923076923076927E-003   1234.3679555008662        1.0000000000000000     
   1.5384615384615385E-003   8.0769230769230770E-003   1234.5388514985757        1.0000000000000000     
   1.5384615384615385E-003   8.4615384615384613E-003   1234.7360400198697        1.0000000000000000     
   1.5384615384615385E-003   8.8461538461538456E-003   1234.9604792830548        1.0000000000000000     
   1.5384615384615385E-003   9.2307692307692299E-003   1235.2135163265195        1.0000000000000000     
   1.5384615384615385E-003   9.6153846153846159E-003   1235.4958994895658        1.0000000000000000     

   1.9230769230769232E-003   3.8461538461538462E-004   1316.8323061602293        1.0000000000000000     
   1.9230769230769232E-003   7.6923076923076923E-004   1316.5111003310499        1.0000000000000000     
   1.9230769230769232E-003   1.1538461538461537E-003   1316.2234395541875        1.0000000000000000     
   1.9230769230769232E-003   1.5384615384615385E-003   1315.9688141544698        1.0000000000000000     
   1.9230769230769232E-003   1.9230769230769232E-003   1315.7456010690441        1.0000000000000000     
   1.9230769230769232E-003   2.3076923076923075E-003   1315.5525950069102        1.0000000000000000     
   1.9230769230769232E-003   2.6923076923076922E-003   1315.3888699795532        1.0000000000000000     
   1.9230769230769232E-003   3.0769230769230769E-003   1315.2531343125352        1.0000000000000000     
   1.9230769230769232E-003   3.4615384615384616E-003   1315.1440882940437        1.0000000000000000     
   1.9230769230769232E-003   3.8461538461538464E-003   1315.0605763472265        1.0000000000000000     
   1.9230769230769232E-003   4.2307692307692307E-003   1315.0016426472007        1.0000000000000000     
   1.9230769230769232E-003   4.6153846153846149E-003   1314.9665751374241        1.0000000000000000     
   1.9230769230769232E-003   5.0000000000000001E-003   1314.9549353012294        1.0000000000000000     
   1.9230769230769232E-003   5.3846153846153844E-003   1314.9665751374241        1.0000000000000000     
   1.9230769230769232E-003   5.7692307692307696E-003   1315.0016426472007        1.0000000000000000     
   1.9230769230769232E-003   6.1538461538461538E-003   1315.0605763472261        1.0000000000000000     
   1.9230769230769232E-003   6.5384615384615381E-003   1315.1440882940442        1.0000000000000000     
   1.9230769230769232E-003   6.9230769230769233E-003   1315.2531343125358        1.0000000000000000     
   1.9230769230769232E-003   7.3076923076923076E-003   1315.3888699795534        1.0000000000000000     
   1.9230769230769232E-003   7.6923076923076927E-003   1315.5525950069114        1.0000000000000000     
   1.9230769230769232E-003   8.0769230769230770E-003   1315.7456010690451        1.0000000000000000     
   1.9230769230769232E-003   8.4615384615384613E-003   1315.9688141544711        1.0000000000000000     
   1.9230769230769232E-003   8.8461538461538456E-003   1316.2234395541891        1.0000000000000000     
   1.9230769230769232E-003   9.2307692307692299E-003   1316.5111003310506        1.0000000000000000     
   1.9230769230769232E-003   9.6153846153846159E-003   1316.8323061602296        1.0000000000000000     

   2.3076923076923075E-003   3.8461538461538462E-004   1389.4171778779578        1.0000000000000000     
   2.3076923076923075E-003   7.6923076923076923E-004   1389.0738344349197        1.0000000000000000     
   2.3076923076923075E-003   1.1538461538461537E-003   1388.7671035141063        1.0000000000000000     
   2.3076923076923075E-003   1.5384615384615385E-003   1388.4963315647469        1.0000000000000000     
   2.3076923076923075E-003   1.9230769230769232E-003   1388.2596583687448        1.0000000000000000     
   2.3076923076923075E-003   2.3076923076923075E-003   1388.0556325324387        1.0000000000000000     
   2.3076923076923075E-003   2.6923076923076922E-003   1387.8830801453955        1.0000000000000000     
   2.3076923076923075E-003   3.0769230769230769E-003   1387.7404384115564        1.0000000000000000     
   2.3076923076923075E-003   3.4615384615384616E-003   1387.6261460137778        1.0000000000000000     
   2.3076923076923075E-003   3.8461538461538464E-003   1387.5388147163960        1.0000000000000000     
   2.3076923076923075E-003   4.2307692307692307E-003   1387.4772966818275        1.0000000000000000     
   2.3076923076923075E-003   4.6153846153846149E-003   1387.4407371312177        1.0000000000000000     
   2.3076923076923075E-003   5.0000000000000001E-003   1387.4286098091695        1.0000000000000000     
   2.3076923076923075E-003   5.3846153846153844E-003   1387.4407371312177        1.0000000000000000     
   2.3076923076923075E-003   5.7692307692307696E-003   1387.4772966818275        1.0000000000000000     
   2.3076923076923075E-003   6.1538461538461538E-003   1387.5388147163960        1.0000000000000000     
   2.3076923076923075E-003   6.5384615384615381E-003   1387.6261460137785        1.0000000000000000     
   2.3076923076923075E-003   6.9230769230769233E-003   1387.7404384115569        1.0000000000000000     
   2.3076923076923075E-003   7.3076923076923076E-003   1387.8830801453969        1.0000000000000000     
   2.3076923076923075E-003   7.6923076923076927E-003   1388.0556325324396        1.0000000000000000     
   2.3076923076923075E-003   8.0769230769230770E-003   1388.2596583687457        1.0000000000000000     
   2.3076923076923075E-003   8.4615384615384613E-003   1388.4963315647474        1.0000000000000000     
   2.3076923076923075E-003   8.8461538461538456E-003   1388.7671035141075        1.0000000000000000     
   2.3076923076923075E-003   9.2307692307692299E-003   1389.0738344349202        1.0000000000000000     
   2.3076923076923075E-003   9.6153846153846159E-003   1389.4171778779582        1.0000000000000000     

   2.6923076923076922E-003   3.8461538461538462E-004   1452.6291335225883        1.0000000000000000     
   2.6923076923076922E-003   7.6923076923076923E-004   1452.2806559401313        1.0000000000000000     
   2.6923076923076922E-003   1.1538461538461537E-003   1451.9703632170385        1.0000000000000000     
   2.6923076923076922E-003   1.5384615384615385E-003   1451.6974734227645        1.0000000000000000     
   2.6923076923076922E-003   1.9230769230769232E-003   1451.4598946230251        1.0000000000000000     
   2.6923076923076922E-003   2.3076923076923075E-003   1451.2559294193911        1.0000000000000000     
   2.6923076923076922E-003   2.6923076923076922E-003   1451.0841524210934        1.0000000000000000     
   2.6923076923076922E-003   3.0769230769230769E-003   1450.9427286665052        1.0000000000000000     
   2.6923076923076922E-003   3.4615384615384616E-003   1450.8298352217428        1.0000000000000000     
   2.6923076923076922E-003   3.8461538461538464E-003   1450.7438516902234        1.0000000000000000     
   2.6923076923076922E-003   4.2307692307692307E-003   1450.6834390897250        1.0000000000000000     
   2.6923076923076922E-003   4.6153846153846149E-003   1450.6476008698635        1.0000000000000000     
   2.6923076923076922E-003   5.0000000000000001E-003   1450.6357237623790        1.0000000000000000     
   2.6923076923076922E-003   5.3846153846153844E-003   1450.6476008698635        1.0000000000000000     
   2.6923076923076922E-003   5.7692307692307696E-003   1450.6834390897250        1.0000000000000000     
   2.6923076923076922E-003   6.1538461538461538E-003   1450.7438516902239        1.0000000000000000     
   2.6923076923076922E-003   6.5384615384615381E-003   1450.8298352217439        1.0000000000000000     
   2.6923076923076922E-003   6.9230769230769233E-003   1450.9427286665064        1.0000000000000000     
   2.6923076923076922E-003   7.3076923076923076E-003   1451.0841524210946        1.0000000000000000     
   2.6923076923076922E-003   7.6923076923076927E-003   1451.2559294193914        1.0000000000000000     
   2.6923076923076922E-003   8.0769230769230770E-003   1451.4598946230258        1.0000000000000000     
   2.6923076923076922E-003   8.4615384615384613E-003   1451.6974734227645        1.0000000000000000     
   2.6923076923076922E-003   8.8461538461538456E-003   1451.9703632170392        1.0000000000000000     
   2.6923076923076922E-003   9.2307692307692299E-003   1452.2806559401313        1.0000000000000000     
   2.6923076923076922E-003   9.6153846153846159E-003   1452.6291335225885        1.0000000000000000     

   3.0769230769230769E-003   3.8461538461538462E-004   1506.3005240136511        1.0000000000000000     
   3.0769230769230769E-003   7.6923076923076923E-004   1505.9627190200670        1.0000000000000000     
   3.0769230769230769E-003   1.1538461538461537E-003   1505.6633010409189        1.0000000000000000     
   3.0769230769230769E-003   1.5384615384615385E-003   1505.4013545673745        1.0000000000000000     
   3.0769230769230769E-003   1.9230769230769232E-003   1505.1745585466103        1.0000000000000000     
   3.0769230769230769E-003   2.3076923076923075E-003   1504.9809684647348        1.0000000000000000     
   3.0769230769230769E-003   2.6923076923076922E-003   1504.8189035278665        1.0000000000000000     
   3.0769230769230769E-003   3.0769230769230769E-003   1504.6862558535020        1.0000000000000000     
   3.0769230769230769E-003   3.4615384615384616E-003   1504.5809415936501        1.0000000000000000     
   3.0769230769230769E-003   3.8461538461538464E-003   1504.5011096548453        1.0000000000000000     
   3.0769230769230769E-003   4.2307692307692307E-003   1504.4452318127417        1.0000000000000000     
   3.0769230769230769E-003   4.6153846153846149E-003   1504.4121716093368        1.0000000000000000     
   3.0769230769230769E-003   5.0000000000000001E-003   1504.4012301142457        1.0000000000000000     
   3.0769230769230769E-003   5.3846153846153844E-003   1504.4121716093371        1.0000000000000000     
   3.0769230769230769E-003   5.7692307692307696E-003   1504.4452318127419        1.0000000000000000     
   3.0769230769230769E-003   6.1538461538461538E-003   1504.5011096548462        1.0000000000000000     
   3.0769230769230769E-003   6.5384615384615381E-003   1504.5809415936512        1.0000000000000000     
   3.0769230769230769E-003   6.9230769230769233E-003   1504.6862558535024        1.0000000000000000     
   3.0769230769230769E-003   7.3076923076923076E-003   1504.8189035278674        1.0000000000000000     
   3.0769230769230769E-003   7.6923076923076927E-003   1504.9809684647357        1.0000000000000000     
   3.0769230769230769E-003   8.0769230769230770E-003   1505.1745585466110        1.0000000000000000     
   3.0769230769230769E-003   8.4615384615384613E-003   1505.4013545673745        1.0000000000000000     
   3.0769230769230769E-003   8.8461538461538456E-003   1505.6633010409196        1.0000000000000000     
   3.0769230769230769E-003   9.2307692307692299E-003   1505.9627190200670        1.0000000000000000     
   3.0769230769230769E-003   9.6153846153846159E-003   1506.3005240136511        1.0000000000000000     

   3.4615384615384616E-003   3.8461538461538462E-004   1550.6861122084267        1.0000000000000000     
   3.4615384615384616E-003   7.6923076923076923E-004   1550.3726773684648        1.0000000000000000     
   3.4615384615384616E-003   1.1538461538461537E-003   1550.0966447875801        1.0000000000000000     
   3.4615384615384616E-003   1.5384615384615385E-003   1549.8569602082930        1.0000000000000000     
   3.4615384615384616E-003   1.9230769230769232E-003   1549.6510748673252        1.0000000000000000     
   3.4615384615384616E-003   2.3076923076923075E-003   1549.4767952097734        1.0000000000000000     
   3.4615384615384616E-003   2.6923076923076922E-003   1549.3321810128850        1.0000000000000000     
   3.4615384615384616E-003   3.0769230769230769E-003   1549.2148511146975        1.0000000000000000     
   3.4615384615384616E-003   3.4615384615384616E-003   1549.1224622860295        1.0000000000000000     
   3.4615384615384616E-003   3.8461538461538464E-003   1549.0529353185375        1.0000000000000000     
   3.4615384615384616E-003   4.2307692307692307E-003   1549.0045558473416        1.0000000000000000     
   3.4615384615384616E-003   4.6153846153846149E-003   1548.9760504313151        1.0000000000000000     
   3.4615384615384616E-003   5.0000000000000001E-003   1548.9666365554272        1.0000000000000000     
   3.4615384615384616E-003   5.3846153846153844E-003   1548.9760504313151        1.0000000000000000     
   3.4615384615384616E-003   5.7692307692307696E-003   1549.0045558473423        1.0000000000000000     
   3.4615384615384616E-003   6.1538461538461538E-003   1549.0529353185384        1.0000000000000000     
   3.4615384615384616E-003   6.5384615384615381E-003   1549.1224622860302        1.0000000000000000     
   3.4615384615384616E-003   6.9230769230769233E-003   1549.2148511146981        1.0000000000000000     
   3.4615384615384616E-003   7.3076923076923076E-003   1549.3321810128862        1.0000000000000000     
   3.4615384615384616E-003   7.6923076923076927E-003   1549.4767952097734        1.0000000000000000     
   3.4615384615384616E-003   8.0769230769230770E-003   1549.6510748673252        1.0000000000000000     
   3.4615384615384616E-003   8.4615384615384613E-003   1549.8569602082932        1.0000000000000000     
   3.4615384615384616E-003   8.8461538461538456E-003   1550.0966447875810        1.0000000000000000     
   3.4615384615384616E-003   9.2307692307692299E-003   1550.3726773684662        1.0000000000000000     
   3.4615384615384616E-003   9.6153846153846159E-003   1550.6861122084276        1.0000000000000000     

   3.8461538461538464E-003   3.8461538461538462E-004   1586.4068937707571        1.0000000000000000     
   3.8461538461538464E-003   7.6923076923076923E-004   1586.1287463336625        1.0000000000000000     
   3.8461538461538464E-003   1.1538461538461537E-003   1585.8860707068682        1.0000000000000000     
   3.8461538461538464E-003   1.5384615384615385E-003   1585.6776688609993        1.0000000000000000     
   3.8461538461538464E-003   1.9230769230769232E-003   1585.5007647923489        1.0000000000000000     
   3.8461538461538464E-003   2.3076923076923075E-003   1585.3529133055008        1.0000000000000000     
   3.8461538461538464E-003   2.6923076923076922E-003   1585.2319107066805        1.0000000000000000     
   3.8461538461538464E-003   3.0769230769230769E-003   1585.1351025369131        1.0000000000000000     
   3.8461538461538464E-003   3.4615384615384616E-003   1585.0598884855224        1.0000000000000000     
   3.8461538461538464E-003   3.8461538461538464E-003   1585.0039649027199        1.0000000000000000     
   3.8461538461538464E-003   4.2307692307692307E-003   1584.9654355903640        1.0000000000000000     
   3.8461538461538464E-003   4.6153846153846149E-003   1584.9428941337521        1.0000000000000000     
   3.8461538461538464E-003   5.0000000000000001E-003   1584.9354772615748        1.0000000000000000     
   3.8461538461538464E-003   5.3846153846153844E-003   1584.9428941337530        1.0000000000000000     
   3.8461538461538464E-003   5.7692307692307696E-003   1584.9654355903656        1.0000000000000000     
   3.8461538461538464E-003   6.1538461538461538E-003   1585.0039649027203        1.0000000000000000     
   3.8461538461538464E-003   6.5384615384615381E-003   1585.0598884855240        1.0000000000000000     
   3.8461538461538464E-003   6.9230769230769233E-003   1585.1351025369147        1.0000000000000000     
   3.8461538461538464E-003   7.3076923076923076E-003   1585.2319107066837        1.0000000000000000     
   3.8461538461538464E-003   7.6923076923076927E-003   1585.3529133055024        1.0000000000000000     
   3.8461538461538464E-003   8.0769230769230770E-003   1585.5007647923510        1.0000000000000000     
   3.8461538461538464E-003   8.4615384615384613E-003   1585.6776688610005        1.0000000000000000     
   3.8461538461538464E-003   8.8461538461538456E-003   1585.8860707068695        1.0000000000000000     
   3.8461538461538464E-003   9.2307692307692299E-003   1586.1287463336637        1.0000000000000000     
   3.8461538461538464E-003   9.6153846153846159E-003   1586.4068937707586        1.0000000000000000     

   4.2307692307692307E-003   3.8461538461538462E-004   1614.3757701812478        1.0000000000000000     
   4.2307692307692307E-003   7.6923076923076923E-004   1614.1406416156817        1.0000000000000000     
   4.2307692307692307E-003   1.1538461538461537E-003   1613.9383869673770        1.0000000000000000     
   4.2307692307692307E-003   1.5384615384615385E-003   1613.7676589949160        1.0000000000000000     
   4.2307692307692307E-003   1.9230769230769232E-003   1613.6254535869068        1.0000000000000000     
   4.2307692307692307E-003   2.3076923076923075E-003   1613.5090703512863        1.0000000000000000     
   4.2307692307692307E-003   2.6923076923076922E-003   1613.4160378204087        1.0000000000000000     
   4.2307692307692307E-003   3.0769230769230769E-003   1613.3434282228245        1.0000000000000000     
   4.2307692307692307E-003   3.4615384615384616E-003   1613.2883869029404        1.0000000000000000     
   4.2307692307692307E-003   3.8461538461538464E-003   1613.2483902605634        1.0000000000000000     
   4.2307692307692307E-003   4.2307692307692307E-003   1613.2213655706332        1.0000000000000000     
   4.2307692307692307E-003   4.6153846153846149E-003   1613.2057783995829        1.0000000000000000     
   4.2307692307692307E-003   5.0000000000000001E-003   1613.2006882195278        1.0000000000000000     
   4.2307692307692307E-003   5.3846153846153844E-003   1613.2057783995831        1.0000000000000000     
   4.2307692307692307E-003   5.7692307692307696E-003   1613.2213655706344        1.0000000000000000     
   4.2307692307692307E-003   6.1538461538461538E-003   1613.2483902605643        1.0000000000000000     
   4.2307692307692307E-003   6.5384615384615381E-003   1613.2883869029417        1.0000000000000000     
   4.2307692307692307E-003   6.9230769230769233E-003   1613.3434282228263        1.0000000000000000     
   4.2307692307692307E-003   7.3076923076923076E-003   1613.4160378204108        1.0000000000000000     
   4.2307692307692307E-003   7.6923076923076927E-003   1613.5090703512890        1.0000000000000000     
   4.2307692307692307E-003   8.0769230769230770E-003   1613.6254535869093        1.0000000000000000     
   4.2307692307692307E-003   8.4615384615384613E-003   1613.7676589949178        1.0000000000000000     
   4.2307692307692307E-003   8.8461538461538456E-003   1613.9383869673791        1.0000000000000000     
   4.2307692307692307E-003   9.2307692307692299E-003   1614.1406416156840        1.0000000000000000     
   4.2307692307692307E-003   9.6153846153846159E-003   1614.3757701812481        1.0000000000000000     

   4.6153846153846149E-003   3.8461538461538462E-004   1635.7122910519577        1.0000000000000000     
   4.6153846153846149E-003   7.6923076923076923E-004   1635.5245597819776        1.0000000000000000     
   4.6153846153846149E-003   1.1538461538461537E-003   1635.3667329258080        1.0000000000000000     
   4.6153846153846149E-003   1.5384615384615385E-003   1635.2373075962848        1.0000000000000000     
   4.6153846153846149E-003   1.9230769230769232E-003   1635.1330486922589        1.0000000000000000     
   4.6153846153846149E-003   2.3076923076923075E-003   1635.0509954975635        1.0000000000000000     
   4.6153846153846149E-003   2.6923076923076922E-003   1634.9884036167057        1.0000000000000000     
   4.6153846153846149E-003   3.0769230769230769E-003   1634.9420713012626        1.0000000000000000     
   4.6153846153846149E-003   3.4615384615384616E-003   1634.9088920993802        1.0000000000000000     
   4.6153846153846149E-003   3.8461538461538464E-003   1634.8861272219935        1.0000000000000000     
   4.6153846153846149E-003   4.2307692307692307E-003   1634.8715332795296        1.0000000000000000     
   4.6153846153846149E-003   4.6153846153846149E-003   1634.8634533962811        1.0000000000000000     
   4.6153846153846149E-003   5.0000000000000001E-003   1634.8608737631416        1.0000000000000000     
   4.6153846153846149E-003   5.3846153846153844E-003   1634.8634533962816        1.0000000000000000     
   4.6153846153846149E-003   5.7692307692307696E-003   1634.8715332795302        1.0000000000000000     
   4.6153846153846149E-003   6.1538461538461538E-003   1634.8861272219949        1.0000000000000000     
   4.6153846153846149E-003   6.5384615384615381E-003   1634.9088920993811        1.0000000000000000     
   4.6153846153846149E-003   6.9230769230769233E-003   1634.9420713012644        1.0000000000000000     
   4.6153846153846149E-003   7.3076923076923076E-003   1634.9884036167080        1.0000000000000000     
   4.6153846153846149E-003   7.6923076923076927E-003   1635.0509954975655        1.0000000000000000     
   4.6153846153846149E-003   8.0769230769230770E-003   1635.1330486922618        1.0000000000000000     
   4.6153846153846149E-003   8.4615384615384613E-003   1635.2373075962873        1.0000000000000000     
   4.6153846153846149E-003   8.8461538461538456E-003   1635.3667329258114        1.0000000000000000     
   4.6153846153846149E-003   9.2307692307692299E-003   1635.5245597819805        1.0000000000000000     
   4.6153846153846149E-003   9.6153846153846159E-003   1635.7122910519593        1.0000000000000000     

   5.0000000000000001E-003   3.8461538461538462E-004   1651.6528284744622        1.0000000000000000     
   5.0000000000000001E-003   7.6923076923076923E-004   1651.5135468476203        1.0000000000000000     
   5.0000000000000001E-003   1.1538461538461537E-003   1651.4011258925177        1.0000000000000000     
   5.0000000000000001E-003   1.5384615384615385E-003   1651.3138990722834        1.0000000000000000     
   5.0000000000000001E-003   1.9230769230769232E-003   1651.2483946211762        1.0000000000000000     
   5.0000000000000001E-003   2.3076923076923075E-003   1651.2013839870042        1.0000000000000000     
   5.0000000000000001E-003   2.6923076923076922E-003   1651.1698430004917        1.0000000000000000     
   5.0000000000000001E-003   3.0769230769230769E-003   1651.1502937340267        1.0000000000000000     
   5.0000000000000001E-003   3.4615384615384616E-003   1651.1393794397206        1.0000000000000000     
   5.0000000000000001E-003   3.8461538461538464E-003   1651.1341503958888        1.0000000000000000     
   5.0000000000000001E-003   4.2307692307692307E-003   1651.1321983185626        1.0000000000000000     
   5.0000000000000001E-003   4.6153846153846149E-003   1651.1317496016102        1.0000000000000000     
   5.0000000000000001E-003   5.0000000000000001E-003   1651.1317213039893        1.0000000000000000     
   5.0000000000000001E-003   5.3846153846153844E-003   1651.1317496016100        1.0000000000000000     
   5.0000000000000001E-003   5.7692307692307696E-003   1651.1321983185633        1.0000000000000000     
   5.0000000000000001E-003   6.1538461538461538E-003   1651.1341503958899        1.0000000000000000     
   5.0000000000000001E-003   6.5384615384615381E-003   1651.1393794397216        1.0000000000000000     
   5.0000000000000001E-003   6.9230769230769233E-003   1651.1502937340281        1.0000000000000000     
   5.0000000000000001E-003   7.3076923076923076E-003   1651.1698430004933        1.0000000000000000     
   5.0000000000000001E-003   7.6923076923076927E-003   1651.2013839870062        1.0000000000000000     
   5.0000000000000001E-003   8.0769230769230770E-003   1651.2483946211785        1.0000000000000000     
   5.0000000000000001E-003   8.4615384615384613E-003   1651.3138990722864        1.0000000000000000     
   5.0000000000000001E-003   8.8461538461538456E-003   1651.4011258925213        1.0000000000000000     
   5.0000000000000001E-003   9.2307692307692299E-003   1651.5135468476233        1.0000000000000000     
   5.0000000000000001E-003   9.6153846153846159E-003   1651.6528284744647        1.0000000000000000     

   5.3846153846153844E-003   3.8461538461538462E-004   1663.4613639459051        1.0000000000000000     
   5.3846153846153844E-003   7.6923076923076923E-004   1663.3684394634049        1.0000000000000000     
   5.3846153846153844E-003   1.1538461538461537E-003   1663.2995432628516        1.0000000000000000     
   5.3846153846153844E-003   1.5384615384615385E-003   1663.2528350396983        1.0000000000000000     
   5.3846153846153844E-003   1.9230769230769232E-003   1663.2245971838017        1.0000000000000000     
   5.3846153846153844E-003   2.3076923076923075E-003   1663.2113226051499        1.0000000000000000     
   5.3846153846153844E-003   2.6923076923076922E-003   1663.2096979395492        1.0000000000000000     
   5.3846153846153844E-003   3.0769230769230769E-003   1663.2159644059493        1.0000000000000000     
   5.3846153846153844E-003   3.4615384615384616E-003   1663.2265144819014        1.0000000000000000     
   5.3846153846153844E-003   3.8461538461538464E-003   1663.2381903942944        1.0000000000000000     
   5.3846153846153844E-003   4.2307692307692307E-003   1663.2484238904522        1.0000000000000000     
   5.3846153846153844E-003   4.6153846153846149E-003   1663.2553298990954        1.0000000000000000     
   5.3846153846153844E-003   5.0000000000000001E-003   1663.2577603028567        1.0000000000000000     
   5.3846153846153844E-003   5.3846153846153844E-003   1663.2553298990961        1.0000000000000000     
   5.3846153846153844E-003   5.7692307692307696E-003   1663.2484238904533        1.0000000000000000     
   5.3846153846153844E-003   6.1538461538461538E-003   1663.2381903942955        1.0000000000000000     
   5.3846153846153844E-003   6.5384615384615381E-003   1663.2265144819028        1.0000000000000000     
   5.3846153846153844E-003   6.9230769230769233E-003   1663.2159644059516        1.0000000000000000     
   5.3846153846153844E-003   7.3076923076923076E-003   1663.2096979395499        1.0000000000000000     
   5.3846153846153844E-003   7.6923076923076927E-003   1663.2113226051515        1.0000000000000000     
   5.3846153846153844E-003   8.0769230769230770E-003   1663.2245971838038        1.0000000000000000     
   5.3846153846153844E-003   8.4615384615384613E-003   1663.2528350397006        1.0000000000000000     
   5.3846153846153844E-003   8.8461538461538456E-003   1663.2995432628547        1.0000000000000000     
   5.3846153846153844E-003   9.2307692307692299E-003   1663.3684394634083        1.0000000000000000     
   5.3846153846153844E-003   9.6153846153846159E-003   1663.4613639459076        1.0000000000000000     

   5.7692307692307696E-003   3.8461538461538462E-004   1672.3450133674719        1.0000000000000000     
   5.7692307692307696E-003   7.6923076923076923E-004   1672.2935239905469        1.0000000000000000     
   5.7692307692307696E-003   1.1538461538461537E-003   1672.2637028628071        1.0000000000000000     
   5.7692307692307696E-003   1.5384615384615385E-003   1672.2535233017916        1.0000000000000000     
   5.7692307692307696E-003   1.9230769230769232E-003   1672.2590087637363        1.0000000000000000     
   5.7692307692307696E-003   2.3076923076923075E-003   1672.2763592364947        1.0000000000000000     
   5.7692307692307696E-003   2.6923076923076922E-003   1672.3019595629710        1.0000000000000000     
   5.7692307692307696E-003   3.0769230769230769E-003   1672.3317622909572        1.0000000000000000     
   5.7692307692307696E-003   3.4615384615384616E-003   1672.3619059394696        1.0000000000000000     
   5.7692307692307696E-003   3.8461538461538464E-003   1672.3890254530265        1.0000000000000000     
   5.7692307692307696E-003   4.2307692307692307E-003   1672.4103960102527        1.0000000000000000     
   5.7692307692307696E-003   4.6153846153846149E-003   1672.4240253399810        1.0000000000000000     
   5.7692307692307696E-003   5.0000000000000001E-003   1672.4287035486529        1.0000000000000000     
   5.7692307692307696E-003   5.3846153846153844E-003   1672.4240253399810        1.0000000000000000     
   5.7692307692307696E-003   5.7692307692307696E-003   1672.4103960102530        1.0000000000000000     
   5.7692307692307696E-003   6.1538461538461538E-003   1672.3890254530270        1.0000000000000000     
   5.7692307692307696E-003   6.5384615384615381E-003   1672.3619059394712        1.0000000000000000     
   5.7692307692307696E-003   6.9230769230769233E-003   1672.3317622909592        1.0000000000000000     
   5.7692307692307696E-003   7.3076923076923076E-003   1672.3019595629726        1.0000000000000000     
   5.7692307692307696E-003   7.6923076923076927E-003   1672.2763592364961        1.0000000000000000     
   5.7692307692307696E-003   8.0769230769230770E-003   1672.2590087637386        1.0000000000000000     
   5.7692307692307696E-003   8.4615384615384613E-003   1672.2535233017948        1.0000000000000000     
   5.7692307692307696E-003   8.8461538461538456E-003   1672.2637028628099        1.0000000000000000     
   5.7692307692307696E-003   9.2307692307692299E-003   1672.2935239905496        1.0000000000000000     
   5.7692307692307696E-003   9.6153846153846159E-003   1672.3450133674753        1.0000000000000000     

   6.1538461538461538E-003   3.8461538461538462E-004   1679.3779075580935        1.0000000000000000     
   6.1538461538461538E-003   7.6923076923076923E-004   1679.3605562909640        1.0000000000000000     
   6.1538461538461538E-003   1.1538461538461537E-003   1679.3632071364905        1.0000000000000000     
   6.1538461538461538E-003   1.5384615384615385E-003   1679.3836319253692        1.0000000000000000     
   6.1538461538461538E-003   1.9230769230769232E-003   1679.4175783989392        1.0000000000000000     
   6.1538461538461538E-003   2.3076923076923075E-003   1679.4609357628906        1.0000000000000000     
   6.1538461538461538E-003   2.6923076923076922E-003   1679.5097713816826        1.0000000000000000     
   6.1538461538461538E-003   3.0769230769230769E-003   1679.5597381531245        1.0000000000000000     
   6.1538461538461538E-003   3.4615384615384616E-003   1679.6067145745835        1.0000000000000000     
   6.1538461538461538E-003   3.8461538461538464E-003   1679.6471266536053        1.0000000000000000     
   6.1538461538461538E-003   4.2307692307692307E-003   1679.6780944926682        1.0000000000000000     
   6.1538461538461538E-003   4.6153846153846149E-003   1679.6975215222294        1.0000000000000000     
   6.1538461538461538E-003   5.0000000000000001E-003   1679.7041386573883        1.0000000000000000     
   6.1538461538461538E-003   5.3846153846153844E-003   1679.6975215222294        1.0000000000000000     
   6.1538461538461538E-003   5.7692307692307696E-003   1679.6780944926693        1.0000000000000000     
   6.1538461538461538E-003   6.1538461538461538E-003   1679.6471266536066        1.0000000000000000     
   6.1538461538461538E-003   6.5384615384615381E-003   1679.6067145745853        1.0000000000000000     
   6.1538461538461538E-003   6.9230769230769233E-003   1679.5597381531268        1.0000000000000000     
   6.1538461538461538E-003   7.3076923076923076E-003   1679.5097713816845        1.0000000000000000     
   6.1538461538461538E-003   7.6923076923076927E-003   1679.4609357628929        1.0000000000000000     
   6.1538461538461538E-003   8.0769230769230770E-003   1679.4175783989408        1.0000000000000000     
   6.1538461538461538E-003   8.4615384615384613E-003   1679.3836319253719        1.0000000000000000     
   6.1538461538461538E-003   8.8461538461538456E-003   1679.3632071364937        1.0000000000000000     
   6.1538461538461538E-003   9.2307692307692299E-003   1679.3605562909663        1.0000000000000000     
   6.1538461538461538E-003   9.6153846153846159E-003   1679.3779075580960        1.0000000000000000     

   6.5384615384615381E-003   3.8461538461538462E-004   1685.4372285231013        1.0000000000000000     
   6.5384615384615381E-003   7.6923076923076923E-004   1685.4449598774859        1.0000000000000000     
   6.5384615384615381E-003   1.1538461538461537E-003   1685.4718846795295        1.0000000000000000     
   6.5384615384615381E-003   1.5384615384615385E-003   1685.5155562325826        1.0000000000000000     
   6.5384615384615381E-003   1.9230769230769232E-003   1685.5714272566288        1.0000000000000000     
   6.5384615384615381E-003   2.3076923076923075E-003   1685.6350561458580        1.0000000000000000     
   6.5384615384615381E-003   2.6923076923076922E-003   1685.7021752094768        1.0000000000000000     
   6.5384615384615381E-003   3.0769230769230769E-003   1685.7681245848744        1.0000000000000000     
   6.5384615384615381E-003   3.4615384615384616E-003   1685.8285145372774        1.0000000000000000     
   6.5384615384615381E-003   3.8461538461538464E-003   1685.8795584715651        1.0000000000000000     
   6.5384615384615381E-003   4.2307692307692307E-003   1685.9182211531302        1.0000000000000000     
   6.5384615384615381E-003   4.6153846153846149E-003   1685.9423032477296        1.0000000000000000     
   6.5384615384615381E-003   5.0000000000000001E-003   1685.9504781928476        1.0000000000000000     
   6.5384615384615381E-003   5.3846153846153844E-003   1685.9423032477305        1.0000000000000000     
   6.5384615384615381E-003   5.7692307692307696E-003   1685.9182211531318        1.0000000000000000     
   6.5384615384615381E-003   6.1538461538461538E-003   1685.8795584715656        1.0000000000000000     
   6.5384615384615381E-003   6.5384615384615381E-003   1685.8285145372777        1.0000000000000000     
   6.5384615384615381E-003   6.9230769230769233E-003   1685.7681245848773        1.0000000000000000     
   6.5384615384615381E-003   7.3076923076923076E-003   1685.7021752094793        1.0000000000000000     
   6.5384615384615381E-003   7.6923076923076927E-003   1685.6350561458594        1.0000000000000000     
   6.5384615384615381E-003   8.0769230769230770E-003   1685.5714272566304        1.0000000000000000     
   6.5384615384615381E-003   8.4615384615384613E-003   1685.5155562325849        1.0000000000000000     
   6.5384615384615381E-003   8.8461538461538456E-003   1685.4718846795317        1.0000000000000000     
   6.5384615384615381E-003   9.2307692307692299E-003   1685.4449598774881        1.0000000000000000     
   6.5384615384615381E-003   9.6153846153846159E-003   1685.4372285231038        1.0000000000000000     

   6.9230769230769233E-003   3.8461538461538462E-004   1691.1558499191592        1.0000000000000000     
   6.9230769230769233E-003   7.6923076923076923E-004   1691.1786475812924        1.0000000000000000     
   6.9230769230769233E-003   1.1538461538461537E-003   1691.2207717414515        1.0000000000000000     
   6.9230769230769233E-003   1.5384615384615385E-003   1691.2795394444893        1.0000000000000000     
   6.9230769230769233E-003   1.9230769230769232E-003   1691.3500889438217        1.0000000000000000     
   6.9230769230769233E-003   2.3076923076923075E-003   1691.4276283407082        1.0000000000000000     
   6.9230769230769233E-003   2.6923076923076922E-003   1691.5075380254175        1.0000000000000000     
   6.9230769230769233E-003   3.0769230769230769E-003   1691.5848324832086        1.0000000000000000     
   6.9230769230769233E-003   3.4615384615384616E-003   1691.6548452724601        1.0000000000000000     
   6.9230769230769233E-003   3.8461538461538464E-003   1691.7135728684157        1.0000000000000000     
   6.9230769230769233E-003   4.2307692307692307E-003   1691.7578235484650        1.0000000000000000     
   6.9230769230769233E-003   4.6153846153846149E-003   1691.7852958638393        1.0000000000000000     
   6.9230769230769233E-003   5.0000000000000001E-003   1691.7946068442782        1.0000000000000000     
   6.9230769230769233E-003   5.3846153846153844E-003   1691.7852958638396        1.0000000000000000     
   6.9230769230769233E-003   5.7692307692307696E-003   1691.7578235484650        1.0000000000000000     
   6.9230769230769233E-003   6.1538461538461538E-003   1691.7135728684166        1.0000000000000000     
   6.9230769230769233E-003   6.5384615384615381E-003   1691.6548452724614        1.0000000000000000     
   6.9230769230769233E-003   6.9230769230769233E-003   1691.5848324832111        1.0000000000000000     
   6.9230769230769233E-003   7.3076923076923076E-003   1691.5075380254195        1.0000000000000000     
   6.9230769230769233E-003   7.6923076923076927E-003   1691.4276283407096        1.0000000000000000     
   6.9230769230769233E-003   8.0769230769230770E-003   1691.3500889438230        1.0000000000000000     
   6.9230769230769233E-003   8.4615384615384613E-003   1691.2795394444909        1.0000000000000000     
   6.9230769230769233E-003   8.8461538461538456E-003   1691.2207717414540        1.0000000000000000     
   6.9230769230769233E-003   9.2307692307692299E-003   1691.1786475812949        1.0000000000000000     
   6.9230769230769233E-003   9.6153846153846159E-003   1691.1558499191613        1.0000000000000000     

   7.3076923076923076E-003   3.8461538461538462E-004   1696.8965707238265        1.0000000000000000     
   7.3076923076923076E-003   7.6923076923076923E-004   1696.9244253317752        1.0000000000000000     
   7.3076923076923076E-003   1.1538461538461537E-003   1696.9726653353080        1.0000000000000000     
   7.3076923076923076E-003   1.5384615384615385E-003   1697.0383550463773        1.0000000000000000     
   7.3076923076923076E-003   1.9230769230769232E-003   1697.1163025072694        1.0000000000000000     
   7.3076923076923076E-003   2.3076923076923075E-003   1697.2013508338464        1.0000000000000000     
   7.3076923076923076E-003   2.6923076923076922E-003   1697.2885163992439        1.0000000000000000     
   7.3076923076923076E-003   3.0769230769230769E-003   1697.3724790476897        1.0000000000000000     
   7.3076923076923076E-003   3.4615384615384616E-003   1697.4482899422026        1.0000000000000000     
   7.3076923076923076E-003   3.8461538461538464E-003   1697.5117259529179        1.0000000000000000     
   7.3076923076923076E-003   4.2307692307692307E-003   1697.5594384339483        1.0000000000000000     
   7.3076923076923076E-003   4.6153846153846149E-003   1697.5890245936175        1.0000000000000000     
   7.3076923076923076E-003   5.0000000000000001E-003   1697.5990460139701        1.0000000000000000     
   7.3076923076923076E-003   5.3846153846153844E-003   1697.5890245936175        1.0000000000000000     
   7.3076923076923076E-003   5.7692307692307696E-003   1697.5594384339493        1.0000000000000000     
   7.3076923076923076E-003   6.1538461538461538E-003   1697.5117259529197        1.0000000000000000     
   7.3076923076923076E-003   6.5384615384615381E-003   1697.4482899422039        1.0000000000000000     
   7.3076923076923076E-003   6.9230769230769233E-003   1697.3724790476906        1.0000000000000000     
   7.3076923076923076E-003   7.3076923076923076E-003   1697.2885163992448        1.0000000000000000     
   7.3076923076923076E-003   7.6923076923076927E-003   1697.2013508338475        1.0000000000000000     
   7.3076923076923076E-003   8.0769230769230770E-003   1697.1163025072719        1.0000000000000000     
   7.3076923076923076E-003   8.4615384615384613E-003   1697.0383550463780        1.0000000000000000     
   7.3076923076923076E-003   8.8461538461538456E-003   1696.9726653353096        1.0000000000000000     
   7.3076923076923076E-003   9.2307692307692299E-003   1696.9244253317761        1.0000000000000000     
   7.3076923076923076E-003   9.6153846153846159E-003   1696.8965707238281        1.0000000000000000     

   7.6923076923076927E-003   3.8461538461538462E-004   1702.7526133530880        1.0000000000000000     
   7.6923076923076927E-003   7.6923076923076923E-004   1702.7765965566944        1.0000000000000000     
   7.6923076923076927E-003   1.1538461538461537E-003   1702.8228182105531        1.0000000000000000     
   7.6923076923076927E-003   1.5384615384615385E-003   1702.8880785307210        1.0000000000000000     
   7.6923076923076927E-003   1.9230769230769232E-003   1702.9668489783780        1.0000000000000000     
   7.6923076923076927E-003   2.3076923076923075E-003   1703.0536033430353        1.0000000000000000     
   7.6923076923076927E-003   2.6923076923076922E-003   1703.1429917685941        1.0000000000000000     
   7.6923076923076927E-003   3.0769230769230769E-003   1703.2293590215174        1.0000000000000000     
   7.6923076923076927E-003   3.4615384615384616E-003   1703.3074748742206        1.0000000000000000     
   7.6923076923076927E-003   3.8461538461538464E-003   1703.3728986029166        1.0000000000000000     
   7.6923076923076927E-003   4.2307692307692307E-003   1703.4221270959738        1.0000000000000000     
   7.6923076923076927E-003   4.6153846153846149E-003   1703.4526585291062        1.0000000000000000     
   7.6923076923076927E-003   5.0000000000000001E-003   1703.4630006696957        1.0000000000000000     
   7.6923076923076927E-003   5.3846153846153844E-003   1703.4526585291062        1.0000000000000000     
   7.6923076923076927E-003   5.7692307692307696E-003   1703.4221270959745        1.0000000000000000     
   7.6923076923076927E-003   6.1538461538461538E-003   1703.3728986029175        1.0000000000000000     
   7.6923076923076927E-003   6.5384615384615381E-003   1703.3074748742210        1.0000000000000000     
   7.6923076923076927E-003   6.9230769230769233E-003   1703.2293590215186        1.0000000000000000     
   7.6923076923076927E-003   7.3076923076923076E-003   1703.1429917685948        1.0000000000000000     
   7.6923076923076927E-003   7.6923076923076927E-003   1703.0536033430369        1.0000000000000000     
   7.6923076923076927E-003   8.0769230769230770E-003   1702.9668489783796        1.0000000000000000     
   7.6923076923076927E-003   8.4615384615384613E-003   1702.8880785307215        1.0000000000000000     
   7.6923076923076927E-003   8.8461538461538456E-003   1702.8228182105534        1.0000000000000000     
   7.6923076923076927E-003   9.2307692307692299E-003   1702.7765965566948        1.0000000000000000     
   7.6923076923076927E-003   9.6153846153846159E-003   1702.7526133530891        1.0000000000000000     

   8.0769230769230770E-003   3.8461538461538462E-004   1708.5770738456958        1.0000000000000000     
   8.0769230769230770E-003   7.6923076923076923E-004   1708.5904297082711        1.0000000000000000     
   8.0769230769230770E-003   1.1538461538461537E-003   1708.6283811785952        1.0000000000000000     
   8.0769230769230770E-003   1.5384615384615385E-003   1708.6875038889334        1.0000000000000000     
   8.0769230769230770E-003   1.9230769230769232E-003   1708.7619439534205        1.0000000000000000     
   8.0769230769230770E-003   2.3076923076923075E-003   1708.8458176638917        1.0000000000000000     
   8.0769230769230770E-003   2.6923076923076922E-003   1708.9334218632873        1.0000000000000000     
   8.0769230769230770E-003   3.0769230769230769E-003   1709.0187791849987        1.0000000000000000     
   8.0769230769230770E-003   3.4615384615384616E-003   1709.0963898227117        1.0000000000000000     
   8.0769230769230770E-003   3.8461538461538464E-003   1709.1616053918203        1.0000000000000000     
   8.0769230769230770E-003   4.2307692307692307E-003   1709.2107760252902        1.0000000000000000     
   8.0769230769230770E-003   4.6153846153846149E-003   1709.2413062842563        1.0000000000000000     
   8.0769230769230770E-003   5.0000000000000001E-003   1709.2516533121898        1.0000000000000000     
   8.0769230769230770E-003   5.3846153846153844E-003   1709.2413062842568        1.0000000000000000     
   8.0769230769230770E-003   5.7692307692307696E-003   1709.2107760252909        1.0000000000000000     
   8.0769230769230770E-003   6.1538461538461538E-003   1709.1616053918215        1.0000000000000000     
   8.0769230769230770E-003   6.5384615384615381E-003   1709.0963898227124        1.0000000000000000     
   8.0769230769230770E-003   6.9230769230769233E-003   1709.0187791849989        1.0000000000000000     
   8.0769230769230770E-003   7.3076923076923076E-003   1708.9334218632875        1.0000000000000000     
   8.0769230769230770E-003   7.6923076923076927E-003   1708.8458176638924        1.0000000000000000     
   8.0769230769230770E-003   8.0769230769230770E-003   1708.7619439534208        1.0000000000000000     
   8.0769230769230770E-003   8.4615384615384613E-003   1708.6875038889341        1.0000000000000000     
   8.0769230769230770E-003   8.8461538461538456E-003   1708.6283811785952        1.0000000000000000     
   8.0769230769230770E-003   9.2307692307692299E-003   1708.5904297082718        1.0000000000000000     
   8.0769230769230770E-003   9.6153846153846159E-003   1708.5770738456972        1.0000000000000000     

   8.4615384615384613E-003   3.8461538461538462E-004   1714.0412629243488        1.0000000000000000     
   8.4615384615384613E-003   7.6923076923076923E-004   1714.0395082465911        1.0000000000000000     
   8.4615384615384613E-003   1.1538461538461537E-003   1714.0656197403657        1.0000000000000000     
   8.4615384615384613E-003   1.5384615384615385E-003   1714.1151926051989        1.0000000000000000     
   8.4615384615384613E-003   1.9230769230769232E-003   1714.1821415707943        1.0000000000000000     
   8.4615384615384613E-003   2.3076923076923075E-003   1714.2602565524498        1.0000000000000000     
   8.4615384615384613E-003   2.6923076923076922E-003   1714.3435129400841        1.0000000000000000     
   8.4615384615384613E-003   3.0769230769230769E-003   1714.4256415955679        1.0000000000000000     
   8.4615384615384613E-003   3.4615384615384616E-003   1714.5008992040882        1.0000000000000000     
   8.4615384615384613E-003   3.8461538461538464E-003   1714.5644502784128        1.0000000000000000     
   8.4615384615384613E-003   4.2307692307692307E-003   1714.6125131451317        1.0000000000000000     
   8.4615384615384613E-003   4.6153846153846149E-003   1714.6424086201425        1.0000000000000000     
   8.4615384615384613E-003   5.0000000000000001E-003   1714.6525487437539        1.0000000000000000     
   8.4615384615384613E-003   5.3846153846153844E-003   1714.6424086201434        1.0000000000000000     
   8.4615384615384613E-003   5.7692307692307696E-003   1714.6125131451327        1.0000000000000000     
   8.4615384615384613E-003   6.1538461538461538E-003   1714.5644502784132        1.0000000000000000     
   8.4615384615384613E-003   6.5384615384615381E-003   1714.5008992040882        1.0000000000000000     
   8.4615384615384613E-003   6.9230769230769233E-003   1714.4256415955685        1.0000000000000000     
   8.4615384615384613E-003   7.3076923076923076E-003   1714.3435129400841        1.0000000000000000     
   8.4615384615384613E-003   7.6923076923076927E-003   1714.2602565524489        1.0000000000000000     
   8.4615384615384613E-003   8.0769230769230770E-003   1714.1821415707950        1.0000000000000000     
   8.4615384615384613E-003   8.4615384615384613E-003   1714.1151926051989        1.0000000000000000     
   8.4615384615384613E-003   8.8461538461538456E-003   1714.0656197403650        1.0000000000000000     
   8.4615384615384613E-003   9.2307692307692299E-003   1714.0395082465916        1.0000000000000000     
   8.4615384615384613E-003   9.6153846153846159E-003   1714.0412629243499        1.0000000000000000     

   8.8461538461538456E-003   3.8461538461538462E-004   1718.7148053466663        1.0000000000000000     
   8.8461538461538456E-003   7.6923076923076923E-004   1718.6984559971211        1.0000000000000000     
   8.8461538461538456E-003   1.1538461538461537E-003   1718.7107553107314        1.0000000000000000     
   8.8461538461538456E-003   1.5384615384615385E-003   1718.7500941880571        1.0000000000000000     
   8.8461538461538456E-003   1.9230769230769232E-003   1718.8086859132811        1.0000000000000000     
   8.8461538461538456E-003   2.3076923076923075E-003   1718.8801327099363        1.0000000000000000     
   8.8461538461538456E-003   2.6923076923076922E-003   1718.9581412472746        1.0000000000000000     
   8.8461538461538456E-003   3.0769230769230769E-003   1719.0362010011033        1.0000000000000000     
   8.8461538461538456E-003   3.4615384615384616E-003   1719.1083674200097        1.0000000000000000     
   8.8461538461538456E-003   3.8461538461538464E-003   1719.1696504478009        1.0000000000000000     
   8.8461538461538456E-003   4.2307692307692307E-003   1719.2161597835648        1.0000000000000000     
   8.8461538461538456E-003   4.6153846153846149E-003   1719.2451475242717        1.0000000000000000     
   8.8461538461538456E-003   5.0000000000000001E-003   1719.2549888857450        1.0000000000000000     
   8.8461538461538456E-003   5.3846153846153844E-003   1719.2451475242719        1.0000000000000000     
   8.8461538461538456E-003   5.7692307692307696E-003   1719.2161597835648        1.0000000000000000     
   8.8461538461538456E-003   6.1538461538461538E-003   1719.1696504478018        1.0000000000000000     
   8.8461538461538456E-003   6.5384615384615381E-003   1719.1083674200095        1.0000000000000000     
   8.8461538461538456E-003   6.9230769230769233E-003   1719.0362010011045        1.0000000000000000     
   8.8461538461538456E-003   7.3076923076923076E-003   1718.9581412472760        1.0000000000000000     
   8.8461538461538456E-003   7.6923076923076927E-003   1718.8801327099361        1.0000000000000000     
   8.8461538461538456E-003   8.0769230769230770E-003   1718.8086859132825        1.0000000000000000     
   8.8461538461538456E-003   8.4615384615384613E-003   1718.7500941880576        1.0000000000000000     
   8.8461538461538456E-003   8.8461538461538456E-003   1718.7107553107314        1.0000000000000000     
   8.8461538461538456E-003   9.2307692307692299E-003   1718.6984559971215        1.0000000000000000     
   8.8461538461538456E-003   9.6153846153846159E-003   1718.7148053466669        1.0000000000000000     

   9.2307692307692299E-003   3.8461538461538462E-004   1722.1600361055850        1.0000000000000000     
   9.2307692307692299E-003   7.6923076923076923E-004   1722.1308604180288        1.0000000000000000     
   9.2307692307692299E-003   1.1538461538461537E-003   1722.1336148816893        1.0000000000000000     
   9.2307692307692299E-003   1.5384615384615385E-003   1722.1631561373022        1.0000000000000000     
   9.2307692307692299E-003   1.9230769230769232E-003   1722.2148244150685        1.0000000000000000     
   9.2307692307692299E-003   2.3076923076923075E-003   1722.2806097646901        1.0000000000000000     
   9.2307692307692299E-003   2.6923076923076922E-003   1722.3540879735574        1.0000000000000000     
   9.2307692307692299E-003   3.0769230769230769E-003   1722.4285796063234        1.0000000000000000     
   9.2307692307692299E-003   3.4615384615384616E-003   1722.4979968101977        1.0000000000000000     
   9.2307692307692299E-003   3.8461538461538464E-003   1722.5572386481795        1.0000000000000000     
   9.2307692307692299E-003   4.2307692307692307E-003   1722.6023370663841        1.0000000000000000     
   9.2307692307692299E-003   4.6153846153846149E-003   1722.6304953779356        1.0000000000000000     
   9.2307692307692299E-003   5.0000000000000001E-003   1722.6400629245970        1.0000000000000000     
   9.2307692307692299E-003   5.3846153846153844E-003   1722.6304953779338        1.0000000000000000     
   9.2307692307692299E-003   5.7692307692307696E-003   1722.6023370663836        1.0000000000000000     
   9.2307692307692299E-003   6.1538461538461538E-003   1722.5572386481801        1.0000000000000000     
   9.2307692307692299E-003   6.5384615384615381E-003   1722.4979968101989        1.0000000000000000     
   9.2307692307692299E-003   6.9230769230769233E-003   1722.4285796063243        1.0000000000000000     
   9.2307692307692299E-003   7.3076923076923076E-003   1722.3540879735588        1.0000000000000000     
   9.2307692307692299E-003   7.6923076923076927E-003   1722.2806097646908        1.0000000000000000     
   9.2307692307692299E-003   8.0769230769230770E-003   1722.2148244150699        1.0000000000000000     
   9.2307692307692299E-003   8.4615384615384613E-003   1722.1631561373028        1.0000000000000000     
   9.2307692307692299E-003   8.8461538461538456E-003   1722.1336148816897        1.0000000000000000     
   9.2307692307692299E-003   9.2307692307692299E-003   1722.1308604180304        1.0000000000000000     
   9.2307692307692299E-003   9.6153846153846159E-003   1722.1600361055866        1.0000000000000000     

   9.6153846153846159E-003   3.8461538461538462E-004   1724.0202520310208        1.0000000000000000     
   9.6153846153846159E-003   7.6923076923076923E-004   1723.9834301092460        1.0000000000000000     
   9.6153846153846159E-003   1.1538461538461537E-003   1723.9798561274836        1.0000000000000000     
   9.6153846153846159E-003   1.5384615384615385E-003   1724.0050797920587        1.0000000000000000     
   9.6153846153846159E-003   1.9230769230769232E-003   1724.0522905659082        1.0000000000000000     
   9.6153846153846159E-003   2.3076923076923075E-003   1724.1149755441079        1.0000000000000000     
   9.6153846153846159E-003   2.6923076923076922E-003   1724.1859243167312        1.0000000000000000     
   9.6153846153846159E-003   3.0769230769230769E-003   1724.2584158428310        1.0000000000000000     
   9.6153846153846159E-003   3.4615384615384616E-003   1724.3262872972671        1.0000000000000000     
   9.6153846153846159E-003   3.8461538461538464E-003   1724.3843778413127        1.0000000000000000     
   9.6153846153846159E-003   4.2307692307692307E-003   1724.4286779743220        1.0000000000000000     
   9.6153846153846159E-003   4.6153846153846149E-003   1724.4563658134132        1.0000000000000000     
   9.6153846153846159E-003   5.0000000000000001E-003   1724.4657778254543        1.0000000000000000     
   9.6153846153846159E-003   5.3846153846153844E-003   1724.4563658134125        1.0000000000000000     
   9.6153846153846159E-003   5.7692307692307696E-003   1724.4286779743213        1.0000000000000000     
   9.6153846153846159E-003   6.1538461538461538E-003   1724.3843778413141        1.0000000000000000     
   9.6153846153846159E-003   6.5384615384615381E-003   1724.3262872972680        1.0000000000000000     
   9.6153846153846159E-003   6.9230769230769233E-003   1724.2584158428317        1.0000000000000000     
   9.6153846153846159E-003   7.3076923076923076E-003   1724.1859243167319        1.0000000000000000     
   9.6153846153846159E-003   7.6923076923076927E-003   1724.1149755441090        1.0000000000000000     
   9.6153846153846159E-003   8.0769230769230770E-003   1724.0522905659097        1.0000000000000000     
   9.6153846153846159E-003   8.4615384615384613E-003   1724.0050797920596        1.0000000000000000     
   9.6153846153846159E-003   8.8461538461538456E-003   1723.9798561274843        1.0000000000000000     
   9.6153846153846159E-003   9.2307692307692299E-003   1723.9834301092467        1.0000000000000000     
   9.6153846153846159E-003   9.6153846153846159E-003   1724.0202520310231        1.0000000000000000     

