   3.8461538461538462E-004   3.8461538461538462E-004   1628.4777090523221        1.0000000000000000     
   3.8461538461538462E-004   7.6923076923076923E-004   1628.6411051232851        1.0000000000000000     
   3.8461538461538462E-004   1.1538461538461537E-003   1628.7385311509261        1.0000000000000000     
   3.8461538461538462E-004   1.5384615384615385E-003   1628.7762783178866        1.0000000000000000     
   3.8461538461538462E-004   1.9230769230769232E-003   1628.7633185002508        1.0000000000000000     
   3.8461538461538462E-004   2.3076923076923075E-003   1628.7107716535913        1.0000000000000000     
   3.8461538461538462E-004   2.6923076923076922E-003   1628.6312482261574        1.0000000000000000     
   3.8461538461538462E-004   3.0769230769230769E-003   1628.5381074576433        1.0000000000000000     
   3.8461538461538462E-004   3.4615384615384616E-003   1628.4446775366814        1.0000000000000000     
   3.8461538461538462E-004   3.8461538461538464E-003   1628.3634858130879        1.0000000000000000     
   3.8461538461538462E-004   4.2307692307692307E-003   1628.3055464878501        1.0000000000000000     
   3.8461538461538462E-004   4.6153846153846149E-003   1628.2797495172676        1.0000000000000000     
   3.8461538461538462E-004   5.0000000000000001E-003   1628.2923881361137        1.0000000000000000     
   3.8461538461538462E-004   5.3846153846153844E-003   1628.3468538681384        1.0000000000000000     
   3.8461538461538462E-004   5.7692307692307696E-003   1628.4435177470102        1.0000000000000000     
   3.8461538461538462E-004   6.1538461538461538E-003   1628.5798054667041        1.0000000000000000     
   3.8461538461538462E-004   6.5384615384615381E-003   1628.7504632546284        1.0000000000000000     
   3.8461538461538462E-004   6.9230769230769233E-003   1628.9480016814475        1.0000000000000000     
   3.8461538461538462E-004   7.3076923076923076E-003   1629.1632984415826        1.0000000000000000     
   3.8461538461538462E-004   7.6923076923076927E-003   1629.3863426124080        1.0000000000000000     
   3.8461538461538462E-004   8.0769230769230770E-003   1629.6071230750451        1.0000000000000000     
   3.8461538461538462E-004   8.4615384615384613E-003   1629.8167363329317        1.0000000000000000     
   3.8461538461538462E-004   8.8461538461538456E-003   1630.0090285609499        1.0000000000000000     
   3.8461538461538462E-004   9.2307692307692299E-003   1630.1839176130486        1.0000000000000000     
   3.8461538461538462E-004   9.6153846153846159E-003   1630.3566416409394        1.0000000000000000     

   7.6923076923076923E-004   3.8461538461538462E-004   1628.4590456979988        1.0000000000000000     
   7.6923076923076923E-004   7.6923076923076923E-004   1628.6225823491491        1.0000000000000000     
   7.6923076923076923E-004   1.1538461538461537E-003   1628.7202849116795        1.0000000000000000     
   7.6923076923076923E-004   1.5384615384615385E-003   1628.7584291303649        1.0000000000000000     
   7.6923076923076923E-004   1.9230769230769232E-003   1628.7459648488698        1.0000000000000000     
   7.6923076923076923E-004   2.3076923076923075E-003   1628.6939846786413        1.0000000000000000     
   7.6923076923076923E-004   2.6923076923076922E-003   1628.6150679895627        1.0000000000000000     
   7.6923076923076923E-004   3.0769230769230769E-003   1628.5225409763580        1.0000000000000000     
   7.6923076923076923E-004   3.4615384615384616E-003   1628.4296986537856        1.0000000000000000     
   7.6923076923076923E-004   3.8461538461538464E-003   1628.3490368463472        1.0000000000000000     
   7.6923076923076923E-004   4.2307692307692307E-003   1628.2915414587326        1.0000000000000000     
   7.6923076923076923E-004   4.6153846153846149E-003   1628.2660786207773        1.0000000000000000     
   7.6923076923076923E-004   5.0000000000000001E-003   1628.2789229569987        1.0000000000000000     
   7.6923076923076923E-004   5.3846153846153844E-003   1628.3334526615354        1.0000000000000000     
   7.6923076923076923E-004   5.7692307692307696E-003   1628.4300298294741        1.0000000000000000     
   7.6923076923076923E-004   6.1538461538461538E-003   1628.5660732824460        1.0000000000000000     
   7.6923076923076923E-004   6.5384615384615381E-003   1628.7363196843853        1.0000000000000000     
   7.6923076923076923E-004   6.9230769230769233E-003   1628.9332578444939        1.0000000000000000     
   7.6923076923076923E-004   7.3076923076923076E-003   1629.1477113448489        1.0000000000000000     
   7.6923076923076923E-004   7.6923076923076927E-003   1629.3695356339922        1.0000000000000000     
   7.6923076923076923E-004   8.0769230769230770E-003   1629.5883826666773        1.0000000000000000     
   7.6923076923076923E-004   8.4615384615384613E-003   1629.7944443332353        1.0000000000000000     
   7.6923076923076923E-004   8.8461538461538456E-003   1629.9789013444170        1.0000000000000000     
   7.6923076923076923E-004   9.2307692307692299E-003   1630.1329562569510        1.0000000000000000     
   7.6923076923076923E-004   9.6153846153846159E-003   1630.2404096516721        1.0000000000000000     

   1.1538461538461537E-003   3.8461538461538462E-004   1628.2033849925917        1.0000000000000000     
   1.1538461538461537E-003   7.6923076923076923E-004   1628.3671732518985        1.0000000000000000     
   1.1538461538461537E-003   1.1538461538461537E-003   1628.4654075724263        1.0000000000000000     
   1.1538461538461537E-003   1.5384615384615385E-003   1628.5043320953419        1.0000000000000000     
   1.1538461538461537E-003   1.9230769230769232E-003   1628.4928515642598        1.0000000000000000     
   1.1538461538461537E-003   2.3076923076923075E-003   1628.4420026252367        1.0000000000000000     
   1.1538461538461537E-003   2.6923076923076922E-003   1628.3643010543083        1.0000000000000000     
   1.1538461538461537E-003   3.0769230769230769E-003   1628.2730054538672        1.0000000000000000     
   1.1538461538461537E-003   3.4615384615384616E-003   1628.1813430273182        1.0000000000000000     
   1.1538461538461537E-003   3.8461538461538464E-003   1628.1017452349195        1.0000000000000000     
   1.1538461538461537E-003   4.2307692307692307E-003   1628.0451403445118        1.0000000000000000     
   1.1538461538461537E-003   4.6153846153846149E-003   1628.0203461933349        1.0000000000000000     
   1.1538461538461537E-003   5.0000000000000001E-003   1628.0336001232142        1.0000000000000000     
   1.1538461538461537E-003   5.3846153846153844E-003   1628.0882544474689        1.0000000000000000     
   1.1538461538461537E-003   5.7692307692307696E-003   1628.1846554815463        1.0000000000000000     
   1.1538461538461537E-003   6.1538461538461538E-003   1628.3202127203408        1.0000000000000000     
   1.1538461538461537E-003   6.5384615384615381E-003   1628.4896527662386        1.0000000000000000     
   1.1538461538461537E-003   6.9230769230769233E-003   1628.6854405306515        1.0000000000000000     
   1.1538461538461537E-003   7.3076923076923076E-003   1628.8983379430929        1.0000000000000000     
   1.1538461538461537E-003   7.6923076923076927E-003   1629.1180563405517        1.0000000000000000     
   1.1538461538461537E-003   8.0769230769230770E-003   1629.3339375677226        1.0000000000000000     
   1.1538461538461537E-003   8.4615384615384613E-003   1629.5355568425534        1.0000000000000000     
   1.1538461538461537E-003   8.8461538461538456E-003   1629.7130524816216        1.0000000000000000     
   1.1538461538461537E-003   9.2307692307692299E-003   1629.8568690855413        1.0000000000000000     
   1.1538461538461537E-003   9.6153846153846159E-003   1629.9569984768921        1.0000000000000000     

   1.5384615384615385E-003   3.8461538461538462E-004   1627.7384829526529        1.0000000000000000     
   1.5384615384615385E-003   7.6923076923076923E-004   1627.9026318077563        1.0000000000000000     
   1.5384615384615385E-003   1.1538461538461537E-003   1628.0016445480519        1.0000000000000000     
   1.5384615384615385E-003   1.5384615384615385E-003   1628.0417182810311        1.0000000000000000     
   1.5384615384615385E-003   1.9230769230769232E-003   1628.0316906368412        1.0000000000000000     
   1.5384615384615385E-003   2.3076923076923075E-003   1627.9825149922142        1.0000000000000000     
   1.5384615384615385E-003   2.6923076923076922E-003   1627.9066125278291        1.0000000000000000     
   1.5384615384615385E-003   3.0769230769230769E-003   1627.8171413459963        1.0000000000000000     
   1.5384615384615385E-003   3.4615384615384616E-003   1627.7272278992596        1.0000000000000000     
   1.5384615384615385E-003   3.8461538461538464E-003   1627.6492081485137        1.0000000000000000     
   1.5384615384615385E-003   4.2307692307692307E-003   1627.5939250714646        1.0000000000000000     
   1.5384615384615385E-003   4.6153846153846149E-003   1627.5701254486880        1.0000000000000000     
   1.5384615384615385E-003   5.0000000000000001E-003   1627.5839925086707        1.0000000000000000     
   1.5384615384615385E-003   5.3846153846153844E-003   1627.6388424070237        1.0000000000000000     
   1.5384615384615385E-003   5.7692307692307696E-003   1627.7350021526502        1.0000000000000000     
   1.5384615384615385E-003   6.1538461538461538E-003   1627.8698750394940        1.0000000000000000     
   1.5384615384615385E-003   6.5384615384615381E-003   1628.0381874451787        1.0000000000000000     
   1.5384615384615385E-003   6.9230769230769233E-003   1628.2323984280451        1.0000000000000000     
   1.5384615384615385E-003   7.3076923076923076E-003   1628.4432409720193        1.0000000000000000     
   1.5384615384615385E-003   7.6923076923076927E-003   1628.6603504845928        1.0000000000000000     
   1.5384615384615385E-003   8.0769230769230770E-003   1628.8729211255727        1.0000000000000000     
   1.5384615384615385E-003   8.4615384615384613E-003   1629.0703138619392        1.0000000000000000     
   1.5384615384615385E-003   8.8461538461538456E-003   1629.2425334592494        1.0000000000000000     
   1.5384615384615385E-003   9.2307692307692299E-003   1629.3805558021902        1.0000000000000000     
   1.5384615384615385E-003   9.6153846153846159E-003   1629.4768152211268        1.0000000000000000     

   1.9230769230769232E-003   3.8461538461538462E-004   1627.1039739597397        1.0000000000000000     
   1.9230769230769232E-003   7.6923076923076923E-004   1627.2685892698312        1.0000000000000000     
   1.9230769230769232E-003   1.1538461538461537E-003   1627.3686144471374        1.0000000000000000     
   1.9230769230769232E-003   1.5384615384615385E-003   1627.4101852062774        1.0000000000000000     
   1.9230769230769232E-003   1.9230769230769232E-003   1627.4020515841514        1.0000000000000000     
   1.9230769230769232E-003   2.3076923076923075E-003   1627.3550582985490        1.0000000000000000     
   1.9230769230769232E-003   2.6923076923076922E-003   1627.2815031293223        1.0000000000000000     
   1.9230769230769232E-003   3.0769230769230769E-003   1627.1944131414618        1.0000000000000000     
   1.9230769230769232E-003   3.4615384615384616E-003   1627.1067835375163        1.0000000000000000     
   1.9230769230769232E-003   3.8461538461538464E-003   1627.0308260656200        1.0000000000000000     
   1.9230769230769232E-003   4.2307692307692307E-003   1626.9772731077935        1.0000000000000000     
   1.9230769230769232E-003   4.6153846153846149E-003   1626.9547798985436        1.0000000000000000     
   1.9230769230769232E-003   5.0000000000000001E-003   1626.9694610147483        1.0000000000000000     
   1.9230769230769232E-003   5.3846153846153844E-003   1627.0245887195133        1.0000000000000000     
   1.9230769230769232E-003   5.7692307692307696E-003   1627.1204704338463        1.0000000000000000     
   1.9230769230769232E-003   6.1538461538461538E-003   1627.2545111187685        1.0000000000000000     
   1.9230769230769232E-003   6.5384615384615381E-003   1627.4214542626339        1.0000000000000000     
   1.9230769230769232E-003   6.9230769230769233E-003   1627.6137830319196        1.0000000000000000     
   1.9230769230769232E-003   7.3076923076923076E-003   1627.8222514418856        1.0000000000000000     
   1.9230769230769232E-003   7.6923076923076927E-003   1628.0365046659736        1.0000000000000000     
   1.9230769230769232E-003   8.0769230769230770E-003   1628.2457389973954        1.0000000000000000     
   1.9230769230769232E-003   8.4615384615384613E-003   1628.4393492106021        1.0000000000000000     
   1.9230769230769232E-003   8.8461538461538456E-003   1628.6075248776353        1.0000000000000000     
   1.9230769230769232E-003   9.2307692307692299E-003   1628.7418106915168        1.0000000000000000     
   1.9230769230769232E-003   9.6153846153846159E-003   1628.8357566427692        1.0000000000000000     

   2.3076923076923075E-003   3.8461538461538462E-004   1626.3490578335243        1.0000000000000000     
   2.3076923076923075E-003   7.6923076923076923E-004   1626.5142411763345        1.0000000000000000     
   2.3076923076923075E-003   1.1538461538461537E-003   1626.6154963355818        1.0000000000000000     
   2.3076923076923075E-003   1.5384615384615385E-003   1626.6588846414554        1.0000000000000000     
   2.3076923076923075E-003   1.9230769230769232E-003   1626.6530500149847        1.0000000000000000     
   2.3076923076923075E-003   2.3076923076923075E-003   1626.6087055652056        1.0000000000000000     
   2.3076923076923075E-003   2.6923076923076922E-003   1626.5379996582658        1.0000000000000000     
   2.3076923076923075E-003   3.0769230769230769E-003   1626.4538007873946        1.0000000000000000     
   2.3076923076923075E-003   3.4615384615384616E-003   1626.3689454759256        1.0000000000000000     
   2.3076923076923075E-003   3.8461538461538464E-003   1626.2954955532994        1.0000000000000000     
   2.3076923076923075E-003   4.2307692307692307E-003   1626.2440503450587        1.0000000000000000     
   2.3076923076923075E-003   4.6153846153846149E-003   1626.2231556789338        1.0000000000000000     
   2.3076923076923075E-003   5.0000000000000001E-003   1626.2388453668664        1.0000000000000000     
   2.3076923076923075E-003   5.3846153846153844E-003   1626.2943423613406        1.0000000000000000     
   2.3076923076923075E-003   5.7692307692307696E-003   1626.3899366066871        1.0000000000000000     
   2.3076923076923075E-003   6.1538461538461538E-003   1626.5230452990932        1.0000000000000000     
   2.3076923076923075E-003   6.5384615384615381E-003   1626.6884494721853        1.0000000000000000     
   2.3076923076923075E-003   6.9230769230769233E-003   1626.8786892109397        1.0000000000000000     
   2.3076923076923075E-003   7.3076923076923076E-003   1627.0845891001889        1.0000000000000000     
   2.3076923076923075E-003   7.6923076923076927E-003   1627.2958766752486        1.0000000000000000     
   2.3076923076923075E-003   8.0769230769230770E-003   1627.5018511809276        1.0000000000000000     
   2.3076923076923075E-003   8.4615384615384613E-003   1627.6920606297938        1.0000000000000000     
   2.3076923076923075E-003   8.8461538461538456E-003   1627.8569564155318        1.0000000000000000     
   2.3076923076923075E-003   9.2307692307692299E-003   1627.9885198201409        1.0000000000000000     
   2.3076923076923075E-003   9.6153846153846159E-003   1628.0808808588558        1.0000000000000000     

   2.6923076923076922E-003   3.8461538461538462E-004   1625.5296031685841        1.0000000000000000     
   2.6923076923076922E-003   7.6923076923076923E-004   1625.6954506086599        1.0000000000000000     
   2.6923076923076922E-003   1.1538461538461537E-003   1625.7981333200082        1.0000000000000000     
   2.6923076923076922E-003   1.5384615384615385E-003   1625.8436268737764        1.0000000000000000     
   2.6923076923076922E-003   1.9230769230769232E-003   1625.8404528645535        1.0000000000000000     
   2.6923076923076922E-003   2.3076923076923075E-003   1625.7991727209705        1.0000000000000000     
   2.6923076923076922E-003   2.6923076923076922E-003   1625.7317626691338        1.0000000000000000     
   2.6923076923076922E-003   3.0769230769230769E-003   1625.6509086157043        1.0000000000000000     
   2.6923076923076922E-003   3.4615384615384616E-003   1625.5692645483466        1.0000000000000000     
   2.6923076923076922E-003   3.8461538461538464E-003   1625.4987201268220        1.0000000000000000     
   2.6923076923076922E-003   4.2307692307692307E-003   1625.4497223480498        1.0000000000000000     
   2.6923076923076922E-003   4.6153846153846149E-003   1625.4306925801682        1.0000000000000000     
   2.6923076923076922E-003   5.0000000000000001E-003   1625.4475741097774        1.0000000000000000     
   2.6923076923076922E-003   5.3846153846153844E-003   1625.5035370181452        1.0000000000000000     
   2.6923076923076922E-003   5.7692307692307696E-003   1625.5988572040301        1.0000000000000000     
   2.6923076923076922E-003   6.1538461538461538E-003   1625.7309753051748        1.0000000000000000     
   2.6923076923076922E-003   6.5384615384615381E-003   1625.8947298099574        1.0000000000000000     
   2.6923076923076922E-003   6.9230769230769233E-003   1626.0827475247954        1.0000000000000000     
   2.6923076923076922E-003   7.3076923076923076E-003   1626.2859645761357        1.0000000000000000     
   2.6923076923076922E-003   7.6923076923076927E-003   1626.4942432167852        1.0000000000000000     
   2.6923076923076922E-003   8.0769230769230770E-003   1626.6970450420135        1.0000000000000000     
   2.6923076923076922E-003   8.4615384615384613E-003   1626.8841211844770        1.0000000000000000     
   2.6923076923076922E-003   8.8461538461538456E-003   1627.0461856226050        1.0000000000000000     
   2.6923076923076922E-003   9.2307692307692299E-003   1627.1755470891599        1.0000000000000000     
   2.6923076923076922E-003   9.6153846153846159E-003   1627.2666785788531        1.0000000000000000     

   3.0769230769230769E-003   3.8461538461538462E-004   1624.7048203351453        1.0000000000000000     
   3.0769230769230769E-003   7.6923076923076923E-004   1624.8714211064457        1.0000000000000000     
   3.0769230769230769E-003   1.1538461538461537E-003   1624.9757058461939        1.0000000000000000     
   3.0769230769230769E-003   1.5384615384615385E-003   1625.0235548044002        1.0000000000000000     
   3.0769230769230769E-003   1.9230769230769232E-003   1625.0233536281644        1.0000000000000000     
   3.0769230769230769E-003   2.3076923076923075E-003   1624.9854952131734        1.0000000000000000     
   3.0769230769230769E-003   2.6923076923076922E-003   1624.9217645865701        1.0000000000000000     
   3.0769230769230769E-003   3.0769230769230769E-003   1624.8446449661119        1.0000000000000000     
   3.0769230769230769E-003   3.4615384615384616E-003   1624.7665878927294        1.0000000000000000     
   3.0769230769230769E-003   3.8461538461538464E-003   1624.6992923760849        1.0000000000000000     
   3.0769230769230769E-003   4.2307692307692307E-003   1624.6530372165842        1.0000000000000000     
   3.0769230769230769E-003   4.6153846153846149E-003   1624.6361071404826        1.0000000000000000     
   3.0769230769230769E-003   5.0000000000000001E-003   1624.6543473421905        1.0000000000000000     
   3.0769230769230769E-003   5.3846153846153844E-003   1624.7108728538878        1.0000000000000000     
   3.0769230769230769E-003   5.7692307692307696E-003   1624.8059493658502        1.0000000000000000     
   3.0769230769230769E-003   6.1538461538461538E-003   1624.9370513079418        1.0000000000000000     
   3.0769230769230769E-003   6.5384615384615381E-003   1625.0990918531725        1.0000000000000000     
   3.0769230769230769E-003   6.9230769230769233E-003   1625.2848087502409        1.0000000000000000     
   3.0769230769230769E-003   7.3076923076923076E-003   1625.4852803086262        1.0000000000000000     
   3.0769230769230769E-003   7.6923076923076927E-003   1625.6905382531133        1.0000000000000000     
   3.0769230769230769E-003   8.0769230769230770E-003   1625.8902393276417        1.0000000000000000     
   3.0769230769230769E-003   8.4615384615384613E-003   1626.0743560546393        1.0000000000000000     
   3.0769230769230769E-003   8.8461538461538456E-003   1626.2338488186322        1.0000000000000000     
   3.0769230769230769E-003   9.2307692307692299E-003   1626.3612845838072        1.0000000000000000     
   3.0769230769230769E-003   9.6153846153846159E-003   1626.4513676255831        1.0000000000000000     

   3.4615384615384616E-003   3.8461538461538462E-004   1623.9336855273741        1.0000000000000000     
   3.4615384615384616E-003   7.6923076923076923E-004   1624.1011206316928        1.0000000000000000     
   3.4615384615384616E-003   1.1538461538461537E-003   1624.2071560913610        1.0000000000000000     
   3.4615384615384616E-003   1.5384615384615385E-003   1624.2575692238588        1.0000000000000000     
   3.4615384615384616E-003   1.9230769230769232E-003   1624.2605988926248        1.0000000000000000     
   3.4615384615384616E-003   2.3076923076923075E-003   1624.2264560653648        1.0000000000000000     
   3.4615384615384616E-003   2.6923076923076922E-003   1624.1667194422055        1.0000000000000000     
   3.4615384615384616E-003   3.0769230769230769E-003   1624.0936536290208        1.0000000000000000     
   3.4615384615384616E-003   3.4615384615384616E-003   1624.0194919997048        1.0000000000000000     
   3.4615384615384616E-003   3.8461538461538464E-003   1623.9557283994748        1.0000000000000000     
   3.4615384615384616E-003   4.2307692307692307E-003   1623.9124610818717        1.0000000000000000     
   3.4615384615384616E-003   4.6153846153846149E-003   1623.8978288135413        1.0000000000000000     
   3.4615384615384616E-003   5.0000000000000001E-003   1623.9175731561609        1.0000000000000000     
   3.4615384615384616E-003   5.3846153846153844E-003   1623.9747529250733        1.0000000000000000     
   3.4615384615384616E-003   5.7692307692307696E-003   1624.0696272337689        1.0000000000000000     
   3.4615384615384616E-003   6.1538461538461538E-003   1624.1997129632500        1.0000000000000000     
   3.4615384615384616E-003   6.5384615384615381E-003   1624.3600116143771        1.0000000000000000     
   3.4615384615384616E-003   6.9230769230769233E-003   1624.5433900182582        1.0000000000000000     
   3.4615384615384616E-003   7.3076923076923076E-003   1624.7410900121627        1.0000000000000000     
   3.4615384615384616E-003   7.6923076923076927E-003   1624.9433346201561        1.0000000000000000     
   3.4615384615384616E-003   8.0769230769230770E-003   1625.1399930786297        1.0000000000000000     
   3.4615384615384616E-003   8.4615384615384613E-003   1625.3212645155122        1.0000000000000000     
   3.4615384615384616E-003   8.8461538461538456E-003   1625.4783399896658        1.0000000000000000     
   3.4615384615384616E-003   9.2307692307692299E-003   1625.6040038718904        1.0000000000000000     
   3.4615384615384616E-003   9.6153846153846159E-003   1625.6931365331798        1.0000000000000000     

   3.8461538461538464E-003   3.8461538461538462E-004   1623.2713176413185        1.0000000000000000     
   3.8461538461538464E-003   7.6923076923076923E-004   1623.4396583742755        1.0000000000000000     
   3.8461538461538464E-003   1.1538461538461537E-003   1623.5475652290606        1.0000000000000000     
   3.8461538461538464E-003   1.5384615384615385E-003   1623.6007070099804        1.0000000000000000     
   3.8461538461538464E-003   1.9230769230769232E-003   1623.6071678578155        1.0000000000000000     
   3.8461538461538464E-003   2.3076923076923075E-003   1623.5769670101818        1.0000000000000000     
   3.8461538461538464E-003   2.6923076923076922E-003   1623.5214657897989        1.0000000000000000     
   3.8461538461538464E-003   3.0769230769230769E-003   1623.4526985910077        1.0000000000000000     
   3.8461538461538464E-003   3.4615384615384616E-003   1623.3826692160292        1.0000000000000000     
   3.8461538461538464E-003   3.8461538461538464E-003   1623.3226558849901        1.0000000000000000     
   3.8461538461538464E-003   4.2307692307692307E-003   1623.2825675025379        1.0000000000000000     
   3.8461538461538464E-003   4.6153846153846149E-003   1623.2703903766405        1.0000000000000000     
   3.8461538461538464E-003   5.0000000000000001E-003   1623.2917587823363        1.0000000000000000     
   3.8461538461538464E-003   5.3846153846153844E-003   1623.3496749201131        1.0000000000000000     
   3.8461538461538464E-003   5.7692307692307696E-003   1623.4443944315822        1.0000000000000000     
   3.8461538461538464E-003   6.1538461538461538E-003   1623.5734832932553        1.0000000000000000     
   3.8461538461538464E-003   6.5384615384615381E-003   1623.7320412631771        1.0000000000000000     
   3.8461538461538464E-003   6.9230769230769233E-003   1623.9130767833606        1.0000000000000000     
   3.8461538461538464E-003   7.3076923076923076E-003   1624.1080090104608        1.0000000000000000     
   3.8461538461538464E-003   7.6923076923076927E-003   1624.3072650633924        1.0000000000000000     
   3.8461538461538464E-003   8.0769230769230770E-003   1624.5009351122410        1.0000000000000000     
   3.8461538461538464E-003   8.4615384615384613E-003   1624.6794448294031        1.0000000000000000     
   3.8461538461538464E-003   8.8461538461538456E-003   1624.8342038862636        1.0000000000000000     
   3.8461538461538464E-003   9.2307692307692299E-003   1624.9581901556180        1.0000000000000000     
   3.8461538461538464E-003   9.6153846153846159E-003   1625.0464315380586        1.0000000000000000     

   4.2307692307692307E-003   3.8461538461538462E-004   1622.7655207264304        1.0000000000000000     
   4.2307692307692307E-003   7.6923076923076923E-004   1622.9348271543631        1.0000000000000000     
   4.2307692307692307E-003   1.1538461538461537E-003   1623.0446963094930        1.0000000000000000     
   4.2307692307692307E-003   1.5384615384615385E-003   1623.1006849566127        1.0000000000000000     
   4.2307692307692307E-003   1.9230769230769232E-003   1623.1107175038744        1.0000000000000000     
   4.2307692307692307E-003   2.3076923076923075E-003   1623.0846152858476        1.0000000000000000     
   4.2307692307692307E-003   2.6923076923076922E-003   1623.0335153103385        1.0000000000000000     
   4.2307692307692307E-003   3.0769230769230769E-003   1622.9692145117579        1.0000000000000000     
   4.2307692307692307E-003   3.4615384615384616E-003   1622.9034800449024        1.0000000000000000     
   4.2307692307692307E-003   3.8461538461538464E-003   1622.8473680886500        1.0000000000000000     
   4.2307692307692307E-003   4.2307692307692307E-003   1622.8105929059409        1.0000000000000000     
   4.2307692307692307E-003   4.6153846153846149E-003   1622.8009845914160        1.0000000000000000     
   4.2307692307692307E-003   5.0000000000000001E-003   1622.8240682576209        1.0000000000000000     
   4.2307692307692307E-003   5.3846153846153844E-003   1622.8827897330139        1.0000000000000000     
   4.2307692307692307E-003   5.7692307692307696E-003   1622.9774036561028        1.0000000000000000     
   4.2307692307692307E-003   6.1538461538461538E-003   1623.1055297245039        1.0000000000000000     
   4.2307692307692307E-003   6.5384615384615381E-003   1623.2623724266909        1.0000000000000000     
   4.2307692307692307E-003   6.9230769230769233E-003   1623.4410894986202        1.0000000000000000     
   4.2307692307692307E-003   7.3076923076923076E-003   1623.6332852385788        1.0000000000000000     
   4.2307692307692307E-003   7.6923076923076927E-003   1623.8295972451881        1.0000000000000000     
   4.2307692307692307E-003   8.0769230769230770E-003   1624.0203395576302        1.0000000000000000     
   4.2307692307692307E-003   8.4615384615384613E-003   1624.1961618373534        1.0000000000000000     
   4.2307692307692307E-003   8.8461538461538456E-003   1624.3486831845541        1.0000000000000000     
   4.2307692307692307E-003   9.2307692307692299E-003   1624.4710602972418        1.0000000000000000     
   4.2307692307692307E-003   9.6153846153846159E-003   1624.5584528071902        1.0000000000000000     

   4.6153846153846149E-003   3.8461538461538462E-004   1622.4537045644981        1.0000000000000000     
   4.6153846153846149E-003   7.6923076923076923E-004   1622.6240239881060        1.0000000000000000     
   4.6153846153846149E-003   1.1538461538461537E-003   1622.7359153106970        1.0000000000000000     
   4.6153846153846149E-003   1.5384615384615385E-003   1622.7948217563612        1.0000000000000000     
   4.6153846153846149E-003   1.9230769230769232E-003   1622.8085058768700        1.0000000000000000     
   4.6153846153846149E-003   2.3076923076923075E-003   1622.7865885042331        1.0000000000000000     
   4.6153846153846149E-003   2.6923076923076922E-003   1622.7399794391924        1.0000000000000000     
   4.6153846153846149E-003   3.0769230769230769E-003   1622.6802351807457        1.0000000000000000     
   4.6153846153846149E-003   3.4615384615384616E-003   1622.6188834014581        1.0000000000000000     
   4.6153846153846149E-003   3.8461538461538464E-003   1622.5667557712261        1.0000000000000000     
   4.6153846153846149E-003   4.2307692307692307E-003   1622.5333700262427        1.0000000000000000     
   4.6153846153846149E-003   4.6153846153846149E-003   1622.5263989363168        1.0000000000000000     
   4.6153846153846149E-003   5.0000000000000001E-003   1622.5512582639781        1.0000000000000000     
   4.6153846153846149E-003   5.3846153846153844E-003   1622.6108382933683        1.0000000000000000     
   4.6153846153846149E-003   5.7692307692307696E-003   1622.7053945104904        1.0000000000000000     
   4.6153846153846149E-003   6.1538461538461538E-003   1622.8326030992355        1.0000000000000000     
   4.6153846153846149E-003   6.5384615384615381E-003   1622.9877766920629        1.0000000000000000     
   4.6153846153846149E-003   6.9230769230769233E-003   1623.1642259097960        1.0000000000000000     
   4.6153846153846149E-003   7.3076923076923076E-003   1623.3537432486082        1.0000000000000000     
   4.6153846153846149E-003   7.6923076923076927E-003   1623.5471783674639        1.0000000000000000     
   4.6153846153846149E-003   8.0769230769230770E-003   1623.7350682336557        1.0000000000000000     
   4.6153846153846149E-003   8.4615384615384613E-003   1623.9082821936145        1.0000000000000000     
   4.6153846153846149E-003   8.8461538461538456E-003   1624.0586409893267        1.0000000000000000     
   4.6153846153846149E-003   9.2307692307692299E-003   1624.1794700446774        1.0000000000000000     
   4.6153846153846149E-003   9.6153846153846159E-003   1624.2660509546949        1.0000000000000000     

   5.0000000000000001E-003   3.8461538461538462E-004   1622.3603832451595        1.0000000000000000     
   5.0000000000000001E-003   7.6923076923076923E-004   1622.5317486985846        1.0000000000000000     
   5.0000000000000001E-003   1.1538461538461537E-003   1622.6456902340467        1.0000000000000000     
   5.0000000000000001E-003   1.5384615384615385E-003   1622.7075379829844        1.0000000000000000     
   5.0000000000000001E-003   1.9230769230769232E-003   1622.7248932939601        1.0000000000000000     
   5.0000000000000001E-003   2.3076923076923075E-003   1622.7071773331304        1.0000000000000000     
   5.0000000000000001E-003   2.6923076923076922E-003   1622.6650736889194        1.0000000000000000     
   5.0000000000000001E-003   3.0769230769230769E-003   1622.6098995503053        1.0000000000000000     
   5.0000000000000001E-003   3.4615384615384616E-003   1622.5529443366886        1.0000000000000000     
   5.0000000000000001E-003   3.8461538461538464E-003   1622.5048165168678        1.0000000000000000     
   5.0000000000000001E-003   4.2307692307692307E-003   1622.4748386649674        1.0000000000000000     
   5.0000000000000001E-003   4.6153846153846149E-003   1622.4705276269824        1.0000000000000000     
   5.0000000000000001E-003   5.0000000000000001E-003   1622.4971912295996        1.0000000000000000     
   5.0000000000000001E-003   5.3846153846153844E-003   1622.5576656054413        1.0000000000000000     
   5.0000000000000001E-003   5.7692307692307696E-003   1622.6522083995853        1.0000000000000000     
   5.0000000000000001E-003   6.1538461538461538E-003   1622.7785534073846        1.0000000000000000     
   5.0000000000000001E-003   6.5384615384615381E-003   1622.9321221696830        1.0000000000000000     
   5.0000000000000001E-003   6.9230769230769233E-003   1623.1063783304144        1.0000000000000000     
   5.0000000000000001E-003   7.3076923076923076E-003   1623.2933017338144        1.0000000000000000     
   5.0000000000000001E-003   7.6923076923076927E-003   1623.4839518366266        1.0000000000000000     
   5.0000000000000001E-003   8.0769230769230770E-003   1623.6690844742409        1.0000000000000000     
   5.0000000000000001E-003   8.4615384615384613E-003   1623.8397826671285        1.0000000000000000     
   5.0000000000000001E-003   8.8461538461538456E-003   1623.9880611704168        1.0000000000000000     
   5.0000000000000001E-003   9.2307692307692299E-003   1624.1074059149023        1.0000000000000000     
   5.0000000000000001E-003   9.6153846153846159E-003   1624.1932133271919        1.0000000000000000     

   5.3846153846153844E-003   3.8461538461538462E-004   1622.4954257131781        1.0000000000000000     
   5.3846153846153844E-003   7.6923076923076923E-004   1622.6678545590444        1.0000000000000000     
   5.3846153846153844E-003   1.1538461538461537E-003   1622.7838422253633        1.0000000000000000     
   5.3846153846153844E-003   1.5384615384615385E-003   1622.8486080326429        1.0000000000000000     
   5.3846153846153844E-003   1.9230769230769232E-003   1622.8695953909887        1.0000000000000000     
   5.3846153846153844E-003   2.3076923076923075E-003   1622.8560298677032        1.0000000000000000     
   5.3846153846153844E-003   2.6923076923076922E-003   1622.8183734854581        1.0000000000000000     
   5.3846153846153844E-003   3.0769230769230769E-003   1622.7677090985603        1.0000000000000000     
   5.3846153846153844E-003   3.4615384615384616E-003   1622.7150929138484        1.0000000000000000     
   5.3846153846153844E-003   3.8461538461538464E-003   1622.6709150441516        1.0000000000000000     
   5.3846153846153844E-003   4.2307692307692307E-003   1622.6443073075714        1.0000000000000000     
   5.3846153846153844E-003   4.6153846153846149E-003   1622.6426343784481        1.0000000000000000     
   5.3846153846153844E-003   5.0000000000000001E-003   1622.6710990674210        1.0000000000000000     
   5.3846153846153844E-003   5.3846153846153844E-003   1622.7324853031557        1.0000000000000000     
   5.3846153846153844E-003   5.7692307692307696E-003   1622.8270537601040        1.0000000000000000     
   5.3846153846153844E-003   6.1538461538461538E-003   1622.9525955586655        1.0000000000000000     
   5.3846153846153844E-003   6.5384615384615381E-003   1623.1046396387630        1.0000000000000000     
   5.3846153846153844E-003   6.9230769230769233E-003   1623.2767998725349        1.0000000000000000     
   5.3846153846153844E-003   7.3076923076923076E-003   1623.4612393146947        1.0000000000000000     
   5.3846153846153844E-003   7.6923076923076927E-003   1623.6492217148993        1.0000000000000000     
   5.3846153846153844E-003   8.0769230769230770E-003   1623.8317149749444        1.0000000000000000     
   5.3846153846153844E-003   8.4615384615384613E-003   1624.0000079547797        1.0000000000000000     
   5.3846153846153844E-003   8.8461538461538456E-003   1624.1463011194544        1.0000000000000000     
   5.3846153846153844E-003   9.2307692307692299E-003   1624.2642330496044        1.0000000000000000     
   5.3846153846153844E-003   9.6153846153846159E-003   1624.3493087638774        1.0000000000000000     

   5.7692307692307696E-003   3.8461538461538462E-004   1622.8531933188531        1.0000000000000000     
   5.7692307692307696E-003   7.6923076923076923E-004   1623.0266860097513        1.0000000000000000     
   5.7692307692307696E-003   1.1538461538461537E-003   1623.1446837595647        1.0000000000000000     
   5.7692307692307696E-003   1.5384615384615385E-003   1623.2122990464729        1.0000000000000000     
   5.7692307692307696E-003   1.9230769230769232E-003   1623.2368230088787        1.0000000000000000     
   5.7692307692307696E-003   2.3076923076923075E-003   1623.2272926523503        1.0000000000000000     
   5.7692307692307696E-003   2.6923076923076922E-003   1623.1939564367531        1.0000000000000000     
   5.7692307692307696E-003   3.0769230769230769E-003   1623.1476713938002        1.0000000000000000     
   5.7692307692307696E-003   3.4615384615384616E-003   1623.0992690578917        1.0000000000000000     
   5.7692307692307696E-003   3.8461538461538464E-003   1623.0589292771310        1.0000000000000000     
   5.7692307692307696E-003   4.2307692307692307E-003   1623.0356003105296        1.0000000000000000     
   5.7692307692307696E-003   4.6153846153846149E-003   1623.0365005735398        1.0000000000000000     
   5.7692307692307696E-003   5.0000000000000001E-003   1623.0667321740766        1.0000000000000000     
   5.7692307692307696E-003   5.3846153846153844E-003   1623.1290293225470        1.0000000000000000     
   5.7692307692307696E-003   5.7692307692307696E-003   1623.2236562450405        1.0000000000000000     
   5.7692307692307696E-003   6.1538461538461538E-003   1623.3484599011028        1.0000000000000000     
   5.7692307692307696E-003   6.5384615384615381E-003   1623.4990731759735        1.0000000000000000     
   5.7692307692307696E-003   6.9230769230769233E-003   1623.6692548671333        1.0000000000000000     
   5.7692307692307696E-003   7.3076923076923076E-003   1623.8513442836263        1.0000000000000000     
   5.7692307692307696E-003   7.6923076923076927E-003   1624.0368011414248        1.0000000000000000     
   5.7692307692307696E-003   8.0769230769230770E-003   1624.2167961063612        1.0000000000000000     
   5.7692307692307696E-003   8.4615384615384613E-003   1624.3828141408410        1.0000000000000000     
   5.7692307692307696E-003   8.8461538461538456E-003   1624.5272319610647        1.0000000000000000     
   5.7692307692307696E-003   9.2307692307692299E-003   1624.6438324843577        1.0000000000000000     
   5.7692307692307696E-003   9.6153846153846159E-003   1624.7282230809426        1.0000000000000000     

   6.1538461538461538E-003   3.8461538461538462E-004   1623.4126486408918        1.0000000000000000     
   6.1538461538461538E-003   7.6923076923076923E-004   1623.5871877242650        1.0000000000000000     
   6.1538461538461538E-003   1.1538461538461537E-003   1623.7071281632630        1.0000000000000000     
   6.1538461538461538E-003   1.5384615384615385E-003   1623.7774810801052        1.0000000000000000     
   6.1538461538461538E-003   1.9230769230769232E-003   1623.8053931690424        1.0000000000000000     
   6.1538461538461538E-003   2.3076923076923075E-003   1623.7997225823308        1.0000000000000000     
   6.1538461538461538E-003   2.6923076923076922E-003   1623.7705152378014        1.0000000000000000     
   6.1538461538461538E-003   3.0769230769230769E-003   1623.7284140356228        1.0000000000000000     
   6.1538461538461538E-003   3.4615384615384616E-003   1623.6840375225040        1.0000000000000000     
   6.1538461538461538E-003   3.8461538461538464E-003   1623.6473662896205        1.0000000000000000     
   6.1538461538461538E-003   4.2307692307692307E-003   1623.6271747424128        1.0000000000000000     
   6.1538461538461538E-003   4.6153846153846149E-003   1623.6305428961539        1.0000000000000000     
   6.1538461538461538E-003   5.0000000000000001E-003   1623.6624777336979        1.0000000000000000     
   6.1538461538461538E-003   5.3846153846153844E-003   1623.7256667413990        1.0000000000000000     
   6.1538461538461538E-003   5.7692307692307696E-003   1623.8203779500163        1.0000000000000000     
   6.1538461538461538E-003   6.1538461538461538E-003   1623.9445116610259        1.0000000000000000     
   6.1538461538461538E-003   6.5384615384615381E-003   1624.0937995938448        1.0000000000000000     
   6.1538461538461538E-003   6.9230769230769233E-003   1624.2621380197916        1.0000000000000000     
   6.1538461538461538E-003   7.3076923076923076E-003   1624.4420331116764        1.0000000000000000     
   6.1538461538461538E-003   7.6923076923076927E-003   1624.6251297434126        1.0000000000000000     
   6.1538461538461538E-003   8.0769230769230770E-003   1624.8027897545878        1.0000000000000000     
   6.1538461538461538E-003   8.4615384615384613E-003   1624.9666825812574        1.0000000000000000     
   6.1538461538461538E-003   8.8461538461538456E-003   1625.1093503548814        1.0000000000000000     
   6.1538461538461538E-003   9.2307692307692299E-003   1625.2247111588340        1.0000000000000000     
   6.1538461538461538E-003   9.6153846153846159E-003   1625.3084680364179        1.0000000000000000     

   6.5384615384615381E-003   3.8461538461538462E-004   1624.1384596790424        1.0000000000000000     
   6.5384615384615381E-003   7.6923076923076923E-004   1624.3140091243270        1.0000000000000000     
   6.5384615384615381E-003   1.1538461538461537E-003   1624.4357945740880        1.0000000000000000     
   6.5384615384615381E-003   1.5384615384615385E-003   1624.5087326162541        1.0000000000000000     
   6.5384615384615381E-003   1.9230769230769232E-003   1624.5398352292675        1.0000000000000000     
   6.5384615384615381E-003   2.3076923076923075E-003   1624.5377937699452        1.0000000000000000     
   6.5384615384615381E-003   2.6923076923076922E-003   1624.5124652885202        1.0000000000000000     
   6.5384615384615381E-003   3.0769230769230769E-003   1624.4742930394646        1.0000000000000000     
   6.5384615384615381E-003   3.4615384615384616E-003   1624.4336970306806        1.0000000000000000     
   6.5384615384615381E-003   3.8461538461538464E-003   1624.4004721679853        1.0000000000000000     
   6.5384615384615381E-003   4.2307692307692307E-003   1624.3832309151326        1.0000000000000000     
   6.5384615384615381E-003   4.6153846153846149E-003   1624.3889244607658        1.0000000000000000     
   6.5384615384615381E-003   5.0000000000000001E-003   1624.4224713615477        1.0000000000000000     
   6.5384615384615381E-003   5.3846153846153844E-003   1624.4865158393229        1.0000000000000000     
   6.5384615384615381E-003   5.7692307692307696E-003   1624.5813297753427        1.0000000000000000     
   6.5384615384615381E-003   6.1538461538461538E-003   1624.7048634687010        1.0000000000000000     
   6.5384615384615381E-003   6.5384615384615381E-003   1624.8529409571404        1.0000000000000000     
   6.5384615384615381E-003   6.9230769230769233E-003   1625.0195867003861        1.0000000000000000     
   6.5384615384615381E-003   7.3076923076923076E-003   1625.1974622468997        1.0000000000000000     
   6.5384615384615381E-003   7.6923076923076927E-003   1625.3783846462320        1.0000000000000000     
   6.5384615384615381E-003   8.0769230769230770E-003   1625.5538932575091        1.0000000000000000     
   6.5384615384615381E-003   8.4615384615384613E-003   1625.7158285662863        1.0000000000000000     
   6.5384615384615381E-003   8.8461538461538456E-003   1625.8568858616409        1.0000000000000000     
   6.5384615384615381E-003   9.2307692307692299E-003   1625.9711082114163        1.0000000000000000     
   6.5384615384615381E-003   9.6153846153846159E-003   1626.0542870296160        1.0000000000000000     

   6.9230769230769233E-003   3.8461538461538462E-004   1624.9830574957602        1.0000000000000000     
   6.9230769230769233E-003   7.6923076923076923E-004   1625.1595624188735        1.0000000000000000     
   6.9230769230769233E-003   1.1538461538461537E-003   1625.2830664118180        1.0000000000000000     
   6.9230769230769233E-003   1.5384615384615385E-003   1625.3583994980268        1.0000000000000000     
   6.9230769230769233E-003   1.9230769230769232E-003   1625.3924503026146        1.0000000000000000     
   6.9230769230769233E-003   2.3076923076923075E-003   1625.3937574643951        1.0000000000000000     
   6.9230769230769233E-003   2.6923076923076922E-003   1625.3720051211519        1.0000000000000000     
   6.9230769230769233E-003   3.0769230769230769E-003   1625.3374537690734        1.0000000000000000     
   6.9230769230769233E-003   3.4615384615384616E-003   1625.3003417011291        1.0000000000000000     
   6.9230769230769233E-003   3.8461538461538464E-003   1625.2702939122926        1.0000000000000000     
   6.9230769230769233E-003   4.2307692307692307E-003   1625.2557747332708        1.0000000000000000     
   6.9230769230769233E-003   4.6153846153846149E-003   1625.2636175760731        1.0000000000000000     
   6.9230769230769233E-003   5.0000000000000001E-003   1625.2986602399772        1.0000000000000000     
   6.9230769230769233E-003   5.3846153846153844E-003   1625.3635075532472        1.0000000000000000     
   6.9230769230769233E-003   5.7692307692307696E-003   1625.4584351331512        1.0000000000000000     
   6.9230769230769233E-003   6.1538461538461538E-003   1625.5814392278858        1.0000000000000000     
   6.9230769230769233E-003   6.5384615384615381E-003   1625.7284284978441        1.0000000000000000     
   6.9230769230769233E-003   6.9230769230769233E-003   1625.8935447548515        1.0000000000000000     
   6.9230769230769233E-003   7.3076923076923076E-003   1626.0695916456864        1.0000000000000000     
   6.9230769230769233E-003   7.6923076923076927E-003   1626.2485435339875        1.0000000000000000     
   6.9230769230769233E-003   8.0769230769230770E-003   1626.4221018226558        1.0000000000000000     
   6.9230769230769233E-003   8.4615384615384613E-003   1626.5822629878360        1.0000000000000000     
   6.9230769230769233E-003   8.8461538461538456E-003   1626.7218618656145        1.0000000000000000     
   6.9230769230769233E-003   9.2307692307692299E-003   1626.8350553083421        1.0000000000000000     
   6.9230769230769233E-003   9.6153846153846159E-003   1626.9177151290148        1.0000000000000000     

   7.3076923076923076E-003   3.8461538461538462E-004   1625.8895380716558        1.0000000000000000     
   7.3076923076923076E-003   7.6923076923076923E-004   1626.0669249219322        1.0000000000000000     
   7.3076923076923076E-003   1.1538461538461537E-003   1626.1919941147726        1.0000000000000000     
   7.3076923076923076E-003   1.5384615384615385E-003   1626.2694980428228        1.0000000000000000     
   7.3076923076923076E-003   1.9230769230769232E-003   1626.3062147121695        1.0000000000000000     
   7.3076923076923076E-003   2.3076923076923075E-003   1626.3105458161999        1.0000000000000000     
   7.3076923076923076E-003   2.6923076923076922E-003   1626.2920204494058        1.0000000000000000     
   7.3076923076923076E-003   3.0769230769230769E-003   1626.2607352522678        1.0000000000000000     
   7.3076923076923076E-003   3.4615384615384616E-003   1626.2267656192701        1.0000000000000000     
   7.3076923076923076E-003   3.8461538461538464E-003   1626.1995842572721        1.0000000000000000     
   7.3076923076923076E-003   4.2307692307692307E-003   1626.1875227643266        1.0000000000000000     
   7.3076923076923076E-003   4.6153846153846149E-003   1626.1973090660563        1.0000000000000000     
   7.3076923076923076E-003   5.0000000000000001E-003   1626.2337086903265        1.0000000000000000     
   7.3076923076923076E-003   5.3846153846153844E-003   1626.2992912939364        1.0000000000000000     
   7.3076923076923076E-003   5.7692307692307696E-003   1626.3943359901284        1.0000000000000000     
   7.3076923076923076E-003   6.1538461538461538E-003   1626.5168803481390        1.0000000000000000     
   7.3076923076923076E-003   6.5384615384615381E-003   1626.6629089769983        1.0000000000000000     
   7.3076923076923076E-003   6.9230769230769233E-003   1626.8266689110910        1.0000000000000000     
   7.3076923076923076E-003   7.3076923076923076E-003   1627.0010911156828        1.0000000000000000     
   7.3076923076923076E-003   7.6923076923076927E-003   1627.1782908129542        1.0000000000000000     
   7.3076923076923076E-003   8.0769230769230770E-003   1627.3501144064433        1.0000000000000000     
   7.3076923076923076E-003   8.4615384615384613E-003   1627.5086978695224        1.0000000000000000     
   7.3076923076923076E-003   8.8461538461538456E-003   1627.6470007575072        1.0000000000000000     
   7.3076923076923076E-003   9.2307692307692299E-003   1627.7592815644655        1.0000000000000000     
   7.3076923076923076E-003   9.6153846153846159E-003   1627.8414838931335        1.0000000000000000     

   7.6923076923076927E-003   3.8461538461538462E-004   1626.7952357425186        1.0000000000000000     
   7.6923076923076927E-003   7.6923076923076923E-004   1626.9734130009310        1.0000000000000000     
   7.6923076923076927E-003   1.1538461538461537E-003   1627.0998694899570        1.0000000000000000     
   7.6923076923076927E-003   1.5384615384615385E-003   1627.1792896943066        1.0000000000000000     
   7.6923076923076927E-003   1.9230769230769232E-003   1627.2183548582552        1.0000000000000000     
   7.6923076923076927E-003   2.3076923076923075E-003   1627.2253468897334        1.0000000000000000     
   7.6923076923076927E-003   2.6923076923076922E-003   1627.2096592753928        1.0000000000000000     
   7.6923076923076927E-003   3.0769230769230769E-003   1627.1812453512882        1.0000000000000000     
   7.6923076923076927E-003   3.4615384615384616E-003   1627.1500380598470        1.0000000000000000     
   7.6923076923076927E-003   3.8461538461538464E-003   1627.1253769542247        1.0000000000000000     
   7.6923076923076927E-003   4.2307692307692307E-003   1627.1154776021287        1.0000000000000000     
   7.6923076923076927E-003   4.6153846153846149E-003   1627.1269757477912        1.0000000000000000     
   7.6923076923076927E-003   5.0000000000000001E-003   1627.1645738030429        1.0000000000000000     
   7.6923076923076927E-003   5.3846153846153844E-003   1627.2308107646365        1.0000000000000000     
   7.6923076923076927E-003   5.7692307692307696E-003   1627.3259689020542        1.0000000000000000     
   7.6923076923076927E-003   6.1538461538461538E-003   1627.4481220068647        1.0000000000000000     
   7.6923076923076927E-003   6.5384615384615381E-003   1627.5933211648851        1.0000000000000000     
   7.6923076923076927E-003   6.9230769230769233E-003   1627.7559054446608        1.0000000000000000     
   7.6923076923076927E-003   7.3076923076923076E-003   1627.9289171134701        1.0000000000000000     
   7.6923076923076927E-003   7.6923076923076927E-003   1628.1045944749912        1.0000000000000000     
   7.6923076923076927E-003   8.0769230769230770E-003   1628.2749105780520        1.0000000000000000     
   7.6923076923076927E-003   8.4615384615384613E-003   1628.4321231838685        1.0000000000000000     
   7.6923076923076927E-003   8.8461538461538456E-003   1628.5693006919291        1.0000000000000000     
   7.6923076923076927E-003   9.2307692307692299E-003   1628.6807902709800        1.0000000000000000     
   7.6923076923076927E-003   9.6153846153846159E-003   1628.7625981386273        1.0000000000000000     

   8.0769230769230770E-003   3.8461538461538462E-004   1627.6357415319121        1.0000000000000000     
   8.0769230769230770E-003   7.6923076923076923E-004   1627.8146009474372        1.0000000000000000     
   8.0769230769230770E-003   1.1538461538461537E-003   1627.9422449639767        1.0000000000000000     
   8.0769230769230770E-003   1.5384615384615385E-003   1628.0233005096704        1.0000000000000000     
   8.0769230769230770E-003   1.9230769230769232E-003   1628.0643668184803        1.0000000000000000     
   8.0769230769230770E-003   2.3076923076923075E-003   1628.0736242775899        1.0000000000000000     
   8.0769230769230770E-003   2.6923076923076922E-003   1628.0603514481877        1.0000000000000000     
   8.0769230769230770E-003   3.0769230769230769E-003   1628.0343802254808        1.0000000000000000     
   8.0769230769230770E-003   3.4615384615384616E-003   1628.0055228432739        1.0000000000000000     
   8.0769230769230770E-003   3.8461538461538464E-003   1627.9830060379932        1.0000000000000000     
   8.0769230769230770E-003   4.2307692307692307E-003   1627.9749470846946        1.0000000000000000     
   8.0769230769230770E-003   4.6153846153846149E-003   1627.9879036579784        1.0000000000000000     
   8.0769230769230770E-003   5.0000000000000001E-003   1628.0265247410607        1.0000000000000000     
   8.0769230769230770E-003   5.3846153846153844E-003   1628.0933234117313        1.0000000000000000     
   8.0769230769230770E-003   5.7692307692307696E-003   1628.1885846761725        1.0000000000000000     
   8.0769230769230770E-003   6.1538461538461538E-003   1628.3104130741344        1.0000000000000000     
   8.0769230769230770E-003   6.5384615384615381E-003   1628.4549160592308        1.0000000000000000     
   8.0769230769230770E-003   6.9230769230769233E-003   1628.6165106982132        1.0000000000000000     
   8.0769230769230770E-003   7.3076923076923076E-003   1628.7883335504707        1.0000000000000000     
   8.0769230769230770E-003   7.6923076923076927E-003   1628.9627271571744        1.0000000000000000     
   8.0769230769230770E-003   8.0769230769230770E-003   1629.1317717906027        1.0000000000000000     
   8.0769230769230770E-003   8.4615384615384613E-003   1629.2878282940580        1.0000000000000000     
   8.0769230769230770E-003   8.8461538461538456E-003   1629.4240571701710        1.0000000000000000     
   8.0769230769230770E-003   9.2307692307692299E-003   1629.5348806072986        1.0000000000000000     
   8.0769230769230770E-003   9.6153846153846159E-003   1629.6163577869816        1.0000000000000000     

   8.4615384615384613E-003   3.8461538461538462E-004   1628.3491000791696        1.0000000000000000     
   8.4615384615384613E-003   7.6923076923076923E-004   1628.5285184438012        1.0000000000000000     
   8.4615384615384613E-003   1.1538461538461537E-003   1628.6571314010148        1.0000000000000000     
   8.4615384615384613E-003   1.5384615384615385E-003   1628.7395191588125        1.0000000000000000     
   8.4615384615384613E-003   1.9230769230769232E-003   1628.7822143823914        1.0000000000000000     
   8.4615384615384613E-003   2.3076923076923075E-003   1628.7933150552017        1.0000000000000000     
   8.4615384615384613E-003   2.6923076923076922E-003   1628.7820064571770        1.0000000000000000     
   8.4615384615384613E-003   3.0769230769230769E-003   1628.7580219181928        1.0000000000000000     
   8.4615384615384613E-003   3.4615384615384616E-003   1628.7310757067255        1.0000000000000000     
   8.4615384615384613E-003   3.8461538461538464E-003   1628.7103030060678        1.0000000000000000     
   8.4615384615384613E-003   4.2307692307692307E-003   1628.7037413337141        1.0000000000000000     
   8.4615384615384613E-003   4.6153846153846149E-003   1628.7178850271662        1.0000000000000000     
   8.4615384615384613E-003   5.0000000000000001E-003   1628.7573397371175        1.0000000000000000     
   8.4615384615384613E-003   5.3846153846153844E-003   1628.8245975387779        1.0000000000000000     
   8.4615384615384613E-003   5.7692307692307696E-003   1628.9199456917515        1.0000000000000000     
   8.4615384615384613E-003   6.1538461538461538E-003   1629.0415137175085        1.0000000000000000     
   8.4615384615384613E-003   6.5384615384615381E-003   1629.1854548331582        1.0000000000000000     
   8.4615384615384613E-003   6.9230769230769233E-003   1629.3462494082594        1.0000000000000000     
   8.4615384615384613E-003   7.3076923076923076E-003   1629.5171105097238        1.0000000000000000     
   8.4615384615384613E-003   7.6923076923076927E-003   1629.6904652373673        1.0000000000000000     
   8.4615384615384613E-003   8.0769230769230770E-003   1629.8584808269418        1.0000000000000000     
   8.4615384615384613E-003   8.4615384615384613E-003   1630.0136017109082        1.0000000000000000     
   8.4615384615384613E-003   8.8461538461538456E-003   1630.1490630658263        1.0000000000000000     
   8.4615384615384613E-003   9.2307692307692299E-003   1630.2593478947310        1.0000000000000000     
   8.4615384615384613E-003   9.6153846153846159E-003   1630.3405583097699        1.0000000000000000     

   8.8461538461538456E-003   3.8461538461538462E-004   1628.8798978863258        1.0000000000000000     
   8.8461538461538456E-003   7.6923076923076923E-004   1629.0597393202054        1.0000000000000000     
   8.8461538461538456E-003   1.1538461538461537E-003   1629.1890871737019        1.0000000000000000     
   8.8461538461538456E-003   1.5384615384615385E-003   1629.2724861308375        1.0000000000000000     
   8.8461538461538456E-003   1.9230769230769232E-003   1629.3164182412704        1.0000000000000000     
   8.8461538461538456E-003   2.3076923076923075E-003   1629.3289188336341        1.0000000000000000     
   8.8461538461538456E-003   2.6923076923076922E-003   1629.3191022636997        1.0000000000000000     
   8.8461538461538456E-003   3.0769230769230769E-003   1629.2966269213739        1.0000000000000000     
   8.8461538461538456E-003   3.4615384615384616E-003   1629.2711325936682        1.0000000000000000     
   8.8461538461538456E-003   3.8461538461538464E-003   1629.2516848603345        1.0000000000000000     
   8.8461538461538456E-003   4.2307692307692307E-003   1629.2462606062268        1.0000000000000000     
   8.8461538461538456E-003   4.6153846153846149E-003   1629.2613060229025        1.0000000000000000     
   8.8461538461538456E-003   5.0000000000000001E-003   1629.3013938257275        1.0000000000000000     
   8.8461538461538456E-003   5.3846153846153844E-003   1629.3690001314699        1.0000000000000000     
   8.8461538461538456E-003   5.7692307692307696E-003   1629.4644139201148        1.0000000000000000     
   8.8461538461538456E-003   6.1538461538461538E-003   1629.5857837086023        1.0000000000000000     
   8.8461538461538456E-003   6.5384615384615381E-003   1629.7292975021683        1.0000000000000000     
   8.8461538461538456E-003   6.9230769230769233E-003   1629.8894837838291        1.0000000000000000     
   8.8461538461538456E-003   7.3076923076923076E-003   1630.0596137625002        1.0000000000000000     
   8.8461538461538456E-003   7.6923076923076927E-003   1630.2321787904341        1.0000000000000000     
   8.8461538461538456E-003   8.0769230769230770E-003   1630.3994121752100        1.0000000000000000     
   8.8461538461538456E-003   8.4615384615384613E-003   1630.5538218502338        1.0000000000000000     
   8.8461538461538456E-003   8.8461538461538456E-003   1630.6886997144668        1.0000000000000000     
   8.8461538461538456E-003   9.2307692307692299E-003   1630.7985749618001        1.0000000000000000     
   8.8461538461538456E-003   9.6153846153846159E-003   1630.8795823094788        1.0000000000000000     

   9.2307692307692299E-003   3.8461538461538462E-004   1629.1829560464550        1.0000000000000000     
   9.2307692307692299E-003   7.6923076923076923E-004   1629.3630747351472        1.0000000000000000     
   9.2307692307692299E-003   1.1538461538461537E-003   1629.4929116102498        1.0000000000000000     
   9.2307692307692299E-003   1.5384615384615385E-003   1629.5769872795922        1.0000000000000000     
   9.2307692307692299E-003   1.9230769230769232E-003   1629.6217494883845        1.0000000000000000     
   9.2307692307692299E-003   2.3076923076923075E-003   1629.6351911012141        1.0000000000000000     
   9.2307692307692299E-003   2.6923076923076922E-003   1629.6263784052087        1.0000000000000000     
   9.2307692307692299E-003   3.0769230769230769E-003   1629.6049189997143        1.0000000000000000     
   9.2307692307692299E-003   3.4615384615384616E-003   1629.5804021915158        1.0000000000000000     
   9.2307692307692299E-003   3.8461538461538464E-003   1629.5618463853671        1.0000000000000000     
   9.2307692307692299E-003   4.2307692307692307E-003   1629.5571873698623        1.0000000000000000     
   9.2307692307692299E-003   4.6153846153846149E-003   1629.5728387012136        1.0000000000000000     
   9.2307692307692299E-003   5.0000000000000001E-003   1629.6133507656614        1.0000000000000000     
   9.2307692307692299E-003   5.3846153846153844E-003   1629.6811888532516        1.0000000000000000     
   9.2307692307692299E-003   5.7692307692307696E-003   1629.7766430943850        1.0000000000000000     
   9.2307692307692299E-003   6.1538461538461538E-003   1629.8978748590414        1.0000000000000000     
   9.2307692307692299E-003   6.5384615384615381E-003   1630.0410957027350        1.0000000000000000     
   9.2307692307692299E-003   6.9230769230769233E-003   1630.2008666835077        1.0000000000000000     
   9.2307692307692299E-003   7.3076923076923076E-003   1630.3704983760397        1.0000000000000000     
   9.2307692307692299E-003   7.6923076923076927E-003   1630.5425256347116        1.0000000000000000     
   9.2307692307692299E-003   8.0769230769230770E-003   1630.7092264993646        1.0000000000000000     
   9.2307692307692299E-003   8.4615384615384613E-003   1630.8631518930938        1.0000000000000000     
   9.2307692307692299E-003   8.8461538461538456E-003   1630.9976321136724        1.0000000000000000     
   9.2307692307692299E-003   9.2307692307692299E-003   1631.1072276229977        1.0000000000000000     
   9.2307692307692299E-003   9.6153846153846159E-003   1631.1880952089316        1.0000000000000000     

   9.6153846153846159E-003   3.8461538461538462E-004   1629.2263634298349        1.0000000000000000     
   9.6153846153846159E-003   7.6923076923076923E-004   1629.4066067283493        1.0000000000000000     
   9.6153846153846159E-003   1.1538461538461537E-003   1629.5366787573050        1.0000000000000000     
   9.6153846153846159E-003   1.5384615384615385E-003   1629.6210876542702        1.0000000000000000     
   9.6153846153846159E-003   1.9230769230769232E-003   1629.6662633960154        1.0000000000000000     
   9.6153846153846159E-003   2.3076923076923075E-003   1629.6801768514913        1.0000000000000000     
   9.6153846153846159E-003   2.6923076923076922E-003   1629.6718694077947        1.0000000000000000     
   9.6153846153846159E-003   3.0769230769230769E-003   1629.6509223522517        1.0000000000000000     
   9.6153846153846159E-003   3.4615384615384616E-003   1629.6268988374486        1.0000000000000000     
   9.6153846153846159E-003   3.8461538461538464E-003   1629.6087928221880        1.0000000000000000     
   9.6153846153846159E-003   4.2307692307692307E-003   1629.6045187931325        1.0000000000000000     
   9.6153846153846159E-003   4.6153846153846149E-003   1629.6204733816876        1.0000000000000000     
   9.6153846153846159E-003   5.0000000000000001E-003   1629.6611953815882        1.0000000000000000     
   9.6153846153846159E-003   5.3846153846153844E-003   1629.7291444417699        1.0000000000000000     
   9.6153846153846159E-003   5.7692307692307696E-003   1629.8246112486086        1.0000000000000000     
   9.6153846153846159E-003   6.1538461538461538E-003   1629.9457637830551        1.0000000000000000     
   9.6153846153846159E-003   6.5384615384615381E-003   1630.0888257463535        1.0000000000000000     
   9.6153846153846159E-003   6.9230769230769233E-003   1630.2483750117460        1.0000000000000000     
   9.6153846153846159E-003   7.3076923076923076E-003   1630.4177424829370        1.0000000000000000     
   9.6153846153846159E-003   7.6923076923076927E-003   1630.5894854843227        1.0000000000000000     
   9.6153846153846159E-003   8.0769230769230770E-003   1630.7559051639012        1.0000000000000000     
   9.6153846153846159E-003   8.4615384615384613E-003   1630.9095746541541        1.0000000000000000     
   9.6153846153846159E-003   8.8461538461538456E-003   1631.0438440911278        1.0000000000000000     
   9.6153846153846159E-003   9.2307692307692299E-003   1631.1532900911716        1.0000000000000000     
   9.6153846153846159E-003   9.6153846153846159E-003   1631.2340808448623        1.0000000000000000     

