   3.8461538461538462E-004   3.8461538461538462E-004   931.79826984159070        1.0000000000000000     
   3.8461538461538462E-004   7.6923076923076923E-004   931.75363641056708        1.0000000000000000     
   3.8461538461538462E-004   1.1538461538461537E-003   931.71356981276404        1.0000000000000000     
   3.8461538461538462E-004   1.5384615384615385E-003   931.67799701586762        1.0000000000000000     
   3.8461538461538462E-004   1.9230769230769232E-003   931.64646660519043        1.0000000000000000     
   3.8461538461538462E-004   2.3076923076923075E-003   931.61902338263553        1.0000000000000000     
   3.8461538461538462E-004   2.6923076923076922E-003   931.59554178546614        1.0000000000000000     
   3.8461538461538462E-004   3.0769230769230769E-003   931.57595527316982        1.0000000000000000     
   3.8461538461538462E-004   3.4615384615384616E-003   931.56013463991280        1.0000000000000000     
   3.8461538461538462E-004   3.8461538461538464E-003   931.54796418677768        1.0000000000000000     
   3.8461538461538462E-004   4.2307692307692307E-003   931.53934611225657        1.0000000000000000     
   3.8461538461538462E-004   4.6153846153846149E-003   931.53420620517488        1.0000000000000000     
   3.8461538461538462E-004   5.0000000000000001E-003   931.53249814996161        1.0000000000000000     
   3.8461538461538462E-004   5.3846153846153844E-003   931.53420620517477        1.0000000000000000     
   3.8461538461538462E-004   5.7692307692307696E-003   931.53934611225657        1.0000000000000000     
   3.8461538461538462E-004   6.1538461538461538E-003   931.54796418677790        1.0000000000000000     
   3.8461538461538462E-004   6.5384615384615381E-003   931.56013463991303        1.0000000000000000     
   3.8461538461538462E-004   6.9230769230769233E-003   931.57595527317051        1.0000000000000000     
   3.8461538461538462E-004   7.3076923076923076E-003   931.59554178546614        1.0000000000000000     
   3.8461538461538462E-004   7.6923076923076927E-003   931.61902338263553        1.0000000000000000     
   3.8461538461538462E-004   8.0769230769230770E-003   931.64646660519099        1.0000000000000000     
   3.8461538461538462E-004   8.4615384615384613E-003   931.67799701586830        1.0000000000000000     
   3.8461538461538462E-004   8.8461538461538456E-003   931.71356981276426        1.0000000000000000     
   3.8461538461538462E-004   9.2307692307692299E-003   931.75363641056686        1.0000000000000000     
   3.8461538461538462E-004   9.6153846153846159E-003   931.79826984159149        1.0000000000000000     

   7.6923076923076923E-004   3.8461538461538462E-004   1012.3924862278996        1.0000000000000000     
   7.6923076923076923E-004   7.6923076923076923E-004   1012.3055993929687        1.0000000000000000     
   7.6923076923076923E-004   1.1538461538461537E-003   1012.2274381637405        1.0000000000000000     
   7.6923076923076923E-004   1.5384615384615385E-003   1012.1575003249960        1.0000000000000000     
   7.6923076923076923E-004   1.9230769230769232E-003   1012.0961159381288        1.0000000000000000     
   7.6923076923076923E-004   2.3076923076923075E-003   1012.0424466005367        1.0000000000000000     
   7.6923076923076923E-004   2.6923076923076922E-003   1011.9965988458424        1.0000000000000000     
   7.6923076923076923E-004   3.0769230769230769E-003   1011.9583674751050        1.0000000000000000     
   7.6923076923076923E-004   3.4615384615384616E-003   1011.9274964544338        1.0000000000000000     
   7.6923076923076923E-004   3.8461538461538464E-003   1011.9037545222355        1.0000000000000000     
   7.6923076923076923E-004   4.2307692307692307E-003   1011.8869461602052        1.0000000000000000     
   7.6923076923076923E-004   4.6153846153846149E-003   1011.8769229989000        1.0000000000000000     
   7.6923076923076923E-004   5.0000000000000001E-003   1011.8735924363153        1.0000000000000000     
   7.6923076923076923E-004   5.3846153846153844E-003   1011.8769229988998        1.0000000000000000     
   7.6923076923076923E-004   5.7692307692307696E-003   1011.8869461602054        1.0000000000000000     
   7.6923076923076923E-004   6.1538461538461538E-003   1011.9037545222354        1.0000000000000000     
   7.6923076923076923E-004   6.5384615384615381E-003   1011.9274964544334        1.0000000000000000     
   7.6923076923076923E-004   6.9230769230769233E-003   1011.9583674751050        1.0000000000000000     
   7.6923076923076923E-004   7.3076923076923076E-003   1011.9965988458430        1.0000000000000000     
   7.6923076923076923E-004   7.6923076923076927E-003   1012.0424466005366        1.0000000000000000     
   7.6923076923076923E-004   8.0769230769230770E-003   1012.0961159381287        1.0000000000000000     
   7.6923076923076923E-004   8.4615384615384613E-003   1012.1575003249961        1.0000000000000000     
   7.6923076923076923E-004   8.8461538461538456E-003   1012.2274381637410        1.0000000000000000     
   7.6923076923076923E-004   9.2307692307692299E-003   1012.3055993929687        1.0000000000000000     
   7.6923076923076923E-004   9.6153846153846159E-003   1012.3924862279001        1.0000000000000000     

   1.1538461538461537E-003   3.8461538461538462E-004   1090.6321057876223        1.0000000000000000     
   1.1538461538461537E-003   7.6923076923076923E-004   1090.5066981837797        1.0000000000000000     
   1.1538461538461537E-003   1.1538461538461537E-003   1090.3932547760105        1.0000000000000000     
   1.1538461538461537E-003   1.5384615384615385E-003   1090.2928742839231        1.0000000000000000     
   1.1538461538461537E-003   1.9230769230769232E-003   1090.2041137554136        1.0000000000000000     
   1.1538461538461537E-003   2.3076923076923075E-003   1090.1267158653670        1.0000000000000000     
   1.1538461538461537E-003   2.6923076923076922E-003   1090.0606545126252        1.0000000000000000     
   1.1538461538461537E-003   3.0769230769230769E-003   1090.0055990912763        1.0000000000000000     
   1.1538461538461537E-003   3.4615384615384616E-003   1089.9611670899519        1.0000000000000000     
   1.1538461538461537E-003   3.8461538461538464E-003   1089.9270119124499        1.0000000000000000     
   1.1538461538461537E-003   4.2307692307692307E-003   1089.9028404773383        1.0000000000000000     
   1.1538461538461537E-003   4.6153846153846149E-003   1089.8884303543728        1.0000000000000000     
   1.1538461538461537E-003   5.0000000000000001E-003   1089.8836427094457        1.0000000000000000     
   1.1538461538461537E-003   5.3846153846153844E-003   1089.8884303543725        1.0000000000000000     
   1.1538461538461537E-003   5.7692307692307696E-003   1089.9028404773380        1.0000000000000000     
   1.1538461538461537E-003   6.1538461538461538E-003   1089.9270119124494        1.0000000000000000     
   1.1538461538461537E-003   6.5384615384615381E-003   1089.9611670899512        1.0000000000000000     
   1.1538461538461537E-003   6.9230769230769233E-003   1090.0055990912758        1.0000000000000000     
   1.1538461538461537E-003   7.3076923076923076E-003   1090.0606545126254        1.0000000000000000     
   1.1538461538461537E-003   7.6923076923076927E-003   1090.1267158653670        1.0000000000000000     
   1.1538461538461537E-003   8.0769230769230770E-003   1090.2041137554136        1.0000000000000000     
   1.1538461538461537E-003   8.4615384615384613E-003   1090.2928742839226        1.0000000000000000     
   1.1538461538461537E-003   8.8461538461538456E-003   1090.3932547760107        1.0000000000000000     
   1.1538461538461537E-003   9.2307692307692299E-003   1090.5066981837806        1.0000000000000000     
   1.1538461538461537E-003   9.6153846153846159E-003   1090.6321057876248        1.0000000000000000     

   1.5384615384615385E-003   3.8461538461538462E-004   1165.4678475650476        1.0000000000000000     
   1.5384615384615385E-003   7.6923076923076923E-004   1165.3088372683596        1.0000000000000000     
   1.5384615384615385E-003   1.1538461538461537E-003   1165.1660237328442        1.0000000000000000     
   1.5384615384615385E-003   1.5384615384615385E-003   1165.0389898268650        1.0000000000000000     
   1.5384615384615385E-003   1.9230769230769232E-003   1164.9268759869346        1.0000000000000000     
   1.5384615384615385E-003   2.3076923076923075E-003   1164.8292702109582        1.0000000000000000     
   1.5384615384615385E-003   2.6923076923076922E-003   1164.7460455314349        1.0000000000000000     
   1.5384615384615385E-003   3.0769230769230769E-003   1164.6767463163319        1.0000000000000000     
   1.5384615384615385E-003   3.4615384615384616E-003   1164.6208640008931        1.0000000000000000     
   1.5384615384615385E-003   3.8461538461538464E-003   1164.5779369528025        1.0000000000000000     
   1.5384615384615385E-003   4.2307692307692307E-003   1164.5475747282899        1.0000000000000000     
   1.5384615384615385E-003   4.6153846153846149E-003   1164.5294809656198        1.0000000000000000     
   1.5384615384615385E-003   5.0000000000000001E-003   1164.5234706711844        1.0000000000000000     
   1.5384615384615385E-003   5.3846153846153844E-003   1164.5294809656198        1.0000000000000000     
   1.5384615384615385E-003   5.7692307692307696E-003   1164.5475747282899        1.0000000000000000     
   1.5384615384615385E-003   6.1538461538461538E-003   1164.5779369528027        1.0000000000000000     
   1.5384615384615385E-003   6.5384615384615381E-003   1164.6208640008931        1.0000000000000000     
   1.5384615384615385E-003   6.9230769230769233E-003   1164.6767463163324        1.0000000000000000     
   1.5384615384615385E-003   7.3076923076923076E-003   1164.7460455314351        1.0000000000000000     
   1.5384615384615385E-003   7.6923076923076927E-003   1164.8292702109582        1.0000000000000000     
   1.5384615384615385E-003   8.0769230769230770E-003   1164.9268759869346        1.0000000000000000     
   1.5384615384615385E-003   8.4615384615384613E-003   1165.0389898268645        1.0000000000000000     
   1.5384615384615385E-003   8.8461538461538456E-003   1165.1660237328447        1.0000000000000000     
   1.5384615384615385E-003   9.2307692307692299E-003   1165.3088372683601        1.0000000000000000     
   1.5384615384615385E-003   9.6153846153846159E-003   1165.4678475650489        1.0000000000000000     

   1.9230769230769232E-003   3.8461538461538462E-004   1235.9942626878665        1.0000000000000000     
   1.9230769230769232E-003   7.6923076923076923E-004   1235.8087892431356        1.0000000000000000     
   1.9230769230769232E-003   1.1538461538461537E-003   1235.6420221426119        1.0000000000000000     
   1.9230769230769232E-003   1.5384615384615385E-003   1235.4938658056035        1.0000000000000000     
   1.9230769230769232E-003   1.9230769230769232E-003   1235.3633058175585        1.0000000000000000     
   1.9230769230769232E-003   2.3076923076923075E-003   1235.2498210047449        1.0000000000000000     
   1.9230769230769232E-003   2.6923076923076922E-003   1235.1531834686361        1.0000000000000000     
   1.9230769230769232E-003   3.0769230769230769E-003   1235.0728130678935        1.0000000000000000     
   1.9230769230769232E-003   3.4615384615384616E-003   1235.0080757023072        1.0000000000000000     
   1.9230769230769232E-003   3.8461538461538464E-003   1234.9583950383089        1.0000000000000000     
   1.9230769230769232E-003   4.2307692307692307E-003   1234.9232834934403        1.0000000000000000     
   1.9230769230769232E-003   4.6153846153846149E-003   1234.9023709184255        1.0000000000000000     
   1.9230769230769232E-003   5.0000000000000001E-003   1234.8954262414697        1.0000000000000000     
   1.9230769230769232E-003   5.3846153846153844E-003   1234.9023709184262        1.0000000000000000     
   1.9230769230769232E-003   5.7692307692307696E-003   1234.9232834934405        1.0000000000000000     
   1.9230769230769232E-003   6.1538461538461538E-003   1234.9583950383098        1.0000000000000000     
   1.9230769230769232E-003   6.5384615384615381E-003   1235.0080757023079        1.0000000000000000     
   1.9230769230769232E-003   6.9230769230769233E-003   1235.0728130678945        1.0000000000000000     
   1.9230769230769232E-003   7.3076923076923076E-003   1235.1531834686373        1.0000000000000000     
   1.9230769230769232E-003   7.6923076923076927E-003   1235.2498210047456        1.0000000000000000     
   1.9230769230769232E-003   8.0769230769230770E-003   1235.3633058175585        1.0000000000000000     
   1.9230769230769232E-003   8.4615384615384613E-003   1235.4938658056035        1.0000000000000000     
   1.9230769230769232E-003   8.8461538461538456E-003   1235.6420221426119        1.0000000000000000     
   1.9230769230769232E-003   9.2307692307692299E-003   1235.8087892431367        1.0000000000000000     
   1.9230769230769232E-003   9.6153846153846159E-003   1235.9942626878678        1.0000000000000000     

   2.3076923076923075E-003   3.8461538461538462E-004   1301.4838526084018        1.0000000000000000     
   2.3076923076923075E-003   7.6923076923076923E-004   1301.2790776824020        1.0000000000000000     
   2.3076923076923075E-003   1.1538461538461537E-003   1301.0952099177612        1.0000000000000000     
   2.3076923076923075E-003   1.5384615384615385E-003   1300.9320942168645        1.0000000000000000     
   2.3076923076923075E-003   1.9230769230769232E-003   1300.7885996118316        1.0000000000000000     
   2.3076923076923075E-003   2.3076923076923075E-003   1300.6640981155174        1.0000000000000000     
   2.3076923076923075E-003   2.6923076923076922E-003   1300.5582606084809        1.0000000000000000     
   2.3076923076923075E-003   3.0769230769230769E-003   1300.4703829438070        1.0000000000000000     
   2.3076923076923075E-003   3.4615384615384616E-003   1300.3997059854823        1.0000000000000000     
   2.3076923076923075E-003   3.8461538461538464E-003   1300.3455390156389        1.0000000000000000     
   2.3076923076923075E-003   4.2307692307692307E-003   1300.3072975231573        1.0000000000000000     
   2.3076923076923075E-003   4.6153846153846149E-003   1300.2845377075491        1.0000000000000000     
   2.3076923076923075E-003   5.0000000000000001E-003   1300.2769824968125        1.0000000000000000     
   2.3076923076923075E-003   5.3846153846153844E-003   1300.2845377075498        1.0000000000000000     
   2.3076923076923075E-003   5.7692307692307696E-003   1300.3072975231582        1.0000000000000000     
   2.3076923076923075E-003   6.1538461538461538E-003   1300.3455390156396        1.0000000000000000     
   2.3076923076923075E-003   6.5384615384615381E-003   1300.3997059854833        1.0000000000000000     
   2.3076923076923075E-003   6.9230769230769233E-003   1300.4703829438085        1.0000000000000000     
   2.3076923076923075E-003   7.3076923076923076E-003   1300.5582606084820        1.0000000000000000     
   2.3076923076923075E-003   7.6923076923076927E-003   1300.6640981155190        1.0000000000000000     
   2.3076923076923075E-003   8.0769230769230770E-003   1300.7885996118328        1.0000000000000000     
   2.3076923076923075E-003   8.4615384615384613E-003   1300.9320942168645        1.0000000000000000     
   2.3076923076923075E-003   8.8461538461538456E-003   1301.0952099177614        1.0000000000000000     
   2.3076923076923075E-003   9.2307692307692299E-003   1301.2790776824038        1.0000000000000000     
   2.3076923076923075E-003   9.6153846153846159E-003   1301.4838526084038        1.0000000000000000     

   2.6923076923076922E-003   3.8461538461538462E-004   1361.4081074279677        1.0000000000000000     
   2.6923076923076922E-003   7.6923076923076923E-004   1361.1918769779311        1.0000000000000000     
   2.6923076923076922E-003   1.1538461538461537E-003   1360.9980515939201        1.0000000000000000     
   2.6923076923076922E-003   1.5384615384615385E-003   1360.8264334120838        1.0000000000000000     
   2.6923076923076922E-003   1.9230769230769232E-003   1360.6757800184778        1.0000000000000000     
   2.6923076923076922E-003   2.3076923076923075E-003   1360.5453582058447        1.0000000000000000     
   2.6923076923076922E-003   2.6923076923076922E-003   1360.4347368278238        1.0000000000000000     
   2.6923076923076922E-003   3.0769230769230769E-003   1360.3430879876753        1.0000000000000000     
   2.6923076923076922E-003   3.4615384615384616E-003   1360.2695278825272        1.0000000000000000     
   2.6923076923076922E-003   3.8461538461538464E-003   1360.2132516408333        1.0000000000000000     
   2.6923076923076922E-003   4.2307692307692307E-003   1360.1735779783821        1.0000000000000000     
   2.6923076923076922E-003   4.6153846153846149E-003   1360.1499895477104        1.0000000000000000     
   2.6923076923076922E-003   5.0000000000000001E-003   1360.1421633381888        1.0000000000000000     
   2.6923076923076922E-003   5.3846153846153844E-003   1360.1499895477114        1.0000000000000000     
   2.6923076923076922E-003   5.7692307692307696E-003   1360.1735779783830        1.0000000000000000     
   2.6923076923076922E-003   6.1538461538461538E-003   1360.2132516408344        1.0000000000000000     
   2.6923076923076922E-003   6.5384615384615381E-003   1360.2695278825283        1.0000000000000000     
   2.6923076923076922E-003   6.9230769230769233E-003   1360.3430879876767        1.0000000000000000     
   2.6923076923076922E-003   7.3076923076923076E-003   1360.4347368278259        1.0000000000000000     
   2.6923076923076922E-003   7.6923076923076927E-003   1360.5453582058465        1.0000000000000000     
   2.6923076923076922E-003   8.0769230769230770E-003   1360.6757800184787        1.0000000000000000     
   2.6923076923076922E-003   8.4615384615384613E-003   1360.8264334120847        1.0000000000000000     
   2.6923076923076922E-003   8.8461538461538456E-003   1360.9980515939210        1.0000000000000000     
   2.6923076923076922E-003   9.2307692307692299E-003   1361.1918769779329        1.0000000000000000     
   2.6923076923076922E-003   9.6153846153846159E-003   1361.4081074279700        1.0000000000000000     

   3.0769230769230769E-003   3.8461538461538462E-004   1415.4473614383407        1.0000000000000000     
   3.0769230769230769E-003   7.6923076923076923E-004   1415.2273844562596        1.0000000000000000     
   3.0769230769230769E-003   1.1538461538461537E-003   1415.0306416761018        1.0000000000000000     
   3.0769230769230769E-003   1.5384615384615385E-003   1414.8568889897172        1.0000000000000000     
   3.0769230769230769E-003   1.9230769230769232E-003   1414.7047751666860        1.0000000000000000     
   3.0769230769230769E-003   2.3076923076923075E-003   1414.5734622232972        1.0000000000000000     
   3.0769230769230769E-003   2.6923076923076922E-003   1414.4624154723065        1.0000000000000000     
   3.0769230769230769E-003   3.0769230769230769E-003   1414.3706831598997        1.0000000000000000     
   3.0769230769230769E-003   3.4615384615384616E-003   1414.2972569690007        1.0000000000000000     
   3.0769230769230769E-003   3.8461538461538464E-003   1414.2412179654309        1.0000000000000000     
   3.0769230769230769E-003   4.2307692307692307E-003   1414.2017881589350        1.0000000000000000     
   3.0769230769230769E-003   4.6153846153846149E-003   1414.1783767061661        1.0000000000000000     
   3.0769230769230769E-003   5.0000000000000001E-003   1414.1706146915412        1.0000000000000000     
   3.0769230769230769E-003   5.3846153846153844E-003   1414.1783767061665        1.0000000000000000     
   3.0769230769230769E-003   5.7692307692307696E-003   1414.2017881589356        1.0000000000000000     
   3.0769230769230769E-003   6.1538461538461538E-003   1414.2412179654311        1.0000000000000000     
   3.0769230769230769E-003   6.5384615384615381E-003   1414.2972569690014        1.0000000000000000     
   3.0769230769230769E-003   6.9230769230769233E-003   1414.3706831599013        1.0000000000000000     
   3.0769230769230769E-003   7.3076923076923076E-003   1414.4624154723078        1.0000000000000000     
   3.0769230769230769E-003   7.6923076923076927E-003   1414.5734622232972        1.0000000000000000     
   3.0769230769230769E-003   8.0769230769230770E-003   1414.7047751666857        1.0000000000000000     
   3.0769230769230769E-003   8.4615384615384613E-003   1414.8568889897174        1.0000000000000000     
   3.0769230769230769E-003   8.8461538461538456E-003   1415.0306416761023        1.0000000000000000     
   3.0769230769230769E-003   9.2307692307692299E-003   1415.2273844562601        1.0000000000000000     
   3.0769230769230769E-003   9.6153846153846159E-003   1415.4473614383410        1.0000000000000000     

   3.4615384615384616E-003   3.8461538461538462E-004   1463.4878060774995        1.0000000000000000     
   3.4615384615384616E-003   7.6923076923076923E-004   1463.2712500510756        1.0000000000000000     
   3.4615384615384616E-003   1.1538461538461537E-003   1463.0781370844938        1.0000000000000000     
   3.4615384615384616E-003   1.5384615384615385E-003   1462.9081738554482        1.0000000000000000     
   3.4615384615384616E-003   1.9230769230769232E-003   1462.7599022812044        1.0000000000000000     
   3.4615384615384616E-003   2.3076923076923075E-003   1462.6323793255915        1.0000000000000000     
   3.4615384615384616E-003   2.6923076923076922E-003   1462.5249647033800        1.0000000000000000     
   3.4615384615384616E-003   3.0769230769230769E-003   1462.4365823401652        1.0000000000000000     
   3.4615384615384616E-003   3.4615384615384616E-003   1462.3660993167703        1.0000000000000000     
   3.4615384615384616E-003   3.8461538461538464E-003   1462.3124825646453        1.0000000000000000     
   3.4615384615384616E-003   4.2307692307692307E-003   1462.2748573482218        1.0000000000000000     
   3.4615384615384616E-003   4.6153846153846149E-003   1462.2525593142245        1.0000000000000000     
   3.4615384615384616E-003   5.0000000000000001E-003   1462.2451736410862        1.0000000000000000     
   3.4615384615384616E-003   5.3846153846153844E-003   1462.2525593142241        1.0000000000000000     
   3.4615384615384616E-003   5.7692307692307696E-003   1462.2748573482222        1.0000000000000000     
   3.4615384615384616E-003   6.1538461538461538E-003   1462.3124825646455        1.0000000000000000     
   3.4615384615384616E-003   6.5384615384615381E-003   1462.3660993167705        1.0000000000000000     
   3.4615384615384616E-003   6.9230769230769233E-003   1462.4365823401658        1.0000000000000000     
   3.4615384615384616E-003   7.3076923076923076E-003   1462.5249647033809        1.0000000000000000     
   3.4615384615384616E-003   7.6923076923076927E-003   1462.6323793255917        1.0000000000000000     
   3.4615384615384616E-003   8.0769230769230770E-003   1462.7599022812055        1.0000000000000000     
   3.4615384615384616E-003   8.4615384615384613E-003   1462.9081738554485        1.0000000000000000     
   3.4615384615384616E-003   8.8461538461538456E-003   1463.0781370844945        1.0000000000000000     
   3.4615384615384616E-003   9.2307692307692299E-003   1463.2712500510770        1.0000000000000000     
   3.4615384615384616E-003   9.6153846153846159E-003   1463.4878060775006        1.0000000000000000     

   3.8461538461538464E-003   3.8461538461538462E-004   1505.6072237043629        1.0000000000000000     
   3.8461538461538464E-003   7.6923076923076923E-004   1505.4003478831860        1.0000000000000000     
   3.8461538461538464E-003   1.1538461538461537E-003   1505.2165830570261        1.0000000000000000     
   3.8461538461538464E-003   1.5384615384615385E-003   1505.0555844151825        1.0000000000000000     
   3.8461538461538464E-003   1.9230769230769232E-003   1504.9157888207101        1.0000000000000000     
   3.8461538461538464E-003   2.3076923076923075E-003   1504.7961475263376        1.0000000000000000     
   3.8461538461538464E-003   2.6923076923076922E-003   1504.6959122570843        1.0000000000000000     
   3.8461538461538464E-003   3.0769230769230769E-003   1504.6138818698407        1.0000000000000000     
   3.8461538461538464E-003   3.4615384615384616E-003   1504.5487985378168        1.0000000000000000     
   3.8461538461538464E-003   3.8461538461538464E-003   1504.4995148326013        1.0000000000000000     
   3.8461538461538464E-003   4.2307692307692307E-003   1504.4650591315669        1.0000000000000000     
   3.8461538461538464E-003   4.6153846153846149E-003   1504.4446934942514        1.0000000000000000     
   3.8461538461538464E-003   5.0000000000000001E-003   1504.4379571583756        1.0000000000000000     
   3.8461538461538464E-003   5.3846153846153844E-003   1504.4446934942519        1.0000000000000000     
   3.8461538461538464E-003   5.7692307692307696E-003   1504.4650591315678        1.0000000000000000     
   3.8461538461538464E-003   6.1538461538461538E-003   1504.4995148326013        1.0000000000000000     
   3.8461538461538464E-003   6.5384615384615381E-003   1504.5487985378172        1.0000000000000000     
   3.8461538461538464E-003   6.9230769230769233E-003   1504.6138818698419        1.0000000000000000     
   3.8461538461538464E-003   7.3076923076923076E-003   1504.6959122570854        1.0000000000000000     
   3.8461538461538464E-003   7.6923076923076927E-003   1504.7961475263392        1.0000000000000000     
   3.8461538461538464E-003   8.0769230769230770E-003   1504.9157888207119        1.0000000000000000     
   3.8461538461538464E-003   8.4615384615384613E-003   1505.0555844151843        1.0000000000000000     
   3.8461538461538464E-003   8.8461538461538456E-003   1505.2165830570273        1.0000000000000000     
   3.8461538461538464E-003   9.2307692307692299E-003   1505.4003478831862        1.0000000000000000     
   3.8461538461538464E-003   9.6153846153846159E-003   1505.6072237043638        1.0000000000000000     

   4.2307692307692307E-003   3.8461538461538462E-004   1542.0507326219292        1.0000000000000000     
   4.2307692307692307E-003   7.6923076923076923E-004   1541.8586032822095        1.0000000000000000     
   4.2307692307692307E-003   1.1538461538461537E-003   1541.6888160774863        1.0000000000000000     
   4.2307692307692307E-003   1.5384615384615385E-003   1541.5409727497545        1.0000000000000000     
   4.2307692307692307E-003   1.9230769230769232E-003   1541.4134067428604        1.0000000000000000     
   4.2307692307692307E-003   2.3076923076923075E-003   1541.3049627032481        1.0000000000000000     
   4.2307692307692307E-003   2.6923076923076922E-003   1541.2147818123724        1.0000000000000000     
   4.2307692307692307E-003   3.0769230769230769E-003   1541.1415369186038        1.0000000000000000     
   4.2307692307692307E-003   3.4615384615384616E-003   1541.0838448218005        1.0000000000000000     
   4.2307692307692307E-003   3.8461538461538464E-003   1541.0404433958072        1.0000000000000000     
   4.2307692307692307E-003   4.2307692307692307E-003   1541.0102639166257        1.0000000000000000     
   4.2307692307692307E-003   4.6153846153846149E-003   1540.9924947367649        1.0000000000000000     
   4.2307692307692307E-003   5.0000000000000001E-003   1540.9866290970269        1.0000000000000000     
   4.2307692307692307E-003   5.3846153846153844E-003   1540.9924947367649        1.0000000000000000     
   4.2307692307692307E-003   5.7692307692307696E-003   1541.0102639166269        1.0000000000000000     
   4.2307692307692307E-003   6.1538461538461538E-003   1541.0404433958081        1.0000000000000000     
   4.2307692307692307E-003   6.5384615384615381E-003   1541.0838448218008        1.0000000000000000     
   4.2307692307692307E-003   6.9230769230769233E-003   1541.1415369186052        1.0000000000000000     
   4.2307692307692307E-003   7.3076923076923076E-003   1541.2147818123738        1.0000000000000000     
   4.2307692307692307E-003   7.6923076923076927E-003   1541.3049627032487        1.0000000000000000     
   4.2307692307692307E-003   8.0769230769230770E-003   1541.4134067428624        1.0000000000000000     
   4.2307692307692307E-003   8.4615384615384613E-003   1541.5409727497552        1.0000000000000000     
   4.2307692307692307E-003   8.8461538461538456E-003   1541.6888160774872        1.0000000000000000     
   4.2307692307692307E-003   9.2307692307692299E-003   1541.8586032822100        1.0000000000000000     
   4.2307692307692307E-003   9.6153846153846159E-003   1542.0507326219290        1.0000000000000000     

   4.6153846153846149E-003   3.8461538461538462E-004   1573.1988768832018        1.0000000000000000     
   4.6153846153846149E-003   7.6923076923076923E-004   1573.0251825870682        1.0000000000000000     
   4.6153846153846149E-003   1.1538461538461537E-003   1572.8727449209443        1.0000000000000000     
   4.6153846153846149E-003   1.5384615384615385E-003   1572.7411103021991        1.0000000000000000     
   4.6153846153846149E-003   1.9230769230769232E-003   1572.6285101401204        1.0000000000000000     
   4.6153846153846149E-003   2.3076923076923075E-003   1572.5336814207419        1.0000000000000000     
   4.6153846153846149E-003   2.6923076923076922E-003   1572.4556522161108        1.0000000000000000     
   4.6153846153846149E-003   3.0769230769230769E-003   1572.3929683476335        1.0000000000000000     
   4.6153846153846149E-003   3.4615384615384616E-003   1572.3441207091423        1.0000000000000000     
   4.6153846153846149E-003   3.8461538461538464E-003   1572.3077321050976        1.0000000000000000     
   4.6153846153846149E-003   4.2307692307692307E-003   1572.2826364855355        1.0000000000000000     
   4.6153846153846149E-003   4.6153846153846149E-003   1572.2679483786419        1.0000000000000000     
   4.6153846153846149E-003   5.0000000000000001E-003   1572.2631149779345        1.0000000000000000     
   4.6153846153846149E-003   5.3846153846153844E-003   1572.2679483786424        1.0000000000000000     
   4.6153846153846149E-003   5.7692307692307696E-003   1572.2826364855357        1.0000000000000000     
   4.6153846153846149E-003   6.1538461538461538E-003   1572.3077321050978        1.0000000000000000     
   4.6153846153846149E-003   6.5384615384615381E-003   1572.3441207091437        1.0000000000000000     
   4.6153846153846149E-003   6.9230769230769233E-003   1572.3929683476351        1.0000000000000000     
   4.6153846153846149E-003   7.3076923076923076E-003   1572.4556522161122        1.0000000000000000     
   4.6153846153846149E-003   7.6923076923076927E-003   1572.5336814207437        1.0000000000000000     
   4.6153846153846149E-003   8.0769230769230770E-003   1572.6285101401222        1.0000000000000000     
   4.6153846153846149E-003   8.4615384615384613E-003   1572.7411103022009        1.0000000000000000     
   4.6153846153846149E-003   8.8461538461538456E-003   1572.8727449209455        1.0000000000000000     
   4.6153846153846149E-003   9.2307692307692299E-003   1573.0251825870687        1.0000000000000000     
   4.6153846153846149E-003   9.6153846153846159E-003   1573.1988768832011        1.0000000000000000     

   5.0000000000000001E-003   3.8461538461538462E-004   1599.5307621967245        1.0000000000000000     
   5.0000000000000001E-003   7.6923076923076923E-004   1599.3777377325264        1.0000000000000000     
   5.0000000000000001E-003   1.1538461538461537E-003   1599.2446941854960        1.0000000000000000     
   5.0000000000000001E-003   1.5384615384615385E-003   1599.1311207707586        1.0000000000000000     
   5.0000000000000001E-003   1.9230769230769232E-003   1599.0351479624255        1.0000000000000000     
   5.0000000000000001E-003   2.3076923076923075E-003   1598.9554039646068        1.0000000000000000     
   5.0000000000000001E-003   2.6923076923076922E-003   1598.8908013255614        1.0000000000000000     
   5.0000000000000001E-003   3.0769230769230769E-003   1598.8397578936383        1.0000000000000000     
   5.0000000000000001E-003   3.4615384615384616E-003   1598.8006381977455        1.0000000000000000     
   5.0000000000000001E-003   3.8461538461538464E-003   1598.7719496929758        1.0000000000000000     
   5.0000000000000001E-003   4.2307692307692307E-003   1598.7524288714562        1.0000000000000000     
   5.0000000000000001E-003   4.6153846153846149E-003   1598.7411163983488        1.0000000000000000     
   5.0000000000000001E-003   5.0000000000000001E-003   1598.7374134218799        1.0000000000000000     
   5.0000000000000001E-003   5.3846153846153844E-003   1598.7411163983486        1.0000000000000000     
   5.0000000000000001E-003   5.7692307692307696E-003   1598.7524288714567        1.0000000000000000     
   5.0000000000000001E-003   6.1538461538461538E-003   1598.7719496929762        1.0000000000000000     
   5.0000000000000001E-003   6.5384615384615381E-003   1598.8006381977468        1.0000000000000000     
   5.0000000000000001E-003   6.9230769230769233E-003   1598.8397578936399        1.0000000000000000     
   5.0000000000000001E-003   7.3076923076923076E-003   1598.8908013255630        1.0000000000000000     
   5.0000000000000001E-003   7.6923076923076927E-003   1598.9554039646080        1.0000000000000000     
   5.0000000000000001E-003   8.0769230769230770E-003   1599.0351479624267        1.0000000000000000     
   5.0000000000000001E-003   8.4615384615384613E-003   1599.1311207707599        1.0000000000000000     
   5.0000000000000001E-003   8.8461538461538456E-003   1599.2446941854967        1.0000000000000000     
   5.0000000000000001E-003   9.2307692307692299E-003   1599.3777377325268        1.0000000000000000     
   5.0000000000000001E-003   9.6153846153846159E-003   1599.5307621967252        1.0000000000000000     

   5.3846153846153844E-003   3.8461538461538462E-004   1621.5851614197338        1.0000000000000000     
   5.3846153846153844E-003   7.6923076923076923E-004   1621.4536202611914        1.0000000000000000     
   5.3846153846153844E-003   1.1538461538461537E-003   1621.3407170536202        1.0000000000000000     
   5.3846153846153844E-003   1.5384615384615385E-003   1621.2458819467929        1.0000000000000000     
   5.3846153846153844E-003   1.9230769230769232E-003   1621.1671453408426        1.0000000000000000     
   5.3846153846153844E-003   2.3076923076923075E-003   1621.1030256139329        1.0000000000000000     
   5.3846153846153844E-003   2.6923076923076922E-003   1621.0523177332636        1.0000000000000000     
   5.3846153846153844E-003   3.0769230769230769E-003   1621.0133109087049        1.0000000000000000     
   5.3846153846153844E-003   3.4615384615384616E-003   1620.9842431211007        1.0000000000000000     
   5.3846153846153844E-003   3.8461538461538464E-003   1620.9635064704587        1.0000000000000000     
   5.3846153846153844E-003   4.2307692307692307E-003   1620.9497401032020        1.0000000000000000     
   5.3846153846153844E-003   4.6153846153846149E-003   1620.9419109740552        1.0000000000000000     
   5.3846153846153844E-003   5.0000000000000001E-003   1620.9393743095898        1.0000000000000000     
   5.3846153846153844E-003   5.3846153846153844E-003   1620.9419109740559        1.0000000000000000     
   5.3846153846153844E-003   5.7692307692307696E-003   1620.9497401032036        1.0000000000000000     
   5.3846153846153844E-003   6.1538461538461538E-003   1620.9635064704598        1.0000000000000000     
   5.3846153846153844E-003   6.5384615384615381E-003   1620.9842431211018        1.0000000000000000     
   5.3846153846153844E-003   6.9230769230769233E-003   1621.0133109087071        1.0000000000000000     
   5.3846153846153844E-003   7.3076923076923076E-003   1621.0523177332636        1.0000000000000000     
   5.3846153846153844E-003   7.6923076923076927E-003   1621.1030256139338        1.0000000000000000     
   5.3846153846153844E-003   8.0769230769230770E-003   1621.1671453408430        1.0000000000000000     
   5.3846153846153844E-003   8.4615384615384613E-003   1621.2458819467938        1.0000000000000000     
   5.3846153846153844E-003   8.8461538461538456E-003   1621.3407170536216        1.0000000000000000     
   5.3846153846153844E-003   9.2307692307692299E-003   1621.4536202611919        1.0000000000000000     
   5.3846153846153844E-003   9.6153846153846159E-003   1621.5851614197354        1.0000000000000000     

   5.7692307692307696E-003   3.8461538461538462E-004   1639.9225044959317        1.0000000000000000     
   5.7692307692307696E-003   7.6923076923076923E-004   1639.8119711954025        1.0000000000000000     
   5.7692307692307696E-003   1.1538461538461537E-003   1639.7187760903657        1.0000000000000000     
   5.7692307692307696E-003   1.5384615384615385E-003   1639.6422884767153        1.0000000000000000     
   5.7692307692307696E-003   1.9230769230769232E-003   1639.5804394251354        1.0000000000000000     
   5.7692307692307696E-003   2.3076923076923075E-003   1639.5316367323899        1.0000000000000000     
   5.7692307692307696E-003   2.6923076923076922E-003   1639.4945563490264        1.0000000000000000     
   5.7692307692307696E-003   3.0769230769230769E-003   1639.4673587412553        1.0000000000000000     
   5.7692307692307696E-003   3.4615384615384616E-003   1639.4481557076713        1.0000000000000000     
   5.7692307692307696E-003   3.8461538461538464E-003   1639.4352245084149        1.0000000000000000     
   5.7692307692307696E-003   4.2307692307692307E-003   1639.4271075051931        1.0000000000000000     
   5.7692307692307696E-003   4.6153846153846149E-003   1639.4226984385082        1.0000000000000000     
   5.7692307692307696E-003   5.0000000000000001E-003   1639.4213069521638        1.0000000000000000     
   5.7692307692307696E-003   5.3846153846153844E-003   1639.4226984385084        1.0000000000000000     
   5.7692307692307696E-003   5.7692307692307696E-003   1639.4271075051940        1.0000000000000000     
   5.7692307692307696E-003   6.1538461538461538E-003   1639.4352245084151        1.0000000000000000     
   5.7692307692307696E-003   6.5384615384615381E-003   1639.4481557076720        1.0000000000000000     
   5.7692307692307696E-003   6.9230769230769233E-003   1639.4673587412565        1.0000000000000000     
   5.7692307692307696E-003   7.3076923076923076E-003   1639.4945563490273        1.0000000000000000     
   5.7692307692307696E-003   7.6923076923076927E-003   1639.5316367323906        1.0000000000000000     
   5.7692307692307696E-003   8.0769230769230770E-003   1639.5804394251365        1.0000000000000000     
   5.7692307692307696E-003   8.4615384615384613E-003   1639.6422884767167        1.0000000000000000     
   5.7692307692307696E-003   8.8461538461538456E-003   1639.7187760903673        1.0000000000000000     
   5.7692307692307696E-003   9.2307692307692299E-003   1639.8119711954037        1.0000000000000000     
   5.7692307692307696E-003   9.6153846153846159E-003   1639.9225044959335        1.0000000000000000     

   6.1538461538461538E-003   3.8461538461538462E-004   1655.0904354852139        1.0000000000000000     
   6.1538461538461538E-003   7.6923076923076923E-004   1654.9993617393400        1.0000000000000000     
   6.1538461538461538E-003   1.1538461538461537E-003   1654.9244600884560        1.0000000000000000     
   6.1538461538461538E-003   1.5384615384615385E-003   1654.8650373073872        1.0000000000000000     
   6.1538461538461538E-003   1.9230769230769232E-003   1654.8189259378198        1.0000000000000000     
   6.1538461538461538E-003   2.3076923076923075E-003   1654.7844230058133        1.0000000000000000     
   6.1538461538461538E-003   2.6923076923076922E-003   1654.7600849630107        1.0000000000000000     
   6.1538461538461538E-003   3.0769230769230769E-003   1654.7439443435878        1.0000000000000000     
   6.1538461538461538E-003   3.4615384615384616E-003   1654.7339880253101        1.0000000000000000     
   6.1538461538461538E-003   3.8461538461538464E-003   1654.7283797748571        1.0000000000000000     
   6.1538461538461538E-003   4.2307692307692307E-003   1654.7255664349357        1.0000000000000000     
   6.1538461538461538E-003   4.6153846153846149E-003   1654.7243695614238        1.0000000000000000     
   6.1538461538461538E-003   5.0000000000000001E-003   1654.7240538859116        1.0000000000000000     
   6.1538461538461538E-003   5.3846153846153844E-003   1654.7243695614243        1.0000000000000000     
   6.1538461538461538E-003   5.7692307692307696E-003   1654.7255664349359        1.0000000000000000     
   6.1538461538461538E-003   6.1538461538461538E-003   1654.7283797748582        1.0000000000000000     
   6.1538461538461538E-003   6.5384615384615381E-003   1654.7339880253112        1.0000000000000000     
   6.1538461538461538E-003   6.9230769230769233E-003   1654.7439443435892        1.0000000000000000     
   6.1538461538461538E-003   7.3076923076923076E-003   1654.7600849630116        1.0000000000000000     
   6.1538461538461538E-003   7.6923076923076927E-003   1654.7844230058147        1.0000000000000000     
   6.1538461538461538E-003   8.0769230769230770E-003   1654.8189259378207        1.0000000000000000     
   6.1538461538461538E-003   8.4615384615384613E-003   1654.8650373073881        1.0000000000000000     
   6.1538461538461538E-003   8.8461538461538456E-003   1654.9244600884583        1.0000000000000000     
   6.1538461538461538E-003   9.2307692307692299E-003   1654.9993617393422        1.0000000000000000     
   6.1538461538461538E-003   9.6153846153846159E-003   1655.0904354852169        1.0000000000000000     

   6.5384615384615381E-003   3.8461538461538462E-004   1667.5951807720394        1.0000000000000000     
   6.5384615384615381E-003   7.6923076923076923E-004   1667.5212224124716        1.0000000000000000     
   6.5384615384615381E-003   1.1538461538461537E-003   1667.4624686880040        1.0000000000000000     
   6.5384615384615381E-003   1.5384615384615385E-003   1667.4181622504243        1.0000000000000000     
   6.5384615384615381E-003   1.9230769230769232E-003   1667.3860381677232        1.0000000000000000     
   6.5384615384615381E-003   2.3076923076923075E-003   1667.3642834187060        1.0000000000000000     
   6.5384615384615381E-003   2.6923076923076922E-003   1667.3513358311450        1.0000000000000000     
   6.5384615384615381E-003   3.0769230769230769E-003   1667.3451021668850        1.0000000000000000     
   6.5384615384615381E-003   3.4615384615384616E-003   1667.3434469519764        1.0000000000000000     
   6.5384615384615381E-003   3.8461538461538464E-003   1667.3444230002654        1.0000000000000000     
   6.5384615384615381E-003   4.2307692307692307E-003   1667.3463839020817        1.0000000000000000     
   6.5384615384615381E-003   4.6153846153846149E-003   1667.3480808096720        1.0000000000000000     
   6.5384615384615381E-003   5.0000000000000001E-003   1667.3487346777165        1.0000000000000000     
   6.5384615384615381E-003   5.3846153846153844E-003   1667.3480808096724        1.0000000000000000     
   6.5384615384615381E-003   5.7692307692307696E-003   1667.3463839020833        1.0000000000000000     
   6.5384615384615381E-003   6.1538461538461538E-003   1667.3444230002674        1.0000000000000000     
   6.5384615384615381E-003   6.5384615384615381E-003   1667.3434469519775        1.0000000000000000     
   6.5384615384615381E-003   6.9230769230769233E-003   1667.3451021668861        1.0000000000000000     
   6.5384615384615381E-003   7.3076923076923076E-003   1667.3513358311452        1.0000000000000000     
   6.5384615384615381E-003   7.6923076923076927E-003   1667.3642834187056        1.0000000000000000     
   6.5384615384615381E-003   8.0769230769230770E-003   1667.3860381677237        1.0000000000000000     
   6.5384615384615381E-003   8.4615384615384613E-003   1667.4181622504248        1.0000000000000000     
   6.5384615384615381E-003   8.8461538461538456E-003   1667.4624686880056        1.0000000000000000     
   6.5384615384615381E-003   9.2307692307692299E-003   1667.5212224124723        1.0000000000000000     
   6.5384615384615381E-003   9.6153846153846159E-003   1667.5951807720405        1.0000000000000000     

   6.9230769230769233E-003   3.8461538461538462E-004   1677.8803572984664        1.0000000000000000     
   6.9230769230769233E-003   7.6923076923076923E-004   1677.8206847485101        1.0000000000000000     
   6.9230769230769233E-003   1.1538461538461537E-003   1677.7754845995325        1.0000000000000000     
   6.9230769230769233E-003   1.5384615384615385E-003   1677.7439335590914        1.0000000000000000     
   6.9230769230769233E-003   1.9230769230769232E-003   1677.7236707744066        1.0000000000000000     
   6.9230769230769233E-003   2.3076923076923075E-003   1677.7127752588190        1.0000000000000000     
   6.9230769230769233E-003   2.6923076923076922E-003   1677.7095689340777        1.0000000000000000     
   6.9230769230769233E-003   3.0769230769230769E-003   1677.7118367926653        1.0000000000000000     
   6.9230769230769233E-003   3.4615384615384616E-003   1677.7173253426822        1.0000000000000000     
   6.9230769230769233E-003   3.8461538461538464E-003   1677.7239805723652        1.0000000000000000     
   6.9230769230769233E-003   4.2307692307692307E-003   1677.7300664015645        1.0000000000000000     
   6.9230769230769233E-003   4.6153846153846149E-003   1677.7342663398363        1.0000000000000000     
   6.9230769230769233E-003   5.0000000000000001E-003   1677.7357593035283        1.0000000000000000     
   6.9230769230769233E-003   5.3846153846153844E-003   1677.7342663398374        1.0000000000000000     
   6.9230769230769233E-003   5.7692307692307696E-003   1677.7300664015656        1.0000000000000000     
   6.9230769230769233E-003   6.1538461538461538E-003   1677.7239805723668        1.0000000000000000     
   6.9230769230769233E-003   6.5384615384615381E-003   1677.7173253426824        1.0000000000000000     
   6.9230769230769233E-003   6.9230769230769233E-003   1677.7118367926662        1.0000000000000000     
   6.9230769230769233E-003   7.3076923076923076E-003   1677.7095689340772        1.0000000000000000     
   6.9230769230769233E-003   7.6923076923076927E-003   1677.7127752588196        1.0000000000000000     
   6.9230769230769233E-003   8.0769230769230770E-003   1677.7236707744069        1.0000000000000000     
   6.9230769230769233E-003   8.4615384615384613E-003   1677.7439335590921        1.0000000000000000     
   6.9230769230769233E-003   8.8461538461538456E-003   1677.7754845995332        1.0000000000000000     
   6.9230769230769233E-003   9.2307692307692299E-003   1677.8206847485096        1.0000000000000000     
   6.9230769230769233E-003   9.6153846153846159E-003   1677.8803572984657        1.0000000000000000     

   7.3076923076923076E-003   3.8461538461538462E-004   1686.3141011541265        1.0000000000000000     
   7.3076923076923076E-003   7.6923076923076923E-004   1686.2657137735052        1.0000000000000000     
   7.3076923076923076E-003   1.1538461538461537E-003   1686.2313094321496        1.0000000000000000     
   7.3076923076923076E-003   1.5384615384615385E-003   1686.2099963211642        1.0000000000000000     
   7.3076923076923076E-003   1.9230769230769232E-003   1686.1993202159861        1.0000000000000000     
   7.3076923076923076E-003   2.3076923076923075E-003   1686.1972562412327        1.0000000000000000     
   7.3076923076923076E-003   2.6923076923076922E-003   1686.2020155514217        1.0000000000000000     
   7.3076923076923076E-003   3.0769230769230769E-003   1686.2112677501023        1.0000000000000000     
   7.3076923076923076E-003   3.4615384615384616E-003   1686.2226478914470        1.0000000000000000     
   7.3076923076923076E-003   3.8461538461538464E-003   1686.2340012358327        1.0000000000000000     
   7.3076923076923076E-003   4.2307692307692307E-003   1686.2435072283884        1.0000000000000000     
   7.3076923076923076E-003   4.6153846153846149E-003   1686.2497856895807        1.0000000000000000     
   7.3076923076923076E-003   5.0000000000000001E-003   1686.2519759665847        1.0000000000000000     
   7.3076923076923076E-003   5.3846153846153844E-003   1686.2497856895816        1.0000000000000000     
   7.3076923076923076E-003   5.7692307692307696E-003   1686.2435072283888        1.0000000000000000     
   7.3076923076923076E-003   6.1538461538461538E-003   1686.2340012358334        1.0000000000000000     
   7.3076923076923076E-003   6.5384615384615381E-003   1686.2226478914472        1.0000000000000000     
   7.3076923076923076E-003   6.9230769230769233E-003   1686.2112677501025        1.0000000000000000     
   7.3076923076923076E-003   7.3076923076923076E-003   1686.2020155514222        1.0000000000000000     
   7.3076923076923076E-003   7.6923076923076927E-003   1686.1972562412341        1.0000000000000000     
   7.3076923076923076E-003   8.0769230769230770E-003   1686.1993202159867        1.0000000000000000     
   7.3076923076923076E-003   8.4615384615384613E-003   1686.2099963211654        1.0000000000000000     
   7.3076923076923076E-003   8.8461538461538456E-003   1686.2313094321514        1.0000000000000000     
   7.3076923076923076E-003   9.2307692307692299E-003   1686.2657137735052        1.0000000000000000     
   7.3076923076923076E-003   9.6153846153846159E-003   1686.3141011541252        1.0000000000000000     

   7.6923076923076927E-003   3.8461538461538462E-004   1693.1845774041929        1.0000000000000000     
   7.6923076923076927E-003   7.6923076923076923E-004   1693.1445941784489        1.0000000000000000     
   7.6923076923076927E-003   1.1538461538461537E-003   1693.1183262288384        1.0000000000000000     
   7.6923076923076927E-003   1.5384615384615385E-003   1693.1048105312566        1.0000000000000000     
   7.6923076923076927E-003   1.9230769230769232E-003   1693.1015044828634        1.0000000000000000     
   7.6923076923076927E-003   2.3076923076923075E-003   1693.1062863671514        1.0000000000000000     
   7.6923076923076927E-003   2.6923076923076922E-003   1693.1172647662868        1.0000000000000000     
   7.6923076923076927E-003   3.0769230769230769E-003   1693.1320031702833        1.0000000000000000     
   7.6923076923076927E-003   3.4615384615384616E-003   1693.1480343927162        1.0000000000000000     
   7.6923076923076927E-003   3.8461538461538464E-003   1693.1631113576786        1.0000000000000000     
   7.6923076923076927E-003   4.2307692307692307E-003   1693.1753360828354        1.0000000000000000     
   7.6923076923076927E-003   4.6153846153846149E-003   1693.1832700083523        1.0000000000000000     
   7.6923076923076927E-003   5.0000000000000001E-003   1693.1860162069756        1.0000000000000000     
   7.6923076923076927E-003   5.3846153846153844E-003   1693.1832700083523        1.0000000000000000     
   7.6923076923076927E-003   5.7692307692307696E-003   1693.1753360828352        1.0000000000000000     
   7.6923076923076927E-003   6.1538461538461538E-003   1693.1631113576789        1.0000000000000000     
   7.6923076923076927E-003   6.5384615384615381E-003   1693.1480343927158        1.0000000000000000     
   7.6923076923076927E-003   6.9230769230769233E-003   1693.1320031702833        1.0000000000000000     
   7.6923076923076927E-003   7.3076923076923076E-003   1693.1172647662870        1.0000000000000000     
   7.6923076923076927E-003   7.6923076923076927E-003   1693.1062863671518        1.0000000000000000     
   7.6923076923076927E-003   8.0769230769230770E-003   1693.1015044828639        1.0000000000000000     
   7.6923076923076927E-003   8.4615384615384613E-003   1693.1048105312573        1.0000000000000000     
   7.6923076923076927E-003   8.8461538461538456E-003   1693.1183262288403        1.0000000000000000     
   7.6923076923076927E-003   9.2307692307692299E-003   1693.1445941784500        1.0000000000000000     
   7.6923076923076927E-003   9.6153846153846159E-003   1693.1845774041926        1.0000000000000000     

   8.0769230769230770E-003   3.8461538461538462E-004   1698.7029583403330        1.0000000000000000     
   8.0769230769230770E-003   7.6923076923076923E-004   1698.6688980430647        1.0000000000000000     
   8.0769230769230770E-003   1.1538461538461537E-003   1698.6484182213187        1.0000000000000000     
   8.0769230769230770E-003   1.5384615384615385E-003   1698.6405237568456        1.0000000000000000     
   8.0769230769230770E-003   1.9230769230769232E-003   1698.6425948988974        1.0000000000000000     
   8.0769230769230770E-003   2.3076923076923075E-003   1698.6524241060858        1.0000000000000000     
   8.0769230769230770E-003   2.6923076923076922E-003   1698.6680291348689        1.0000000000000000     
   8.0769230769230770E-003   3.0769230769230769E-003   1698.6868799304043        1.0000000000000000     
   8.0769230769230770E-003   3.4615384615384616E-003   1698.7064192332348        1.0000000000000000     
   8.0769230769230770E-003   3.8461538461538464E-003   1698.7243185165062        1.0000000000000000     
   8.0769230769230770E-003   4.2307692307692307E-003   1698.7386113916452        1.0000000000000000     
   8.0769230769230770E-003   4.6153846153846149E-003   1698.7478076550933        1.0000000000000000     
   8.0769230769230770E-003   5.0000000000000001E-003   1698.7509782644966        1.0000000000000000     
   8.0769230769230770E-003   5.3846153846153844E-003   1698.7478076550931        1.0000000000000000     
   8.0769230769230770E-003   5.7692307692307696E-003   1698.7386113916443        1.0000000000000000     
   8.0769230769230770E-003   6.1538461538461538E-003   1698.7243185165057        1.0000000000000000     
   8.0769230769230770E-003   6.5384615384615381E-003   1698.7064192332348        1.0000000000000000     
   8.0769230769230770E-003   6.9230769230769233E-003   1698.6868799304043        1.0000000000000000     
   8.0769230769230770E-003   7.3076923076923076E-003   1698.6680291348694        1.0000000000000000     
   8.0769230769230770E-003   7.6923076923076927E-003   1698.6524241060861        1.0000000000000000     
   8.0769230769230770E-003   8.0769230769230770E-003   1698.6425948988974        1.0000000000000000     
   8.0769230769230770E-003   8.4615384615384613E-003   1698.6405237568458        1.0000000000000000     
   8.0769230769230770E-003   8.8461538461538456E-003   1698.6484182213196        1.0000000000000000     
   8.0769230769230770E-003   9.2307692307692299E-003   1698.6688980430654        1.0000000000000000     
   8.0769230769230770E-003   9.6153846153846159E-003   1698.7029583403316        1.0000000000000000     

   8.4615384615384613E-003   3.8461538461538462E-004   1703.0130229031827        1.0000000000000000     
   8.4615384615384613E-003   7.6923076923076923E-004   1702.9822297043684        1.0000000000000000     
   8.4615384615384613E-003   1.1538461538461537E-003   1702.9656942280078        1.0000000000000000     
   8.4615384615384613E-003   1.5384615384615385E-003   1702.9616296241406        1.0000000000000000     
   8.4615384615384613E-003   1.9230769230769232E-003   1702.9674173925700        1.0000000000000000     
   8.4615384615384613E-003   2.3076923076923075E-003   1702.9807782606947        1.0000000000000000     
   8.4615384615384613E-003   2.6923076923076922E-003   1702.9996542313065        1.0000000000000000     
   8.4615384615384613E-003   3.0769230769230769E-003   1703.0214378238290        1.0000000000000000     
   8.4615384615384613E-003   3.4615384615384616E-003   1703.0434969726762        1.0000000000000000     
   8.4615384615384613E-003   3.8461538461538464E-003   1703.0634350868759        1.0000000000000000     
   8.4615384615384613E-003   4.2307692307692307E-003   1703.0792283123308        1.0000000000000000     
   8.4615384615384613E-003   4.6153846153846149E-003   1703.0893429069295        1.0000000000000000     
   8.4615384615384613E-003   5.0000000000000001E-003   1703.0928226974429        1.0000000000000000     
   8.4615384615384613E-003   5.3846153846153844E-003   1703.0893429069295        1.0000000000000000     
   8.4615384615384613E-003   5.7692307692307696E-003   1703.0792283123303        1.0000000000000000     
   8.4615384615384613E-003   6.1538461538461538E-003   1703.0634350868754        1.0000000000000000     
   8.4615384615384613E-003   6.5384615384615381E-003   1703.0434969726757        1.0000000000000000     
   8.4615384615384613E-003   6.9230769230769233E-003   1703.0214378238290        1.0000000000000000     
   8.4615384615384613E-003   7.3076923076923076E-003   1702.9996542313072        1.0000000000000000     
   8.4615384615384613E-003   7.6923076923076927E-003   1702.9807782606954        1.0000000000000000     
   8.4615384615384613E-003   8.0769230769230770E-003   1702.9674173925710        1.0000000000000000     
   8.4615384615384613E-003   8.4615384615384613E-003   1702.9616296241406        1.0000000000000000     
   8.4615384615384613E-003   8.8461538461538456E-003   1702.9656942280089        1.0000000000000000     
   8.4615384615384613E-003   9.2307692307692299E-003   1702.9822297043684        1.0000000000000000     
   8.4615384615384613E-003   9.6153846153846159E-003   1703.0130229031820        1.0000000000000000     

   8.8461538461538456E-003   3.8461538461538462E-004   1706.2037923975538        1.0000000000000000     
   8.8461538461538456E-003   7.6923076923076923E-004   1706.1757473081502        1.0000000000000000     
   8.8461538461538456E-003   1.1538461538461537E-003   1706.1604080921472        1.0000000000000000     
   8.8461538461538456E-003   1.5384615384615385E-003   1706.1589004983571        1.0000000000000000     
   8.8461538461538456E-003   1.9230769230769232E-003   1706.1671201204235        1.0000000000000000     
   8.8461538461538456E-003   2.3076923076923075E-003   1706.1828184176447        1.0000000000000000     
   8.8461538461538456E-003   2.6923076923076922E-003   1706.2038798175456        1.0000000000000000     
   8.8461538461538456E-003   3.0769230769230769E-003   1706.2276395700055        1.0000000000000000     
   8.8461538461538456E-003   3.4615384615384616E-003   1706.2514091879743        1.0000000000000000     
   8.8461538461538456E-003   3.8461538461538464E-003   1706.2727396165578        1.0000000000000000     
   8.8461538461538456E-003   4.2307692307692307E-003   1706.2895620870063        1.0000000000000000     
   8.8461538461538456E-003   4.6153846153846149E-003   1706.3003085618691        1.0000000000000000     
   8.8461538461538456E-003   5.0000000000000001E-003   1706.3040014116436        1.0000000000000000     
   8.8461538461538456E-003   5.3846153846153844E-003   1706.3003085618695        1.0000000000000000     
   8.8461538461538456E-003   5.7692307692307696E-003   1706.2895620870056        1.0000000000000000     
   8.8461538461538456E-003   6.1538461538461538E-003   1706.2727396165571        1.0000000000000000     
   8.8461538461538456E-003   6.5384615384615381E-003   1706.2514091879739        1.0000000000000000     
   8.8461538461538456E-003   6.9230769230769233E-003   1706.2276395700055        1.0000000000000000     
   8.8461538461538456E-003   7.3076923076923076E-003   1706.2038798175456        1.0000000000000000     
   8.8461538461538456E-003   7.6923076923076927E-003   1706.1828184176443        1.0000000000000000     
   8.8461538461538456E-003   8.0769230769230770E-003   1706.1671201204240        1.0000000000000000     
   8.8461538461538456E-003   8.4615384615384613E-003   1706.1589004983573        1.0000000000000000     
   8.8461538461538456E-003   8.8461538461538456E-003   1706.1604080921484        1.0000000000000000     
   8.8461538461538456E-003   9.2307692307692299E-003   1706.1757473081509        1.0000000000000000     
   8.8461538461538456E-003   9.6153846153846159E-003   1706.2037923975538        1.0000000000000000     

   9.2307692307692299E-003   3.8461538461538462E-004   1708.3259460306490        1.0000000000000000     
   9.2307692307692299E-003   7.6923076923076923E-004   1708.2986462909550        1.0000000000000000     
   9.2307692307692299E-003   1.1538461538461537E-003   1708.2854809030919        1.0000000000000000     
   9.2307692307692299E-003   1.5384615384615385E-003   1708.2842271576869        1.0000000000000000     
   9.2307692307692299E-003   1.9230769230769232E-003   1708.2940124634079        1.0000000000000000     
   9.2307692307692299E-003   2.3076923076923075E-003   1708.3111559212234        1.0000000000000000     
   9.2307692307692299E-003   2.6923076923076922E-003   1708.3335697970927        1.0000000000000000     
   9.2307692307692299E-003   3.0769230769230769E-003   1708.3585586206605        1.0000000000000000     
   9.2307692307692299E-003   3.4615384615384616E-003   1708.3833985829863        1.0000000000000000     
   9.2307692307692299E-003   3.8461538461538464E-003   1708.4056051385089        1.0000000000000000     
   9.2307692307692299E-003   4.2307692307692307E-003   1708.4230781020278        1.0000000000000000     
   9.2307692307692299E-003   4.6153846153846149E-003   1708.4342251052774        1.0000000000000000     
   9.2307692307692299E-003   5.0000000000000001E-003   1708.4380532045864        1.0000000000000000     
   9.2307692307692299E-003   5.3846153846153844E-003   1708.4342251052774        1.0000000000000000     
   9.2307692307692299E-003   5.7692307692307696E-003   1708.4230781020278        1.0000000000000000     
   9.2307692307692299E-003   6.1538461538461538E-003   1708.4056051385094        1.0000000000000000     
   9.2307692307692299E-003   6.5384615384615381E-003   1708.3833985829870        1.0000000000000000     
   9.2307692307692299E-003   6.9230769230769233E-003   1708.3585586206607        1.0000000000000000     
   9.2307692307692299E-003   7.3076923076923076E-003   1708.3335697970915        1.0000000000000000     
   9.2307692307692299E-003   7.6923076923076927E-003   1708.3111559212234        1.0000000000000000     
   9.2307692307692299E-003   8.0769230769230770E-003   1708.2940124634079        1.0000000000000000     
   9.2307692307692299E-003   8.4615384615384613E-003   1708.2842271576869        1.0000000000000000     
   9.2307692307692299E-003   8.8461538461538456E-003   1708.2854809030928        1.0000000000000000     
   9.2307692307692299E-003   9.2307692307692299E-003   1708.2986462909553        1.0000000000000000     
   9.2307692307692299E-003   9.6153846153846159E-003   1708.3259460306490        1.0000000000000000     

   9.6153846153846159E-003   3.8461538461538462E-004   1709.4036801053292        1.0000000000000000     
   9.6153846153846159E-003   7.6923076923076923E-004   1709.3762748846441        1.0000000000000000     
   9.6153846153846159E-003   1.1538461538461537E-003   1709.3632934756740        1.0000000000000000     
   9.6153846153846159E-003   1.5384615384615385E-003   1709.3632533308187        1.0000000000000000     
   9.6153846153846159E-003   1.9230769230769232E-003   1709.3732657614942        1.0000000000000000     
   9.6153846153846159E-003   2.3076923076923075E-003   1709.3912186250309        1.0000000000000000     
   9.6153846153846159E-003   2.6923076923076922E-003   1709.4143385362597        1.0000000000000000     
   9.6153846153846159E-003   3.0769230769230769E-003   1709.4399676356402        1.0000000000000000     
   9.6153846153846159E-003   3.4615384615384616E-003   1709.4653677894464        1.0000000000000000     
   9.6153846153846159E-003   3.8461538461538464E-003   1709.4880352654773        1.0000000000000000     
   9.6153846153846159E-003   4.2307692307692307E-003   1709.5058518613569        1.0000000000000000     
   9.6153846153846159E-003   4.6153846153846149E-003   1709.5172110331107        1.0000000000000000     
   9.6153846153846159E-003   5.0000000000000001E-003   1709.5211108747885        1.0000000000000000     
   9.6153846153846159E-003   5.3846153846153844E-003   1709.5172110331107        1.0000000000000000     
   9.6153846153846159E-003   5.7692307692307696E-003   1709.5058518613566        1.0000000000000000     
   9.6153846153846159E-003   6.1538461538461538E-003   1709.4880352654782        1.0000000000000000     
   9.6153846153846159E-003   6.5384615384615381E-003   1709.4653677894469        1.0000000000000000     
   9.6153846153846159E-003   6.9230769230769233E-003   1709.4399676356404        1.0000000000000000     
   9.6153846153846159E-003   7.3076923076923076E-003   1709.4143385362597        1.0000000000000000     
   9.6153846153846159E-003   7.6923076923076927E-003   1709.3912186250309        1.0000000000000000     
   9.6153846153846159E-003   8.0769230769230770E-003   1709.3732657614939        1.0000000000000000     
   9.6153846153846159E-003   8.4615384615384613E-003   1709.3632533308189        1.0000000000000000     
   9.6153846153846159E-003   8.8461538461538456E-003   1709.3632934756749        1.0000000000000000     
   9.6153846153846159E-003   9.2307692307692299E-003   1709.3762748846436        1.0000000000000000     
   9.6153846153846159E-003   9.6153846153846159E-003   1709.4036801053276        1.0000000000000000     

