   3.8461538461538462E-004   3.8461538461538462E-004   1626.8158287309009        1.0000000000000000     
   3.8461538461538462E-004   7.6923076923076923E-004   1626.9962292149200        1.0000000000000000     
   3.8461538461538462E-004   1.1538461538461537E-003   1627.1269398806130        1.0000000000000000     
   3.8461538461538462E-004   1.5384615384615385E-003   1627.2122816973445        1.0000000000000000     
   3.8461538461538462E-004   1.9230769230769232E-003   1627.2584231794433        1.0000000000000000     
   3.8461538461538462E-004   2.3076923076923075E-003   1627.2730211439339        1.0000000000000000     
   3.8461538461538462E-004   2.6923076923076922E-003   1627.2647768834522        1.0000000000000000     
   3.8461538461538462E-004   3.0769230769230769E-003   1627.2429351426922        1.0000000000000000     
   3.8461538461538462E-004   3.4615384615384616E-003   1627.2167567713157        1.0000000000000000     
   3.8461538461538462E-004   3.8461538461538464E-003   1627.1949974860722        1.0000000000000000     
   3.8461538461538462E-004   4.2307692307692307E-003   1627.1854247283691        1.0000000000000000     
   3.8461538461538462E-004   4.6153846153846149E-003   1627.1944021947968        1.0000000000000000     
   3.8461538461538462E-004   5.0000000000000001E-003   1627.2265674213693        1.0000000000000000     
   3.8461538461538462E-004   5.3846153846153844E-003   1627.2846221170346        1.0000000000000000     
   3.8461538461538462E-004   5.7692307692307696E-003   1627.3692481882729        1.0000000000000000     
   3.8461538461538462E-004   6.1538461538461538E-003   1627.4791551226658        1.0000000000000000     
   3.8461538461538462E-004   6.5384615384615381E-003   1627.6112573257296        1.0000000000000000     
   3.8461538461538462E-004   6.9230769230769233E-003   1627.7609741765507        1.0000000000000000     
   3.8461538461538462E-004   7.3076923076923076E-003   1627.9226428161435        1.0000000000000000     
   3.8461538461538462E-004   7.6923076923076927E-003   1628.0900380520338        1.0000000000000000     
   3.8461538461538462E-004   8.0769230769230770E-003   1628.2570161056231        1.0000000000000000     
   3.8461538461538462E-004   8.4615384615384613E-003   1628.4183727393008        1.0000000000000000     
   3.8461538461538462E-004   8.8461538461538456E-003   1628.5712460188283        1.0000000000000000     
   3.8461538461538462E-004   9.2307692307692299E-003   1628.7182233543624        1.0000000000000000     
   3.8461538461538462E-004   9.6153846153846159E-003   1628.8764085070572        1.0000000000000000     

   7.6923076923076923E-004   3.8461538461538462E-004   1626.8711184941785        1.0000000000000000     
   7.6923076923076923E-004   7.6923076923076923E-004   1627.0516177092852        1.0000000000000000     
   7.6923076923076923E-004   1.1538461538461537E-003   1627.1825113820205        1.0000000000000000     
   7.6923076923076923E-004   1.5384615384615385E-003   1627.2681110917918        1.0000000000000000     
   7.6923076923076923E-004   1.9230769230769232E-003   1627.3145719306376        1.0000000000000000     
   7.6923076923076923E-004   2.3076923076923075E-003   1627.3295340164675        1.0000000000000000     
   7.6923076923076923E-004   2.6923076923076922E-003   1627.3216795929602        1.0000000000000000     
   7.6923076923076923E-004   3.0769230769230769E-003   1627.3002330406885        1.0000000000000000     
   7.6923076923076923E-004   3.4615384615384616E-003   1627.2744345980309        1.0000000000000000     
   7.6923076923076923E-004   3.8461538461538464E-003   1627.2530201420732        1.0000000000000000     
   7.6923076923076923E-004   4.2307692307692307E-003   1627.2437389258682        1.0000000000000000     
   7.6923076923076923E-004   4.6153846153846149E-003   1627.2529387500210        1.0000000000000000     
   7.6923076923076923E-004   5.0000000000000001E-003   1627.2852438314512        1.0000000000000000     
   7.6923076923076923E-004   5.3846153846153844E-003   1627.3433449056245        1.0000000000000000     
   7.6923076923076923E-004   5.7692307692307696E-003   1627.4279142503219        1.0000000000000000     
   7.6923076923076923E-004   6.1538461538461538E-003   1627.5376508249642        1.0000000000000000     
   7.6923076923076923E-004   6.5384615384615381E-003   1627.6694531185888        1.0000000000000000     
   7.6923076923076923E-004   6.9230769230769233E-003   1627.8187101414339        1.0000000000000000     
   7.6923076923076923E-004   7.3076923076923076E-003   1627.9796946574811        1.0000000000000000     
   7.6923076923076923E-004   7.6923076923076927E-003   1628.1460366575147        1.0000000000000000     
   7.6923076923076923E-004   8.0769230769230770E-003   1628.3112442098889        1.0000000000000000     
   7.6923076923076923E-004   8.4615384615384613E-003   1628.4691983690511        1.0000000000000000     
   7.6923076923076923E-004   8.8461538461538456E-003   1628.6143648299667        1.0000000000000000     
   7.6923076923076923E-004   9.2307692307692299E-003   1628.7406173493703        1.0000000000000000     
   7.6923076923076923E-004   9.6153846153846159E-003   1628.8336509223379        1.0000000000000000     

   1.1538461538461537E-003   3.8461538461538462E-004   1626.7593262204221        1.0000000000000000     
   1.1538461538461537E-003   7.6923076923076923E-004   1626.9399910582106        1.0000000000000000     
   1.1538461538461537E-003   1.1538461538461537E-003   1627.0712256631859        1.0000000000000000     
   1.1538461538461537E-003   1.5384615384615385E-003   1627.1573222967613        1.0000000000000000     
   1.1538461538461537E-003   1.9230769230769232E-003   1627.2044084410452        1.0000000000000000     
   1.1538461538461537E-003   2.3076923076923075E-003   1627.2200898715944        1.0000000000000000     
   1.1538461538461537E-003   2.6923076923076922E-003   1627.2130096723868        1.0000000000000000     
   1.1538461538461537E-003   3.0769230769230769E-003   1627.1923503875935        1.0000000000000000     
   1.1538461538461537E-003   3.4615384615384616E-003   1627.1673099579466        1.0000000000000000     
   1.1538461538461537E-003   3.8461538461538464E-003   1627.1465836262357        1.0000000000000000     
   1.1538461538461537E-003   4.2307692307692307E-003   1627.1378835310086        1.0000000000000000     
   1.1538461538461537E-003   4.6153846153846149E-003   1627.1475252765294        1.0000000000000000     
   1.1538461538461537E-003   5.0000000000000001E-003   1627.1801065287536        1.0000000000000000     
   1.1538461538461537E-003   5.3846153846153844E-003   1627.2382969087485        1.0000000000000000     
   1.1538461538461537E-003   5.7692307692307696E-003   1627.3227514894643        1.0000000000000000     
   1.1538461538461537E-003   6.1538461538461538E-003   1627.4321524494044        1.0000000000000000     
   1.1538461538461537E-003   6.5384615384615381E-003   1627.5633752756837        1.0000000000000000     
   1.1538461538461537E-003   6.9230769230769233E-003   1627.7117675465190        1.0000000000000000     
   1.1538461538461537E-003   7.3076923076923076E-003   1627.8715194378658        1.0000000000000000     
   1.1538461538461537E-003   7.6923076923076927E-003   1628.0360939231925        1.0000000000000000     
   1.1538461538461537E-003   8.0769230769230770E-003   1628.1986656862014        1.0000000000000000     
   1.1538461538461537E-003   8.4615384615384613E-003   1628.3524771588629        1.0000000000000000     
   1.1538461538461537E-003   8.8461538461538456E-003   1628.4909326066452        1.0000000000000000     
   1.1538461538461537E-003   9.2307692307692299E-003   1628.6071321889958        1.0000000000000000     
   1.1538461538461537E-003   9.6153846153846159E-003   1628.6929435478285        1.0000000000000000     

   1.5384615384615385E-003   3.8461538461538462E-004   1626.4997661628661        1.0000000000000000     
   1.5384615384615385E-003   7.6923076923076923E-004   1626.6806628440841        1.0000000000000000     
   1.5384615384615385E-003   1.1538461538461537E-003   1626.8123918043204        1.0000000000000000     
   1.5384615384615385E-003   1.5384615384615385E-003   1626.8992164892261        1.0000000000000000     
   1.5384615384615385E-003   1.9230769230769232E-003   1626.9472232026246        1.0000000000000000     
   1.5384615384615385E-003   2.3076923076923075E-003   1626.9639665138461        1.0000000000000000     
   1.5384615384615385E-003   2.6923076923076922E-003   1626.9580311420775        1.0000000000000000     
   1.5384615384615385E-003   3.0769230769230769E-003   1626.9385373205066        1.0000000000000000     
   1.5384615384615385E-003   3.4615384615384616E-003   1626.9146200670061        1.0000000000000000     
   1.5384615384615385E-003   3.8461538461538464E-003   1626.8949143055638        1.0000000000000000     
   1.5384615384615385E-003   4.2307692307692307E-003   1626.8870773059587        1.0000000000000000     
   1.5384615384615385E-003   4.6153846153846149E-003   1626.8973774706767        1.0000000000000000     
   1.5384615384615385E-003   5.0000000000000001E-003   1626.9303742488023        1.0000000000000000     
   1.5384615384615385E-003   5.3846153846153844E-003   1626.9887081502511        1.0000000000000000     
   1.5384615384615385E-003   5.7692307692307696E-003   1627.0730128015534        1.0000000000000000     
   1.5384615384615385E-003   6.1538461538461538E-003   1627.1819530931914        1.0000000000000000     
   1.5384615384615385E-003   6.5384615384615381E-003   1627.3123850539514        1.0000000000000000     
   1.5384615384615385E-003   6.9230769230769233E-003   1627.4596243427652        1.0000000000000000     
   1.5384615384615385E-003   7.3076923076923076E-003   1627.6178010381054        1.0000000000000000     
   1.5384615384615385E-003   7.6923076923076927E-003   1627.7802680179191        1.0000000000000000     
   1.5384615384615385E-003   8.0769230769230770E-003   1627.9400173597828        1.0000000000000000     
   1.5384615384615385E-003   8.4615384615384613E-003   1628.0900438340207        1.0000000000000000     
   1.5384615384615385E-003   8.8461538461538456E-003   1628.2235882491941        1.0000000000000000     
   1.5384615384615385E-003   9.2307692307692299E-003   1628.3342568939972        1.0000000000000000     
   1.5384615384615385E-003   9.6153846153846159E-003   1628.4163396402976        1.0000000000000000     

   1.9230769230769232E-003   3.8461538461538462E-004   1626.1199671850770        1.0000000000000000     
   1.9230769230769232E-003   7.6923076923076923E-004   1626.3011608192878        1.0000000000000000     
   1.9230769230769232E-003   1.1538461538461537E-003   1626.4335308377936        1.0000000000000000     
   1.9230769230769232E-003   1.5384615384615385E-003   1626.5213029994711        1.0000000000000000     
   1.9230769230769232E-003   1.9230769230769232E-003   1626.5705097626778        1.0000000000000000     
   1.9230769230769232E-003   2.3076923076923075E-003   1626.5886387586752        1.0000000000000000     
   1.9230769230769232E-003   2.6923076923076922E-003   1626.5841984482249        1.0000000000000000     
   1.9230769230769232E-003   3.0769230769230769E-003   1626.5662277161275        1.0000000000000000     
   1.9230769230769232E-003   3.4615384615384616E-003   1626.5437795466785        1.0000000000000000     
   1.9230769230769232E-003   3.8461538461538464E-003   1626.5254104192770        1.0000000000000000     
   1.9230769230769232E-003   4.2307692307692307E-003   1626.5187065793680        1.0000000000000000     
   1.9230769230769232E-003   4.6153846153846149E-003   1626.5298759055981        1.0000000000000000     
   1.9230769230769232E-003   5.0000000000000001E-003   1626.5634298566076        1.0000000000000000     
   1.9230769230769232E-003   5.3846153846153844E-003   1626.6219741890345        1.0000000000000000     
   1.9230769230769232E-003   5.7692307692307696E-003   1626.7061201197403        1.0000000000000000     
   1.9230769230769232E-003   6.1538461538461538E-003   1626.8145197326744        1.0000000000000000     
   1.9230769230769232E-003   6.5384615384615381E-003   1626.9440210799007        1.0000000000000000     
   1.9230769230769232E-003   6.9230769230769233E-003   1627.0899299292116        1.0000000000000000     
   1.9230769230769232E-003   7.3076923076923076E-003   1627.2463567380362        1.0000000000000000     
   1.9230769230769232E-003   7.6923076923076927E-003   1627.4066195143887        1.0000000000000000     
   1.9230769230769232E-003   8.0769230769230770E-003   1627.5636667497802        1.0000000000000000     
   1.9230769230769232E-003   8.4615384615384613E-003   1627.7104831356919        1.0000000000000000     
   1.9230769230769232E-003   8.8461538461538456E-003   1627.8404549271652        1.0000000000000000     
   1.9230769230769232E-003   9.2307692307692299E-003   1627.9477246419347        1.0000000000000000     
   1.9230769230769232E-003   9.6153846153846159E-003   1628.0276738936409        1.0000000000000000     

   2.3076923076923075E-003   3.8461538461538462E-004   1625.6540126046732        1.0000000000000000     
   2.3076923076923075E-003   7.6923076923076923E-004   1625.8355666398970        1.0000000000000000     
   2.3076923076923075E-003   1.1538461538461537E-003   1625.9687155413574        1.0000000000000000     
   2.3076923076923075E-003   1.5384615384615385E-003   1626.0576393115555        1.0000000000000000     
   2.3076923076923075E-003   1.9230769230769232E-003   1626.1083050470108        1.0000000000000000     
   2.3076923076923075E-003   2.3076923076923075E-003   1626.1281191515848        1.0000000000000000     
   2.3076923076923075E-003   2.6923076923076922E-003   1626.1254975988898        1.0000000000000000     
   2.3076923076923075E-003   3.0769230769230769E-003   1626.1093807010022        1.0000000000000000     
   2.3076923076923075E-003   3.4615384615384616E-003   1626.0887221877454        1.0000000000000000     
   2.3076923076923075E-003   3.8461538461538464E-003   1626.0719838758407        1.0000000000000000     
   2.3076923076923075E-003   4.2307692307692307E-003   1626.0666667214523        1.0000000000000000     
   2.3076923076923075E-003   4.6153846153846149E-003   1626.0789066332839        1.0000000000000000     
   2.3076923076923075E-003   5.0000000000000001E-003   1626.1131592225545        1.0000000000000000     
   2.3076923076923075E-003   5.3846153846153844E-003   1626.1719919307375        1.0000000000000000     
   2.3076923076923075E-003   5.7692307692307696E-003   1626.2559950400473        1.0000000000000000     
   2.3076923076923075E-003   6.1538461538461538E-003   1626.3638153299878        1.0000000000000000     
   2.3076923076923075E-003   6.5384615384615381E-003   1626.4923080276078        1.0000000000000000     
   2.3076923076923075E-003   6.9230769230769233E-003   1626.6367946695518        1.0000000000000000     
   2.3076923076923075E-003   7.3076923076923076E-003   1626.7914070754528        1.0000000000000000     
   2.3076923076923075E-003   7.6923076923076927E-003   1626.9494915672431        1.0000000000000000     
   2.3076923076923075E-003   8.0769230769230770E-003   1627.1040442010578        1.0000000000000000     
   2.3076923076923075E-003   8.4615384615384613E-003   1627.2481497322044        1.0000000000000000     
   2.3076923076923075E-003   8.8461538461538456E-003   1627.3754086419901        1.0000000000000000     
   2.3076923076923075E-003   9.2307692307692299E-003   1627.4803610118213        1.0000000000000000     
   2.3076923076923075E-003   9.6153846153846159E-003   1627.5589405773371        1.0000000000000000     

   2.6923076923076922E-003   3.8461538461538462E-004   1625.1404732598305        1.0000000000000000     
   2.6923076923076922E-003   7.6923076923076923E-004   1625.3224487995008        1.0000000000000000     
   2.6923076923076922E-003   1.1538461538461537E-003   1625.4565034548291        1.0000000000000000     
   2.6923076923076922E-003   1.5384615384615385E-003   1625.5467643517286        1.0000000000000000     
   2.6923076923076922E-003   1.9230769230769232E-003   1625.5991230699531        1.0000000000000000     
   2.6923076923076922E-003   2.3076923076923075E-003   1625.6208921990735        1.0000000000000000     
   2.6923076923076922E-003   2.6923076923076922E-003   1625.6203809540775        1.0000000000000000     
   2.6923076923076922E-003   3.0769230769230769E-003   1625.6064159672701        1.0000000000000000     
   2.6923076923076922E-003   3.4615384615384616E-003   1625.5878366751247        1.0000000000000000     
   2.6923076923076922E-003   3.8461538461538464E-003   1625.5729961727334        1.0000000000000000     
   2.6923076923076922E-003   4.2307692307692307E-003   1625.5692979268633        1.0000000000000000     
   2.6923076923076922E-003   4.6153846153846149E-003   1625.5827963521838        1.0000000000000000     
   2.6923076923076922E-003   5.0000000000000001E-003   1625.6178851113161        1.0000000000000000     
   2.6923076923076922E-003   5.3846153846153844E-003   1625.6770913504045        1.0000000000000000     
   2.6923076923076922E-003   5.7692307692307696E-003   1625.7609872700532        1.0000000000000000     
   2.6923076923076922E-003   6.1538461538461538E-003   1625.8682228696459        1.0000000000000000     
   2.6923076923076922E-003   6.5384615384615381E-003   1625.9956758597214        1.0000000000000000     
   2.6923076923076922E-003   6.9230769230769233E-003   1626.1387071329625        1.0000000000000000     
   2.6923076923076922E-003   7.3076923076923076E-003   1626.2915034173534        1.0000000000000000     
   2.6923076923076922E-003   7.6923076923076927E-003   1626.4474835498104        1.0000000000000000     
   2.6923076923076922E-003   8.0769230769230770E-003   1626.5997421996797        1.0000000000000000     
   2.6923076923076922E-003   8.4615384615384613E-003   1626.7415060826997        1.0000000000000000     
   2.6923076923076922E-003   8.8461538461538456E-003   1626.8665836160490        1.0000000000000000     
   2.6923076923076922E-003   9.2307692307692299E-003   1626.9697977208796        1.0000000000000000     
   2.6923076923076922E-003   9.6153846153846159E-003   1627.0473934863733        1.0000000000000000     

   3.0769230769230769E-003   3.8461538461538462E-004   1624.6200513794790        1.0000000000000000     
   3.0769230769230769E-003   7.6923076923076923E-004   1624.8025063549537        1.0000000000000000     
   3.0769230769230769E-003   1.1538461538461537E-003   1624.9375807140925        1.0000000000000000     
   3.0769230769230769E-003   1.5384615384615385E-003   1625.0293426534877        1.0000000000000000     
   3.0769230769230769E-003   1.9230769230769232E-003   1625.0835996098376        1.0000000000000000     
   3.0769230769230769E-003   2.3076923076923075E-003   1625.1075596786179        1.0000000000000000     
   3.0769230769230769E-003   2.6923076923076922E-003   1625.1094132288160        1.0000000000000000     
   3.0769230769230769E-003   3.0769230769230769E-003   1625.0978604537554        1.0000000000000000     
   3.0769230769230769E-003   3.4615384615384616E-003   1625.0816138515809        1.0000000000000000     
   3.0769230769230769E-003   3.8461538461538464E-003   1625.0689060622265        1.0000000000000000     
   3.0769230769230769E-003   4.2307692307692307E-003   1625.0670330143951        1.0000000000000000     
   3.0769230769230769E-003   4.6153846153846149E-003   1625.0819599884028        1.0000000000000000     
   3.0769230769230769E-003   5.0000000000000001E-003   1625.1180141267591        1.0000000000000000     
   3.0769230769230769E-003   5.3846153846153844E-003   1625.1776813783920        1.0000000000000000     
   3.0769230769230769E-003   5.7692307692307696E-003   1625.2615191904708        1.0000000000000000     
   3.0769230769230769E-003   6.1538461538461538E-003   1625.3681888845829        1.0000000000000000     
   3.0769230769230769E-003   6.5384615384615381E-003   1625.4946040510274        1.0000000000000000     
   3.0769230769230769E-003   6.9230769230769233E-003   1625.6361839934964        1.0000000000000000     
   3.0769230769230769E-003   7.3076923076923076E-003   1625.7871948288748        1.0000000000000000     
   3.0769230769230769E-003   7.6923076923076927E-003   1625.9411559096905        1.0000000000000000     
   3.0769230769230769E-003   8.0769230769230770E-003   1626.0912864142692        1.0000000000000000     
   3.0769230769230769E-003   8.4615384615384613E-003   1626.2309666999565        1.0000000000000000     
   3.0769230769230769E-003   8.8461538461538456E-003   1626.3541911191373        1.0000000000000000     
   3.0769230769230769E-003   9.2307692307692299E-003   1626.4559915605753        1.0000000000000000     
   3.0769230769230769E-003   9.6153846153846159E-003   1626.5328095766176        1.0000000000000000     

   3.4615384615384616E-003   3.8461538461538462E-004   1624.1330715557583        1.0000000000000000     
   3.4615384615384616E-003   7.6923076923076923E-004   1624.3160597549895        1.0000000000000000     
   3.4615384615384616E-003   1.1538461538461537E-003   1624.4522530150662        1.0000000000000000     
   3.4615384615384616E-003   1.5384615384615385E-003   1624.5456557044895        1.0000000000000000     
   3.4615384615384616E-003   1.9230769230769232E-003   1624.6019841409991        1.0000000000000000     
   3.4615384615384616E-003   2.3076923076923075E-003   1624.6283333007234        1.0000000000000000     
   3.4615384615384616E-003   2.6923076923076922E-003   1624.6327649641571        1.0000000000000000     
   3.4615384615384616E-003   3.0769230769230769E-003   1624.6238426330742        1.0000000000000000     
   3.4615384615384616E-003   3.4615384615384616E-003   1624.6101417547618        1.0000000000000000     
   3.4615384615384616E-003   3.8461538461538464E-003   1624.5997652022897        1.0000000000000000     
   3.4615384615384616E-003   4.2307692307692307E-003   1624.5998934971271        1.0000000000000000     
   3.4615384615384616E-003   4.6153846153846149E-003   1624.6163969565087        1.0000000000000000     
   3.4615384615384616E-003   5.0000000000000001E-003   1624.6535329505784        1.0000000000000000     
   3.4615384615384616E-003   5.3846153846153844E-003   1624.7137460173130        1.0000000000000000     
   3.4615384615384616E-003   5.7692307692307696E-003   1624.7975820514966        1.0000000000000000     
   3.4615384615384616E-003   6.1538461538461538E-003   1624.9037205765680        1.0000000000000000     
   3.4615384615384616E-003   6.5384615384615381E-003   1625.0291216980297        1.0000000000000000     
   3.4615384615384616E-003   6.9230769230769233E-003   1625.1692772320998        1.0000000000000000     
   3.4615384615384616E-003   7.3076923076923076E-003   1625.3185492232165        1.0000000000000000     
   3.4615384615384616E-003   7.6923076923076927E-003   1625.4705741069386        1.0000000000000000     
   3.4615384615384616E-003   8.0769230769230770E-003   1625.6187075463145        1.0000000000000000     
   3.4615384615384616E-003   8.4615384615384613E-003   1625.7564836363417        1.0000000000000000     
   3.4615384615384616E-003   8.8461538461538456E-003   1625.8780624040512        1.0000000000000000     
   3.4615384615384616E-003   9.2307692307692299E-003   1625.9786402421821        1.0000000000000000     
   3.4615384615384616E-003   9.6153846153846159E-003   1626.0547974548579        1.0000000000000000     

   3.8461538461538464E-003   3.8461538461538462E-004   1623.7169669340665        1.0000000000000000     
   3.8461538461538464E-003   7.6923076923076923E-004   1623.9005369002898        1.0000000000000000     
   3.8461538461538464E-003   1.1538461538461537E-003   1624.0379318374653        1.0000000000000000     
   3.8461538461538464E-003   1.5384615384615385E-003   1624.1330885958830        1.0000000000000000     
   3.8461538461538464E-003   1.9230769230769232E-003   1624.1916271250302        1.0000000000000000     
   3.8461538461538464E-003   2.3076923076923075E-003   1624.2205228019200        1.0000000000000000     
   3.8461538461538464E-003   2.6923076923076922E-003   1624.2277015176214        1.0000000000000000     
   3.8461538461538464E-003   3.0769230769230769E-003   1624.2215824278107        1.0000000000000000     
   3.8461538461538464E-003   3.4615384615384616E-003   1624.2105964219418        1.0000000000000000     
   3.8461538461538464E-003   3.8461538461538464E-003   1624.2027097562898        1.0000000000000000     
   3.8461538461538464E-003   4.2307692307692307E-003   1624.2049818456310        1.0000000000000000     
   3.8461538461538464E-003   4.6153846153846149E-003   1624.2231839501867        1.0000000000000000     
   3.8461538461538464E-003   5.0000000000000001E-003   1624.2615015758561        1.0000000000000000     
   3.8461538461538464E-003   5.3846153846153844E-003   1624.3223380774123        1.0000000000000000     
   3.8461538461538464E-003   5.7692307692307696E-003   1624.4062305568455        1.0000000000000000     
   3.8461538461538464E-003   6.1538461538461538E-003   1624.5118820932478        1.0000000000000000     
   3.8461538461538464E-003   6.5384615384615381E-003   1624.6363070859468        1.0000000000000000     
   3.8461538461538464E-003   6.9230769230769233E-003   1624.7750795209183        1.0000000000000000     
   3.8461538461538464E-003   7.3076923076923076E-003   1624.9226677558156        1.0000000000000000     
   3.8461538461538464E-003   7.6923076923076927E-003   1625.0728343853052        1.0000000000000000     
   3.8461538461538464E-003   8.0769230769230770E-003   1625.2190762083171        1.0000000000000000     
   3.8461538461538464E-003   8.4615384615384613E-003   1625.3550773846991        1.0000000000000000     
   3.8461538461538464E-003   8.8461538461538456E-003   1625.4751483580435        1.0000000000000000     
   3.8461538461538464E-003   9.2307692307692299E-003   1625.5746235455772        1.0000000000000000     
   3.8461538461538464E-003   9.6153846153846159E-003   1625.6501916404684        1.0000000000000000     

   4.2307692307692307E-003   3.8461538461538462E-004   1623.4039126282510        1.0000000000000000     
   4.2307692307692307E-003   7.6923076923076923E-004   1623.5881064558846        1.0000000000000000     
   4.2307692307692307E-003   1.1538461538461537E-003   1623.7267679500123        1.0000000000000000     
   4.2307692307692307E-003   1.5384615384615385E-003   1623.8237639850774        1.0000000000000000     
   4.2307692307692307E-003   1.9230769230769232E-003   1623.8846146520243        1.0000000000000000     
   4.2307692307692307E-003   2.3076923076923075E-003   1623.9161714314398        1.0000000000000000     
   4.2307692307692307E-003   2.6923076923076922E-003   1623.9262195018789        1.0000000000000000     
   4.2307692307692307E-003   3.0769230769230769E-003   1623.9230286457127        1.0000000000000000     
   4.2307692307692307E-003   3.4615384615384616E-003   1623.9148803082289        1.0000000000000000     
   4.2307692307692307E-003   3.8461538461538464E-003   1623.9095997338782        1.0000000000000000     
   4.2307692307692307E-003   4.2307692307692307E-003   1623.9141216647251        1.0000000000000000     
   4.2307692307692307E-003   4.6153846153846149E-003   1623.9341158740522        1.0000000000000000     
   4.2307692307692307E-003   5.0000000000000001E-003   1623.9736949674389        1.0000000000000000     
   4.2307692307692307E-003   5.3846153846153844E-003   1624.0352216613562        1.0000000000000000     
   4.2307692307692307E-003   5.7692307692307696E-003   1624.1192264787937        1.0000000000000000     
   4.2307692307692307E-003   6.1538461538461538E-003   1624.2244398835555        1.0000000000000000     
   4.2307692307692307E-003   6.5384615384615381E-003   1624.3479357535650        1.0000000000000000     
   4.2307692307692307E-003   6.9230769230769233E-003   1624.4853762282448        1.0000000000000000     
   4.2307692307692307E-003   7.3076923076923076E-003   1624.6313417982531        1.0000000000000000     
   4.2307692307692307E-003   7.6923076923076927E-003   1624.7797254247953        1.0000000000000000     
   4.2307692307692307E-003   8.0769230769230770E-003   1624.9241657660457        1.0000000000000000     
   4.2307692307692307E-003   8.4615384615384613E-003   1625.0584923878571        1.0000000000000000     
   4.2307692307692307E-003   8.8461538461538456E-003   1625.1771551074735        1.0000000000000000     
   4.2307692307692307E-003   9.2307692307692299E-003   1625.2756101920845        1.0000000000000000     
   4.2307692307692307E-003   9.6153846153846159E-003   1625.3506378791158        1.0000000000000000     

   4.6153846153846149E-003   3.8461538461538462E-004   1623.2187536124620        1.0000000000000000     
   4.6153846153846149E-003   7.6923076923076923E-004   1623.4036056801854        1.0000000000000000     
   4.6153846153846149E-003   1.1538461538461537E-003   1623.5435794616824        1.0000000000000000     
   4.6153846153846149E-003   1.5384615384615385E-003   1623.6424706254181        1.0000000000000000     
   4.6153846153846149E-003   1.9230769230769232E-003   1623.7056976641163        1.0000000000000000     
   4.6153846153846149E-003   2.3076923076923075E-003   1623.7399860340918        1.0000000000000000     
   4.6153846153846149E-003   2.6923076923076922E-003   1623.7529778371336        1.0000000000000000     
   4.6153846153846149E-003   3.0769230769230769E-003   1623.7527910556232        1.0000000000000000     
   4.6153846153846149E-003   3.4615384615384616E-003   1623.7475553885802        1.0000000000000000     
   4.6153846153846149E-003   3.8461538461538464E-003   1623.7449530810736        1.0000000000000000     
   4.6153846153846149E-003   4.2307692307692307E-003   1623.7517927115275        1.0000000000000000     
   4.6153846153846149E-003   4.6153846153846149E-003   1623.7736417342235        1.0000000000000000     
   4.6153846153846149E-003   5.0000000000000001E-003   1623.8145398098748        1.0000000000000000     
   4.6153846153846149E-003   5.3846153846153844E-003   1623.8768098372368        1.0000000000000000     
   4.6153846153846149E-003   5.7692307692307696E-003   1623.9609774492878        1.0000000000000000     
   4.6153846153846149E-003   6.1538461538461538E-003   1624.0658029488766        1.0000000000000000     
   4.6153846153846149E-003   6.5384615384615381E-003   1624.1884226609354        1.0000000000000000     
   4.6153846153846149E-003   6.9230769230769233E-003   1624.3245899136602        1.0000000000000000     
   4.6153846153846149E-003   7.3076923076923076E-003   1624.4689997525986        1.0000000000000000     
   4.6153846153846149E-003   7.6923076923076927E-003   1624.6156764105713        1.0000000000000000     
   4.6153846153846149E-003   8.0769230769230770E-003   1624.7583987883299        1.0000000000000000     
   4.6153846153846149E-003   8.4615384615384613E-003   1624.8911369194614        1.0000000000000000     
   4.6153846153846149E-003   8.8461538461538456E-003   1625.0084716536712        1.0000000000000000     
   4.6153846153846149E-003   9.2307692307692299E-003   1625.1059705669390        1.0000000000000000     
   4.6153846153846149E-003   9.6153846153846159E-003   1625.1804953669255        1.0000000000000000     

   5.0000000000000001E-003   3.8461538461538462E-004   1623.1773606254776        1.0000000000000000     
   5.0000000000000001E-003   7.6923076923076923E-004   1623.3628963178139        1.0000000000000000     
   5.0000000000000001E-003   1.1538461538461537E-003   1623.5042079659643        1.0000000000000000     
   5.0000000000000001E-003   1.5384615384615385E-003   1623.6050199988681        1.0000000000000000     
   5.0000000000000001E-003   1.9230769230769232E-003   1623.6706492768928        1.0000000000000000     
   5.0000000000000001E-003   2.3076923076923075E-003   1623.7076952160512        1.0000000000000000     
   5.0000000000000001E-003   2.6923076923076922E-003   1623.7236568676299        1.0000000000000000     
   5.0000000000000001E-003   3.0769230769230769E-003   1623.7265005112677        1.0000000000000000     
   5.0000000000000001E-003   3.4615384615384616E-003   1623.7242042998569        1.0000000000000000     
   5.0000000000000001E-003   3.8461538461538464E-003   1623.7243078154463        1.0000000000000000     
   5.0000000000000001E-003   4.2307692307692307E-003   1623.7334939771720        1.0000000000000000     
   5.0000000000000001E-003   4.6153846153846149E-003   1623.7572286183936        1.0000000000000000     
   5.0000000000000001E-003   5.0000000000000001E-003   1623.7994793593743        1.0000000000000000     
   5.0000000000000001E-003   5.3846153846153844E-003   1623.8625303807344        1.0000000000000000     
   5.0000000000000001E-003   5.7692307692307696E-003   1623.9469036699197        1.0000000000000000     
   5.0000000000000001E-003   6.1538461538461538E-003   1624.0513906485389        1.0000000000000000     
   5.0000000000000001E-003   6.5384615384615381E-003   1624.1731912109838        1.0000000000000000     
   5.0000000000000001E-003   6.9230769230769233E-003   1624.3081505437515        1.0000000000000000     
   5.0000000000000001E-003   7.3076923076923076E-003   1624.4510780615044        1.0000000000000000     
   5.0000000000000001E-003   7.6923076923076927E-003   1624.5961277549807        1.0000000000000000     
   5.0000000000000001E-003   8.0769230769230770E-003   1624.7372154886698        1.0000000000000000     
   5.0000000000000001E-003   8.4615384615384613E-003   1624.8684465124018        1.0000000000000000     
   5.0000000000000001E-003   8.8461538461538456E-003   1624.9845257649461        1.0000000000000000     
   5.0000000000000001E-003   9.2307692307692299E-003   1625.0811244751496        1.0000000000000000     
   5.0000000000000001E-003   9.6153846153846159E-003   1625.1551790896638        1.0000000000000000     

   5.3846153846153844E-003   3.8461538461538462E-004   1623.2855251490059        1.0000000000000000     
   5.3846153846153844E-003   7.6923076923076923E-004   1623.4717596269566        1.0000000000000000     
   5.3846153846153844E-003   1.1538461538461537E-003   1623.6144138481716        1.0000000000000000     
   5.3846153846153844E-003   1.5384615384615385E-003   1623.7171421117719        1.0000000000000000     
   5.3846153846153844E-003   1.9230769230769232E-003   1623.7851612404556        1.0000000000000000     
   5.3846153846153844E-003   2.3076923076923075E-003   1623.8249466095215        1.0000000000000000     
   5.3846153846153844E-003   2.6923076923076922E-003   1623.8438565257877        1.0000000000000000     
   5.3846153846153844E-003   3.0769230769230769E-003   1623.8497080678003        1.0000000000000000     
   5.3846153846153844E-003   3.4615384615384616E-003   1623.8503304231767        1.0000000000000000     
   5.3846153846153844E-003   3.8461538461538464E-003   1623.8531230552808        1.0000000000000000     
   5.3846153846153844E-003   4.2307692307692307E-003   1623.8646456222541        1.0000000000000000     
   5.3846153846153844E-003   4.6153846153846149E-003   1623.8902644888426        1.0000000000000000     
   5.3846153846153844E-003   5.0000000000000001E-003   1623.9338770514162        1.0000000000000000     
   5.3846153846153844E-003   5.3846153846153844E-003   1623.9977301706174        1.0000000000000000     
   5.3846153846153844E-003   5.7692307692307696E-003   1624.0823430854909        1.0000000000000000     
   5.3846153846153844E-003   6.1538461538461538E-003   1624.1865386394450        1.0000000000000000     
   5.3846153846153844E-003   6.5384615384615381E-003   1624.3075798905741        1.0000000000000000     
   5.3846153846153844E-003   6.9230769230769233E-003   1624.4414026261372        1.0000000000000000     
   5.3846153846153844E-003   7.3076923076923076E-003   1624.5829283567027        1.0000000000000000     
   5.3846153846153844E-003   7.6923076923076927E-003   1624.7264373908013        1.0000000000000000     
   5.3846153846153844E-003   8.0769230769230770E-003   1624.8659778815961        1.0000000000000000     
   5.3846153846153844E-003   8.4615384615384613E-003   1624.9957845073752        1.0000000000000000     
   5.3846153846153844E-003   8.8461538461538456E-003   1625.1106798235414        1.0000000000000000     
   5.3846153846153844E-003   9.2307692307692299E-003   1625.2064323475354        1.0000000000000000     
   5.3846153846153844E-003   9.6153846153846159E-003   1625.2800480803980        1.0000000000000000     

   5.7692307692307696E-003   3.8461538461538462E-004   1623.5384740806815        1.0000000000000000     
   5.7692307692307696E-003   7.6923076923076923E-004   1623.7254111681812        1.0000000000000000     
   5.7692307692307696E-003   1.1538461538461537E-003   1623.8693913813754        1.0000000000000000     
   5.7692307692307696E-003   1.5384615384615385E-003   1623.9740010707046        1.0000000000000000     
   5.7692307692307696E-003   1.9230769230769232E-003   1624.0443601419875        1.0000000000000000     
   5.7692307692307696E-003   2.3076923076923075E-003   1624.0868238171417        1.0000000000000000     
   5.7692307692307696E-003   2.6923076923076922E-003   1624.1086140985738        1.0000000000000000     
   5.7692307692307696E-003   3.0769230769230769E-003   1624.1174036148232        1.0000000000000000     
   5.7692307692307696E-003   3.4615384615384616E-003   1624.1208773950707        1.0000000000000000     
   5.7692307692307696E-003   3.8461538461538464E-003   1624.1262993922849        1.0000000000000000     
   5.7692307692307696E-003   4.2307692307692307E-003   1624.1401101736587        1.0000000000000000     
   5.7692307692307696E-003   4.6153846153846149E-003   1624.1675801534620        1.0000000000000000     
   5.7692307692307696E-003   5.0000000000000001E-003   1624.2125391910622        1.0000000000000000     
   5.7692307692307696E-003   5.3846153846153844E-003   1624.2771985420068        1.0000000000000000     
   5.7692307692307696E-003   5.7692307692307696E-003   1624.3620753377600        1.0000000000000000     
   5.7692307692307696E-003   6.1538461538461538E-003   1624.4660233437314        1.0000000000000000     
   5.7692307692307696E-003   6.5384615384615381E-003   1624.5863671057443        1.0000000000000000     
   5.7692307692307696E-003   6.9230769230769233E-003   1624.7191301534203        1.0000000000000000     
   5.7692307692307696E-003   7.3076923076923076E-003   1624.8593420819714        1.0000000000000000     
   5.7692307692307696E-003   7.6923076923076927E-003   1625.0014044394115        1.0000000000000000     
   5.7692307692307696E-003   8.0769230769230770E-003   1625.1394917015164        1.0000000000000000     
   5.7692307692307696E-003   8.4615384615384613E-003   1625.2679614421406        1.0000000000000000     
   5.7692307692307696E-003   8.8461538461538456E-003   1625.3817472354722        1.0000000000000000     
   5.7692307692307696E-003   9.2307692307692299E-003   1625.4767089037070        1.0000000000000000     
   5.7692307692307696E-003   9.6153846153846159E-003   1625.5499174059601        1.0000000000000000     

   6.1538461538461538E-003   3.8461538461538462E-004   1623.9210477353649        1.0000000000000000     
   6.1538461538461538E-003   7.6923076923076923E-004   1624.1086789909245        1.0000000000000000     
   6.1538461538461538E-003   1.1538461538461537E-003   1624.2539472447675        1.0000000000000000     
   6.1538461538461538E-003   1.5384615384615385E-003   1624.3603740652152        1.0000000000000000     
   6.1538461538461538E-003   1.9230769230769232E-003   1624.4329869652950        1.0000000000000000     
   6.1538461538461538E-003   2.3076923076923075E-003   1624.4780266363011        1.0000000000000000     
   6.1538461538461538E-003   2.6923076923076922E-003   1624.5025851775797        1.0000000000000000     
   6.1538461538461538E-003   3.0769230769230769E-003   1624.5141975855749        1.0000000000000000     
   6.1538461538461538E-003   3.4615384615384616E-003   1624.5204115829638        1.0000000000000000     
   6.1538461538461538E-003   3.8461538461538464E-003   1624.5283621175736        1.0000000000000000     
   6.1538461538461538E-003   4.2307692307692307E-003   1624.5443764667255        1.0000000000000000     
   6.1538461538461538E-003   4.6153846153846149E-003   1624.5736338759559        1.0000000000000000     
   6.1538461538461538E-003   5.0000000000000001E-003   1624.6199001726202        1.0000000000000000     
   6.1538461538461538E-003   5.3846153846153844E-003   1624.6853530466019        1.0000000000000000     
   6.1538461538461538E-003   5.7692307692307696E-003   1624.7705079814455        1.0000000000000000     
   6.1538461538461538E-003   6.1538461538461538E-003   1624.8742485063394        1.0000000000000000     
   6.1538461538461538E-003   6.5384615384615381E-003   1624.9939579153859        1.0000000000000000     
   6.1538461538461538E-003   6.9230769230769233E-003   1625.1257432694997        1.0000000000000000     
   6.1538461538461538E-003   7.3076923076923076E-003   1625.2647367491895        1.0000000000000000     
   6.1538461538461538E-003   7.6923076923076927E-003   1625.4054546173611        1.0000000000000000     
   6.1538461538461538E-003   8.0769230769230770E-003   1625.5421904761745        1.0000000000000000     
   6.1538461538461538E-003   8.4615384615384613E-003   1625.6694173821593        1.0000000000000000     
   6.1538461538461538E-003   8.8461538461538456E-003   1625.7821728538888        1.0000000000000000     
   6.1538461538461538E-003   9.2307692307692299E-003   1625.8764019084106        1.0000000000000000     
   6.1538461538461538E-003   9.6153846153846159E-003   1625.9492359438696        1.0000000000000000     

   6.5384615384615381E-003   3.8461538461538462E-004   1624.4085433063856        1.0000000000000000     
   6.5384615384615381E-003   7.6923076923076923E-004   1624.5968473476312        1.0000000000000000     
   6.5384615384615381E-003   1.1538461538461537E-003   1624.7433445908657        1.0000000000000000     
   6.5384615384615381E-003   1.5384615384615385E-003   1624.8514958782982        1.0000000000000000     
   6.5384615384615381E-003   1.9230769230769232E-003   1624.9262421207336        1.0000000000000000     
   6.5384615384615381E-003   2.3076923076923075E-003   1624.9737166675986        1.0000000000000000     
   6.5384615384615381E-003   2.6923076923076922E-003   1625.0008898861477        1.0000000000000000     
   6.5384615384615381E-003   3.0769230769230769E-003   1625.0151678233537        1.0000000000000000     
   6.5384615384615381E-003   3.4615384615384616E-003   1625.0239695927728        1.0000000000000000     
   6.5384615384615381E-003   3.8461538461538464E-003   1625.0343093552895        1.0000000000000000     
   6.5384615384615381E-003   4.2307692307692307E-003   1625.0524083750631        1.0000000000000000     
   6.5384615384615381E-003   4.6153846153846149E-003   1625.0833606594433        1.0000000000000000     
   6.5384615384615381E-003   5.0000000000000001E-003   1625.1308722629960        1.0000000000000000     
   6.5384615384615381E-003   5.3846153846153844E-003   1625.1970896686935        1.0000000000000000     
   6.5384615384615381E-003   5.7692307692307696E-003   1625.2825270477488        1.0000000000000000     
   6.5384615384615381E-003   6.1538461538461538E-003   1625.3860959939097        1.0000000000000000     
   6.5384615384615381E-003   6.5384615384615381E-003   1625.5052349143357        1.0000000000000000     
   6.5384615384615381E-003   6.9230769230769233E-003   1625.6361290351422        1.0000000000000000     
   6.5384615384615381E-003   7.3076923076923076E-003   1625.7740063305091        1.0000000000000000     
   6.5384615384615381E-003   7.6923076923076927E-003   1625.9134899596424        1.0000000000000000     
   6.5384615384615381E-003   8.0769230769230770E-003   1626.0489842891202        1.0000000000000000     
   6.5384615384615381E-003   8.4615384615384613E-003   1626.1750695086830        1.0000000000000000     
   6.5384615384615381E-003   8.8461538461538456E-003   1626.2868793494190        1.0000000000000000     
   6.5384615384615381E-003   9.2307692307692299E-003   1626.3804375230736        1.0000000000000000     
   6.5384615384615381E-003   9.6153846153846159E-003   1626.4529311612700        1.0000000000000000     

   6.9230769230769233E-003   3.8461538461538462E-004   1624.9681824619292        1.0000000000000000     
   6.9230769230769233E-003   7.6923076923076923E-004   1625.1571246046190        1.0000000000000000     
   6.9230769230769233E-003   1.1538461538461537E-003   1625.3047713254243        1.0000000000000000     
   6.9230769230769233E-003   1.5384615384615385E-003   1625.4145275840981        1.0000000000000000     
   6.9230769230769233E-003   1.9230769230769232E-003   1625.4912546012424        1.0000000000000000     
   6.9230769230769233E-003   2.3076923076923075E-003   1625.5409869597486        1.0000000000000000     
   6.9230769230769233E-003   2.6923076923076922E-003   1625.5705830325273        1.0000000000000000     
   6.9230769230769233E-003   3.0769230769230769E-003   1625.5873302508230        1.0000000000000000     
   6.9230769230769233E-003   3.4615384615384616E-003   1625.5985294509564        1.0000000000000000     
   6.9230769230769233E-003   3.8461538461538464E-003   1625.6110837434405        1.0000000000000000     
   6.9230769230769233E-003   4.2307692307692307E-003   1625.6311169663763        1.0000000000000000     
   6.9230769230769233E-003   4.6153846153846149E-003   1625.6636448440304        1.0000000000000000     
   6.9230769230769233E-003   5.0000000000000001E-003   1625.7123185977346        1.0000000000000000     
   6.9230769230769233E-003   5.3846153846153844E-003   1625.7792561641595        1.0000000000000000     
   6.9230769230769233E-003   5.7692307692307696E-003   1625.8649706545389        1.0000000000000000     
   6.9230769230769233E-003   6.1538461538461538E-003   1625.9683995823407        1.0000000000000000     
   6.9230769230769233E-003   6.5384615384615381E-003   1626.0870320763815        1.0000000000000000     
   6.9230769230769233E-003   6.9230769230769233E-003   1626.2171251728632        1.0000000000000000     
   6.9230769230769233E-003   7.3076923076923076E-003   1626.3539947232061        1.0000000000000000     
   6.9230769230769233E-003   7.6923076923076927E-003   1626.4923618099051        1.0000000000000000     
   6.9230769230769233E-003   8.0769230769230770E-003   1626.6267321195269        1.0000000000000000     
   6.9230769230769233E-003   8.4615384615384613E-003   1626.7517836970505        1.0000000000000000     
   6.9230769230769233E-003   8.8461538461538456E-003   1626.8627380295284        1.0000000000000000     
   6.9230769230769233E-003   9.2307692307692299E-003   1626.9556905150857        1.0000000000000000     
   6.9230769230769233E-003   9.6153846153846159E-003   1627.0278790033717        1.0000000000000000     

   7.3076923076923076E-003   3.8461538461538462E-004   1625.5611192815584        1.0000000000000000     
   7.3076923076923076E-003   7.6923076923076923E-004   1625.7506515439270        1.0000000000000000     
   7.3076923076923076E-003   1.1538461538461537E-003   1625.8993487874022        1.0000000000000000     
   7.3076923076923076E-003   1.5384615384615385E-003   1626.0105656166959        1.0000000000000000     
   7.3076923076923076E-003   1.9230769230769232E-003   1626.0890914477211        1.0000000000000000     
   7.3076923076923076E-003   2.3076923076923075E-003   1626.1408718757641        1.0000000000000000     
   7.3076923076923076E-003   2.6923076923076922E-003   1626.1726643771976        1.0000000000000000     
   7.3076923076923076E-003   3.0769230769230769E-003   1626.1916495346741        1.0000000000000000     
   7.3076923076923076E-003   3.4615384615384616E-003   1626.2050216586372        1.0000000000000000     
   7.3076923076923076E-003   3.8461538461538464E-003   1626.2195838653383        1.0000000000000000     
   7.3076923076923076E-003   4.2307692307692307E-003   1626.2413722945657        1.0000000000000000     
   7.3076923076923076E-003   4.6153846153846149E-003   1626.2753322375518        1.0000000000000000     
   7.3076923076923076E-003   5.0000000000000001E-003   1626.3250656213656        1.0000000000000000     
   7.3076923076923076E-003   5.3846153846153844E-003   1626.3926647718313        1.0000000000000000     
   7.3076923076923076E-003   5.7692307692307696E-003   1626.4786419370655        1.0000000000000000     
   7.3076923076923076E-003   6.1538461538461538E-003   1626.5819580383231        1.0000000000000000     
   7.3076923076923076E-003   6.5384615384615381E-003   1626.7001478981942        1.0000000000000000     
   7.3076923076923076E-003   6.9230769230769233E-003   1626.8295331646775        1.0000000000000000     
   7.3076923076923076E-003   7.3076923076923076E-003   1626.9655086777482        1.0000000000000000     
   7.3076923076923076E-003   7.6923076923076927E-003   1627.1028834533477        1.0000000000000000     
   7.3076923076923076E-003   8.0769230769230770E-003   1627.2362540739625        1.0000000000000000     
   7.3076923076923076E-003   8.4615384615384613E-003   1627.3603862885461        1.0000000000000000     
   7.3076923076923076E-003   8.8461538461538456E-003   1627.4705801653822        1.0000000000000000     
   7.3076923076923076E-003   9.2307692307692299E-003   1627.5629952428769        1.0000000000000000     
   7.3076923076923076E-003   9.6153846153846159E-003   1627.6349147210724        1.0000000000000000     

   7.6923076923076927E-003   3.8461538461538462E-004   1626.1448663648112        1.0000000000000000     
   7.6923076923076927E-003   7.6923076923076923E-004   1626.3349278732335        1.0000000000000000     
   7.6923076923076927E-003   1.1538461538461537E-003   1626.4845586373565        1.0000000000000000     
   7.6923076923076927E-003   1.5384615384615385E-003   1626.5970690152574        1.0000000000000000     
   7.6923076923076927E-003   1.9230769230769232E-003   1626.6771853307998        1.0000000000000000     
   7.6923076923076927E-003   2.3076923076923075E-003   1626.7307749932363        1.0000000000000000     
   7.6923076923076927E-003   2.6923076923076922E-003   1626.7645068357911        1.0000000000000000     
   7.6923076923076927E-003   3.0769230769230769E-003   1626.7854675777244        1.0000000000000000     
   7.6923076923076927E-003   3.4615384615384616E-003   1626.8007579615066        1.0000000000000000     
   7.6923076923076927E-003   3.8461538461538464E-003   1626.8170932875742        1.0000000000000000     
   7.6923076923076927E-003   4.2307692307692307E-003   1626.8404326965328        1.0000000000000000     
   7.6923076923076927E-003   4.6153846153846149E-003   1626.8756596607946        1.0000000000000000     
   7.6923076923076927E-003   5.0000000000000001E-003   1626.9263328672014        1.0000000000000000     
   7.6923076923076927E-003   5.3846153846153844E-003   1626.9945222076008        1.0000000000000000     
   7.6923076923076927E-003   5.7692307692307696E-003   1627.0807392265483        1.0000000000000000     
   7.6923076923076927E-003   6.1538461538461538E-003   1627.1839654399666        1.0000000000000000     
   7.6923076923076927E-003   6.5384615384615381E-003   1627.3017758052019        1.0000000000000000     
   7.6923076923076927E-003   6.9230769230769233E-003   1627.4305486728404        1.0000000000000000     
   7.6923076923076927E-003   7.3076923076923076E-003   1627.5657481540209        1.0000000000000000     
   7.6923076923076927E-003   7.6923076923076927E-003   1627.7022603295793        1.0000000000000000     
   7.6923076923076927E-003   8.0769230769230770E-003   1627.8347613917722        1.0000000000000000     
   7.6923076923076927E-003   8.4615384615384613E-003   1627.9580938555237        1.0000000000000000     
   7.6923076923076927E-003   8.8461538461538456E-003   1628.0676265297914        1.0000000000000000     
   7.6923076923076927E-003   9.2307692307692299E-003   1628.1595750324361        1.0000000000000000     
   7.6923076923076927E-003   9.6153846153846159E-003   1628.2312621986073        1.0000000000000000     

   8.0769230769230770E-003   3.8461538461538462E-004   1626.6759856950250        1.0000000000000000     
   8.0769230769230770E-003   7.6923076923076923E-004   1626.8665035085444        1.0000000000000000     
   8.0769230769230770E-003   1.1538461538461537E-003   1627.0169345086795        1.0000000000000000     
   8.0769230769230770E-003   1.5384615384615385E-003   1627.1305513970631        1.0000000000000000     
   8.0769230769230770E-003   1.9230769230769232E-003   1627.2120268040312        1.0000000000000000     
   8.0769230769230770E-003   2.3076923076923075E-003   1627.2671616023747        1.0000000000000000     
   8.0769230769230770E-003   2.6923076923076922E-003   1627.3025491938386        1.0000000000000000     
   8.0769230769230770E-003   3.0769230769230769E-003   1627.3251964296535        1.0000000000000000     
   8.0769230769230770E-003   3.4615384615384616E-003   1627.3421244430788        1.0000000000000000     
   8.0769230769230770E-003   3.8461538461538464E-003   1627.3599738286166        1.0000000000000000     
   8.0769230769230770E-003   4.2307692307692307E-003   1627.3846382337292        1.0000000000000000     
   8.0769230769230770E-003   4.6153846153846149E-003   1627.4209485622230        1.0000000000000000     
   8.0769230769230770E-003   5.0000000000000001E-003   1627.4724267452173        1.0000000000000000     
   8.0769230769230770E-003   5.3846153846153844E-003   1627.5411236221087        1.0000000000000000     
   8.0769230769230770E-003   5.7692307692307696E-003   1627.6275501677246        1.0000000000000000     
   8.0769230769230770E-003   6.1538461538461538E-003   1627.7307054350165        1.0000000000000000     
   8.0769230769230770E-003   6.5384615384615381E-003   1627.8481985204510        1.0000000000000000     
   8.0769230769230770E-003   6.9230769230769233E-003   1627.9764559790763        1.0000000000000000     
   8.0769230769230770E-003   7.3076923076923076E-003   1628.1110007837419        1.0000000000000000     
   8.0769230769230770E-003   7.6923076923076927E-003   1628.2467844705795        1.0000000000000000     
   8.0769230769230770E-003   8.0769230769230770E-003   1628.3785508195349        1.0000000000000000     
   8.0769230769230770E-003   8.4615384615384613E-003   1628.5012074919127        1.0000000000000000     
   8.0769230769230770E-003   8.8461538461538456E-003   1628.6101816102441        1.0000000000000000     
   8.0769230769230770E-003   9.2307692307692299E-003   1628.7017363496234        1.0000000000000000     
   8.0769230769230770E-003   9.6153846153846159E-003   1628.7732281484864        1.0000000000000000     

   8.4615384615384613E-003   3.8461538461538462E-004   1627.1128693832593        1.0000000000000000     
   8.4615384615384613E-003   7.6923076923076923E-004   1627.3037597337275        1.0000000000000000     
   8.4615384615384613E-003   1.1538461538461537E-003   1627.4548435142412        1.0000000000000000     
   8.4615384615384613E-003   1.5384615384615385E-003   1627.5693627480282        1.0000000000000000     
   8.4615384615384613E-003   1.9230769230769232E-003   1627.6519463225609        1.0000000000000000     
   8.4615384615384613E-003   2.3076923076923075E-003   1627.7083409063578        1.0000000000000000     
   8.4615384615384613E-003   2.6923076923076922E-003   1627.7450784527593        1.0000000000000000     
   8.4615384615384613E-003   3.0769230769230769E-003   1627.7691007535809        1.0000000000000000     
   8.4615384615384613E-003   3.4615384615384616E-003   1627.7873640974983        1.0000000000000000     
   8.4615384615384613E-003   3.8461538461538464E-003   1627.8064482331617        1.0000000000000000     
   8.4615384615384613E-003   4.2307692307692307E-003   1627.8321934712676        1.0000000000000000     
   8.4615384615384613E-003   4.6153846153846149E-003   1627.8693879104258        1.0000000000000000     
   8.4615384615384613E-003   5.0000000000000001E-003   1627.9215235588360        1.0000000000000000     
   8.4615384615384613E-003   5.3846153846153844E-003   1627.9906357519390        1.0000000000000000     
   8.4615384615384613E-003   5.7692307692307696E-003   1628.0772350103850        1.0000000000000000     
   8.4615384615384613E-003   6.1538461538461538E-003   1628.1803346717143        1.0000000000000000     
   8.4615384615384613E-003   6.5384615384615381E-003   1628.2975716253206        1.0000000000000000     
   8.4615384615384613E-003   6.9230769230769233E-003   1628.4254116570939        1.0000000000000000     
   8.4615384615384613E-003   7.3076923076923076E-003   1628.5594256301456        1.0000000000000000     
   8.4615384615384613E-003   7.6923076923076927E-003   1628.6946183204141        1.0000000000000000     
   8.4615384615384613E-003   8.0769230769230770E-003   1628.8257884668019        1.0000000000000000     
   8.4615384615384613E-003   8.4615384615384613E-003   1628.9478966902714        1.0000000000000000     
   8.4615384615384613E-003   8.8461538461538456E-003   1629.0564175067448        1.0000000000000000     
   8.4615384615384613E-003   9.2307692307692299E-003   1629.1476527345201        1.0000000000000000     
   8.4615384615384613E-003   9.6153846153846159E-003   1629.2189861123318        1.0000000000000000     

   8.8461538461538456E-003   3.8461538461538462E-004   1627.4184257874272        1.0000000000000000     
   8.8461538461538456E-003   7.6923076923076923E-004   1627.6095957099978        1.0000000000000000     
   8.8461538461538456E-003   1.1538461538461537E-003   1627.7611730694796        1.0000000000000000     
   8.8461538461538456E-003   1.5384615384615385E-003   1627.8763764887194        1.0000000000000000     
   8.8461538461538456E-003   1.9230769230769232E-003   1627.9598014900341        1.0000000000000000     
   8.8461538461538456E-003   2.3076923076923075E-003   1628.0171533978414        1.0000000000000000     
   8.8461538461538456E-003   2.6923076923076922E-003   1628.0549172967928        1.0000000000000000     
   8.8461538461538456E-003   3.0769230769230769E-003   1628.0799853569092        1.0000000000000000     
   8.8461538461538456E-003   3.4615384615384616E-003   1628.0992644102721        1.0000000000000000     
   8.8461538461538456E-003   3.8461538461538464E-003   1628.1192878001900        1.0000000000000000     
   8.8461538461538456E-003   4.2307692307692307E-003   1628.1458551603118        1.0000000000000000     
   8.8461538461538456E-003   4.6153846153846149E-003   1628.1837219449465        1.0000000000000000     
   8.8461538461538456E-003   5.0000000000000001E-003   1628.2363573423318        1.0000000000000000     
   8.8461538461538456E-003   5.3846153846153844E-003   1628.3057848625203        1.0000000000000000     
   8.8461538461538456E-003   5.7692307692307696E-003   1628.3925146742608        1.0000000000000000     
   8.8461538461538456E-003   6.1538461538461538E-003   1628.4955709970952        1.0000000000000000     
   8.8461538461538456E-003   6.5384615384615381E-003   1628.6126118956315        1.0000000000000000     
   8.8461538461538456E-003   6.9230769230769233E-003   1628.7401330433931        1.0000000000000000     
   8.8461538461538456E-003   7.3076923076923076E-003   1628.8737417837626        1.0000000000000000     
   8.8461538461538456E-003   7.6923076923076927E-003   1629.0084834419549        1.0000000000000000     
   8.8461538461538456E-003   8.0769230769230770E-003   1629.1391986089052        1.0000000000000000     
   8.8461538461538456E-003   8.4615384615384613E-003   1629.2608882287200        1.0000000000000000     
   8.8461538461538456E-003   8.8461538461538456E-003   1629.3690628969912        1.0000000000000000     
   8.8461538461538456E-003   9.2307692307692299E-003   1629.4600538465534        1.0000000000000000     
   8.8461538461538456E-003   9.6153846153846159E-003   1629.5312655945856        1.0000000000000000     

   9.2307692307692299E-003   3.8461538461538462E-004   1627.5624898797773        1.0000000000000000     
   9.2307692307692299E-003   7.6923076923076923E-004   1627.7538391869177        1.0000000000000000     
   9.2307692307692299E-003   1.1538461538461537E-003   1627.9057418715727        1.0000000000000000     
   9.2307692307692299E-003   1.5384615384615385E-003   1628.0214006524386        1.0000000000000000     
   9.2307692307692299E-003   1.9230769230769232E-003   1628.1053883749967        1.0000000000000000     
   9.2307692307692299E-003   2.3076923076923075E-003   1628.1633822637446        1.0000000000000000     
   9.2307692307692299E-003   2.6923076923076922E-003   1628.2018355483137        1.0000000000000000     
   9.2307692307692299E-003   3.0769230769230769E-003   1628.2276066720437        1.0000000000000000     
   9.2307692307692299E-003   3.4615384615384616E-003   1628.2475688518150        1.0000000000000000     
   9.2307692307692299E-003   3.8461538461538464E-003   1628.2682238883217        1.0000000000000000     
   9.2307692307692299E-003   4.2307692307692307E-003   1628.2953437640804        1.0000000000000000     
   9.2307692307692299E-003   4.6153846153846149E-003   1628.3336617392906        1.0000000000000000     
   9.2307692307692299E-003   5.0000000000000001E-003   1628.3866314819350        1.0000000000000000     
   9.2307692307692299E-003   5.3846153846153844E-003   1628.4562684501086        1.0000000000000000     
   9.2307692307692299E-003   5.7692307692307696E-003   1628.5430825534556        1.0000000000000000     
   9.2307692307692299E-003   6.1538461538461538E-003   1628.6461053816192        1.0000000000000000     
   9.2307692307692299E-003   6.5384615384615381E-003   1628.7630093585913        1.0000000000000000     
   9.2307692307692299E-003   6.9230769230769233E-003   1628.8903104320577        1.0000000000000000     
   9.2307692307692299E-003   7.3076923076923076E-003   1629.0236406941222        1.0000000000000000     
   9.2307692307692299E-003   7.6923076923076927E-003   1629.1580729794177        1.0000000000000000     
   9.2307692307692299E-003   8.0769230769230770E-003   1629.2884762710557        1.0000000000000000     
   9.2307692307692299E-003   8.4615384615384613E-003   1629.4098788665315        1.0000000000000000     
   9.2307692307692299E-003   8.8461538461538456E-003   1629.5178158346528        1.0000000000000000     
   9.2307692307692299E-003   9.2307692307692299E-003   1629.6086383592103        1.0000000000000000     
   9.2307692307692299E-003   9.6153846153846159E-003   1629.6797650500432        1.0000000000000000     

   9.6153846153846159E-003   3.8461538461538462E-004   1627.5237932881191        1.0000000000000000     
   9.6153846153846159E-003   7.6923076923076923E-004   1627.7152168206303        1.0000000000000000     
   9.6153846153846159E-003   1.1538461538461537E-003   1627.8672704295223        1.0000000000000000     
   9.6153846153846159E-003   1.5384615384615385E-003   1627.9831485672855        1.0000000000000000     
   9.6153846153846159E-003   1.9230769230769232E-003   1628.0674122926273        1.0000000000000000     
   9.6153846153846159E-003   2.3076923076923075E-003   1628.1257242237116        1.0000000000000000     
   9.6153846153846159E-003   2.6923076923076922E-003   1628.1645210306276        1.0000000000000000     
   9.6153846153846159E-003   3.0769230769230769E-003   1628.1906436222614        1.0000000000000000     
   9.6153846153846159E-003   3.4615384615384616E-003   1628.2109477361482        1.0000000000000000     
   9.6153846153846159E-003   3.8461538461538464E-003   1628.2319187672815        1.0000000000000000     
   9.6153846153846159E-003   4.2307692307692307E-003   1628.2593143107993        1.0000000000000000     
   9.6153846153846159E-003   4.6153846153846149E-003   1628.2978560708871        1.0000000000000000     
   9.6153846153846159E-003   5.0000000000000001E-003   1628.3509896227906        1.0000000000000000     
   9.6153846153846159E-003   5.3846153846153844E-003   1628.4207262076907        1.0000000000000000     
   9.6153846153846159E-003   5.7692307692307696E-003   1628.5075755627311        1.0000000000000000     
   9.6153846153846159E-003   6.1538461538461538E-003   1628.6105730645488        1.0000000000000000     
   9.6153846153846159E-003   6.5384615384615381E-003   1628.7273985515667        1.0000000000000000     
   9.6153846153846159E-003   6.9230769230769233E-003   1628.8545784558000        1.0000000000000000     
   9.6153846153846159E-003   7.3076923076923076E-003   1628.9877576764070        1.0000000000000000     
   9.6153846153846159E-003   7.6923076923076927E-003   1629.1220232888404        1.0000000000000000     
   9.6153846153846159E-003   8.0769230769230770E-003   1629.2522589769512        1.0000000000000000     
   9.6153846153846159E-003   8.4615384615384613E-003   1629.3735072026982        1.0000000000000000     
   9.6153846153846159E-003   8.8461538461538456E-003   1629.4813157086560        1.0000000000000000     
   9.6153846153846159E-003   9.2307692307692299E-003   1629.5720460107766        1.0000000000000000     
   9.6153846153846159E-003   9.6153846153846159E-003   1629.6431240172665        1.0000000000000000     

