   3.8461538461538462E-004   3.8461538461538462E-004   1625.9779582108304        1.0000000000000000     
   3.8461538461538462E-004   7.6923076923076923E-004   1626.1666099434544        1.0000000000000000     
   3.8461538461538462E-004   1.1538461538461537E-003   1626.3134851307566        1.0000000000000000     
   3.8461538461538462E-004   1.5384615384615385E-003   1626.4219639437429        1.0000000000000000     
   3.8461538461538462E-004   1.9230769230769232E-003   1626.4968757210452        1.0000000000000000     
   3.8461538461538462E-004   2.3076923076923075E-003   1626.5442220192153        1.0000000000000000     
   3.8461538461538462E-004   2.6923076923076922E-003   1626.5708343113981        1.0000000000000000     
   3.8461538461538462E-004   3.0769230769230769E-003   1626.5839873873829        1.0000000000000000     
   3.8461538461538462E-004   3.4615384615384616E-003   1626.5909921799287        1.0000000000000000     
   3.8461538461538462E-004   3.8461538461538464E-003   1626.5987929602857        1.0000000000000000     
   3.8461538461538462E-004   4.2307692307692307E-003   1626.6135935260841        1.0000000000000000     
   3.8461538461538462E-004   4.6153846153846149E-003   1626.6405351811561        1.0000000000000000     
   3.8461538461538462E-004   5.0000000000000001E-003   1626.6834461144774        1.0000000000000000     
   3.8461538461538462E-004   5.3846153846153844E-003   1626.7446774598116        1.0000000000000000     
   3.8461538461538462E-004   5.7692307692307696E-003   1626.8250361939317        1.0000000000000000     
   3.8461538461538462E-004   6.1538461538461538E-003   1626.9238195576934        1.0000000000000000     
   3.8461538461538462E-004   6.5384615384615381E-003   1627.0389504710379        1.0000000000000000     
   3.8461538461538462E-004   6.9230769230769233E-003   1627.1672093910681        1.0000000000000000     
   3.8461538461538462E-004   7.3076923076923076E-003   1627.3045569524395        1.0000000000000000     
   3.8461538461538462E-004   7.6923076923076927E-003   1627.4465474716042        1.0000000000000000     
   3.8461538461538462E-004   8.0769230769230770E-003   1627.5888567509780        1.0000000000000000     
   3.8461538461538462E-004   8.4615384615384613E-003   1627.7280219955787        1.0000000000000000     
   3.8461538461538462E-004   8.8461538461538456E-003   1627.8627313925049        1.0000000000000000     
   3.8461538461538462E-004   9.2307692307692299E-003   1627.9968295290130        1.0000000000000000     
   3.8461538461538462E-004   9.6153846153846159E-003   1628.1482984904696        1.0000000000000000     

   7.6923076923076923E-004   3.8461538461538462E-004   1626.0694513607807        1.0000000000000000     
   7.6923076923076923E-004   7.6923076923076923E-004   1626.2581842644022        1.0000000000000000     
   7.6923076923076923E-004   1.1538461538461537E-003   1626.4052023338922        1.0000000000000000     
   7.6923076923076923E-004   1.5384615384615385E-003   1626.5138789349789        1.0000000000000000     
   7.6923076923076923E-004   1.9230769230769232E-003   1626.5890336661687        1.0000000000000000     
   7.6923076923076923E-004   2.3076923076923075E-003   1626.6366559399091        1.0000000000000000     
   7.6923076923076923E-004   2.6923076923076922E-003   1626.6635633318344        1.0000000000000000     
   7.6923076923076923E-004   3.0769230769230769E-003   1626.6770157037263        1.0000000000000000     
   7.6923076923076923E-004   3.4615384615384616E-003   1626.6843087701120        1.0000000000000000     
   7.6923076923076923E-004   3.8461538461538464E-003   1626.6923719891931        1.0000000000000000     
   7.6923076923076923E-004   4.2307692307692307E-003   1626.7073953314223        1.0000000000000000     
   7.6923076923076923E-004   4.6153846153846149E-003   1626.7345076442689        1.0000000000000000     
   7.6923076923076923E-004   5.0000000000000001E-003   1626.7775261181907        1.0000000000000000     
   7.6923076923076923E-004   5.3846153846153844E-003   1626.8387919883851        1.0000000000000000     
   7.6923076923076923E-004   5.7692307692307696E-003   1626.9191023842452        1.0000000000000000     
   7.6923076923076923E-004   6.1538461538461538E-003   1627.0177425400880        1.0000000000000000     
   7.6923076923076923E-004   6.5384615384615381E-003   1627.1326168353544        1.0000000000000000     
   7.6923076923076923E-004   6.9230769230769233E-003   1627.2604717770976        1.0000000000000000     
   7.6923076923076923E-004   7.3076923076923076E-003   1627.3971993391133        1.0000000000000000     
   7.6923076923076923E-004   7.6923076923076927E-003   1627.5382043491422        1.0000000000000000     
   7.6923076923076923E-004   8.0769230769230770E-003   1627.6788097801275        1.0000000000000000     
   7.6923076923076923E-004   8.4615384615384613E-003   1627.8146339711548        1.0000000000000000     
   7.6923076923076923E-004   8.8461538461538456E-003   1627.9416900593405        1.0000000000000000     
   7.6923076923076923E-004   9.2307692307692299E-003   1628.0551103706575        1.0000000000000000     
   7.6923076923076923E-004   9.6153846153846159E-003   1628.1414827911592        1.0000000000000000     

   1.1538461538461537E-003   3.8461538461538462E-004   1626.0280360068466        1.0000000000000000     
   1.1538461538461537E-003   7.6923076923076923E-004   1626.2168981846826        1.0000000000000000     
   1.1538461538461537E-003   1.1538461538461537E-003   1626.3641748880461        1.0000000000000000     
   1.1538461538461537E-003   1.5384615384615385E-003   1626.4732254363478        1.0000000000000000     
   1.1538461538461537E-003   1.9230769230769232E-003   1626.5488493279863        1.0000000000000000     
   1.1538461538461537E-003   2.3076923076923075E-003   1626.5970109227660        1.0000000000000000     
   1.1538461538461537E-003   2.6923076923076922E-003   1626.6244991422477        1.0000000000000000     
   1.1538461538461537E-003   3.0769230769230769E-003   1626.6385430972528        1.0000000000000000     
   1.1538461538461537E-003   3.4615384615384616E-003   1626.6464072012823        1.0000000000000000     
   1.1538461538461537E-003   3.8461538461538464E-003   1626.6549905262909        1.0000000000000000     
   1.1538461538461537E-003   4.2307692307692307E-003   1626.6704548177538        1.0000000000000000     
   1.1538461538461537E-003   4.6153846153846149E-003   1626.6979037352567        1.0000000000000000     
   1.1538461538461537E-003   5.0000000000000001E-003   1626.7411326428510        1.0000000000000000     
   1.1538461538461537E-003   5.3846153846153844E-003   1626.8024638436189        1.0000000000000000     
   1.1538461538461537E-003   5.7692307692307696E-003   1626.8826768042177        1.0000000000000000     
   1.1538461538461537E-003   6.1538461538461538E-003   1626.9810369485576        1.0000000000000000     
   1.1538461538461537E-003   6.5384615384615381E-003   1627.0954202844071        1.0000000000000000     
   1.1538461538461537E-003   6.9230769230769233E-003   1627.2225245575783        1.0000000000000000     
   1.1538461538461537E-003   7.3076923076923076E-003   1627.3581503743662        1.0000000000000000     
   1.1538461538461537E-003   7.6923076923076927E-003   1627.4975259270336        1.0000000000000000     
   1.1538461538461537E-003   8.0769230769230770E-003   1627.6356310331207        1.0000000000000000     
   1.1538461538461537E-003   8.4615384615384613E-003   1627.7674362141652        1.0000000000000000     
   1.1538461538461537E-003   8.8461538461538456E-003   1627.8878852397199        1.0000000000000000     
   1.1538461538461537E-003   9.2307692307692299E-003   1627.9913303028770        1.0000000000000000     
   1.1538461538461537E-003   9.6153846153846159E-003   1628.0705236112321        1.0000000000000000     

   1.5384615384615385E-003   3.8461538461538462E-004   1625.8687896639706        1.0000000000000000     
   1.5384615384615385E-003   7.6923076923076923E-004   1626.0578289825071        1.0000000000000000     
   1.5384615384615385E-003   1.1538461538461537E-003   1626.2054771155504        1.0000000000000000     
   1.5384615384615385E-003   1.5384615384615385E-003   1626.3150724024827        1.0000000000000000     
   1.5384615384615385E-003   1.9230769230769232E-003   1626.3913843256332        1.0000000000000000     
   1.5384615384615385E-003   2.3076923076923075E-003   1626.4403398460422        1.0000000000000000     
   1.5384615384615385E-003   2.6923076923076922E-003   1626.4686851347444        1.0000000000000000     
   1.5384615384615385E-003   3.0769230769230769E-003   1626.4836034669484        1.0000000000000000     
   1.5384615384615385E-003   3.4615384615384616E-003   1626.4923126756796        1.0000000000000000     
   1.5384615384615385E-003   3.8461538461538464E-003   1626.5016667426885        1.0000000000000000     
   1.5384615384615385E-003   4.2307692307692307E-003   1626.5177857526260        1.0000000000000000     
   1.5384615384615385E-003   4.6153846153846149E-003   1626.5457365737464        1.0000000000000000     
   1.5384615384615385E-003   5.0000000000000001E-003   1626.5892833671805        1.0000000000000000     
   1.5384615384615385E-003   5.3846153846153844E-003   1626.6507225580422        1.0000000000000000     
   1.5384615384615385E-003   5.7692307692307696E-003   1626.7308114729501        1.0000000000000000     
   1.5384615384615385E-003   6.1538461538461538E-003   1626.8287937284197        1.0000000000000000     
   1.5384615384615385E-003   6.5384615384615381E-003   1626.9425178705651        1.0000000000000000     
   1.5384615384615385E-003   6.9230769230769233E-003   1627.0686388000020        1.0000000000000000     
   1.5384615384615385E-003   7.3076923076923076E-003   1627.2028839233071        1.0000000000000000     
   1.5384615384615385E-003   7.6923076923076927E-003   1627.3403569428594        1.0000000000000000     
   1.5384615384615385E-003   8.0769230769230770E-003   1627.4758403463040        1.0000000000000000     
   1.5384615384615385E-003   8.4615384615384613E-003   1627.6040429019627        1.0000000000000000     
   1.5384615384615385E-003   8.8461538461538456E-003   1627.7197322966101        1.0000000000000000     
   1.5384615384615385E-003   9.2307692307692299E-003   1627.8177561732480        1.0000000000000000     
   1.5384615384615385E-003   9.6153846153846159E-003   1627.8932801899598        1.0000000000000000     

   1.9230769230769232E-003   3.8461538461538462E-004   1625.6131838604003        1.0000000000000000     
   1.9230769230769232E-003   7.6923076923076923E-004   1625.8024477267020        1.0000000000000000     
   1.9230769230769232E-003   1.1538461538461537E-003   1625.9505756364201        1.0000000000000000     
   1.9230769230769232E-003   1.5384615384615385E-003   1626.0608784626991        1.0000000000000000     
   1.9230769230769232E-003   1.9230769230769232E-003   1626.1380864014477        1.0000000000000000     
   1.9230769230769232E-003   2.3076923076923075E-003   1626.1880774845768        1.0000000000000000     
   1.9230769230769232E-003   2.6923076923076922E-003   1626.2175419896093        1.0000000000000000     
   1.9230769230769232E-003   3.0769230769230769E-003   1626.2336033304928        1.0000000000000000     
   1.9230769230769232E-003   3.4615384615384616E-003   1626.2434186190621        1.0000000000000000     
   1.9230769230769232E-003   3.8461538461538464E-003   1626.2537832505186        1.0000000000000000     
   1.9230769230769232E-003   4.2307692307692307E-003   1626.2707635057363        1.0000000000000000     
   1.9230769230769232E-003   4.6153846153846149E-003   1626.2993792986279        1.0000000000000000     
   1.9230769230769232E-003   5.0000000000000001E-003   1626.3433559367361        1.0000000000000000     
   1.9230769230769232E-003   5.3846153846153844E-003   1626.4049592945107        1.0000000000000000     
   1.9230769230769232E-003   5.7692307692307696E-003   1626.4849233662333        1.0000000000000000     
   1.9230769230769232E-003   6.1538461538461538E-003   1626.5824730447544        1.0000000000000000     
   1.9230769230769232E-003   6.5384615384615381E-003   1626.6954384317467        1.0000000000000000     
   1.9230769230769232E-003   6.9230769230769233E-003   1626.8204502468786        1.0000000000000000     
   1.9230769230769232E-003   7.3076923076923076E-003   1626.9531991299796        1.0000000000000000     
   1.9230769230769232E-003   7.6923076923076927E-003   1627.0887350523722        1.0000000000000000     
   1.9230769230769232E-003   8.0769230769230770E-003   1627.2217775752508        1.0000000000000000     
   1.9230769230769232E-003   8.4615384615384613E-003   1627.3470068071485        1.0000000000000000     
   1.9230769230769232E-003   8.8461538461538456E-003   1627.4593191953043        1.0000000000000000     
   1.9230769230769232E-003   9.2307692307692299E-003   1627.5540847596999        1.0000000000000000     
   1.9230769230769232E-003   9.6153846153846159E-003   1627.6275506672141        1.0000000000000000     

   2.3076923076923075E-003   3.8461538461538462E-004   1625.2877694672211        1.0000000000000000     
   2.3076923076923075E-003   7.6923076923076923E-004   1625.4773044947767        1.0000000000000000     
   2.3076923076923075E-003   1.1538461538461537E-003   1625.6260145857882        1.0000000000000000     
   2.3076923076923075E-003   1.5384615384615385E-003   1625.7371772330243        1.0000000000000000     
   2.3076923076923075E-003   1.9230769230769232E-003   1625.8154748994937        1.0000000000000000     
   2.3076923076923075E-003   2.3076923076923075E-003   1625.8667261954627        1.0000000000000000     
   2.3076923076923075E-003   2.6923076923076922E-003   1625.8975535689563        1.0000000000000000     
   2.3076923076923075E-003   3.0769230769230769E-003   1625.9150078763307        1.0000000000000000     
   2.3076923076923075E-003   3.4615384615384616E-003   1625.9261727767596        1.0000000000000000     
   2.3076923076923075E-003   3.8461538461538464E-003   1625.9377730413303        1.0000000000000000     
   2.3076923076923075E-003   4.2307692307692307E-003   1625.9558105039309        1.0000000000000000     
   2.3076923076923075E-003   4.6153846153846149E-003   1625.9852495268501        1.0000000000000000     
   2.3076923076923075E-003   5.0000000000000001E-003   1626.0297706177905        1.0000000000000000     
   2.3076923076923075E-003   5.3846153846153844E-003   1626.0916064051105        1.0000000000000000     
   2.3076923076923075E-003   5.7692307692307696E-003   1626.1714688072075        1.0000000000000000     
   2.3076923076923075E-003   6.1538461538461538E-003   1626.2685702186025        1.0000000000000000     
   2.3076923076923075E-003   6.5384615384615381E-003   1626.3807352057195        1.0000000000000000     
   2.3076923076923075E-003   6.9230769230769233E-003   1626.5045929105950        1.0000000000000000     
   2.3076923076923075E-003   7.3076923076923076E-003   1626.6358345195140        1.0000000000000000     
   2.3076923076923075E-003   7.6923076923076927E-003   1626.7695154102687        1.0000000000000000     
   2.3076923076923075E-003   8.0769230769230770E-003   1626.9003792061210        1.0000000000000000     
   2.3076923076923075E-003   8.4615384615384613E-003   1627.0231834959934        1.0000000000000000     
   2.3076923076923075E-003   8.8461538461538456E-003   1627.1330187200620        1.0000000000000000     
   2.3076923076923075E-003   9.2307692307692299E-003   1627.2256358480770        1.0000000000000000     
   2.3076923076923075E-003   9.6153846153846159E-003   1627.2978222638692        1.0000000000000000     

   2.6923076923076922E-003   3.8461538461538462E-004   1624.9225441363592        1.0000000000000000     
   2.6923076923076922E-003   7.6923076923076923E-004   1625.1123956768565        1.0000000000000000     
   2.6923076923076922E-003   1.1538461538461537E-003   1625.2617829259611        1.0000000000000000     
   2.6923076923076922E-003   1.5384615384615385E-003   1625.3739447596690        1.0000000000000000     
   2.6923076923076922E-003   1.9230769230769232E-003   1625.4535084358251        1.0000000000000000     
   2.6923076923076922E-003   2.3076923076923075E-003   1625.5062238737767        1.0000000000000000     
   2.6923076923076922E-003   2.6923076923076922E-003   1625.5386351709815        1.0000000000000000     
   2.6923076923076922E-003   3.0769230769230769E-003   1625.5577094744181        1.0000000000000000     
   2.6923076923076922E-003   3.4615384615384616E-003   1625.5704458721611        1.0000000000000000     
   2.6923076923076922E-003   3.8461538461538464E-003   1625.5834881014439        1.0000000000000000     
   2.6923076923076922E-003   4.2307692307692307E-003   1625.6027645083850        1.0000000000000000     
   2.6923076923076922E-003   4.6153846153846149E-003   1625.6331768617142        1.0000000000000000     
   2.6923076923076922E-003   5.0000000000000001E-003   1625.6783564285975        1.0000000000000000     
   2.6923076923076922E-003   5.3846153846153844E-003   1625.7405013571331        1.0000000000000000     
   2.6923076923076922E-003   5.7692307692307696E-003   1625.8203041387874        1.0000000000000000     
   2.6923076923076922E-003   6.1538461538461538E-003   1625.9169720636376        1.0000000000000000     
   2.6923076923076922E-003   6.5384615384615381E-003   1626.0283374958315        1.0000000000000000     
   2.6923076923076922E-003   6.9230769230769233E-003   1626.1510488999845        1.0000000000000000     
   2.6923076923076922E-003   7.3076923076923076E-003   1626.2808283342204        1.0000000000000000     
   2.6923076923076922E-003   7.6923076923076927E-003   1626.4127772405823        1.0000000000000000     
   2.6923076923076922E-003   8.0769230769230770E-003   1626.5417107209826        1.0000000000000000     
   2.6923076923076922E-003   8.4615384615384613E-003   1626.6625022670753        1.0000000000000000     
   2.6923076923076922E-003   8.8461538461538456E-003   1626.7704269555047        1.0000000000000000     
   2.6923076923076922E-003   9.2307692307692299E-003   1626.8614995619246        1.0000000000000000     
   2.6923076923076922E-003   9.6153846153846159E-003   1626.9328053179891        1.0000000000000000     

   3.0769230769230769E-003   3.8461538461538462E-004   1624.5490975515449        1.0000000000000000     
   3.0769230769230769E-003   7.6923076923076923E-004   1624.7393090807859        1.0000000000000000     
   3.0769230769230769E-003   1.1538461538461537E-003   1624.8894595738291        1.0000000000000000     
   3.0769230769230769E-003   1.5384615384615385E-003   1625.0027448160358        1.0000000000000000     
   3.0769230769230769E-003   1.9230769230769232E-003   1625.0837304817662        1.0000000000000000     
   3.0769230769230769E-003   2.3076923076923075E-003   1625.1380898993289        1.0000000000000000     
   3.0769230769230769E-003   2.6923076923076922E-003   1625.1722798699748        1.0000000000000000     
   3.0769230769230769E-003   3.0769230769230769E-003   1625.1931743845573        1.0000000000000000     
   3.0769230769230769E-003   3.4615384615384616E-003   1625.2076785971340        1.0000000000000000     
   3.0769230769230769E-003   3.8461538461538464E-003   1625.2223465307836        1.0000000000000000     
   3.0769230769230769E-003   4.2307692307692307E-003   1625.2430256361361        1.0000000000000000     
   3.0769230769230769E-003   4.6153846153846149E-003   1625.2745495195211        1.0000000000000000     
   3.0769230769230769E-003   5.0000000000000001E-003   1625.3204970168915        1.0000000000000000     
   3.0769230769230769E-003   5.3846153846153844E-003   1625.3830315065809        1.0000000000000000     
   3.0769230769230769E-003   5.7692307692307696E-003   1625.4628291955873        1.0000000000000000     
   3.0769230769230769E-003   6.1538461538461538E-003   1625.5590994082688        1.0000000000000000     
   3.0769230769230769E-003   6.5384615384615381E-003   1625.6696940300851        1.0000000000000000     
   3.0769230769230769E-003   6.9230769230769233E-003   1625.7912976345235        1.0000000000000000     
   3.0769230769230769E-003   7.3076923076923076E-003   1625.9196849180112        1.0000000000000000     
   3.0769230769230769E-003   7.6923076923076927E-003   1626.0500284073476        1.0000000000000000     
   3.0769230769230769E-003   8.0769230769230770E-003   1626.1772375308412        1.0000000000000000     
   3.0769230769230769E-003   8.4615384615384613E-003   1626.2963104544490        1.0000000000000000     
   3.0769230769230769E-003   8.8461538461538456E-003   1626.4026823213367        1.0000000000000000     
   3.0769230769230769E-003   9.2307692307692299E-003   1626.4925557914528        1.0000000000000000     
   3.0769230769230769E-003   9.6153846153846159E-003   1626.5631976525262        1.0000000000000000     

   3.4615384615384616E-003   3.8461538461538462E-004   1624.1986444963109        1.0000000000000000     
   3.4615384615384616E-003   7.6923076923076923E-004   1624.3892568546544        1.0000000000000000     
   3.4615384615384616E-003   1.1538461538461537E-003   1624.5402463656687        1.0000000000000000     
   3.4615384615384616E-003   1.5384615384615385E-003   1624.6547620756369        1.0000000000000000     
   3.4615384615384616E-003   1.9230769230769232E-003   1624.7373028792531        1.0000000000000000     
   3.4615384615384616E-003   2.3076923076923075E-003   1624.7934590888099        1.0000000000000000     
   3.4615384615384616E-003   2.6923076923076922E-003   1624.8295929530502        1.0000000000000000     
   3.4615384615384616E-003   3.0769230769230769E-003   1624.8524776744075        1.0000000000000000     
   3.4615384615384616E-003   3.4615384615384616E-003   1624.8689169551672        1.0000000000000000     
   3.4615384615384616E-003   3.8461538461538464E-003   1624.8853682043830        1.0000000000000000     
   3.4615384615384616E-003   4.2307692307692307E-003   1624.9075921913773        1.0000000000000000     
   3.4615384615384616E-003   4.6153846153846149E-003   1624.9403501615732        1.0000000000000000     
   3.4615384615384616E-003   5.0000000000000001E-003   1624.9871663484698        1.0000000000000000     
   3.4615384615384616E-003   5.3846153846153844E-003   1625.0501696171355        1.0000000000000000     
   3.4615384615384616E-003   5.7692307692307696E-003   1625.1300229273263        1.0000000000000000     
   3.4615384615384616E-003   6.1538461538461538E-003   1625.2259437358639        1.0000000000000000     
   3.4615384615384616E-003   6.5384615384615381E-003   1625.3358127409904        1.0000000000000000     
   3.4615384615384616E-003   6.9230769230769233E-003   1625.4563629106242        1.0000000000000000     
   3.4615384615384616E-003   7.3076923076923076E-003   1625.5834359506907        1.0000000000000000     
   3.4615384615384616E-003   7.6923076923076927E-003   1625.7122896645426        1.0000000000000000     
   3.4615384615384616E-003   8.0769230769230770E-003   1625.8379373566108        1.0000000000000000     
   3.4615384615384616E-003   8.4615384615384613E-003   1625.9554996492352        1.0000000000000000     
   3.4615384615384616E-003   8.8461538461538456E-003   1626.0605494455715        1.0000000000000000     
   3.4615384615384616E-003   9.2307692307692299E-003   1626.1494311839097        1.0000000000000000     
   3.4615384615384616E-003   9.6153846153846159E-003   1626.2195343580886        1.0000000000000000     

   3.8461538461538464E-003   3.8461538461538462E-004   1623.9000640962558        1.0000000000000000     
   3.8461538461538464E-003   7.6923076923076923E-004   1624.0911145967275        1.0000000000000000     
   3.8461538461538464E-003   1.1538461538461537E-003   1624.2430072344077        1.0000000000000000     
   3.8461538461538464E-003   1.5384615384615385E-003   1624.3588415346535        1.0000000000000000     
   3.8461538461538464E-003   1.9230769230769232E-003   1624.4430456554437        1.0000000000000000     
   3.8461538461538464E-003   2.3076923076923075E-003   1624.5011220104077        1.0000000000000000     
   3.8461538461538464E-003   2.6923076923076922E-003   1624.5393327987040        1.0000000000000000     
   3.8461538461538464E-003   3.0769230769230769E-003   1624.5643446797283        1.0000000000000000     
   3.8461538461538464E-003   3.4615384615384616E-003   1624.5828542767404        1.0000000000000000     
   3.8461538461538464E-003   3.8461538461538464E-003   1624.6012172796302        1.0000000000000000     
   3.8461538461538464E-003   4.2307692307692307E-003   1624.6251035807798        1.0000000000000000     
   3.8461538461538464E-003   4.6153846153846149E-003   1624.6591991428770        1.0000000000000000     
   3.8461538461538464E-003   5.0000000000000001E-003   1624.7069722755671        1.0000000000000000     
   3.8461538461538464E-003   5.3846153846153844E-003   1624.7705178825811        1.0000000000000000     
   3.8461538461538464E-003   5.7692307692307696E-003   1624.8504882972086        1.0000000000000000     
   3.8461538461538464E-003   6.1538461538461538E-003   1624.9461138730803        1.0000000000000000     
   3.8461538461538464E-003   6.5384615384615381E-003   1625.0553109004502        1.0000000000000000     
   3.8461538461538464E-003   6.9230769230769233E-003   1625.1748690561956        1.0000000000000000     
   3.8461538461538464E-003   7.3076923076923076E-003   1625.3007058439491        1.0000000000000000     
   3.8461538461538464E-003   7.6923076923076927E-003   1625.4281716726671        1.0000000000000000     
   3.8461538461538464E-003   8.0769230769230770E-003   1625.5523865926932        1.0000000000000000     
   3.8461538461538464E-003   8.4615384615384613E-003   1625.6685883121343        1.0000000000000000     
   3.8461538461538464E-003   8.8461538461538456E-003   1625.7724707338095        1.0000000000000000     
   3.8461538461538464E-003   9.2307692307692299E-003   1625.8604923851426        1.0000000000000000     
   3.8461538461538464E-003   9.6153846153846159E-003   1625.9301342597396        1.0000000000000000     

   4.2307692307692307E-003   3.8461538461538462E-004   1623.6780652877912        1.0000000000000000     
   4.2307692307692307E-003   7.6923076923076923E-004   1623.8695867173899        1.0000000000000000     
   4.2307692307692307E-003   1.1538461538461537E-003   1624.0224336683771        1.0000000000000000     
   4.2307692307692307E-003   1.5384615384615385E-003   1624.1396542500886        1.0000000000000000     
   4.2307692307692307E-003   1.9230769230769232E-003   1624.2256031931295        1.0000000000000000     
   4.2307692307692307E-003   2.3076923076923075E-003   1624.2856917028168        1.0000000000000000     
   4.2307692307692307E-003   2.6923076923076922E-003   1624.3260782201282        1.0000000000000000     
   4.2307692307692307E-003   3.0769230769230769E-003   1624.3533190065439        1.0000000000000000     
   4.2307692307692307E-003   3.4615384615384616E-003   1624.3739998776366        1.0000000000000000     
   4.2307692307692307E-003   3.8461538461538464E-003   1624.3943714806016        1.0000000000000000     
   4.2307692307692307E-003   4.2307692307692307E-003   1624.4200101841693        1.0000000000000000     
   4.2307692307692307E-003   4.6153846153846149E-003   1624.4555249489565        1.0000000000000000     
   4.2307692307692307E-003   5.0000000000000001E-003   1624.5043275831592        1.0000000000000000     
   4.2307692307692307E-003   5.3846153846153844E-003   1624.5684797527970        1.0000000000000000     
   4.2307692307692307E-003   5.7692307692307696E-003   1624.6486252673594        1.0000000000000000     
   4.2307692307692307E-003   6.1538461538461538E-003   1624.7440108135136        1.0000000000000000     
   4.2307692307692307E-003   6.5384615384615381E-003   1624.8525928096938        1.0000000000000000     
   4.2307692307692307E-003   6.9230769230769233E-003   1624.9712227632576        1.0000000000000000     
   4.2307692307692307E-003   7.3076923076923076E-003   1625.0958987756255        1.0000000000000000     
   4.2307692307692307E-003   7.6923076923076927E-003   1625.2220669578046        1.0000000000000000     
   4.2307692307692307E-003   8.0769230769230770E-003   1625.3449536996138        1.0000000000000000     
   4.2307692307692307E-003   8.4615384615384613E-003   1625.4599080611424        1.0000000000000000     
   4.2307692307692307E-003   8.8461538461538456E-003   1625.5627329514884        1.0000000000000000     
   4.2307692307692307E-003   9.2307692307692299E-003   1625.6499840467975        1.0000000000000000     
   4.2307692307692307E-003   9.6153846153846159E-003   1625.7192164605328        1.0000000000000000     

   4.6153846153846149E-003   3.8461538461538462E-004   1623.5515932165424        1.0000000000000000     
   4.6153846153846149E-003   7.6923076923076923E-004   1623.7436127678341        1.0000000000000000     
   4.6153846153846149E-003   1.1538461538461537E-003   1623.8974511694232        1.0000000000000000     
   4.6153846153846149E-003   1.5384615384615385E-003   1624.0161041069496        1.0000000000000000     
   4.6153846153846149E-003   1.9230769230769232E-003   1624.1038514590639        1.0000000000000000     
   4.6153846153846149E-003   2.3076923076923075E-003   1624.1660114832214        1.0000000000000000     
   4.6153846153846149E-003   2.6923076923076922E-003   1624.2086369346109        1.0000000000000000     
   4.6153846153846149E-003   3.0769230769230769E-003   1624.2381717071635        1.0000000000000000     
   4.6153846153846149E-003   3.4615384615384616E-003   1624.2610889547389        1.0000000000000000     
   4.6153846153846149E-003   3.8461538461538464E-003   1624.2835327044884        1.0000000000000000     
   4.6153846153846149E-003   4.2307692307692307E-003   1624.3109846561779        1.0000000000000000     
   4.6153846153846149E-003   4.6153846153846149E-003   1624.3479761946110        1.0000000000000000     
   4.6153846153846149E-003   5.0000000000000001E-003   1624.3978627355948        1.0000000000000000     
   4.6153846153846149E-003   5.3846153846153844E-003   1624.4626735660611        1.0000000000000000     
   4.6153846153846149E-003   5.7692307692307696E-003   1624.5430455795058        1.0000000000000000     
   4.6153846153846149E-003   6.1538461538461538E-003   1624.6382440534410        1.0000000000000000     
   4.6153846153846149E-003   6.5384615384615381E-003   1624.7462682022940        1.0000000000000000     
   4.6153846153846149E-003   6.9230769230769233E-003   1624.8640340126215        1.0000000000000000     
   4.6153846153846149E-003   7.3076923076923076E-003   1624.9876221566105        1.0000000000000000     
   4.6153846153846149E-003   7.6923076923076927E-003   1625.1125748692352        1.0000000000000000     
   4.6153846153846149E-003   8.0769230769230770E-003   1625.2342227761653        1.0000000000000000     
   4.6153846153846149E-003   8.4615384615384613E-003   1625.3480208911649        1.0000000000000000     
   4.6153846153846149E-003   8.8461538461538456E-003   1625.4498723839986        1.0000000000000000     
   4.6153846153846149E-003   9.2307692307692299E-003   1625.5364192139616        1.0000000000000000     
   4.6153846153846149E-003   9.6153846153846159E-003   1625.6052803145133        1.0000000000000000     

   5.0000000000000001E-003   3.8461538461538462E-004   1623.5325788591101        1.0000000000000000     
   5.0000000000000001E-003   7.6923076923076923E-004   1623.7251170389759        1.0000000000000000     
   5.0000000000000001E-003   1.1538461538461537E-003   1623.8799690159285        1.0000000000000000     
   5.0000000000000001E-003   1.5384615384615385E-003   1624.0000779146515        1.0000000000000000     
   5.0000000000000001E-003   1.9230769230769232E-003   1624.0896485781977        1.0000000000000000     
   5.0000000000000001E-003   2.3076923076923075E-003   1624.1539061137676        1.0000000000000000     
   5.0000000000000001E-003   2.6923076923076922E-003   1624.1987974039200        1.0000000000000000     
   5.0000000000000001E-003   3.0769230769230769E-003   1624.2306538438611        1.0000000000000000     
   5.0000000000000001E-003   3.4615384615384616E-003   1624.2558358942538        1.0000000000000000     
   5.0000000000000001E-003   3.8461538461538464E-003   1624.2803810756436        1.0000000000000000     
   5.0000000000000001E-003   4.2307692307692307E-003   1624.3096767201221        1.0000000000000000     
   5.0000000000000001E-003   4.6153846153846149E-003   1624.3481771611894        1.0000000000000000     
   5.0000000000000001E-003   5.0000000000000001E-003   1624.3991821902059        1.0000000000000000     
   5.0000000000000001E-003   5.3846153846153844E-003   1624.4646897203900        1.0000000000000000     
   5.0000000000000001E-003   5.7692307692307696E-003   1624.5453309242687        1.0000000000000000     
   5.0000000000000001E-003   6.1538461538461538E-003   1624.6403909449400        1.0000000000000000     
   5.0000000000000001E-003   6.5384615384615381E-003   1624.7479129518683        1.0000000000000000     
   5.0000000000000001E-003   6.9230769230769233E-003   1624.8648781531917        1.0000000000000000     
   5.0000000000000001E-003   7.3076923076923076E-003   1624.9874497079575        1.0000000000000000     
   5.0000000000000001E-003   7.6923076923076927E-003   1625.1112645835310        1.0000000000000000     
   5.0000000000000001E-003   8.0769230769230770E-003   1625.2317544952093        1.0000000000000000     
   5.0000000000000001E-003   8.4615384615384613E-003   1625.3444752918219        1.0000000000000000     
   5.0000000000000001E-003   8.8461538461538456E-003   1625.4454235832559        1.0000000000000000     
   5.0000000000000001E-003   9.2307692307692299E-003   1625.5313200590085        1.0000000000000000     
   5.0000000000000001E-003   9.6153846153846159E-003   1625.5998408158227        1.0000000000000000     

   5.3846153846153844E-003   3.8461538461538462E-004   1623.6251150949063        1.0000000000000000     
   5.3846153846153844E-003   7.6923076923076923E-004   1623.8181846648697        1.0000000000000000     
   5.3846153846153844E-003   1.1538461538461537E-003   1623.9740565656243        1.0000000000000000     
   5.3846153846153844E-003   1.5384615384615385E-003   1624.0956220616315        1.0000000000000000     
   5.3846153846153844E-003   1.9230769230769232E-003   1624.1870119708215        1.0000000000000000     
   5.3846153846153844E-003   2.3076923076923075E-003   1624.2533595257744        1.0000000000000000     
   5.3846153846153844E-003   2.6923076923076922E-003   1624.3005072216120        1.0000000000000000     
   5.3846153846153844E-003   3.0769230769230769E-003   1624.3346755871733        1.0000000000000000     
   5.3846153846153844E-003   3.4615384615384616E-003   1624.3621141038893        1.0000000000000000     
   5.3846153846153844E-003   3.8461538461538464E-003   1624.3887555158626        1.0000000000000000     
   5.3846153846153844E-003   4.2307692307692307E-003   1624.4198944708919        1.0000000000000000     
   5.3846153846153844E-003   4.6153846153846149E-003   1624.4599098277895        1.0000000000000000     
   5.3846153846153844E-003   5.0000000000000001E-003   1624.5120471646064        1.0000000000000000     
   5.3846153846153844E-003   5.3846153846153844E-003   1624.5782742040026        1.0000000000000000     
   5.3846153846153844E-003   5.7692307692307696E-003   1624.6592172782512        1.0000000000000000     
   5.3846153846153844E-003   6.1538461538461538E-003   1624.7541818770351        1.0000000000000000     
   5.3846153846153844E-003   6.5384615384615381E-003   1624.8612550751182        1.0000000000000000     
   5.3846153846153844E-003   6.9230769230769233E-003   1624.9774825515444        1.0000000000000000     
   5.3846153846153844E-003   7.3076923076923076E-003   1625.0991083003184        1.0000000000000000     
   5.3846153846153844E-003   7.6923076923076927E-003   1625.2218612735712        1.0000000000000000     
   5.3846153846153844E-003   8.0769230769230770E-003   1625.3412703174711        1.0000000000000000     
   5.3846153846153844E-003   8.4615384615384613E-003   1625.4529870196645        1.0000000000000000     
   5.3846153846153844E-003   8.8461538461538456E-003   1625.5530955777410        1.0000000000000000     
   5.3846153846153844E-003   9.2307692307692299E-003   1625.6383895535605        1.0000000000000000     
   5.3846153846153844E-003   9.6153846153846159E-003   1625.7065973810572        1.0000000000000000     

   5.7692307692307696E-003   3.8461538461538462E-004   1623.8251175786124        1.0000000000000000     
   5.7692307692307696E-003   7.6923076923076923E-004   1624.0187225857726        1.0000000000000000     
   5.7692307692307696E-003   1.1538461538461537E-003   1624.1756044525530        1.0000000000000000     
   5.7692307692307696E-003   1.5384615384615385E-003   1624.2986040764943        1.0000000000000000     
   5.7692307692307696E-003   1.9230769230769232E-003   1624.3917803899533        1.0000000000000000     
   5.7692307692307696E-003   2.3076923076923075E-003   1624.4601774233752        1.0000000000000000     
   5.7692307692307696E-003   2.6923076923076922E-003   1624.5095363488890        1.0000000000000000     
   5.7692307692307696E-003   3.0769230769230769E-003   1624.5459701259040        1.0000000000000000     
   5.7692307692307696E-003   3.4615384615384616E-003   1624.5756206172207        1.0000000000000000     
   5.7692307692307696E-003   3.8461538461538464E-003   1624.6043190458165        1.0000000000000000     
   5.7692307692307696E-003   4.2307692307692307E-003   1624.6372703644804        1.0000000000000000     
   5.7692307692307696E-003   4.6153846153846149E-003   1624.6787805347119        1.0000000000000000     
   5.7692307692307696E-003   5.0000000000000001E-003   1624.7320429597373        1.0000000000000000     
   5.7692307692307696E-003   5.3846153846153844E-003   1624.7989965643815        1.0000000000000000     
   5.7692307692307696E-003   5.7692307692307696E-003   1624.8802634989245        1.0000000000000000     
   5.7692307692307696E-003   6.1538461538461538E-003   1624.9751694489123        1.0000000000000000     
   5.7692307692307696E-003   6.5384615384615381E-003   1625.0818443705823        1.0000000000000000     
   5.7692307692307696E-003   6.9230769230769233E-003   1625.1973964633085        1.0000000000000000     
   5.7692307692307696E-003   7.3076923076923076E-003   1625.3181476451600        1.0000000000000000     
   5.7692307692307696E-003   7.6923076923076927E-003   1625.4399149927799        1.0000000000000000     
   5.7692307692307696E-003   8.0769230769230770E-003   1625.5583197710398        1.0000000000000000     
   5.7692307692307696E-003   8.4615384615384613E-003   1625.6691039795649        1.0000000000000000     
   5.7692307692307696E-003   8.8461538461538456E-003   1625.7684338837853        1.0000000000000000     
   5.7692307692307696E-003   9.2307692307692299E-003   1625.8531708124181        1.0000000000000000     
   5.7692307692307696E-003   9.6153846153846159E-003   1625.9210915606977        1.0000000000000000     

   6.1538461538461538E-003   3.8461538461538462E-004   1624.1204993688632        1.0000000000000000     
   6.1538461538461538E-003   7.6923076923076923E-004   1624.3146343277806        1.0000000000000000     
   6.1538461538461538E-003   1.1538461538461537E-003   1624.4724996326559        1.0000000000000000     
   6.1538461538461538E-003   1.5384615384615385E-003   1624.5968880441526        1.0000000000000000     
   6.1538461538461538E-003   1.9230769230769232E-003   1624.6917897980063        1.0000000000000000     
   6.1538461538461538E-003   2.3076923076923075E-003   1624.7621636929371        1.0000000000000000     
   6.1538461538461538E-003   2.6923076923076922E-003   1624.8136541095701        1.0000000000000000     
   6.1538461538461538E-003   3.0769230769230769E-003   1624.8522712808362        1.0000000000000000     
   6.1538461538461538E-003   3.4615384615384616E-003   1624.8840543410192        1.0000000000000000     
   6.1538461538461538E-003   3.8461538461538464E-003   1624.9147376652181        1.0000000000000000     
   6.1538461538461538E-003   4.2307692307692307E-003   1624.9494407180532        1.0000000000000000     
   6.1538461538461538E-003   4.6153846153846149E-003   1624.9924000815026        1.0000000000000000     
   6.1538461538461538E-003   5.0000000000000001E-003   1625.0467596268059        1.0000000000000000     
   6.1538461538461538E-003   5.3846153846153844E-003   1625.1144311061050        1.0000000000000000     
   6.1538461538461538E-003   5.7692307692307696E-003   1625.1960329988365        1.0000000000000000     
   6.1538461538461538E-003   6.1538461538461538E-003   1625.2909105341785        1.0000000000000000     
   6.1538461538461538E-003   6.5384615384615381E-003   1625.3972347312183        1.0000000000000000     
   6.1538461538461538E-003   6.9230769230769233E-003   1625.5121733687845        1.0000000000000000     
   6.1538461538461538E-003   7.3076923076923076E-003   1625.6321223221444        1.0000000000000000     
   6.1538461538461538E-003   7.6923076923076927E-003   1625.7529819594454        1.0000000000000000     
   6.1538461538461538E-003   8.0769230769230770E-003   1625.8704605059925        1.0000000000000000     
   6.1538461538461538E-003   8.4615384615384613E-003   1625.9803846297148        1.0000000000000000     
   6.1538461538461538E-003   8.8461538461538456E-003   1626.0789970797916        1.0000000000000000     
   6.1538461538461538E-003   9.2307692307692299E-003   1626.1632220550655        1.0000000000000000     
   6.1538461538461538E-003   9.6153846153846159E-003   1626.2308810493341        1.0000000000000000     

   6.5384615384615381E-003   3.8461538461538462E-004   1624.4918560453084        1.0000000000000000     
   6.5384615384615381E-003   7.6923076923076923E-004   1624.6865053287886        1.0000000000000000     
   6.5384615384615381E-003   1.1538461538461537E-003   1624.8453110035796        1.0000000000000000     
   6.5384615384615381E-003   1.5384615384615385E-003   1624.9710205966196        1.0000000000000000     
   6.5384615384615381E-003   1.9230769230769232E-003   1625.0675597947022        1.0000000000000000     
   6.5384615384615381E-003   2.3076923076923075E-003   1625.1398073208966        1.0000000000000000     
   6.5384615384615381E-003   2.6923076923076922E-003   1625.1933166358806        1.0000000000000000     
   6.5384615384615381E-003   3.0769230769230769E-003   1625.2340015014072        1.0000000000000000     
   6.5384615384615381E-003   3.4615384615384616E-003   1625.2678046113381        1.0000000000000000     
   6.5384615384615381E-003   3.8461538461538464E-003   1625.3003694638478        1.0000000000000000     
   6.5384615384615381E-003   4.2307692307692307E-003   1625.3367353600800        1.0000000000000000     
   6.5384615384615381E-003   4.6153846153846149E-003   1625.3810738904276        1.0000000000000000     
   6.5384615384615381E-003   5.0000000000000001E-003   1625.4364826082724        1.0000000000000000     
   6.5384615384615381E-003   5.3846153846153844E-003   1625.5048479609513        1.0000000000000000     
   6.5384615384615381E-003   5.7692307692307696E-003   1625.5867851778389        1.0000000000000000     
   6.5384615384615381E-003   6.1538461538461538E-003   1625.6816579795059        1.0000000000000000     
   6.5384615384615381E-003   6.5384615384615381E-003   1625.7876759720880        1.0000000000000000     
   6.5384615384615381E-003   6.9230769230769233E-003   1625.9020627383102        1.0000000000000000     
   6.5384615384615381E-003   7.3076923076923076E-003   1626.0212832325876        1.0000000000000000     
   6.5384615384615381E-003   7.6923076923076927E-003   1626.1413154046413        1.0000000000000000     
   6.5384615384615381E-003   8.0769230769230770E-003   1626.2579482422391        1.0000000000000000     
   6.5384615384615381E-003   8.4615384615384613E-003   1626.3670868088443        1.0000000000000000     
   6.5384615384615381E-003   8.8461538461538456E-003   1626.4650444584672        1.0000000000000000     
   6.5384615384615381E-003   9.2307692307692299E-003   1626.5488032676230        1.0000000000000000     
   6.5384615384615381E-003   9.6153846153846159E-003   1626.6162257869000        1.0000000000000000     

   6.9230769230769233E-003   3.8461538461538462E-004   1624.9136250019724        1.0000000000000000     
   6.9230769230769233E-003   7.6923076923076923E-004   1625.1087624925874        1.0000000000000000     
   6.9230769230769233E-003   1.1538461538461537E-003   1625.2684492745582        1.0000000000000000     
   6.9230769230769233E-003   1.5384615384615385E-003   1625.3953911484414        1.0000000000000000     
   6.9230769230769233E-003   1.9230769230769232E-003   1625.4934542603310        1.0000000000000000     
   6.9230769230769233E-003   2.3076923076923075E-003   1625.5674434779964        1.0000000000000000     
   6.9230769230769233E-003   2.6923076923076922E-003   1625.6228284166850        1.0000000000000000     
   6.9230769230769233E-003   3.0769230769230769E-003   1625.6654338904916        1.0000000000000000     
   6.9230769230769233E-003   3.4615384615384616E-003   1625.7011136970434        1.0000000000000000     
   6.9230769230769233E-003   3.8461538461538464E-003   1625.7354275962537        1.0000000000000000     
   6.9230769230769233E-003   4.2307692307692307E-003   1625.7733410594522        1.0000000000000000     
   6.9230769230769233E-003   4.6153846153846149E-003   1625.8189658641165        1.0000000000000000     
   6.9230769230769233E-003   5.0000000000000001E-003   1625.8753569881455        1.0000000000000000     
   6.9230769230769233E-003   5.3846153846153844E-003   1625.9443776824571        1.0000000000000000     
   6.9230769230769233E-003   5.7692307692307696E-003   1626.0266402965856        1.0000000000000000     
   6.9230769230769233E-003   6.1538461538461538E-003   1626.1215256688151        1.0000000000000000     
   6.9230769230769233E-003   6.5384615384615381E-003   1626.2272789676215        1.0000000000000000     
   6.9230769230769233E-003   6.9230769230769233E-003   1626.3411750918956        1.0000000000000000     
   6.9230769230769233E-003   7.3076923076923076E-003   1626.4597424008336        1.0000000000000000     
   6.9230769230769233E-003   7.6923076923076927E-003   1626.5790299203122        1.0000000000000000     
   6.9230769230769233E-003   8.0769230769230770E-003   1626.6949004864209        1.0000000000000000     
   6.9230769230769233E-003   8.4615384615384613E-003   1626.8033307070145        1.0000000000000000     
   6.9230769230769233E-003   8.8461538461538456E-003   1626.9006982488613        1.0000000000000000     
   6.9230769230769233E-003   9.2307692307692299E-003   1626.9840378184663        1.0000000000000000     
   6.9230769230769233E-003   9.6153846153846159E-003   1627.0512492497173        1.0000000000000000     

   7.3076923076923076E-003   3.8461538461538462E-004   1625.3556509435964        1.0000000000000000     
   7.3076923076923076E-003   7.6923076923076923E-004   1625.5512399879856        1.0000000000000000     
   7.3076923076923076E-003   1.1538461538461537E-003   1625.7117330955180        1.0000000000000000     
   7.3076923076923076E-003   1.5384615384615385E-003   1625.8397983799641        1.0000000000000000     
   7.3076923076923076E-003   1.9230769230769232E-003   1625.9392482131602        1.0000000000000000     
   7.3076923076923076E-003   2.3076923076923075E-003   1626.0148207656312        1.0000000000000000     
   7.3076923076923076E-003   2.6923076923076922E-003   1626.0719099417763        1.0000000000000000     
   7.3076923076923076E-003   3.0769230769230769E-003   1626.1162602494674        1.0000000000000000     
   7.3076923076923076E-003   3.4615384615384616E-003   1626.1536452423377        1.0000000000000000     
   7.3076923076923076E-003   3.8461538461538464E-003   1626.1895491121468        1.0000000000000000     
   7.3076923076923076E-003   4.2307692307692307E-003   1626.2288707277564        1.0000000000000000     
   7.3076923076923076E-003   4.6153846153846149E-003   1626.2756679367153        1.0000000000000000     
   7.3076923076923076E-003   5.0000000000000001E-003   1626.3329573606629        1.0000000000000000     
   7.3076923076923076E-003   5.3846153846153844E-003   1626.4025813902067        1.0000000000000000     
   7.3076923076923076E-003   5.7692307692307696E-003   1626.4851498408605        1.0000000000000000     
   7.3076923076923076E-003   6.1538461538461538E-003   1626.5800590348656        1.0000000000000000     
   7.3076923076923076E-003   6.5384615384615381E-003   1626.6855862179068        1.0000000000000000     
   7.3076923076923076E-003   6.9230769230769233E-003   1626.7990525078719        1.0000000000000000     
   7.3076923076923076E-003   7.3076923076923076E-003   1626.9170432985907        1.0000000000000000     
   7.3076923076923076E-003   7.6923076923076927E-003   1627.0356714713948        1.0000000000000000     
   7.3076923076923076E-003   8.0769230769230770E-003   1627.1508661243131        1.0000000000000000     
   7.3076923076923076E-003   8.4615384615384613E-003   1627.2586679787701        1.0000000000000000     
   7.3076923076923076E-003   8.8461538461538456E-003   1627.3555122651353        1.0000000000000000     
   7.3076923076923076E-003   9.2307692307692299E-003   1627.4384807464228        1.0000000000000000     
   7.3076923076923076E-003   9.6153846153846159E-003   1627.5055065634042        1.0000000000000000     

   7.6923076923076927E-003   3.8461538461538462E-004   1625.7850615777872        1.0000000000000000     
   7.6923076923076927E-003   7.6923076923076923E-004   1625.9810552728036        1.0000000000000000     
   7.6923076923076927E-003   1.1538461538461537E-003   1626.1422654158760        1.0000000000000000     
   7.6923076923076927E-003   1.5384615384615385E-003   1626.2713269329361        1.0000000000000000     
   7.6923076923076927E-003   1.9230769230769232E-003   1626.3720048424002        1.0000000000000000     
   7.6923076923076927E-003   2.3076923076923075E-003   1626.4489785850194        1.0000000000000000     
   7.6923076923076927E-003   2.6923076923076922E-003   1626.5075754041093        1.0000000000000000     
   7.6923076923076927E-003   3.0769230769230769E-003   1626.5534691082330        1.0000000000000000     
   7.6923076923076927E-003   3.4615384615384616E-003   1626.5923626168067        1.0000000000000000     
   7.6923076923076927E-003   3.8461538461538464E-003   1626.6296736160032        1.0000000000000000     
   7.6923076923076927E-003   4.2307692307692307E-003   1626.6702423745178        1.0000000000000000     
   7.6923076923076927E-003   4.6153846153846149E-003   1626.7180793064645        1.0000000000000000     
   7.6923076923076927E-003   5.0000000000000001E-003   1626.7761673159473        1.0000000000000000     
   7.6923076923076927E-003   5.3846153846153844E-003   1626.8463304763536        1.0000000000000000     
   7.6923076923076927E-003   5.7692307692307696E-003   1626.9291764064901        1.0000000000000000     
   7.6923076923076927E-003   6.1538461538461538E-003   1627.0241150678669        1.0000000000000000     
   7.6923076923076927E-003   6.5384615384615381E-003   1627.1294519130736        1.0000000000000000     
   7.6923076923076927E-003   6.9230769230769233E-003   1627.2425486634340        1.0000000000000000     
   7.6923076923076927E-003   7.3076923076923076E-003   1627.3600407754868        1.0000000000000000     
   7.6923076923076927E-003   7.6923076923076927E-003   1627.4780971336045        1.0000000000000000     
   7.6923076923076927E-003   8.0769230769230770E-003   1627.5927049007203        1.0000000000000000     
   7.6923076923076927E-003   8.4615384615384613E-003   1627.6999609342263        1.0000000000000000     
   7.6923076923076927E-003   8.8461538461538456E-003   1627.7963508264065        1.0000000000000000     
   7.6923076923076927E-003   9.2307692307692299E-003   1627.8789974816350        1.0000000000000000     
   7.6923076923076927E-003   9.6153846153846159E-003   1627.9458631453415        1.0000000000000000     

   8.0769230769230770E-003   3.8461538461538462E-004   1626.1683351996651        1.0000000000000000     
   8.0769230769230770E-003   7.6923076923076923E-004   1626.3646770238315        1.0000000000000000     
   8.0769230769230770E-003   1.1538461538461537E-003   1626.5265017434697        1.0000000000000000     
   8.0769230769230770E-003   1.5384615384615385E-003   1626.6564159826733        1.0000000000000000     
   8.0769230769230770E-003   1.9230769230769232E-003   1626.7581443787881        1.0000000000000000     
   8.0769230769230770E-003   2.3076923076923075E-003   1626.8363162924279        1.0000000000000000     
   8.0769230769230770E-003   2.6923076923076922E-003   1626.8962021270511        1.0000000000000000     
   8.0769230769230770E-003   3.0769230769230769E-003   1626.9434154129231        1.0000000000000000     
   8.0769230769230770E-003   3.4615384615384616E-003   1626.9835988528976        1.0000000000000000     
   8.0769230769230770E-003   3.8461538461538464E-003   1627.0221134438198        1.0000000000000000     
   8.0769230769230770E-003   4.2307692307692307E-003   1627.0637495121841        1.0000000000000000     
   8.0769230769230770E-003   4.6153846153846149E-003   1627.1124770559366        1.0000000000000000     
   8.0769230769230770E-003   5.0000000000000001E-003   1627.1712502590458        1.0000000000000000     
   8.0769230769230770E-003   5.3846153846153844E-003   1627.2418776016998        1.0000000000000000     
   8.0769230769230770E-003   5.7692307692307696E-003   1627.3249648435362        1.0000000000000000     
   8.0769230769230770E-003   6.1538461538461538E-003   1627.4199335702845        1.0000000000000000     
   8.0769230769230770E-003   6.5384615384615381E-003   1627.5251132524443        1.0000000000000000     
   8.0769230769230770E-003   6.9230769230769233E-003   1627.6379001646505        1.0000000000000000     
   8.0769230769230770E-003   7.3076923076923076E-003   1627.7549723433829        1.0000000000000000     
   8.0769230769230770E-003   7.6923076923076927E-003   1627.8725462793868        1.0000000000000000     
   8.0769230769230770E-003   8.0769230769230770E-003   1627.9866584675665        1.0000000000000000     
   8.0769230769230770E-003   8.4615384615384613E-003   1628.0934534328153        1.0000000000000000     
   8.0769230769230770E-003   8.8461538461538456E-003   1628.1894595104802        1.0000000000000000     
   8.0769230769230770E-003   9.2307692307692299E-003   1628.2718345071455        1.0000000000000000     
   8.0769230769230770E-003   9.6153846153846159E-003   1628.3385653508383        1.0000000000000000     

   8.4615384615384613E-003   3.8461538461538462E-004   1626.4734271010966        1.0000000000000000     
   8.4615384615384613E-003   7.6923076923076923E-004   1626.6700518875352        1.0000000000000000     
   8.4615384615384613E-003   1.1538461538461537E-003   1626.8323772068582        1.0000000000000000     
   8.4615384615384613E-003   1.5384615384615385E-003   1626.9629865839029        1.0000000000000000     
   8.4615384615384613E-003   1.9230769230769232E-003   1627.0655716983683        1.0000000000000000     
   8.4615384615384613E-003   2.3076923076923075E-003   1627.1447210384179        1.0000000000000000     
   8.4615384615384613E-003   2.6923076923076922E-003   1627.2056586200367        1.0000000000000000     
   8.4615384615384613E-003   3.0769230769230769E-003   1627.2539487824367        1.0000000000000000     
   8.4615384615384613E-003   3.4615384615384616E-003   1627.2951850909942        1.0000000000000000     
   8.4615384615384613E-003   3.8461538461538464E-003   1627.3346822870360        1.0000000000000000     
   8.4615384615384613E-003   4.2307692307692307E-003   1627.3771899507685        1.0000000000000000     
   8.4615384615384613E-003   4.6153846153846149E-003   1627.4266451095771        1.0000000000000000     
   8.4615384615384613E-003   5.0000000000000001E-003   1627.4859785212066        1.0000000000000000     
   8.4615384615384613E-003   5.3846153846153844E-003   1627.5569859483846        1.0000000000000000     
   8.4615384615384613E-003   5.7692307692307696E-003   1627.6402716333905        1.0000000000000000     
   8.4615384615384613E-003   6.1538461538461538E-003   1627.7352666355132        1.0000000000000000     
   8.4615384615384613E-003   6.5384615384615381E-003   1627.8403199959375        1.0000000000000000     
   8.4615384615384613E-003   6.9230769230769233E-003   1627.9528561369461        1.0000000000000000     
   8.4615384615384613E-003   7.3076923076923076E-003   1628.0695877704563        1.0000000000000000     
   8.4615384615384613E-003   7.6923076923076927E-003   1628.1867701429310        1.0000000000000000     
   8.4615384615384613E-003   8.0769230769230770E-003   1628.3004798958066        1.0000000000000000     
   8.4615384615384613E-003   8.4615384615384613E-003   1628.4069003326736        1.0000000000000000     
   8.4615384615384613E-003   8.8461538461538456E-003   1628.5025945503189        1.0000000000000000     
   8.4615384615384613E-003   9.2307692307692299E-003   1628.5847487322196        1.0000000000000000     
   8.4615384615384613E-003   9.6153846153846159E-003   1628.6513698700721        1.0000000000000000     

   8.8461538461538456E-003   3.8461538461538462E-004   1626.6718158130077        1.0000000000000000     
   8.8461538461538456E-003   7.6923076923076923E-004   1626.8686510420991        1.0000000000000000     
   8.8461538461538456E-003   1.1538461538461537E-003   1627.0313533998626        1.0000000000000000     
   8.8461538461538456E-003   1.5384615384615385E-003   1627.1624887629703        1.0000000000000000     
   8.8461538461538456E-003   1.9230769230769232E-003   1627.2657236310934        1.0000000000000000     
   8.8461538461538456E-003   2.3076923076923075E-003   1627.3456152658034        1.0000000000000000     
   8.8461538461538456E-003   2.6923076923076922E-003   1627.4073522436540        1.0000000000000000     
   8.8461538461538456E-003   3.0769230769230769E-003   1627.4564613233429        1.0000000000000000     
   8.8461538461538456E-003   3.4615384615384616E-003   1627.4984985315650        1.0000000000000000     
   8.8461538461538456E-003   3.8461538461538464E-003   1627.5387432734676        1.0000000000000000     
   8.8461538461538456E-003   4.2307692307692307E-003   1627.5819140022222        1.0000000000000000     
   8.8461538461538456E-003   4.6153846153846149E-003   1627.6319225579275        1.0000000000000000     
   8.8461538461538456E-003   5.0000000000000001E-003   1627.6916818005329        1.0000000000000000     
   8.8461538461538456E-003   5.3846153846153844E-003   1627.7629777722018        1.0000000000000000     
   8.8461538461538456E-003   5.7692307692307696E-003   1627.8464135450408        1.0000000000000000     
   8.8461538461538456E-003   6.1538461538461538E-003   1627.9414273964501        1.0000000000000000     
   8.8461538461538456E-003   6.5384615384615381E-003   1628.0463832890753        1.0000000000000000     
   8.8461538461538456E-003   6.9230769230769233E-003   1628.1587271072056        1.0000000000000000     
   8.8461538461538456E-003   7.3076923076923076E-003   1628.2751979994321        1.0000000000000000     
   8.8461538461538456E-003   7.6923076923076927E-003   1628.3920807549043        1.0000000000000000     
   8.8461538461538456E-003   8.0769230769230770E-003   1628.5054826121066        1.0000000000000000     
   8.8461538461538456E-003   8.4615384615384613E-003   1628.6116164233113        1.0000000000000000     
   8.8461538461538456E-003   8.8461538461538456E-003   1628.7070717678619        1.0000000000000000     
   8.8461538461538456E-003   9.2307692307692299E-003   1628.7890564441993        1.0000000000000000     
   8.8461538461538456E-003   9.6153846153846159E-003   1628.8555927247544        1.0000000000000000     

   9.2307692307692299E-003   3.8461538461538462E-004   1626.7403337945345        1.0000000000000000     
   9.2307692307692299E-003   7.6923076923076923E-004   1626.9373011671651        1.0000000000000000     
   9.2307692307692299E-003   1.1538461538461537E-003   1627.1002495932948        1.0000000000000000     
   9.2307692307692299E-003   1.5384615384615385E-003   1627.2317329356879        1.0000000000000000     
   9.2307692307692299E-003   1.9230769230769232E-003   1627.3354005526503        1.0000000000000000     
   9.2307692307692299E-003   2.3076923076923075E-003   1627.4157884479707        1.0000000000000000     
   9.2307692307692299E-003   2.6923076923076922E-003   1627.4780610721677        1.0000000000000000     
   9.2307692307692299E-003   3.0769230769230769E-003   1627.5277195997598        1.0000000000000000     
   9.2307692307692299E-003   3.4615384615384616E-003   1627.5702945008022        1.0000000000000000     
   9.2307692307692299E-003   3.8461538461538464E-003   1627.6110411217655        1.0000000000000000     
   9.2307692307692299E-003   4.2307692307692307E-003   1627.6546567205523        1.0000000000000000     
   9.2307692307692299E-003   4.6153846153846149E-003   1627.7050359827924        1.0000000000000000     
   9.2307692307692299E-003   5.0000000000000001E-003   1627.7650795727761        1.0000000000000000     
   9.2307692307692299E-003   5.3846153846153844E-003   1627.8365668992205        1.0000000000000000     
   9.2307692307692299E-003   5.7692307692307696E-003   1627.9201002161224        1.0000000000000000     
   9.2307692307692299E-003   6.1538461538461538E-003   1628.0151226869525        1.0000000000000000     
   9.2307692307692299E-003   6.5384615384615381E-003   1628.1200083978058        1.0000000000000000     
   9.2307692307692299E-003   6.9230769230769233E-003   1628.2322178021550        1.0000000000000000     
   9.2307692307692299E-003   7.3076923076923076E-003   1628.3485079981083        1.0000000000000000     
   9.2307692307692299E-003   7.6923076923076927E-003   1628.4651838339535        1.0000000000000000     
   9.2307692307692299E-003   8.0769230769230770E-003   1628.5783733225082        1.0000000000000000     
   9.2307692307692299E-003   8.4615384615384613E-003   1628.6843093772168        1.0000000000000000     
   9.2307692307692299E-003   8.8461538461538456E-003   1628.7795995554800        1.0000000000000000     
   9.2307692307692299E-003   9.2307692307692299E-003   1628.8614663282149        1.0000000000000000     
   9.2307692307692299E-003   9.6153846153846159E-003   1628.9279423399323        1.0000000000000000     

   9.6153846153846159E-003   3.8461538461538462E-004   1626.6626602755221        1.0000000000000000     
   9.6153846153846159E-003   7.6923076923076923E-004   1626.8596775121532        1.0000000000000000     
   9.6153846153846159E-003   1.1538461538461537E-003   1627.0227359948699        1.0000000000000000     
   9.6153846153846159E-003   1.5384615384615385E-003   1627.1543833269800        1.0000000000000000     
   9.6153846153846159E-003   1.9230769230769232E-003   1627.2582599353914        1.0000000000000000     
   9.6153846153846159E-003   2.3076923076923075E-003   1627.3388907468943        1.0000000000000000     
   9.6153846153846159E-003   2.6923076923076922E-003   1627.4014276391740        1.0000000000000000     
   9.6153846153846159E-003   3.0769230769230769E-003   1627.4513584521455        1.0000000000000000     
   9.6153846153846159E-003   3.4615384615384616E-003   1627.4942003328667        1.0000000000000000     
   9.6153846153846159E-003   3.8461538461538464E-003   1627.5351960818441        1.0000000000000000     
   9.6153846153846159E-003   4.2307692307692307E-003   1627.5790318987852        1.0000000000000000     
   9.6153846153846159E-003   4.6153846153846149E-003   1627.6295935117228        1.0000000000000000     
   9.6153846153846159E-003   5.0000000000000001E-003   1627.6897752057564        1.0000000000000000     
   9.6153846153846159E-003   5.3846153846153844E-003   1627.7613529028604        1.0000000000000000     
   9.6153846153846159E-003   5.7692307692307696E-003   1627.8449283945065        1.0000000000000000     
   9.6153846153846159E-003   6.1538461538461538E-003   1627.9399473481135        1.0000000000000000     
   9.6153846153846159E-003   6.5384615384615381E-003   1628.0447890774958        1.0000000000000000     
   9.6153846153846159E-003   6.9230769230769233E-003   1628.1569215760355        1.0000000000000000     
   9.6153846153846159E-003   7.3076923076923076E-003   1628.2731112401664        1.0000000000000000     
   9.6153846153846159E-003   7.6923076923076927E-003   1628.3896733145943        1.0000000000000000     
   9.6153846153846159E-003   8.0769230769230770E-003   1628.5027465822402        1.0000000000000000     
   9.6153846153846159E-003   8.4615384615384613E-003   1628.6085743585350        1.0000000000000000     
   9.6153846153846159E-003   8.8461538461538456E-003   1628.7037735235328        1.0000000000000000     
   9.6153846153846159E-003   9.2307692307692299E-003   1628.7855741569867        1.0000000000000000     
   9.6153846153846159E-003   9.6153846153846159E-003   1628.8520142822490        1.0000000000000000     

