   3.8461538461538462E-004   3.8461538461538462E-004   1625.0123890387754        1.0000000000000000     
   3.8461538461538462E-004   7.6923076923076923E-004   1625.2101730621187        1.0000000000000000     
   3.8461538461538462E-004   1.1538461538461537E-003   1625.3749556006346        1.0000000000000000     
   3.8461538461538462E-004   1.5384615384615385E-003   1625.5090949445587        1.0000000000000000     
   3.8461538461538462E-004   1.9230769230769232E-003   1625.6159653597051        1.0000000000000000     
   3.8461538461538462E-004   2.3076923076923075E-003   1625.6997689636823        1.0000000000000000     
   3.8461538461538462E-004   2.6923076923076922E-003   1625.7653030776485        1.0000000000000000     
   3.8461538461538462E-004   3.0769230769230769E-003   1625.8176972628617        1.0000000000000000     
   3.8461538461538462E-004   3.4615384615384616E-003   1625.8621360640834        1.0000000000000000     
   3.8461538461538462E-004   3.8461538461538464E-003   1625.9035843201923        1.0000000000000000     
   3.8461538461538462E-004   4.2307692307692307E-003   1625.9465317091162        1.0000000000000000     
   3.8461538461538462E-004   4.6153846153846149E-003   1625.9947719938498        1.0000000000000000     
   3.8461538461538462E-004   5.0000000000000001E-003   1626.0512303243006        1.0000000000000000     
   3.8461538461538462E-004   5.3846153846153844E-003   1626.1178490926102        1.0000000000000000     
   3.8461538461538462E-004   5.7692307692307696E-003   1626.1955394814770        1.0000000000000000     
   3.8461538461538462E-004   6.1538461538461538E-003   1626.2842023233197        1.0000000000000000     
   3.8461538461538462E-004   6.5384615384615381E-003   1626.3828186924627        1.0000000000000000     
   3.8461538461538462E-004   6.9230769230769233E-003   1626.4896085876817        1.0000000000000000     
   3.8461538461538462E-004   7.3076923076923076E-003   1626.6022567268481        1.0000000000000000     
   3.8461538461538462E-004   7.6923076923076927E-003   1626.7182116957110        1.0000000000000000     
   3.8461538461538462E-004   8.0769230769230770E-003   1626.8350891296363        1.0000000000000000     
   3.8461538461538462E-004   8.4615384615384613E-003   1626.9512845802292        1.0000000000000000     
   3.8461538461538462E-004   8.8461538461538456E-003   1627.0671414584845        1.0000000000000000     
   3.8461538461538462E-004   9.2307692307692299E-003   1627.1878472195972        1.0000000000000000     
   3.8461538461538462E-004   9.6153846153846159E-003   1627.3323219556287        1.0000000000000000     

   7.6923076923076923E-004   3.8461538461538462E-004   1625.1437443921916        1.0000000000000000     
   7.6923076923076923E-004   7.6923076923076923E-004   1625.3415925290835        1.0000000000000000     
   7.6923076923076923E-004   1.1538461538461537E-003   1625.5064781653434        1.0000000000000000     
   7.6923076923076923E-004   1.5384615384615385E-003   1625.6407553281649        1.0000000000000000     
   7.6923076923076923E-004   1.9230769230769232E-003   1625.7477921650554        1.0000000000000000     
   7.6923076923076923E-004   2.3076923076923075E-003   1625.8317831323920        1.0000000000000000     
   7.6923076923076923E-004   2.6923076923076922E-003   1625.8975167276558        1.0000000000000000     
   7.6923076923076923E-004   3.0769230769230769E-003   1625.9501129441530        1.0000000000000000     
   7.6923076923076923E-004   3.4615384615384616E-003   1625.9947464342085        1.0000000000000000     
   7.6923076923076923E-004   3.8461538461538464E-003   1626.0363721988288        1.0000000000000000     
   7.6923076923076923E-004   4.2307692307692307E-003   1626.0794704206062        1.0000000000000000     
   7.6923076923076923E-004   4.6153846153846149E-003   1626.1278258437412        1.0000000000000000     
   7.6923076923076923E-004   5.0000000000000001E-003   1626.1843549691775        1.0000000000000000     
   7.6923076923076923E-004   5.3846153846153844E-003   1626.2509914274810        1.0000000000000000     
   7.6923076923076923E-004   5.7692307692307696E-003   1626.3286364306718        1.0000000000000000     
   7.6923076923076923E-004   6.1538461538461538E-003   1626.4171774532240        1.0000000000000000     
   7.6923076923076923E-004   6.5384615384615381E-003   1626.5155745599927        1.0000000000000000     
   7.6923076923076923E-004   6.9230769230769233E-003   1626.6220103965593        1.0000000000000000     
   7.6923076923076923E-004   7.3076923076923076E-003   1626.7340969311858        1.0000000000000000     
   7.6923076923076923E-004   7.6923076923076927E-003   1626.8491287955924        1.0000000000000000     
   7.6923076923076923E-004   8.0769230769230770E-003   1626.9643643363565        1.0000000000000000     
   7.6923076923076923E-004   8.4615384615384613E-003   1627.0772763232944        1.0000000000000000     
   7.6923076923076923E-004   8.8461538461538456E-003   1627.1855307747896        1.0000000000000000     
   7.6923076923076923E-004   9.2307692307692299E-003   1627.2856049790139        1.0000000000000000     
   7.6923076923076923E-004   9.6153846153846159E-003   1627.3650415555783        1.0000000000000000     

   1.1538461538461537E-003   3.8461538461538462E-004   1625.1797831103017        1.0000000000000000     
   1.1538461538461537E-003   7.6923076923076923E-004   1625.3777249539480        1.0000000000000000     
   1.1538461538461537E-003   1.1538461538461537E-003   1625.5427872095697        1.0000000000000000     
   1.1538461538461537E-003   1.5384615384615385E-003   1625.6773150630834        1.0000000000000000     
   1.1538461538461537E-003   1.9230769230769232E-003   1625.7846639770985        1.0000000000000000     
   1.1538461538461537E-003   2.3076923076923075E-003   1625.8690125331407        1.0000000000000000     
   1.1538461538461537E-003   2.6923076923076922E-003   1625.9351309617248        1.0000000000000000     
   1.1538461538461537E-003   3.0769230769230769E-003   1625.9881194774418        1.0000000000000000     
   1.1538461538461537E-003   3.4615384615384616E-003   1626.0331323325674        1.0000000000000000     
   1.1538461538461537E-003   3.8461538461538464E-003   1626.0751043235962        1.0000000000000000     
   1.1538461538461537E-003   4.2307692307692307E-003   1626.1184962711425        1.0000000000000000     
   1.1538461538461537E-003   4.6153846153846149E-003   1626.1670747618543        1.0000000000000000     
   1.1538461538461537E-003   5.0000000000000001E-003   1626.2237392711575        1.0000000000000000     
   1.1538461538461537E-003   5.3846153846153844E-003   1626.2904068138103        1.0000000000000000     
   1.1538461538461537E-003   5.7692307692307696E-003   1626.3679606728674        1.0000000000000000     
   1.1538461538461537E-003   6.1538461538461538E-003   1626.4562657289966        1.0000000000000000     
   1.1538461538461537E-003   6.5384615384615381E-003   1626.5542485996209        1.0000000000000000     
   1.1538461538461537E-003   6.9230769230769233E-003   1626.6600361724004        1.0000000000000000     
   1.1538461538461537E-003   7.3076923076923076E-003   1626.7711406282122        1.0000000000000000     
   1.1538461538461537E-003   7.6923076923076927E-003   1626.8846707193773        1.0000000000000000     
   1.1538461538461537E-003   8.0769230769230770E-003   1626.9975322438436        1.0000000000000000     
   1.1538461538461537E-003   8.4615384615384613E-003   1627.1065413313290        1.0000000000000000     
   1.1538461538461537E-003   8.8461538461538456E-003   1627.2082870523757        1.0000000000000000     
   1.1538461538461537E-003   9.2307692307692299E-003   1627.2984603060156        1.0000000000000000     
   1.1538461538461537E-003   9.6153846153846159E-003   1627.3707594528576        1.0000000000000000     

   1.5384615384615385E-003   3.8461538461538462E-004   1625.1308396944278        1.0000000000000000     
   1.5384615384615385E-003   7.6923076923076923E-004   1625.3289049017185        1.0000000000000000     
   1.5384615384615385E-003   1.1538461538461537E-003   1625.4942157142348        1.0000000000000000     
   1.5384615384615385E-003   1.5384615384615385E-003   1625.6291040904468        1.0000000000000000     
   1.5384615384615385E-003   1.9230769230769232E-003   1625.7369065212904        1.0000000000000000     
   1.5384615384615385E-003   2.3076923076923075E-003   1625.8217778588385        1.0000000000000000     
   1.5384615384615385E-003   2.6923076923076922E-003   1625.8884610530417        1.0000000000000000     
   1.5384615384615385E-003   3.0769230769230769E-003   1625.9420268235799        1.0000000000000000     
   1.5384615384615385E-003   3.4615384615384616E-003   1625.9875990757741        1.0000000000000000     
   1.5384615384615385E-003   3.8461538461538464E-003   1626.0300826768746        1.0000000000000000     
   1.5384615384615385E-003   4.2307692307692307E-003   1626.0739099819623        1.0000000000000000     
   1.5384615384615385E-003   4.6153846153846149E-003   1626.1228212502513        1.0000000000000000     
   1.5384615384615385E-003   5.0000000000000001E-003   1626.1796918955931        1.0000000000000000     
   1.5384615384615385E-003   5.3846153846153844E-003   1626.2464164932001        1.0000000000000000     
   1.5384615384615385E-003   5.7692307692307696E-003   1626.3238557752447        1.0000000000000000     
   1.5384615384615385E-003   6.1538461538461538E-003   1626.4118486511331        1.0000000000000000     
   1.5384615384615385E-003   6.5384615384615381E-003   1626.5092866923269        1.0000000000000000     
   1.5384615384615385E-003   6.9230769230769233E-003   1626.6142434846099        1.0000000000000000     
   1.5384615384615385E-003   7.3076923076923076E-003   1626.7241454094653        1.0000000000000000     
   1.5384615384615385E-003   7.6923076923076927E-003   1626.8359628512615        1.0000000000000000     
   1.5384615384615385E-003   8.0769230769230770E-003   1626.9463900625180        1.0000000000000000     
   1.5384615384615385E-003   8.4615384615384613E-003   1627.0519678035043        1.0000000000000000     
   1.5384615384615385E-003   8.8461538461538456E-003   1627.1490968443591        1.0000000000000000     
   1.5384615384615385E-003   9.2307692307692299E-003   1627.2339531339908        1.0000000000000000     
   1.5384615384615385E-003   9.6153846153846159E-003   1627.3026397523370        1.0000000000000000     

   1.9230769230769232E-003   3.8461538461538462E-004   1625.0116172254720        1.0000000000000000     
   1.9230769230769232E-003   7.6923076923076923E-004   1625.2098354584477        1.0000000000000000     
   1.9230769230769232E-003   1.1538461538461537E-003   1625.3754643438710        1.0000000000000000     
   1.9230769230769232E-003   1.5384615384615385E-003   1625.5108185057613        1.0000000000000000     
   1.9230769230769232E-003   1.9230769230769232E-003   1625.6192095822792        1.0000000000000000     
   1.9230769230769232E-003   2.3076923076923075E-003   1625.7047613600603        1.0000000000000000     
   1.9230769230769232E-003   2.6923076923076922E-003   1625.7721811117792        1.0000000000000000     
   1.9230769230769232E-003   3.0769230769230769E-003   1625.8265010489936        1.0000000000000000     
   1.9230769230769232E-003   3.4615384615384616E-003   1625.8728055675208        1.0000000000000000     
   1.9230769230769232E-003   3.8461538461538464E-003   1625.9159607563111        1.0000000000000000     
   1.9230769230769232E-003   4.2307692307692307E-003   1625.9603624039614        1.0000000000000000     
   1.9230769230769232E-003   4.6153846153846149E-003   1626.0097174806476        1.0000000000000000     
   1.9230769230769232E-003   5.0000000000000001E-003   1626.0668718670324        1.0000000000000000     
   1.9230769230769232E-003   5.3846153846153844E-003   1626.1336940656886        1.0000000000000000     
   1.9230769230769232E-003   5.7692307692307696E-003   1626.2110209201762        1.0000000000000000     
   1.9230769230769232E-003   6.1538461538461538E-003   1626.2986671503595        1.0000000000000000     
   1.9230769230769232E-003   6.5384615384615381E-003   1626.3954959402852        1.0000000000000000     
   1.9230769230769232E-003   6.9230769230769233E-003   1626.4995429867502        1.0000000000000000     
   1.9230769230769232E-003   7.3076923076923076E-003   1626.6081813765968        1.0000000000000000     
   1.9230769230769232E-003   7.6923076923076927E-003   1626.7183095308637        1.0000000000000000     
   1.9230769230769232E-003   8.0769230769230770E-003   1626.8265400467496        1.0000000000000000     
   1.9230769230769232E-003   8.4615384615384613E-003   1626.9293670059753        1.0000000000000000     
   1.9230769230769232E-003   8.8461538461538456E-003   1627.0233037292401        1.0000000000000000     
   1.9230769230769232E-003   9.2307692307692299E-003   1627.1050350387152        1.0000000000000000     
   1.9230769230769232E-003   9.6153846153846159E-003   1627.1717354797095        1.0000000000000000     

   2.3076923076923075E-003   3.8461538461538462E-004   1624.8402718341574        1.0000000000000000     
   2.3076923076923075E-003   7.6923076923076923E-004   1625.0386726039524        1.0000000000000000     
   2.3076923076923075E-003   1.1538461538461537E-003   1625.2046857795679        1.0000000000000000     
   2.3076923076923075E-003   1.5384615384615385E-003   1625.3406048995726        1.0000000000000000     
   2.3076923076923075E-003   1.9230769230769232E-003   1625.4497113842367        1.0000000000000000     
   2.3076923076923075E-003   2.3076923076923075E-003   1625.5360912753426        1.0000000000000000     
   2.3076923076923075E-003   2.6923076923076922E-003   1625.6044085466608        1.0000000000000000     
   2.3076923076923075E-003   3.0769230769230769E-003   1625.6596487609866        1.0000000000000000     
   2.3076923076923075E-003   3.4615384615384616E-003   1625.7068485967336        1.0000000000000000     
   2.3076923076923075E-003   3.8461538461538464E-003   1625.7508275485907        1.0000000000000000     
   2.3076923076923075E-003   4.2307692307692307E-003   1625.7959378653659        1.0000000000000000     
   2.3076923076923075E-003   4.6153846153846149E-003   1625.8458475350085        1.0000000000000000     
   2.3076923076923075E-003   5.0000000000000001E-003   1625.9033689316261        1.0000000000000000     
   2.3076923076923075E-003   5.3846153846153844E-003   1625.9703427247587        1.0000000000000000     
   2.3076923076923075E-003   5.7692307692307696E-003   1626.0475829815211        1.0000000000000000     
   2.3076923076923075E-003   6.1538461538461538E-003   1626.1348852597798        1.0000000000000000     
   2.3076923076923075E-003   6.5384615384615381E-003   1626.2310951050210        1.0000000000000000     
   2.3076923076923075E-003   6.9230769230769233E-003   1626.3342299552821        1.0000000000000000     
   2.3076923076923075E-003   7.3076923076923076E-003   1626.4416433285048        1.0000000000000000     
   2.3076923076923075E-003   7.6923076923076927E-003   1626.5502168524224        1.0000000000000000     
   2.3076923076923075E-003   8.0769230769230770E-003   1626.6565643673121        1.0000000000000000     
   2.3076923076923075E-003   8.4615384615384613E-003   1626.7572354773879        1.0000000000000000     
   2.3076923076923075E-003   8.8461538461538456E-003   1626.8489177954989        1.0000000000000000     
   2.3076923076923075E-003   9.2307692307692299E-003   1626.9286608869454        1.0000000000000000     
   2.3076923076923075E-003   9.6153846153846159E-003   1626.9941678719449        1.0000000000000000     

   2.6923076923076922E-003   3.8461538461538462E-004   1624.6372787865837        1.0000000000000000     
   2.6923076923076922E-003   7.6923076923076923E-004   1624.8358911802943        1.0000000000000000     
   2.6923076923076922E-003   1.1538461538461537E-003   1625.0023506457844        1.0000000000000000     
   2.6923076923076922E-003   1.5384615384615385E-003   1625.1389263059796        1.0000000000000000     
   2.6923076923076922E-003   1.9230769230769232E-003   1625.2488646062400        1.0000000000000000     
   2.6923076923076922E-003   2.3076923076923075E-003   1625.3362079339176        1.0000000000000000     
   2.6923076923076922E-003   2.6923076923076922E-003   1625.4055702436865        1.0000000000000000     
   2.6923076923076922E-003   3.0769230769230769E-003   1625.4618833104569        1.0000000000000000     
   2.6923076923076922E-003   3.4615384615384616E-003   1625.5101289600852        1.0000000000000000     
   2.6923076923076922E-003   3.8461538461538464E-003   1625.5550733990451        1.0000000000000000     
   2.6923076923076922E-003   4.2307692307692307E-003   1625.6010195236045        1.0000000000000000     
   2.6923076923076922E-003   4.6153846153846149E-003   1625.6515918489445        1.0000000000000000     
   2.6923076923076922E-003   5.0000000000000001E-003   1625.7095665307868        1.0000000000000000     
   2.6923076923076922E-003   5.3846153846153844E-003   1625.7767559838373        1.0000000000000000     
   2.6923076923076922E-003   5.7692307692307696E-003   1625.8539540070951        1.0000000000000000     
   2.6923076923076922E-003   6.1538461538461538E-003   1625.9409433197000        1.0000000000000000     
   2.6923076923076922E-003   6.5384615384615381E-003   1626.0365632417545        1.0000000000000000     
   2.6923076923076922E-003   6.9230769230769233E-003   1626.1388312169677        1.0000000000000000     
   2.6923076923076922E-003   7.3076923076923076E-003   1626.2451083453184        1.0000000000000000     
   2.6923076923076922E-003   7.6923076923076927E-003   1626.3522966168414        1.0000000000000000     
   2.6923076923076922E-003   8.0769230769230770E-003   1626.4570549353689        1.0000000000000000     
   2.6923076923076922E-003   8.4615384615384613E-003   1626.5560234071970        1.0000000000000000     
   2.6923076923076922E-003   8.8461538461538456E-003   1626.6460515442657        1.0000000000000000     
   2.6923076923076922E-003   9.2307692307692299E-003   1626.7244341225517        1.0000000000000000     
   2.6923076923076922E-003   9.6153846153846159E-003   1626.7891589013250        1.0000000000000000     

   3.0769230769230769E-003   3.8461538461538462E-004   1624.4241486381313        1.0000000000000000     
   3.0769230769230769E-003   7.6923076923076923E-004   1624.6230009185526        1.0000000000000000     
   3.0769230769230769E-003   1.1538461538461537E-003   1624.7899635010103        1.0000000000000000     
   3.0769230769230769E-003   1.5384615384615385E-003   1624.9272782352120        1.0000000000000000     
   3.0769230769230769E-003   1.9230769230769232E-003   1625.0381525154510        1.0000000000000000     
   3.0769230769230769E-003   2.3076923076923075E-003   1625.1265800227311        1.0000000000000000     
   3.0769230769230769E-003   2.6923076923076922E-003   1625.1971189685858        1.0000000000000000     
   3.0769230769230769E-003   3.0769230769230769E-003   1625.2546412934978        1.0000000000000000     
   3.0769230769230769E-003   3.4615384615384616E-003   1625.3040679818662        1.0000000000000000     
   3.0769230769230769E-003   3.8461538461538464E-003   1625.3501064172719        1.0000000000000000     
   3.0769230769230769E-003   4.2307692307692307E-003   1625.3970054659455        1.0000000000000000     
   3.0769230769230769E-003   4.6153846153846149E-003   1625.4483427559353        1.0000000000000000     
   3.0769230769230769E-003   5.0000000000000001E-003   1625.5068564888441        1.0000000000000000     
   3.0769230769230769E-003   5.3846153846153844E-003   1625.5743312107734        1.0000000000000000     
   3.0769230769230769E-003   5.7692307692307696E-003   1625.6515434608557        1.0000000000000000     
   3.0769230769230769E-003   6.1538461538461538E-003   1625.7382693340016        1.0000000000000000     
   3.0769230769230769E-003   6.5384615384615381E-003   1625.8333520035069        1.0000000000000000     
   3.0769230769230769E-003   6.9230769230769233E-003   1625.9348234534375        1.0000000000000000     
   3.0769230769230769E-003   7.3076923076923076E-003   1626.0400714262555        1.0000000000000000     
   3.0769230769230769E-003   7.6923076923076927E-003   1626.1460403157635        1.0000000000000000     
   3.0769230769230769E-003   8.0769230769230770E-003   1626.2494538856261        1.0000000000000000     
   3.0769230769230769E-003   8.4615384615384613E-003   1626.3470486010385        1.0000000000000000     
   3.0769230769230769E-003   8.8461538461538456E-003   1626.4358087302001        1.0000000000000000     
   3.0769230769230769E-003   9.2307692307692299E-003   1626.5131962893513        1.0000000000000000     
   3.0769230769230769E-003   9.6153846153846159E-003   1626.5773659887955        1.0000000000000000     

   3.4615384615384616E-003   3.8461538461538462E-004   1624.2220715066580        1.0000000000000000     
   3.4615384615384616E-003   7.6923076923076923E-004   1624.4211905852678        1.0000000000000000     
   3.4615384615384616E-003   1.1538461538461537E-003   1624.5887069613539        1.0000000000000000     
   3.4615384615384616E-003   1.5384615384615385E-003   1624.7268328650187        1.0000000000000000     
   3.4615384615384616E-003   1.9230769230769232E-003   1624.8387332976895        1.0000000000000000     
   3.4615384615384616E-003   2.3076923076923075E-003   1624.9283491028395        1.0000000000000000     
   3.4615384615384616E-003   2.6923076923076922E-003   1625.0001780863797        1.0000000000000000     
   3.4615384615384616E-003   3.0769230769230769E-003   1625.0590274586609        1.0000000000000000     
   3.4615384615384616E-003   3.4615384615384616E-003   1625.1097525588712        1.0000000000000000     
   3.4615384615384616E-003   3.8461538461538464E-003   1625.1569975760710        1.0000000000000000     
   3.4615384615384616E-003   4.2307692307692307E-003   1625.2049537521550        1.0000000000000000     
   3.4615384615384616E-003   4.6153846153846149E-003   1625.2571493549788        1.0000000000000000     
   3.4615384615384616E-003   5.0000000000000001E-003   1625.3162836203480        1.0000000000000000     
   3.4615384615384616E-003   5.3846153846153844E-003   1625.3841140118277        1.0000000000000000     
   3.4615384615384616E-003   5.7692307692307696E-003   1625.4614027209318        1.0000000000000000     
   3.4615384615384616E-003   6.1538461538461538E-003   1625.5479245535532        1.0000000000000000     
   3.4615384615384616E-003   6.5384615384615381E-003   1625.6425344831662        1.0000000000000000     
   3.4615384615384616E-003   6.9230769230769233E-003   1625.7432894867804        1.0000000000000000     
   3.4615384615384616E-003   7.3076923076923076E-003   1625.8476161230230        1.0000000000000000     
   3.4615384615384616E-003   7.6923076923076927E-003   1625.9525129666706        1.0000000000000000     
   3.4615384615384616E-003   8.0769230769230770E-003   1626.0547757216525        1.0000000000000000     
   3.4615384615384616E-003   8.4615384615384613E-003   1626.1512326373897        1.0000000000000000     
   3.4615384615384616E-003   8.8461538461538456E-003   1626.2389783481294        1.0000000000000000     
   3.4615384615384616E-003   9.2307692307692299E-003   1626.3155943330717        1.0000000000000000     
   3.4615384615384616E-003   9.6153846153846159E-003   1626.3793422464137        1.0000000000000000     

   3.8461538461538464E-003   3.8461538461538462E-004   1624.0505726246931        1.0000000000000000     
   3.8461538461538464E-003   7.6923076923076923E-004   1624.2499834189723        1.0000000000000000     
   3.8461538461538464E-003   1.1538461538461537E-003   1624.4180971345313        1.0000000000000000     
   3.8461538461538464E-003   1.5384615384615385E-003   1624.5570945723821        1.0000000000000000     
   3.8461538461538464E-003   1.9230769230769232E-003   1624.6700957687101        1.0000000000000000     
   3.8461538461538464E-003   2.3076923076923075E-003   1624.7609855591036        1.0000000000000000     
   3.8461538461538464E-003   2.6923076923076922E-003   1624.8341977822001        1.0000000000000000     
   3.8461538461538464E-003   3.0769230769230769E-003   1624.8944712043549        1.0000000000000000     
   3.8461538461538464E-003   3.4615384615384616E-003   1624.9465919144677        1.0000000000000000     
   3.8461538461538464E-003   3.8461538461538464E-003   1624.9951376832960        1.0000000000000000     
   3.8461538461538464E-003   4.2307692307692307E-003   1625.0442395602367        1.0000000000000000     
   3.8461538461538464E-003   4.6153846153846149E-003   1625.0973748079041        1.0000000000000000     
   3.8461538461538464E-003   5.0000000000000001E-003   1625.1572032263498        1.0000000000000000     
   3.8461538461538464E-003   5.3846153846153844E-003   1625.2254561268351        1.0000000000000000     
   3.8461538461538464E-003   5.7692307692307696E-003   1625.3028838611358        1.0000000000000000     
   3.8461538461538464E-003   6.1538461538461538E-003   1625.3892641191819        1.0000000000000000     
   3.8461538461538464E-003   6.5384615384615381E-003   1625.4834694270983        1.0000000000000000     
   3.8461538461538464E-003   6.9230769230769233E-003   1625.5835886775369        1.0000000000000000     
   3.8461538461538464E-003   7.3076923076923076E-003   1625.6870943702079        1.0000000000000000     
   3.8461538461538464E-003   7.6923076923076927E-003   1625.7910447663239        1.0000000000000000     
   3.8461538461538464E-003   8.0769230769230770E-003   1625.8923085177755        1.0000000000000000     
   3.8461538461538464E-003   8.4615384615384613E-003   1625.9877985115161        1.0000000000000000     
   3.8461538461538464E-003   8.8461538461538456E-003   1626.0747014156154        1.0000000000000000     
   3.8461538461538464E-003   9.2307692307692299E-003   1626.1506892174680        1.0000000000000000     
   3.8461538461538464E-003   9.6153846153846159E-003   1626.2140984264897        1.0000000000000000     

   4.2307692307692307E-003   3.8461538461538462E-004   1623.9262625409515        1.0000000000000000     
   4.2307692307692307E-003   7.6923076923076923E-004   1624.1259872373064        1.0000000000000000     
   4.2307692307692307E-003   1.1538461538461537E-003   1624.2947337507303        1.0000000000000000     
   4.2307692307692307E-003   1.5384615384615385E-003   1624.4346501942018        1.0000000000000000     
   4.2307692307692307E-003   1.9230769230769232E-003   1624.5488098536759        1.0000000000000000     
   4.2307692307692307E-003   2.3076923076923075E-003   1624.6410393665351        1.0000000000000000     
   4.2307692307692307E-003   2.6923076923076922E-003   1624.7157061597532        1.0000000000000000     
   4.2307692307692307E-003   3.0769230769230769E-003   1624.7774780323109        1.0000000000000000     
   4.2307692307692307E-003   3.4615384615384616E-003   1624.8310694113959        1.0000000000000000     
   4.2307692307692307E-003   3.8461538461538464E-003   1624.8809895484585        1.0000000000000000     
   4.2307692307692307E-003   4.2307692307692307E-003   1624.9313077071588        1.0000000000000000     
   4.2307692307692307E-003   4.6153846153846149E-003   1624.9854492463207        1.0000000000000000     
   4.2307692307692307E-003   5.0000000000000001E-003   1625.0460344918160        1.0000000000000000     
   4.2307692307692307E-003   5.3846153846153844E-003   1625.1147695525494        1.0000000000000000     
   4.2307692307692307E-003   5.7692307692307696E-003   1625.1923949452018        1.0000000000000000     
   4.2307692307692307E-003   6.1538461538461538E-003   1625.2786942664932        1.0000000000000000     
   4.2307692307692307E-003   6.5384615384615381E-003   1625.3725614312882        1.0000000000000000     
   4.2307692307692307E-003   6.9230769230769233E-003   1625.4721214297467        1.0000000000000000     
   4.2307692307692307E-003   7.3076923076923076E-003   1625.5748963858725        1.0000000000000000     
   4.2307692307692307E-003   7.6923076923076927E-003   1625.6780061235063        1.0000000000000000     
   4.2307692307692307E-003   8.0769230769230770E-003   1625.7783905930119        1.0000000000000000     
   4.2307692307692307E-003   8.4615384615384613E-003   1625.8730404011399        1.0000000000000000     
   4.2307692307692307E-003   8.8461538461538456E-003   1625.9592212088648        1.0000000000000000     
   4.2307692307692307E-003   9.2307692307692299E-003   1626.0346777269365        1.0000000000000000     
   4.2307692307692307E-003   9.6153846153846159E-003   1626.0978033498420        1.0000000000000000     

   4.6153846153846149E-003   3.8461538461538462E-004   1623.8617605187749        1.0000000000000000     
   4.6153846153846149E-003   7.6923076923076923E-004   1624.0618177714016        1.0000000000000000     
   4.6153846153846149E-003   1.1538461538461537E-003   1624.2312235515819        1.0000000000000000     
   4.6153846153846149E-003   1.5384615384615385E-003   1624.3720925784212        1.0000000000000000     
   4.6153846153846149E-003   1.9230769230769232E-003   1624.4874503924530        1.0000000000000000     
   4.6153846153846149E-003   2.3076923076923075E-003   1624.5810642231220        1.0000000000000000     
   4.6153846153846149E-003   2.6923076923076922E-003   1624.6572337551436        1.0000000000000000     
   4.6153846153846149E-003   3.0769230769230769E-003   1624.7205544771682        1.0000000000000000     
   4.6153846153846149E-003   3.4615384615384616E-003   1624.7756679176312        1.0000000000000000     
   4.6153846153846149E-003   3.8461538461538464E-003   1624.8270137997440        1.0000000000000000     
   4.6153846153846149E-003   4.2307692307692307E-003   1624.8785989402004        1.0000000000000000     
   4.6153846153846149E-003   4.6153846153846149E-003   1624.9337965894172        1.0000000000000000     
   4.6153846153846149E-003   5.0000000000000001E-003   1624.9951879389482        1.0000000000000000     
   4.6153846153846149E-003   5.3846153846153844E-003   1625.0644548317082        1.0000000000000000     
   4.6153846153846149E-003   5.7692307692307696E-003   1625.1423294766739        1.0000000000000000     
   4.6153846153846149E-003   6.1538461538461538E-003   1625.2286034015276        1.0000000000000000     
   4.6153846153846149E-003   6.5384615384615381E-003   1625.3221942054895        1.0000000000000000     
   4.6153846153846149E-003   6.9230769230769233E-003   1625.4212651377979        1.0000000000000000     
   4.6153846153846149E-003   7.3076923076923076E-003   1625.5233893487111        1.0000000000000000     
   4.6153846153846149E-003   7.6923076923076927E-003   1625.6257480283830        1.0000000000000000     
   4.6153846153846149E-003   8.0769230769230770E-003   1625.7253496963363        1.0000000000000000     
   4.6153846153846149E-003   8.4615384615384613E-003   1625.8192566878497        1.0000000000000000     
   4.6153846153846149E-003   8.8461538461538456E-003   1625.9048043885323        1.0000000000000000     
   4.6153846153846149E-003   9.2307692307692299E-003   1625.9797989466526        1.0000000000000000     
   4.6153846153846149E-003   9.6153846153846159E-003   1626.0426800485450        1.0000000000000000     

   5.0000000000000001E-003   3.8461538461538462E-004   1623.8648599733735        1.0000000000000000     
   5.0000000000000001E-003   7.6923076923076923E-004   1624.0652640768451        1.0000000000000000     
   5.0000000000000001E-003   1.1538461538461537E-003   1624.2353457895206        1.0000000000000000     
   5.0000000000000001E-003   1.5384615384615385E-003   1624.3771862764440        1.0000000000000000     
   5.0000000000000001E-003   1.9230769230769232E-003   1624.4937631158475        1.0000000000000000     
   5.0000000000000001E-003   2.3076923076923075E-003   1624.5887838841586        1.0000000000000000     
   5.0000000000000001E-003   2.6923076923076922E-003   1624.6664802861480        1.0000000000000000     
   5.0000000000000001E-003   3.0769230769230769E-003   1624.7313753115002        1.0000000000000000     
   5.0000000000000001E-003   3.4615384615384616E-003   1624.7880374959066        1.0000000000000000     
   5.0000000000000001E-003   3.8461538461538464E-003   1624.8408370819673        1.0000000000000000     
   5.0000000000000001E-003   4.2307692307692307E-003   1624.8937186731719        1.0000000000000000     
   5.0000000000000001E-003   4.6153846153846149E-003   1624.9500038683784        1.0000000000000000     
   5.0000000000000001E-003   5.0000000000000001E-003   1625.0122354264020        1.0000000000000000     
   5.0000000000000001E-003   5.3846153846153844E-003   1625.0820718657312        1.0000000000000000     
   5.0000000000000001E-003   5.7692307692307696E-003   1625.1602382225128        1.0000000000000000     
   5.0000000000000001E-003   6.1538461538461538E-003   1625.2465351745616        1.0000000000000000     
   5.0000000000000001E-003   6.5384615384615381E-003   1625.3399051143228        1.0000000000000000     
   5.0000000000000001E-003   6.9230769230769233E-003   1625.4385502484038        1.0000000000000000     
   5.0000000000000001E-003   7.3076923076923076E-003   1625.5400946319965        1.0000000000000000     
   5.0000000000000001E-003   7.6923076923076927E-003   1625.6417793997180        1.0000000000000000     
   5.0000000000000001E-003   8.0769230769230770E-003   1625.7406784711516        1.0000000000000000     
   5.0000000000000001E-003   8.4615384615384613E-003   1625.8339207758811        1.0000000000000000     
   5.0000000000000001E-003   8.8461538461538456E-003   1625.9189045945175        1.0000000000000000     
   5.0000000000000001E-003   9.2307692307692299E-003   1625.9934899559701        1.0000000000000000     
   5.0000000000000001E-003   9.6153846153846159E-003   1626.0561561808415        1.0000000000000000     

   5.3846153846153844E-003   3.8461538461538462E-004   1623.9379906496092        1.0000000000000000     
   5.3846153846153844E-003   7.6923076923076923E-004   1624.1387507283930        1.0000000000000000     
   5.3846153846153844E-003   1.1538461538461537E-003   1624.3095145459085        1.0000000000000000     
   5.3846153846153844E-003   1.5384615384615385E-003   1624.4523300823757        1.0000000000000000     
   5.3846153846153844E-003   1.9230769230769232E-003   1624.5701274914536        1.0000000000000000     
   5.3846153846153844E-003   2.3076923076923075E-003   1624.6665553856603        1.0000000000000000     
   5.3846153846153844E-003   2.6923076923076922E-003   1624.7457783089494        1.0000000000000000     
   5.3846153846153844E-003   3.0769230769230769E-003   1624.8122476774065        1.0000000000000000     
   5.3846153846153844E-003   3.4615384615384616E-003   1624.8704600407398        1.0000000000000000     
   5.3846153846153844E-003   3.8461538461538464E-003   1624.9247172238477        1.0000000000000000     
   5.3846153846153844E-003   4.2307692307692307E-003   1624.9789027104337        1.0000000000000000     
   5.3846153846153844E-003   4.6153846153846149E-003   1625.0362875438661        1.0000000000000000     
   5.3846153846153844E-003   5.0000000000000001E-003   1625.0993771152237        1.0000000000000000     
   5.3846153846153844E-003   5.3846153846153844E-003   1625.1698076064606        1.0000000000000000     
   5.3846153846153844E-003   5.7692307692307696E-003   1625.2482977241416        1.0000000000000000     
   5.3846153846153844E-003   6.1538461538461538E-003   1625.3346578945964        1.0000000000000000     
   5.3846153846153844E-003   6.5384615384615381E-003   1625.4278555135077        1.0000000000000000     
   5.3846153846153844E-003   6.9230769230769233E-003   1625.5261313751043        1.0000000000000000     
   5.3846153846153844E-003   7.3076923076923076E-003   1625.6271592612250        1.0000000000000000     
   5.3846153846153844E-003   7.6923076923076927E-003   1625.7282380356492        1.0000000000000000     
   5.3846153846153844E-003   8.0769230769230770E-003   1625.8265036130024        1.0000000000000000     
   5.3846153846153844E-003   8.4615384615384613E-003   1625.9191469576976        1.0000000000000000     
   5.3846153846153844E-003   8.8461538461538456E-003   1626.0036238756732        1.0000000000000000     
   5.3846153846153844E-003   9.2307692307692299E-003   1626.0778428139149        1.0000000000000000     
   5.3846153846153844E-003   9.6153846153846159E-003   1626.1403181813371        1.0000000000000000     

   5.7692307692307696E-003   3.8461538461538462E-004   1624.0780144079108        1.0000000000000000     
   5.7692307692307696E-003   7.6923076923076923E-004   1624.2791336689486        1.0000000000000000     
   5.7692307692307696E-003   1.1538461538461537E-003   1624.4505747379546        1.0000000000000000     
   5.7692307692307696E-003   1.5384615384615385E-003   1624.5943532851666        1.0000000000000000     
   5.7692307692307696E-003   1.9230769230769232E-003   1624.7133532977452        1.0000000000000000     
   5.7692307692307696E-003   2.3076923076923075E-003   1624.8111660046259        1.0000000000000000     
   5.7692307692307696E-003   2.6923076923076922E-003   1624.8918906154572        1.0000000000000000     
   5.7692307692307696E-003   3.0769230769230769E-003   1624.9599089591954        1.0000000000000000     
   5.7692307692307696E-003   3.4615384615384616E-003   1625.0196476542203        1.0000000000000000     
   5.7692307692307696E-003   3.8461538461538464E-003   1625.0753421377776        1.0000000000000000     
   5.7692307692307696E-003   4.2307692307692307E-003   1625.1308166889696        1.0000000000000000     
   5.7692307692307696E-003   4.6153846153846149E-003   1625.1892935107346        1.0000000000000000     
   5.7692307692307696E-003   5.0000000000000001E-003   1625.2532420613434        1.0000000000000000     
   5.7692307692307696E-003   5.3846153846153844E-003   1625.3242772646802        1.0000000000000000     
   5.7692307692307696E-003   5.7692307692307696E-003   1625.4031121432956        1.0000000000000000     
   5.7692307692307696E-003   6.1538461538461538E-003   1625.4895670036274        1.0000000000000000     
   5.7692307692307696E-003   6.5384615384615381E-003   1625.5826337731082        1.0000000000000000     
   5.7692307692307696E-003   6.9230769230769233E-003   1625.6805906637171        1.0000000000000000     
   5.7692307692307696E-003   7.3076923076923076E-003   1625.7811592264659        1.0000000000000000     
   5.7692307692307696E-003   7.6923076923076927E-003   1625.8816932541072        1.0000000000000000     
   5.7692307692307696E-003   8.0769230769230770E-003   1625.9793870385074        1.0000000000000000     
   5.7692307692307696E-003   8.4615384615384613E-003   1626.0714893067529        1.0000000000000000     
   5.7692307692307696E-003   8.8461538461538456E-003   1626.1555088142820        1.0000000000000000     
   5.7692307692307696E-003   9.2307692307692299E-003   1626.2293980905913        1.0000000000000000     
   5.7692307692307696E-003   9.6153846153846159E-003   1626.2917032010682        1.0000000000000000     

   6.1538461538461538E-003   3.8461538461538462E-004   1624.2763709646053        1.0000000000000000     
   6.1538461538461538E-003   7.6923076923076923E-004   1624.4778460593855        1.0000000000000000     
   6.1538461538461538E-003   1.1538461538461537E-003   1624.6499481587107        1.0000000000000000     
   6.1538461538461538E-003   1.5384615384615385E-003   1624.7946619730840        1.0000000000000000     
   6.1538461538461538E-003   1.9230769230769232E-003   1624.9148272584675        1.0000000000000000     
   6.1538461538461538E-003   2.3076923076923075E-003   1625.0139802781516        1.0000000000000000     
   6.1538461538461538E-003   2.6923076923076922E-003   1625.0961576805751        1.0000000000000000     
   6.1538461538461538E-003   3.0769230769230769E-003   1625.1656746910508        1.0000000000000000     
   6.1538461538461538E-003   3.4615384615384616E-003   1625.2268910365008        1.0000000000000000     
   6.1538461538461538E-003   3.8461538461538464E-003   1625.2839787076359        1.0000000000000000     
   6.1538461538461538E-003   4.2307692307692307E-003   1625.3407054726429        1.0000000000000000     
   6.1538461538461538E-003   4.6153846153846149E-003   1625.4002470041901        1.0000000000000000     
   6.1538461538461538E-003   5.0000000000000001E-003   1625.4650386354597        1.0000000000000000     
   6.1538461538461538E-003   5.3846153846153844E-003   1625.5366752381778        1.0000000000000000     
   6.1538461538461538E-003   5.7692307692307696E-003   1625.6158646758161        1.0000000000000000     
   6.1538461538461538E-003   6.1538461538461538E-003   1625.7024369194844        1.0000000000000000     
   6.1538461538461538E-003   6.5384615384615381E-003   1625.7954074331374        1.0000000000000000     
   6.1538461538461538E-003   6.9230769230769233E-003   1625.8930900552125        1.0000000000000000     
   6.1538461538461538E-003   7.3076923076923076E-003   1625.9932515342973        1.0000000000000000     
   6.1538461538461538E-003   7.6923076923076927E-003   1626.0932973045892        1.0000000000000000     
   6.1538461538461538E-003   8.0769230769230770E-003   1626.1904761682908        1.0000000000000000     
   6.1538461538461538E-003   8.4615384615384613E-003   1626.2820904021698        1.0000000000000000     
   6.1538461538461538E-003   8.8461538461538456E-003   1626.3656974950745        1.0000000000000000     
   6.1538461538461538E-003   9.2307692307692299E-003   1626.4392902766733        1.0000000000000000     
   6.1538461538461538E-003   9.6153846153846159E-003   1626.5014435928633        1.0000000000000000     

   6.5384615384615381E-003   3.8461538461538462E-004   1624.5195679506826        1.0000000000000000     
   6.5384615384615381E-003   7.6923076923076923E-004   1624.7213884907246        1.0000000000000000     
   6.5384615384615381E-003   1.1538461538461537E-003   1624.8941239076016        1.0000000000000000     
   6.5384615384615381E-003   1.5384615384615385E-003   1625.0397297424061        1.0000000000000000     
   6.5384615384615381E-003   1.9230769230769232E-003   1625.1610040820638        1.0000000000000000     
   6.5384615384615381E-003   2.3076923076923075E-003   1625.2614314174625        1.0000000000000000     
   6.5384615384615381E-003   2.6923076923076922E-003   1625.3449894852033        1.0000000000000000     
   6.5384615384615381E-003   3.0769230769230769E-003   1625.4159308138255        1.0000000000000000     
   6.5384615384615381E-003   3.4615384615384616E-003   1625.4785521921690        1.0000000000000000     
   6.5384615384615381E-003   3.8461538461538464E-003   1625.5369659526245        1.0000000000000000     
   6.5384615384615381E-003   4.2307692307692307E-003   1625.5948867742993        1.0000000000000000     
   6.5384615384615381E-003   4.6153846153846149E-003   1625.6554466743266        1.0000000000000000     
   6.5384615384615381E-003   5.0000000000000001E-003   1625.7210490362479        1.0000000000000000     
   6.5384615384615381E-003   5.3846153846153844E-003   1625.7932700381261        1.0000000000000000     
   6.5384615384615381E-003   5.7692307692307696E-003   1625.8728128464847        1.0000000000000000     
   6.5384615384615381E-003   6.1538461538461538E-003   1625.9595166238396        1.0000000000000000     
   6.5384615384615381E-003   6.5384615384615381E-003   1626.0524189647226        1.0000000000000000     
   6.5384615384615381E-003   6.9230769230769233E-003   1626.1498670419833        1.0000000000000000     
   6.5384615384615381E-003   7.3076923076923076E-003   1626.2496697180654        1.0000000000000000     
   6.5384615384615381E-003   7.6923076923076927E-003   1626.3492803420290        1.0000000000000000     
   6.5384615384615381E-003   8.0769230769230770E-003   1626.4459980677905        1.0000000000000000     
   6.5384615384615381E-003   8.4615384615384613E-003   1626.5371744086108        1.0000000000000000     
   6.5384615384615381E-003   8.8461538461538456E-003   1626.6204114577808        1.0000000000000000     
   6.5384615384615381E-003   9.2307692307692299E-003   1626.6937387773835        1.0000000000000000     
   6.5384615384615381E-003   9.6153846153846159E-003   1626.7557573574989        1.0000000000000000     

   6.9230769230769233E-003   3.8461538461538462E-004   1624.7899875876153        1.0000000000000000     
   6.9230769230769233E-003   7.6923076923076923E-004   1624.9921358520216        1.0000000000000000     
   6.9230769230769233E-003   1.1538461538461537E-003   1625.1654654991867        1.0000000000000000     
   6.9230769230769233E-003   1.5384615384615385E-003   1625.3119050918378        1.0000000000000000     
   6.9230769230769233E-003   1.9230769230769232E-003   1625.4342141809288        1.0000000000000000     
   6.9230769230769233E-003   2.3076923076923075E-003   1625.5358293843656        1.0000000000000000     
   6.9230769230769233E-003   2.6923076923076922E-003   1625.6206739746813        1.0000000000000000     
   6.9230769230769233E-003   3.0769230769230769E-003   1625.6929425324126        1.0000000000000000     
   6.9230769230769233E-003   3.4615384615384616E-003   1625.7568736958035        1.0000000000000000     
   6.9230769230769233E-003   3.8461538461538464E-003   1625.8165247027778        1.0000000000000000     
   6.9230769230769233E-003   4.2307692307692307E-003   1625.8755612357995        1.0000000000000000     
   6.9230769230769233E-003   4.6153846153846149E-003   1625.9370750575167        1.0000000000000000     
   6.9230769230769233E-003   5.0000000000000001E-003   1626.0034401307082        1.0000000000000000     
   6.9230769230769233E-003   5.3846153846153844E-003   1626.0762154635113        1.0000000000000000     
   6.9230769230769233E-003   5.7692307692307696E-003   1626.1560999651040        1.0000000000000000     
   6.9230769230769233E-003   6.1538461538461538E-003   1626.2429413231773        1.0000000000000000     
   6.9230769230769233E-003   6.5384615384615381E-003   1626.3357975279018        1.0000000000000000     
   6.9230769230769233E-003   6.9230769230769233E-003   1626.4330463787637        1.0000000000000000     
   6.9230769230769233E-003   7.3076923076923076E-003   1626.5325353254491        1.0000000000000000     
   6.9230769230769233E-003   7.6923076923076927E-003   1626.6317614970530        1.0000000000000000     
   6.9230769230769233E-003   8.0769230769230770E-003   1626.7280699202440        1.0000000000000000     
   6.9230769230769233E-003   8.4615384615384613E-003   1626.8188568319631        1.0000000000000000     
   6.9230769230769233E-003   8.8461538461538456E-003   1626.9017647250193        1.0000000000000000     
   6.9230769230769233E-003   9.2307692307692299E-003   1626.9748563448654        1.0000000000000000     
   6.9230769230769233E-003   9.6153846153846159E-003   1627.0367562507513        1.0000000000000000     

   7.3076923076923076E-003   3.8461538461538462E-004   1625.0669615741465        1.0000000000000000     
   7.3076923076923076E-003   7.6923076923076923E-004   1625.2694124400491        1.0000000000000000     
   7.3076923076923076E-003   1.1538461538461537E-003   1625.4432862289577        1.0000000000000000     
   7.3076923076923076E-003   1.5384615384615385E-003   1625.5904870747820        1.0000000000000000     
   7.3076923076923076E-003   1.9230769230769232E-003   1625.7137396363842        1.0000000000000000     
   7.3076923076923076E-003   2.3076923076923075E-003   1625.8164371901321        1.0000000000000000     
   7.3076923076923076E-003   2.6923076923076922E-003   1625.9024537070984        1.0000000000000000     
   7.3076923076923076E-003   3.0769230769230769E-003   1625.9759313230004        1.0000000000000000     
   7.3076923076923076E-003   3.4615384615384616E-003   1626.0410560614716        1.0000000000000000     
   7.3076923076923076E-003   3.8461538461538464E-003   1626.1018353277350        1.0000000000000000     
   7.3076923076923076E-003   4.2307692307692307E-003   1626.1618905064583        1.0000000000000000     
   7.3076923076923076E-003   4.6153846153846149E-003   1626.2242769876216        1.0000000000000000     
   7.3076923076923076E-003   5.0000000000000001E-003   1626.2913421724124        1.0000000000000000     
   7.3076923076923076E-003   5.3846153846153844E-003   1626.3646295895410        1.0000000000000000     
   7.3076923076923076E-003   5.7692307692307696E-003   1626.4448343337190        1.0000000000000000     
   7.3076923076923076E-003   6.1538461538461538E-003   1626.5318118054863        1.0000000000000000     
   7.3076923076923076E-003   6.5384615384615381E-003   1626.6246383875975        1.0000000000000000     
   7.3076923076923076E-003   6.9230769230769233E-003   1626.7217194469297        1.0000000000000000     
   7.3076923076923076E-003   7.3076923076923076E-003   1626.8209371046974        1.0000000000000000     
   7.3076923076923076E-003   7.6923076923076927E-003   1626.9198277553971        1.0000000000000000     
   7.3076923076923076E-003   8.0769230769230770E-003   1627.0157774898266        1.0000000000000000     
   7.3076923076923076E-003   8.4615384615384613E-003   1627.1062225037308        1.0000000000000000     
   7.3076923076923076E-003   8.8461538461538456E-003   1627.1888413190065        1.0000000000000000     
   7.3076923076923076E-003   9.2307692307692299E-003   1627.2617262263982        1.0000000000000000     
   7.3076923076923076E-003   9.6153846153846159E-003   1627.3235227432135        1.0000000000000000     

   7.6923076923076927E-003   3.8461538461538462E-004   1625.3280478452166        1.0000000000000000     
   7.6923076923076927E-003   7.6923076923076923E-004   1625.5307689619201        1.0000000000000000     
   7.6923076923076927E-003   1.1538461538461537E-003   1625.7051264388635        1.0000000000000000     
   7.6923076923076927E-003   1.5384615384615385E-003   1625.8530028450446        1.0000000000000000     
   7.6923076923076927E-003   1.9230769230769232E-003   1625.9770920391479        1.0000000000000000     
   7.6923076923076927E-003   2.3076923076923075E-003   1626.0807490418886        1.0000000000000000     
   7.6923076923076927E-003   2.6923076923076922E-003   1626.1678043129014        1.0000000000000000     
   7.6923076923076927E-003   3.0769230769230769E-003   1626.2423537089237        1.0000000000000000     
   7.6923076923076927E-003   3.4615384615384616E-003   1626.3085368333168        1.0000000000000000     
   7.6923076923076927E-003   3.8461538461538464E-003   1626.3703171356735        1.0000000000000000     
   7.6923076923076927E-003   4.2307692307692307E-003   1626.4312769385917        1.0000000000000000     
   7.6923076923076927E-003   4.6153846153846149E-003   1626.4944395701993        1.0000000000000000     
   7.6923076923076927E-003   5.0000000000000001E-003   1626.5621290290628        1.0000000000000000     
   7.6923076923076927E-003   5.3846153846153844E-003   1626.6358752140809        1.0000000000000000     
   7.6923076923076927E-003   5.7692307692307696E-003   1626.7163698664863        1.0000000000000000     
   7.6923076923076927E-003   6.1538461538461538E-003   1626.8034751753391        1.0000000000000000     
   7.6923076923076927E-003   6.5384615384615381E-003   1626.8962836924461        1.0000000000000000     
   7.6923076923076927E-003   6.9230769230769233E-003   1626.9932249940582        1.0000000000000000     
   7.6923076923076927E-003   7.3076923076923076E-003   1627.0922116157740        1.0000000000000000     
   7.6923076923076927E-003   7.6923076923076927E-003   1627.1908143554713        1.0000000000000000     
   7.6923076923076927E-003   8.0769230769230770E-003   1627.2864552388480        1.0000000000000000     
   7.6923076923076927E-003   8.4615384615384613E-003   1627.3766053859454        1.0000000000000000     
   7.6923076923076927E-003   8.8461538461538456E-003   1627.4589747713017        1.0000000000000000     
   7.6923076923076927E-003   9.2307692307692299E-003   1627.5316814513701        1.0000000000000000     
   7.6923076923076927E-003   9.6153846153846159E-003   1627.5933892056391        1.0000000000000000     

   8.0769230769230770E-003   3.8461538461538462E-004   1625.5504289787420        1.0000000000000000     
   8.0769230769230770E-003   7.6923076923076923E-004   1625.7533811946732        1.0000000000000000     
   8.0769230769230770E-003   1.1538461538461537E-003   1625.9281524371302        1.0000000000000000     
   8.0769230769230770E-003   1.5384615384615385E-003   1626.0766068432629        1.0000000000000000     
   8.0769230769230770E-003   1.9230769230769232E-003   1626.2014119471594        1.0000000000000000     
   8.0769230769230770E-003   2.3076923076923075E-003   1626.3058900747035        1.0000000000000000     
   8.0769230769230770E-003   2.6923076923076922E-003   1626.3938345017832        1.0000000000000000     
   8.0769230769230770E-003   3.0769230769230769E-003   1626.4693015402502        1.0000000000000000     
   8.0769230769230770E-003   3.4615384615384616E-003   1626.5363911328011        1.0000000000000000     
   8.0769230769230770E-003   3.8461538461538464E-003   1626.5990291797812        1.0000000000000000     
   8.0769230769230770E-003   4.2307692307692307E-003   1626.6607646408806        1.0000000000000000     
   8.0769230769230770E-003   4.6153846153846149E-003   1626.7245934657342        1.0000000000000000     
   8.0769230769230770E-003   5.0000000000000001E-003   1626.7928196727948        1.0000000000000000     
   8.0769230769230770E-003   5.3846153846153844E-003   1626.8669615254314        1.0000000000000000     
   8.0769230769230770E-003   5.7692307692307696E-003   1626.9477078972850        1.0000000000000000     
   8.0769230769230770E-003   6.1538461538461538E-003   1627.0349267551355        1.0000000000000000     
   8.0769230769230770E-003   6.5384615384615381E-003   1627.1277244152006        1.0000000000000000     
   8.0769230769230770E-003   6.9230769230769233E-003   1627.2245510529772        1.0000000000000000     
   8.0769230769230770E-003   7.3076923076923076E-003   1627.3233450661262        1.0000000000000000     
   8.0769230769230770E-003   7.6923076923076927E-003   1627.4217064847064        1.0000000000000000     
   8.0769230769230770E-003   8.0769230769230770E-003   1627.5170878436952        1.0000000000000000     
   8.0769230769230770E-003   8.4615384615384613E-003   1627.6069898907629        1.0000000000000000     
   8.0769230769230770E-003   8.8461538461538456E-003   1627.6891492628351        1.0000000000000000     
   8.0769230769230770E-003   9.2307692307692299E-003   1627.7617058435339        1.0000000000000000     
   8.0769230769230770E-003   9.6153846153846159E-003   1627.8233388750327        1.0000000000000000     

   8.4615384615384613E-003   3.8461538461538462E-004   1625.7123432256583        1.0000000000000000     
   8.4615384615384613E-003   7.6923076923076923E-004   1625.9154812644795        1.0000000000000000     
   8.4615384615384613E-003   1.1538461538461537E-003   1626.0905880251071        1.0000000000000000     
   8.4615384615384613E-003   1.5384615384615385E-003   1626.2395125694200        1.0000000000000000     
   8.4615384615384613E-003   1.9230769230769232E-003   1626.3649009011888        1.0000000000000000     
   8.4615384615384613E-003   2.3076923076923075E-003   1626.4700486068934        1.0000000000000000     
   8.4615384615384613E-003   2.6923076923076922E-003   1626.5587185532484        1.0000000000000000     
   8.4615384615384613E-003   3.0769230769230769E-003   1626.6349347139471        1.0000000000000000     
   8.4615384615384613E-003   3.4615384615384616E-003   1626.7027646011888        1.0000000000000000     
   8.4615384615384613E-003   3.8461538461538464E-003   1626.7661034138353        1.0000000000000000     
   8.4615384615384613E-003   4.2307692307692307E-003   1626.8284728352346        1.0000000000000000     
   8.4615384615384613E-003   4.6153846153846149E-003   1626.8928464327453        1.0000000000000000     
   8.4615384615384613E-003   5.0000000000000001E-003   1626.9615118904896        1.0000000000000000     
   8.4615384615384613E-003   5.3846153846153844E-003   1627.0359779558773        1.0000000000000000     
   8.4615384615384613E-003   5.7692307692307696E-003   1627.1169311470924        1.0000000000000000     
   8.4615384615384613E-003   6.1538461538461538E-003   1627.2042441311853        1.0000000000000000     
   8.4615384615384613E-003   6.5384615384615381E-003   1627.2970344374946        1.0000000000000000     
   8.4615384615384613E-003   6.9230769230769233E-003   1627.3937690222244        1.0000000000000000     
   8.4615384615384613E-003   7.3076923076923076E-003   1627.4924073443985        1.0000000000000000     
   8.4615384615384613E-003   7.6923076923076927E-003   1627.5905732296917        1.0000000000000000     
   8.4615384615384613E-003   8.0769230769230770E-003   1627.6857440362251        1.0000000000000000     
   8.4615384615384613E-003   8.4615384615384613E-003   1627.7754446054651        1.0000000000000000     
   8.4615384615384613E-003   8.8461538461538456E-003   1627.8574332464539        1.0000000000000000     
   8.4615384615384613E-003   9.2307692307692299E-003   1627.9298675773182        1.0000000000000000     
   8.4615384615384613E-003   9.6153846153846159E-003   1627.9914393995714        1.0000000000000000     

   8.8461538461538456E-003   3.8461538461538462E-004   1625.7944561357253        1.0000000000000000     
   8.8461538461538456E-003   7.6923076923076923E-004   1625.9977295050642        1.0000000000000000     
   8.8461538461538456E-003   1.1538461538461537E-003   1626.1730865807569        1.0000000000000000     
   8.8461538461538456E-003   1.5384615384615385E-003   1626.3223648839610        1.0000000000000000     
   8.8461538461538456E-003   1.9230769230769232E-003   1626.4481939361838        1.0000000000000000     
   8.8461538461538456E-003   2.3076923076923075E-003   1626.5538488542147        1.0000000000000000     
   8.8461538461538456E-003   2.6923076923076922E-003   1626.6430692262074        1.0000000000000000     
   8.8461538461538456E-003   3.0769230769230769E-003   1626.7198542711496        1.0000000000000000     
   8.8461538461538456E-003   3.4615384615384616E-003   1626.7882466763087        1.0000000000000000     
   8.8461538461538456E-003   3.8461538461538464E-003   1626.8521181393382        1.0000000000000000     
   8.8461538461538456E-003   4.2307692307692307E-003   1626.9149694638456        1.0000000000000000     
   8.8461538461538456E-003   4.6153846153846149E-003   1626.9797570823225        1.0000000000000000     
   8.8461538461538456E-003   5.0000000000000001E-003   1627.0487561706950        1.0000000000000000     
   8.8461538461538456E-003   5.3846153846153844E-003   1627.1234681827177        1.0000000000000000     
   8.8461538461538456E-003   5.7692307692307696E-003   1627.2045778171819        1.0000000000000000     
   8.8461538461538456E-003   6.1538461538461538E-003   1627.2919613135753        1.0000000000000000     
   8.8461538461538456E-003   6.5384615384615381E-003   1627.3847447479527        1.0000000000000000     
   8.8461538461538456E-003   6.9230769230769233E-003   1627.4814078726622        1.0000000000000000     
   8.8461538461538456E-003   7.3076923076923076E-003   1627.5799262070198        1.0000000000000000     
   8.8461538461538456E-003   7.6923076923076927E-003   1627.6779417188409        1.0000000000000000     
   8.8461538461538456E-003   8.0769230769230770E-003   1627.7729506870348        1.0000000000000000     
   8.8461538461538456E-003   8.4615384615384613E-003   1627.8624963127727        1.0000000000000000     
   8.8461538461538456E-003   8.8461538461538456E-003   1627.9443534148784        1.0000000000000000     
   8.8461538461538456E-003   9.2307692307692299E-003   1628.0166931182468        1.0000000000000000     
   8.8461538461538456E-003   9.6153846153846159E-003   1628.0782167878588        1.0000000000000000     

   9.2307692307692299E-003   3.8461538461538462E-004   1625.7810838657033        1.0000000000000000     
   9.2307692307692299E-003   7.6923076923076923E-004   1625.9844379694043        1.0000000000000000     
   9.2307692307692299E-003   1.1538461538461537E-003   1626.1599547634746        1.0000000000000000     
   9.2307692307692299E-003   1.5384615384615385E-003   1626.3094638956213        1.0000000000000000     
   9.2307692307692299E-003   1.9230769230769232E-003   1626.4355836424593        1.0000000000000000     
   9.2307692307692299E-003   2.3076923076923075E-003   1626.5415751552662        1.0000000000000000     
   9.2307692307692299E-003   2.6923076923076922E-003   1626.6311621399548        1.0000000000000000     
   9.2307692307692299E-003   3.0769230769230769E-003   1626.7083269255020        1.0000000000000000     
   9.2307692307692299E-003   3.4615384615384616E-003   1626.7770952602193        1.0000000000000000     
   9.2307692307692299E-003   3.8461538461538464E-003   1626.8413228043851        1.0000000000000000     
   9.2307692307692299E-003   4.2307692307692307E-003   1626.9044961105863        1.0000000000000000     
   9.2307692307692299E-003   4.6153846153846149E-003   1626.9695599123447        1.0000000000000000     
   9.2307692307692299E-003   5.0000000000000001E-003   1627.0387808394294        1.0000000000000000     
   9.2307692307692299E-003   5.3846153846153844E-003   1627.1136553523936        1.0000000000000000     
   9.2307692307692299E-003   5.7692307692307696E-003   1627.1948668860718        1.0000000000000000     
   9.2307692307692299E-003   6.1538461538461538E-003   1627.2822940882056        1.0000000000000000     
   9.2307692307692299E-003   6.5384615384615381E-003   1627.3750688299574        1.0000000000000000     
   9.2307692307692299E-003   6.9230769230769233E-003   1627.4716795510631        1.0000000000000000     
   9.2307692307692299E-003   7.3076923076923076E-003   1627.5701126789324        1.0000000000000000     
   9.2307692307692299E-003   7.6923076923076927E-003   1627.6680225049824        1.0000000000000000     
   9.2307692307692299E-003   8.0769230769230770E-003   1627.7629181604614        1.0000000000000000     
   9.2307692307692299E-003   8.4615384615384613E-003   1627.8523553167095        1.0000000000000000     
   9.2307692307692299E-003   8.8461538461538456E-003   1627.9341200049676        1.0000000000000000     
   9.2307692307692299E-003   9.2307692307692299E-003   1628.0063925220645        1.0000000000000000     
   9.2307692307692299E-003   9.6153846153846159E-003   1628.0678807265570        1.0000000000000000     

   9.6153846153846159E-003   3.8461538461538462E-004   1625.6611883617377        1.0000000000000000     
   9.6153846153846159E-003   7.6923076923076923E-004   1625.8645657756149        1.0000000000000000     
   9.6153846153846159E-003   1.1538461538461537E-003   1626.0401480129181        1.0000000000000000     
   9.6153846153846159E-003   1.5384615384615385E-003   1626.1897606031123        1.0000000000000000     
   9.6153846153846159E-003   1.9230769230769232E-003   1626.3160159407043        1.0000000000000000     
   9.6153846153846159E-003   2.3076923076923075E-003   1626.4221678710126        1.0000000000000000     
   9.6153846153846159E-003   2.6923076923076922E-003   1626.5119317901044        1.0000000000000000     
   9.6153846153846159E-003   3.0769230769230769E-003   1626.5892811880772        1.0000000000000000     
   9.6153846153846159E-003   3.4615384615384616E-003   1626.6582329462078        1.0000000000000000     
   9.6153846153846159E-003   3.8461538461538464E-003   1626.7226343261191        1.0000000000000000     
   9.6153846153846159E-003   4.2307692307692307E-003   1626.7859644122573        1.0000000000000000     
   9.6153846153846159E-003   4.6153846153846149E-003   1626.8511618004525        1.0000000000000000     
   9.6153846153846159E-003   5.0000000000000001E-003   1626.9204886269806        1.0000000000000000     
   9.6153846153846159E-003   5.3846153846153844E-003   1626.9954387120777        1.0000000000000000     
   9.6153846153846159E-003   5.7692307692307696E-003   1627.0766947955178        1.0000000000000000     
   9.6153846153846159E-003   6.1538461538461538E-003   1627.1641367455445        1.0000000000000000     
   9.6153846153846159E-003   6.5384615384615381E-003   1627.2568994205685        1.0000000000000000     
   9.6153846153846159E-003   6.9230769230769233E-003   1627.3534757564548        1.0000000000000000     
   9.6153846153846159E-003   7.3076923076923076E-003   1627.4518578355580        1.0000000000000000     
   9.6153846153846159E-003   7.6923076923076927E-003   1627.5497063435389        1.0000000000000000     
   9.6153846153846159E-003   8.0769230769230770E-003   1627.6445370833396        1.0000000000000000     
   9.6153846153846159E-003   8.4615384615384613E-003   1627.7339122012925        1.0000000000000000     
   9.6153846153846159E-003   8.8461538461538456E-003   1627.8156235513718        1.0000000000000000     
   9.6153846153846159E-003   9.2307692307692299E-003   1627.8878561938343        1.0000000000000000     
   9.6153846153846159E-003   9.6153846153846159E-003   1627.9493213597768        1.0000000000000000     

