   3.8461538461538462E-004   3.8461538461538462E-004   910.50038354632181        1.0000000000000000     
   3.8461538461538462E-004   7.6923076923076923E-004   910.48249464335584        1.0000000000000000     
   3.8461538461538462E-004   1.1538461538461537E-003   910.46640376586731        1.0000000000000000     
   3.8461538461538462E-004   1.5384615384615385E-003   910.45209485787154        1.0000000000000000     
   3.8461538461538462E-004   1.9230769230769232E-003   910.43920300088246        1.0000000000000000     
   3.8461538461538462E-004   2.3076923076923075E-003   910.42786393063602        1.0000000000000000     
   3.8461538461538462E-004   2.6923076923076922E-003   910.41804959204694        1.0000000000000000     
   3.8461538461538462E-004   3.0769230769230769E-003   910.40979828497143        1.0000000000000000     
   3.8461538461538462E-004   3.4615384615384616E-003   910.40308437101112        1.0000000000000000     
   3.8461538461538462E-004   3.8461538461538464E-003   910.39788677272031        1.0000000000000000     
   3.8461538461538462E-004   4.2307692307692307E-003   910.39418776812977        1.0000000000000000     
   3.8461538461538462E-004   4.6153846153846149E-003   910.39197394761698        1.0000000000000000     
   3.8461538461538462E-004   5.0000000000000001E-003   910.39123695374451        1.0000000000000000     
   3.8461538461538462E-004   5.3846153846153844E-003   910.39197394761675        1.0000000000000000     
   3.8461538461538462E-004   5.7692307692307696E-003   910.39418776812931        1.0000000000000000     
   3.8461538461538462E-004   6.1538461538461538E-003   910.39788677271986        1.0000000000000000     
   3.8461538461538462E-004   6.5384615384615381E-003   910.40308437101066        1.0000000000000000     
   3.8461538461538462E-004   6.9230769230769233E-003   910.40979828497063        1.0000000000000000     
   3.8461538461538462E-004   7.3076923076923076E-003   910.41804959204683        1.0000000000000000     
   3.8461538461538462E-004   7.6923076923076927E-003   910.42786393063625        1.0000000000000000     
   3.8461538461538462E-004   8.0769230769230770E-003   910.43920300088234        1.0000000000000000     
   3.8461538461538462E-004   8.4615384615384613E-003   910.45209485787143        1.0000000000000000     
   3.8461538461538462E-004   8.8461538461538456E-003   910.46640376586754        1.0000000000000000     
   3.8461538461538462E-004   9.2307692307692299E-003   910.48249464335584        1.0000000000000000     
   3.8461538461538462E-004   9.6153846153846159E-003   910.50038354632181        1.0000000000000000     

   7.6923076923076923E-004   3.8461538461538462E-004   970.52403228275170        1.0000000000000000     
   7.6923076923076923E-004   7.6923076923076923E-004   970.48908710232547        1.0000000000000000     
   7.6923076923076923E-004   1.1538461538461537E-003   970.45746731506313        1.0000000000000000     
   7.6923076923076923E-004   1.5384615384615385E-003   970.42879308212775        1.0000000000000000     
   7.6923076923076923E-004   1.9230769230769232E-003   970.40354732817866        1.0000000000000000     
   7.6923076923076923E-004   2.3076923076923075E-003   970.38108363144249        1.0000000000000000     
   7.6923076923076923E-004   2.6923076923076922E-003   970.36170128791719        1.0000000000000000     
   7.6923076923076923E-004   3.0769230769230769E-003   970.34540492713938        1.0000000000000000     
   7.6923076923076923E-004   3.4615384615384616E-003   970.33214564010689        1.0000000000000000     
   7.6923076923076923E-004   3.8461538461538464E-003   970.32188141253550        1.0000000000000000     
   7.6923076923076923E-004   4.2307692307692307E-003   970.31457689318324        1.0000000000000000     
   7.6923076923076923E-004   4.6153846153846149E-003   970.31020532328762        1.0000000000000000     
   7.6923076923076923E-004   5.0000000000000001E-003   970.30875002221728        1.0000000000000000     
   7.6923076923076923E-004   5.3846153846153844E-003   970.31020532328807        1.0000000000000000     
   7.6923076923076923E-004   5.7692307692307696E-003   970.31457689318336        1.0000000000000000     
   7.6923076923076923E-004   6.1538461538461538E-003   970.32188141253516        1.0000000000000000     
   7.6923076923076923E-004   6.5384615384615381E-003   970.33214564010655        1.0000000000000000     
   7.6923076923076923E-004   6.9230769230769233E-003   970.34540492713870        1.0000000000000000     
   7.6923076923076923E-004   7.3076923076923076E-003   970.36170128791650        1.0000000000000000     
   7.6923076923076923E-004   7.6923076923076927E-003   970.38108363144227        1.0000000000000000     
   7.6923076923076923E-004   8.0769230769230770E-003   970.40354732817866        1.0000000000000000     
   7.6923076923076923E-004   8.4615384615384613E-003   970.42879308212775        1.0000000000000000     
   7.6923076923076923E-004   8.8461538461538456E-003   970.45746731506358        1.0000000000000000     
   7.6923076923076923E-004   9.2307692307692299E-003   970.48908710232536        1.0000000000000000     
   7.6923076923076923E-004   9.6153846153846159E-003   970.52403228275148        1.0000000000000000     

   1.1538461538461537E-003   3.8461538461538462E-004   1029.6065198447372        1.0000000000000000     
   1.1538461538461537E-003   7.6923076923076923E-004   1029.5552841014478        1.0000000000000000     
   1.1538461538461537E-003   1.1538461538461537E-003   1029.5082570060720        1.0000000000000000     
   1.1538461538461537E-003   1.5384615384615385E-003   1029.4666841455810        1.0000000000000000     
   1.1538461538461537E-003   1.9230769230769232E-003   1029.4293732004569        1.0000000000000000     
   1.1538461538461537E-003   2.3076923076923075E-003   1029.3963499213603        1.0000000000000000     
   1.1538461538461537E-003   2.6923076923076922E-003   1029.3678772380165        1.0000000000000000     
   1.1538461538461537E-003   3.0769230769230769E-003   1029.3439393899814        1.0000000000000000     
   1.1538461538461537E-003   3.4615384615384616E-003   1029.3244645411671        1.0000000000000000     
   1.1538461538461537E-003   3.8461538461538464E-003   1029.3093899823491        1.0000000000000000     
   1.1538461538461537E-003   4.2307692307692307E-003   1029.2986629055981        1.0000000000000000     
   1.1538461538461537E-003   4.6153846153846149E-003   1029.2922433172744        1.0000000000000000     
   1.1538461538461537E-003   5.0000000000000001E-003   1029.2901062788999        1.0000000000000000     
   1.1538461538461537E-003   5.3846153846153844E-003   1029.2922433172735        1.0000000000000000     
   1.1538461538461537E-003   5.7692307692307696E-003   1029.2986629055983        1.0000000000000000     
   1.1538461538461537E-003   6.1538461538461538E-003   1029.3093899823491        1.0000000000000000     
   1.1538461538461537E-003   6.5384615384615381E-003   1029.3244645411664        1.0000000000000000     
   1.1538461538461537E-003   6.9230769230769233E-003   1029.3439393899798        1.0000000000000000     
   1.1538461538461537E-003   7.3076923076923076E-003   1029.3678772380156        1.0000000000000000     
   1.1538461538461537E-003   7.6923076923076927E-003   1029.3963499213592        1.0000000000000000     
   1.1538461538461537E-003   8.0769230769230770E-003   1029.4293732004567        1.0000000000000000     
   1.1538461538461537E-003   8.4615384615384613E-003   1029.4666841455817        1.0000000000000000     
   1.1538461538461537E-003   8.8461538461538456E-003   1029.5082570060722        1.0000000000000000     
   1.1538461538461537E-003   9.2307692307692299E-003   1029.5552841014480        1.0000000000000000     
   1.1538461538461537E-003   9.6153846153846159E-003   1029.6065198447370        1.0000000000000000     

   1.5384615384615385E-003   3.8461538461538462E-004   1087.3053598931435        1.0000000000000000     
   1.5384615384615385E-003   7.6923076923076923E-004   1087.2385870723219        1.0000000000000000     
   1.5384615384615385E-003   1.1538461538461537E-003   1087.1782410169239        1.0000000000000000     
   1.5384615384615385E-003   1.5384615384615385E-003   1087.1241125772010        1.0000000000000000     
   1.5384615384615385E-003   1.9230769230769232E-003   1087.0756744205632        1.0000000000000000     
   1.5384615384615385E-003   2.3076923076923075E-003   1087.0328897641632        1.0000000000000000     
   1.5384615384615385E-003   2.6923076923076922E-003   1086.9960174192879        1.0000000000000000     
   1.5384615384615385E-003   3.0769230769230769E-003   1086.9650216978307        1.0000000000000000     
   1.5384615384615385E-003   3.4615384615384616E-003   1086.9398082681848        1.0000000000000000     
   1.5384615384615385E-003   3.8461538461538464E-003   1086.9202940571672        1.0000000000000000     
   1.5384615384615385E-003   4.2307692307692307E-003   1086.9064090368365        1.0000000000000000     
   1.5384615384615385E-003   4.6153846153846149E-003   1086.8981001375819        1.0000000000000000     
   1.5384615384615385E-003   5.0000000000000001E-003   1086.8953342544626        1.0000000000000000     
   1.5384615384615385E-003   5.3846153846153844E-003   1086.8981001375821        1.0000000000000000     
   1.5384615384615385E-003   5.7692307692307696E-003   1086.9064090368370        1.0000000000000000     
   1.5384615384615385E-003   6.1538461538461538E-003   1086.9202940571672        1.0000000000000000     
   1.5384615384615385E-003   6.5384615384615381E-003   1086.9398082681842        1.0000000000000000     
   1.5384615384615385E-003   6.9230769230769233E-003   1086.9650216978303        1.0000000000000000     
   1.5384615384615385E-003   7.3076923076923076E-003   1086.9960174192870        1.0000000000000000     
   1.5384615384615385E-003   7.6923076923076927E-003   1087.0328897641627        1.0000000000000000     
   1.5384615384615385E-003   8.0769230769230770E-003   1087.0756744205630        1.0000000000000000     
   1.5384615384615385E-003   8.4615384615384613E-003   1087.1241125772015        1.0000000000000000     
   1.5384615384615385E-003   8.8461538461538456E-003   1087.1782410169235        1.0000000000000000     
   1.5384615384615385E-003   9.2307692307692299E-003   1087.2385870723217        1.0000000000000000     
   1.5384615384615385E-003   9.6153846153846159E-003   1087.3053598931433        1.0000000000000000     

   1.9230769230769232E-003   3.8461538461538462E-004   1143.2101312948998        1.0000000000000000     
   1.9230769230769232E-003   7.6923076923076923E-004   1143.1298647013275        1.0000000000000000     
   1.9230769230769232E-003   1.1538461538461537E-003   1143.0569727549428        1.0000000000000000     
   1.9230769230769232E-003   1.5384615384615385E-003   1142.9916183184378        1.0000000000000000     
   1.9230769230769232E-003   1.9230769230769232E-003   1142.9332005867450        1.0000000000000000     
   1.9230769230769232E-003   2.3076923076923075E-003   1142.8816653592869        1.0000000000000000     
   1.9230769230769232E-003   2.6923076923076922E-003   1142.8372679423833        1.0000000000000000     
   1.9230769230769232E-003   3.0769230769230769E-003   1142.7999533776986        1.0000000000000000     
   1.9230769230769232E-003   3.4615384615384616E-003   1142.7696053975799        1.0000000000000000     
   1.9230769230769232E-003   3.8461538461538464E-003   1142.7461209651904        1.0000000000000000     
   1.9230769230769232E-003   4.2307692307692307E-003   1142.7294131187464        1.0000000000000000     
   1.9230769230769232E-003   4.6153846153846149E-003   1142.7194159050946        1.0000000000000000     
   1.9230769230769232E-003   5.0000000000000001E-003   1142.7160881639550        1.0000000000000000     
   1.9230769230769232E-003   5.3846153846153844E-003   1142.7194159050939        1.0000000000000000     
   1.9230769230769232E-003   5.7692307692307696E-003   1142.7294131187457        1.0000000000000000     
   1.9230769230769232E-003   6.1538461538461538E-003   1142.7461209651897        1.0000000000000000     
   1.9230769230769232E-003   6.5384615384615381E-003   1142.7696053975806        1.0000000000000000     
   1.9230769230769232E-003   6.9230769230769233E-003   1142.7999533776983        1.0000000000000000     
   1.9230769230769232E-003   7.3076923076923076E-003   1142.8372679423828        1.0000000000000000     
   1.9230769230769232E-003   7.6923076923076927E-003   1142.8816653592862        1.0000000000000000     
   1.9230769230769232E-003   8.0769230769230770E-003   1142.9332005867452        1.0000000000000000     
   1.9230769230769232E-003   8.4615384615384613E-003   1142.9916183184389        1.0000000000000000     
   1.9230769230769232E-003   8.8461538461538456E-003   1143.0569727549439        1.0000000000000000     
   1.9230769230769232E-003   9.2307692307692299E-003   1143.1298647013273        1.0000000000000000     
   1.9230769230769232E-003   9.6153846153846159E-003   1143.2101312948998        1.0000000000000000     

   2.3076923076923075E-003   3.8461538461538462E-004   1196.9521768376298        1.0000000000000000     
   2.3076923076923075E-003   7.6923076923076923E-004   1196.8599352417937        1.0000000000000000     
   2.3076923076923075E-003   1.1538461538461537E-003   1196.7761982356160        1.0000000000000000     
   2.3076923076923075E-003   1.5384615384615385E-003   1196.7011203631018        1.0000000000000000     
   2.3076923076923075E-003   1.9230769230769232E-003   1196.6340639266571        1.0000000000000000     
   2.3076923076923075E-003   2.3076923076923075E-003   1196.5749593598830        1.0000000000000000     
   2.3076923076923075E-003   2.6923076923076922E-003   1196.5240590255262        1.0000000000000000     
   2.3076923076923075E-003   3.0769230769230769E-003   1196.4812894249051        1.0000000000000000     
   2.3076923076923075E-003   3.4615384615384616E-003   1196.4465129565913        1.0000000000000000     
   2.3076923076923075E-003   3.8461538461538464E-003   1196.4196070550299        1.0000000000000000     
   2.3076923076923075E-003   4.2307692307692307E-003   1196.4004681375732        1.0000000000000000     
   2.3076923076923075E-003   4.6153846153846149E-003   1196.3890175801539        1.0000000000000000     
   2.3076923076923075E-003   5.0000000000000001E-003   1196.3852062909709        1.0000000000000000     
   2.3076923076923075E-003   5.3846153846153844E-003   1196.3890175801539        1.0000000000000000     
   2.3076923076923075E-003   5.7692307692307696E-003   1196.4004681375727        1.0000000000000000     
   2.3076923076923075E-003   6.1538461538461538E-003   1196.4196070550299        1.0000000000000000     
   2.3076923076923075E-003   6.5384615384615381E-003   1196.4465129565908        1.0000000000000000     
   2.3076923076923075E-003   6.9230769230769233E-003   1196.4812894249051        1.0000000000000000     
   2.3076923076923075E-003   7.3076923076923076E-003   1196.5240590255269        1.0000000000000000     
   2.3076923076923075E-003   7.6923076923076927E-003   1196.5749593598835        1.0000000000000000     
   2.3076923076923075E-003   8.0769230769230770E-003   1196.6340639266571        1.0000000000000000     
   2.3076923076923075E-003   8.4615384615384613E-003   1196.7011203631021        1.0000000000000000     
   2.3076923076923075E-003   8.8461538461538456E-003   1196.7761982356169        1.0000000000000000     
   2.3076923076923075E-003   9.2307692307692299E-003   1196.8599352417948        1.0000000000000000     
   2.3076923076923075E-003   9.6153846153846159E-003   1196.9521768376308        1.0000000000000000     

   2.6923076923076922E-003   3.8461538461538462E-004   1248.2107969149488        1.0000000000000000     
   2.6923076923076922E-003   7.6923076923076923E-004   1248.1086133094827        1.0000000000000000     
   2.6923076923076922E-003   1.1538461538461537E-003   1248.0158673215949        1.0000000000000000     
   2.6923076923076922E-003   1.5384615384615385E-003   1247.9327218657290        1.0000000000000000     
   2.6923076923076922E-003   1.9230769230769232E-003   1247.8585057305811        1.0000000000000000     
   2.6923076923076922E-003   2.3076923076923075E-003   1247.7931353677764        1.0000000000000000     
   2.6923076923076922E-003   2.6923076923076922E-003   1247.7368604155085        1.0000000000000000     
   2.6923076923076922E-003   3.0769230769230769E-003   1247.6895894337533        1.0000000000000000     
   2.6923076923076922E-003   3.4615384615384616E-003   1247.6511640518163        1.0000000000000000     
   2.6923076923076922E-003   3.8461538461538464E-003   1247.6214426005429        1.0000000000000000     
   2.6923076923076922E-003   4.2307692307692307E-003   1247.6003051926698        1.0000000000000000     
   2.6923076923076922E-003   4.6153846153846149E-003   1247.5876607531914        1.0000000000000000     
   2.6923076923076922E-003   5.0000000000000001E-003   1247.5834523888427        1.0000000000000000     
   2.6923076923076922E-003   5.3846153846153844E-003   1247.5876607531916        1.0000000000000000     
   2.6923076923076922E-003   5.7692307692307696E-003   1247.6003051926702        1.0000000000000000     
   2.6923076923076922E-003   6.1538461538461538E-003   1247.6214426005431        1.0000000000000000     
   2.6923076923076922E-003   6.5384615384615381E-003   1247.6511640518163        1.0000000000000000     
   2.6923076923076922E-003   6.9230769230769233E-003   1247.6895894337542        1.0000000000000000     
   2.6923076923076922E-003   7.3076923076923076E-003   1247.7368604155088        1.0000000000000000     
   2.6923076923076922E-003   7.6923076923076927E-003   1247.7931353677773        1.0000000000000000     
   2.6923076923076922E-003   8.0769230769230770E-003   1247.8585057305818        1.0000000000000000     
   2.6923076923076922E-003   8.4615384615384613E-003   1247.9327218657295        1.0000000000000000     
   2.6923076923076922E-003   8.8461538461538456E-003   1248.0158673215963        1.0000000000000000     
   2.6923076923076922E-003   9.2307692307692299E-003   1248.1086133094836        1.0000000000000000     
   2.6923076923076922E-003   9.6153846153846159E-003   1248.2107969149497        1.0000000000000000     

   3.0769230769230769E-003   3.8461538461538462E-004   1296.7185909979703        1.0000000000000000     
   3.0769230769230769E-003   7.6923076923076923E-004   1296.6085766962331        1.0000000000000000     
   3.0769230769230769E-003   1.1538461538461537E-003   1296.5087507831445        1.0000000000000000     
   3.0769230769230769E-003   1.5384615384615385E-003   1296.4192811986545        1.0000000000000000     
   3.0769230769230769E-003   1.9230769230769232E-003   1296.3394642609117        1.0000000000000000     
   3.0769230769230769E-003   2.3076923076923075E-003   1296.2692028483784        1.0000000000000000     
   3.0769230769230769E-003   2.6923076923076922E-003   1296.2087435654043        1.0000000000000000     
   3.0769230769230769E-003   3.0769230769230769E-003   1296.1579774168072        1.0000000000000000     
   3.0769230769230769E-003   3.4615384615384616E-003   1296.1167257372699        1.0000000000000000     
   3.0769230769230769E-003   3.8461538461538464E-003   1296.0848281415031        1.0000000000000000     
   3.0769230769230769E-003   4.2307692307692307E-003   1296.0621487417991        1.0000000000000000     
   3.0769230769230769E-003   4.6153846153846149E-003   1296.0485842312326        1.0000000000000000     
   3.0769230769230769E-003   5.0000000000000001E-003   1296.0440700473016        1.0000000000000000     
   3.0769230769230769E-003   5.3846153846153844E-003   1296.0485842312328        1.0000000000000000     
   3.0769230769230769E-003   5.7692307692307696E-003   1296.0621487417998        1.0000000000000000     
   3.0769230769230769E-003   6.1538461538461538E-003   1296.0848281415033        1.0000000000000000     
   3.0769230769230769E-003   6.5384615384615381E-003   1296.1167257372701        1.0000000000000000     
   3.0769230769230769E-003   6.9230769230769233E-003   1296.1579774168072        1.0000000000000000     
   3.0769230769230769E-003   7.3076923076923076E-003   1296.2087435654039        1.0000000000000000     
   3.0769230769230769E-003   7.6923076923076927E-003   1296.2692028483775        1.0000000000000000     
   3.0769230769230769E-003   8.0769230769230770E-003   1296.3394642609114        1.0000000000000000     
   3.0769230769230769E-003   8.4615384615384613E-003   1296.4192811986547        1.0000000000000000     
   3.0769230769230769E-003   8.8461538461538456E-003   1296.5087507831443        1.0000000000000000     
   3.0769230769230769E-003   9.2307692307692299E-003   1296.6085766962331        1.0000000000000000     
   3.0769230769230769E-003   9.6153846153846159E-003   1296.7185909979710        1.0000000000000000     

   3.4615384615384616E-003   3.8461538461538462E-004   1342.2642574024364        1.0000000000000000     
   3.4615384615384616E-003   7.6923076923076923E-004   1342.1485502203309        1.0000000000000000     
   3.4615384615384616E-003   1.1538461538461537E-003   1342.0435980331024        1.0000000000000000     
   3.4615384615384616E-003   1.5384615384615385E-003   1341.9495711959703        1.0000000000000000     
   3.4615384615384616E-003   1.9230769230769232E-003   1341.8657342191168        1.0000000000000000     
   3.4615384615384616E-003   2.3076923076923075E-003   1341.7919763384682        1.0000000000000000     
   3.4615384615384616E-003   2.6923076923076922E-003   1341.7285404514262        1.0000000000000000     
   3.4615384615384616E-003   3.0769230769230769E-003   1341.6753002148275        1.0000000000000000     
   3.4615384615384616E-003   3.4615384615384616E-003   1341.6320570573941        1.0000000000000000     
   3.4615384615384616E-003   3.8461538461538464E-003   1341.5986322255928        1.0000000000000000     
   3.4615384615384616E-003   4.2307692307692307E-003   1341.5748741213195        1.0000000000000000     
   3.4615384615384616E-003   4.6153846153846149E-003   1341.5606674226237        1.0000000000000000     
   3.4615384615384616E-003   5.0000000000000001E-003   1341.5559400316740        1.0000000000000000     
   3.4615384615384616E-003   5.3846153846153844E-003   1341.5606674226237        1.0000000000000000     
   3.4615384615384616E-003   5.7692307692307696E-003   1341.5748741213204        1.0000000000000000     
   3.4615384615384616E-003   6.1538461538461538E-003   1341.5986322255937        1.0000000000000000     
   3.4615384615384616E-003   6.5384615384615381E-003   1341.6320570573946        1.0000000000000000     
   3.4615384615384616E-003   6.9230769230769233E-003   1341.6753002148275        1.0000000000000000     
   3.4615384615384616E-003   7.3076923076923076E-003   1341.7285404514266        1.0000000000000000     
   3.4615384615384616E-003   7.6923076923076927E-003   1341.7919763384682        1.0000000000000000     
   3.4615384615384616E-003   8.0769230769230770E-003   1341.8657342191163        1.0000000000000000     
   3.4615384615384616E-003   8.4615384615384613E-003   1341.9495711959714        1.0000000000000000     
   3.4615384615384616E-003   8.8461538461538456E-003   1342.0435980331026        1.0000000000000000     
   3.4615384615384616E-003   9.2307692307692299E-003   1342.1485502203304        1.0000000000000000     
   3.4615384615384616E-003   9.6153846153846159E-003   1342.2642574024369        1.0000000000000000     

   3.8461538461538464E-003   3.8461538461538462E-004   1384.6935535912874        1.0000000000000000     
   3.8461538461538464E-003   7.6923076923076923E-004   1384.5742460930153        1.0000000000000000     
   3.8461538461538464E-003   1.1538461538461537E-003   1384.4660791985539        1.0000000000000000     
   3.8461538461538464E-003   1.5384615384615385E-003   1384.3692240064838        1.0000000000000000     
   3.8461538461538464E-003   1.9230769230769232E-003   1384.2829141046657        1.0000000000000000     
   3.8461538461538464E-003   2.3076923076923075E-003   1384.2070249163110        1.0000000000000000     
   3.8461538461538464E-003   2.6923076923076922E-003   1384.1417947871946        1.0000000000000000     
   3.8461538461538464E-003   3.0769230769230769E-003   1384.0870801362071        1.0000000000000000     
   3.8461538461538464E-003   3.4615384615384616E-003   1384.0426628245816        1.0000000000000000     
   3.8461538461538464E-003   3.8461538461538464E-003   1384.0083460566468        1.0000000000000000     
   3.8461538461538464E-003   4.2307692307692307E-003   1383.9839628096302        1.0000000000000000     
   3.8461538461538464E-003   4.6153846153846149E-003   1383.9693859671411        1.0000000000000000     
   3.8461538461538464E-003   5.0000000000000001E-003   1383.9645360348418        1.0000000000000000     
   3.8461538461538464E-003   5.3846153846153844E-003   1383.9693859671415        1.0000000000000000     
   3.8461538461538464E-003   5.7692307692307696E-003   1383.9839628096306        1.0000000000000000     
   3.8461538461538464E-003   6.1538461538461538E-003   1384.0083460566475        1.0000000000000000     
   3.8461538461538464E-003   6.5384615384615381E-003   1384.0426628245818        1.0000000000000000     
   3.8461538461538464E-003   6.9230769230769233E-003   1384.0870801362071        1.0000000000000000     
   3.8461538461538464E-003   7.3076923076923076E-003   1384.1417947871953        1.0000000000000000     
   3.8461538461538464E-003   7.6923076923076927E-003   1384.2070249163114        1.0000000000000000     
   3.8461538461538464E-003   8.0769230769230770E-003   1384.2829141046652        1.0000000000000000     
   3.8461538461538464E-003   8.4615384615384613E-003   1384.3692240064850        1.0000000000000000     
   3.8461538461538464E-003   8.8461538461538456E-003   1384.4660791985539        1.0000000000000000     
   3.8461538461538464E-003   9.2307692307692299E-003   1384.5742460930157        1.0000000000000000     
   3.8461538461538464E-003   9.6153846153846159E-003   1384.6935535912874        1.0000000000000000     

   4.2307692307692307E-003   3.8461538461538462E-004   1423.9081631042350        1.0000000000000000     
   4.2307692307692307E-003   7.6923076923076923E-004   1423.7872346906811        1.0000000000000000     
   4.2307692307692307E-003   1.1538461538461537E-003   1423.6776605938189        1.0000000000000000     
   4.2307692307692307E-003   1.5384615384615385E-003   1423.5796115343794        1.0000000000000000     
   4.2307692307692307E-003   1.9230769230769232E-003   1423.4922913472928        1.0000000000000000     
   4.2307692307692307E-003   2.3076923076923075E-003   1423.4155615210441        1.0000000000000000     
   4.2307692307692307E-003   2.6923076923076922E-003   1423.3496549631750        1.0000000000000000     
   4.2307692307692307E-003   3.0769230769230769E-003   1423.2944109409450        1.0000000000000000     
   4.2307692307692307E-003   3.4615384615384616E-003   1423.2495920789913        1.0000000000000000     
   4.2307692307692307E-003   3.8461538461538464E-003   1423.2149838704486        1.0000000000000000     
   4.2307692307692307E-003   4.2307692307692307E-003   1423.1904041664488        1.0000000000000000     
   4.2307692307692307E-003   4.6153846153846149E-003   1423.1757142913900        1.0000000000000000     
   4.2307692307692307E-003   5.0000000000000001E-003   1423.1708275043338        1.0000000000000000     
   4.2307692307692307E-003   5.3846153846153844E-003   1423.1757142913902        1.0000000000000000     
   4.2307692307692307E-003   5.7692307692307696E-003   1423.1904041664493        1.0000000000000000     
   4.2307692307692307E-003   6.1538461538461538E-003   1423.2149838704483        1.0000000000000000     
   4.2307692307692307E-003   6.5384615384615381E-003   1423.2495920789922        1.0000000000000000     
   4.2307692307692307E-003   6.9230769230769233E-003   1423.2944109409457        1.0000000000000000     
   4.2307692307692307E-003   7.3076923076923076E-003   1423.3496549631759        1.0000000000000000     
   4.2307692307692307E-003   7.6923076923076927E-003   1423.4155615210445        1.0000000000000000     
   4.2307692307692307E-003   8.0769230769230770E-003   1423.4922913472940        1.0000000000000000     
   4.2307692307692307E-003   8.4615384615384613E-003   1423.5796115343801        1.0000000000000000     
   4.2307692307692307E-003   8.8461538461538456E-003   1423.6776605938201        1.0000000000000000     
   4.2307692307692307E-003   9.2307692307692299E-003   1423.7872346906820        1.0000000000000000     
   4.2307692307692307E-003   9.6153846153846159E-003   1423.9081631042357        1.0000000000000000     

   4.6153846153846149E-003   3.8461538461538462E-004   1459.8627076732666        1.0000000000000000     
   4.6153846153846149E-003   7.6923076923076923E-004   1459.7419649299293        1.0000000000000000     
   4.6153846153846149E-003   1.1538461538461537E-003   1459.6326327944487        1.0000000000000000     
   4.6153846153846149E-003   1.5384615384615385E-003   1459.5348807668101        1.0000000000000000     
   4.6153846153846149E-003   1.9230769230769232E-003   1459.4478842949295        1.0000000000000000     
   4.6153846153846149E-003   2.3076923076923075E-003   1459.3714908894287        1.0000000000000000     
   4.6153846153846149E-003   2.6923076923076922E-003   1459.3059271594664        1.0000000000000000     
   4.6153846153846149E-003   3.0769230769230769E-003   1459.2510153332994        1.0000000000000000     
   4.6153846153846149E-003   3.4615384615384616E-003   1459.2064991593516        1.0000000000000000     
   4.6153846153846149E-003   3.8461538461538464E-003   1459.1721467834341        1.0000000000000000     
   4.6153846153846149E-003   4.2307692307692307E-003   1459.1477612625022        1.0000000000000000     
   4.6153846153846149E-003   4.6153846153846149E-003   1459.1331926256807        1.0000000000000000     
   4.6153846153846149E-003   5.0000000000000001E-003   1459.1283470547176        1.0000000000000000     
   4.6153846153846149E-003   5.3846153846153844E-003   1459.1331926256810        1.0000000000000000     
   4.6153846153846149E-003   5.7692307692307696E-003   1459.1477612625024        1.0000000000000000     
   4.6153846153846149E-003   6.1538461538461538E-003   1459.1721467834343        1.0000000000000000     
   4.6153846153846149E-003   6.5384615384615381E-003   1459.2064991593518        1.0000000000000000     
   4.6153846153846149E-003   6.9230769230769233E-003   1459.2510153332998        1.0000000000000000     
   4.6153846153846149E-003   7.3076923076923076E-003   1459.3059271594668        1.0000000000000000     
   4.6153846153846149E-003   7.6923076923076927E-003   1459.3714908894303        1.0000000000000000     
   4.6153846153846149E-003   8.0769230769230770E-003   1459.4478842949309        1.0000000000000000     
   4.6153846153846149E-003   8.4615384615384613E-003   1459.5348807668131        1.0000000000000000     
   4.6153846153846149E-003   8.8461538461538456E-003   1459.6326327944512        1.0000000000000000     
   4.6153846153846149E-003   9.2307692307692299E-003   1459.7419649299302        1.0000000000000000     
   4.6153846153846149E-003   9.6153846153846159E-003   1459.8627076732676        1.0000000000000000     

   5.0000000000000001E-003   3.8461538461538462E-004   1492.5601457895889        1.0000000000000000     
   5.0000000000000001E-003   7.6923076923076923E-004   1492.4411737251598        1.0000000000000000     
   5.0000000000000001E-003   1.1538461538461537E-003   1492.3335300220542        1.0000000000000000     
   5.0000000000000001E-003   1.5384615384615385E-003   1492.2373822354843        1.0000000000000000     
   5.0000000000000001E-003   1.9230769230769232E-003   1492.1518788849289        1.0000000000000000     
   5.0000000000000001E-003   2.3076923076923075E-003   1492.0768535222371        1.0000000000000000     
   5.0000000000000001E-003   2.6923076923076922E-003   1492.0125256556835        1.0000000000000000     
   5.0000000000000001E-003   3.0769230769230769E-003   1491.9587006442930        1.0000000000000000     
   5.0000000000000001E-003   3.4615384615384616E-003   1491.9151037800002        1.0000000000000000     
   5.0000000000000001E-003   3.8461538461538464E-003   1491.8814862850397        1.0000000000000000     
   5.0000000000000001E-003   4.2307692307692307E-003   1491.8576368093511        1.0000000000000000     
   5.0000000000000001E-003   4.6153846153846149E-003   1491.8433943954142        1.0000000000000000     
   5.0000000000000001E-003   5.0000000000000001E-003   1491.8386583459837        1.0000000000000000     
   5.0000000000000001E-003   5.3846153846153844E-003   1491.8433943954153        1.0000000000000000     
   5.0000000000000001E-003   5.7692307692307696E-003   1491.8576368093516        1.0000000000000000     
   5.0000000000000001E-003   6.1538461538461538E-003   1491.8814862850397        1.0000000000000000     
   5.0000000000000001E-003   6.5384615384615381E-003   1491.9151037800009        1.0000000000000000     
   5.0000000000000001E-003   6.9230769230769233E-003   1491.9587006442937        1.0000000000000000     
   5.0000000000000001E-003   7.3076923076923076E-003   1492.0125256556851        1.0000000000000000     
   5.0000000000000001E-003   7.6923076923076927E-003   1492.0768535222385        1.0000000000000000     
   5.0000000000000001E-003   8.0769230769230770E-003   1492.1518788849298        1.0000000000000000     
   5.0000000000000001E-003   8.4615384615384613E-003   1492.2373822354864        1.0000000000000000     
   5.0000000000000001E-003   8.8461538461538456E-003   1492.3335300220558        1.0000000000000000     
   5.0000000000000001E-003   9.2307692307692299E-003   1492.4411737251601        1.0000000000000000     
   5.0000000000000001E-003   9.6153846153846159E-003   1492.5601457895887        1.0000000000000000     

   5.3846153846153844E-003   3.8461538461538462E-004   1522.0458575048212        1.0000000000000000     
   5.3846153846153844E-003   7.6923076923076923E-004   1521.9299831832973        1.0000000000000000     
   5.3846153846153844E-003   1.1538461538461537E-003   1521.8252386328670        1.0000000000000000     
   5.3846153846153844E-003   1.5384615384615385E-003   1521.7317887517304        1.0000000000000000     
   5.3846153846153844E-003   1.9230769230769232E-003   1521.6487565840496        1.0000000000000000     
   5.3846153846153844E-003   2.3076923076923075E-003   1521.5759617709739        1.0000000000000000     
   5.3846153846153844E-003   2.6923076923076922E-003   1521.5136159881404        1.0000000000000000     
   5.3846153846153844E-003   3.0769230769230769E-003   1521.4615079731707        1.0000000000000000     
   5.3846153846153844E-003   3.4615384615384616E-003   1521.4193450667603        1.0000000000000000     
   5.3846153846153844E-003   3.8461538461538464E-003   1521.3868620780233        1.0000000000000000     
   5.3846153846153844E-003   4.2307692307692307E-003   1521.3638337155523        1.0000000000000000     
   5.3846153846153844E-003   4.6153846153846149E-003   1521.3500884060006        1.0000000000000000     
   5.3846153846153844E-003   5.0000000000000001E-003   1521.3455188112644        1.0000000000000000     
   5.3846153846153844E-003   5.3846153846153844E-003   1521.3500884060006        1.0000000000000000     
   5.3846153846153844E-003   5.7692307692307696E-003   1521.3638337155526        1.0000000000000000     
   5.3846153846153844E-003   6.1538461538461538E-003   1521.3868620780243        1.0000000000000000     
   5.3846153846153844E-003   6.5384615384615381E-003   1521.4193450667615        1.0000000000000000     
   5.3846153846153844E-003   6.9230769230769233E-003   1521.4615079731732        1.0000000000000000     
   5.3846153846153844E-003   7.3076923076923076E-003   1521.5136159881413        1.0000000000000000     
   5.3846153846153844E-003   7.6923076923076927E-003   1521.5759617709743        1.0000000000000000     
   5.3846153846153844E-003   8.0769230769230770E-003   1521.6487565840507        1.0000000000000000     
   5.3846153846153844E-003   8.4615384615384613E-003   1521.7317887517320        1.0000000000000000     
   5.3846153846153844E-003   8.8461538461538456E-003   1521.8252386328688        1.0000000000000000     
   5.3846153846153844E-003   9.2307692307692299E-003   1521.9299831832986        1.0000000000000000     
   5.3846153846153844E-003   9.6153846153846159E-003   1522.0458575048206        1.0000000000000000     

   5.7692307692307696E-003   3.8461538461538462E-004   1548.4007499837767        1.0000000000000000     
   5.7692307692307696E-003   7.6923076923076923E-004   1548.2890191256831        1.0000000000000000     
   5.7692307692307696E-003   1.1538461538461537E-003   1548.1881274880625        1.0000000000000000     
   5.7692307692307696E-003   1.5384615384615385E-003   1548.0982365041950        1.0000000000000000     
   5.7692307692307696E-003   1.9230769230769232E-003   1548.0184450897095        1.0000000000000000     
   5.7692307692307696E-003   2.3076923076923075E-003   1547.9485590127404        1.0000000000000000     
   5.7692307692307696E-003   2.6923076923076922E-003   1547.8887814632014        1.0000000000000000     
   5.7692307692307696E-003   3.0769230769230769E-003   1547.8388849039904        1.0000000000000000     
   5.7692307692307696E-003   3.4615384615384616E-003   1547.7985593438225        1.0000000000000000     
   5.7692307692307696E-003   3.8461538461538464E-003   1547.7675238055654        1.0000000000000000     
   5.7692307692307696E-003   4.2307692307692307E-003   1547.7455396263995        1.0000000000000000     
   5.7692307692307696E-003   4.6153846153846149E-003   1547.7324250695003        1.0000000000000000     
   5.7692307692307696E-003   5.0000000000000001E-003   1547.7280664456589        1.0000000000000000     
   5.7692307692307696E-003   5.3846153846153844E-003   1547.7324250695012        1.0000000000000000     
   5.7692307692307696E-003   5.7692307692307696E-003   1547.7455396264002        1.0000000000000000     
   5.7692307692307696E-003   6.1538461538461538E-003   1547.7675238055665        1.0000000000000000     
   5.7692307692307696E-003   6.5384615384615381E-003   1547.7985593438239        1.0000000000000000     
   5.7692307692307696E-003   6.9230769230769233E-003   1547.8388849039932        1.0000000000000000     
   5.7692307692307696E-003   7.3076923076923076E-003   1547.8887814632028        1.0000000000000000     
   5.7692307692307696E-003   7.6923076923076927E-003   1547.9485590127413        1.0000000000000000     
   5.7692307692307696E-003   8.0769230769230770E-003   1548.0184450897102        1.0000000000000000     
   5.7692307692307696E-003   8.4615384615384613E-003   1548.0982365041973        1.0000000000000000     
   5.7692307692307696E-003   8.8461538461538456E-003   1548.1881274880629        1.0000000000000000     
   5.7692307692307696E-003   9.2307692307692299E-003   1548.2890191256838        1.0000000000000000     
   5.7692307692307696E-003   9.6153846153846159E-003   1548.4007499837760        1.0000000000000000     

   6.1538461538461538E-003   3.8461538461538462E-004   1571.7337308066153        1.0000000000000000     
   6.1538461538461538E-003   7.6923076923076923E-004   1571.6268971450888        1.0000000000000000     
   6.1538461538461538E-003   1.1538461538461537E-003   1571.5305457005124        1.0000000000000000     
   6.1538461538461538E-003   1.5384615384615385E-003   1571.4448333758164        1.0000000000000000     
   6.1538461538461538E-003   1.9230769230769232E-003   1571.3688360793274        1.0000000000000000     
   6.1538461538461538E-003   2.3076923076923075E-003   1571.3023456947899        1.0000000000000000     
   6.1538461538461538E-003   2.6923076923076922E-003   1571.2455563674816        1.0000000000000000     
   6.1538461538461538E-003   3.0769230769230769E-003   1571.1982247630222        1.0000000000000000     
   6.1538461538461538E-003   3.4615384615384616E-003   1571.1600243295272        1.0000000000000000     
   6.1538461538461538E-003   3.8461538461538464E-003   1571.1306590833292        1.0000000000000000     
   6.1538461538461538E-003   4.2307692307692307E-003   1571.1098776942445        1.0000000000000000     
   6.1538461538461538E-003   4.6153846153846149E-003   1571.0974888172918        1.0000000000000000     
   6.1538461538461538E-003   5.0000000000000001E-003   1571.0933727662705        1.0000000000000000     
   6.1538461538461538E-003   5.3846153846153844E-003   1571.0974888172930        1.0000000000000000     
   6.1538461538461538E-003   5.7692307692307696E-003   1571.1098776942447        1.0000000000000000     
   6.1538461538461538E-003   6.1538461538461538E-003   1571.1306590833308        1.0000000000000000     
   6.1538461538461538E-003   6.5384615384615381E-003   1571.1600243295293        1.0000000000000000     
   6.1538461538461538E-003   6.9230769230769233E-003   1571.1982247630235        1.0000000000000000     
   6.1538461538461538E-003   7.3076923076923076E-003   1571.2455563674828        1.0000000000000000     
   6.1538461538461538E-003   7.6923076923076927E-003   1571.3023456947897        1.0000000000000000     
   6.1538461538461538E-003   8.0769230769230770E-003   1571.3688360793285        1.0000000000000000     
   6.1538461538461538E-003   8.4615384615384613E-003   1571.4448333758180        1.0000000000000000     
   6.1538461538461538E-003   8.8461538461538456E-003   1571.5305457005124        1.0000000000000000     
   6.1538461538461538E-003   9.2307692307692299E-003   1571.6268971450891        1.0000000000000000     
   6.1538461538461538E-003   9.6153846153846159E-003   1571.7337308066153        1.0000000000000000     

   6.5384615384615381E-003   3.8461538461538462E-004   1592.1738875527319        1.0000000000000000     
   6.5384615384615381E-003   7.6923076923076923E-004   1592.0724141202536        1.0000000000000000     
   6.5384615384615381E-003   1.1538461538461537E-003   1591.9810251211024        1.0000000000000000     
   6.5384615384615381E-003   1.5384615384615385E-003   1591.8998713110525        1.0000000000000000     
   6.5384615384615381E-003   1.9230769230769232E-003   1591.8280063424124        1.0000000000000000     
   6.5384615384615381E-003   2.3076923076923075E-003   1591.7652081356582        1.0000000000000000     
   6.5384615384615381E-003   2.6923076923076922E-003   1591.7116613707065        1.0000000000000000     
   6.5384615384615381E-003   3.0769230769230769E-003   1591.6671075818438        1.0000000000000000     
   6.5384615384615381E-003   3.4615384615384616E-003   1591.6312046362025        1.0000000000000000     
   6.5384615384615381E-003   3.8461538461538464E-003   1591.6036425229299        1.0000000000000000     
   6.5384615384615381E-003   4.2307692307692307E-003   1591.5841581174764        1.0000000000000000     
   6.5384615384615381E-003   4.6153846153846149E-003   1591.5725511481821        1.0000000000000000     
   6.5384615384615381E-003   5.0000000000000001E-003   1591.5686963633693        1.0000000000000000     
   6.5384615384615381E-003   5.3846153846153844E-003   1591.5725511481828        1.0000000000000000     
   6.5384615384615381E-003   5.7692307692307696E-003   1591.5841581174777        1.0000000000000000     
   6.5384615384615381E-003   6.1538461538461538E-003   1591.6036425229322        1.0000000000000000     
   6.5384615384615381E-003   6.5384615384615381E-003   1591.6312046362048        1.0000000000000000     
   6.5384615384615381E-003   6.9230769230769233E-003   1591.6671075818444        1.0000000000000000     
   6.5384615384615381E-003   7.3076923076923076E-003   1591.7116613707083        1.0000000000000000     
   6.5384615384615381E-003   7.6923076923076927E-003   1591.7652081356593        1.0000000000000000     
   6.5384615384615381E-003   8.0769230769230770E-003   1591.8280063424131        1.0000000000000000     
   6.5384615384615381E-003   8.4615384615384613E-003   1591.8998713110532        1.0000000000000000     
   6.5384615384615381E-003   8.8461538461538456E-003   1591.9810251211027        1.0000000000000000     
   6.5384615384615381E-003   9.2307692307692299E-003   1592.0724141202541        1.0000000000000000     
   6.5384615384615381E-003   9.6153846153846159E-003   1592.1738875527319        1.0000000000000000     

   6.9230769230769233E-003   3.8461538461538462E-004   1609.8626856823480        1.0000000000000000     
   6.9230769230769233E-003   7.6923076923076923E-004   1609.7667568913639        1.0000000000000000     
   6.9230769230769233E-003   1.1538461538461537E-003   1609.6804989271961        1.0000000000000000     
   6.9230769230769233E-003   1.5384615384615385E-003   1609.6040536986977        1.0000000000000000     
   6.9230769230769233E-003   1.9230769230769232E-003   1609.5364528586476        1.0000000000000000     
   6.9230769230769233E-003   2.3076923076923075E-003   1609.4774602777077        1.0000000000000000     
   6.9230769230769233E-003   2.6923076923076922E-003   1609.4272509968750        1.0000000000000000     
   6.9230769230769233E-003   3.0769230769230769E-003   1609.3855523756649        1.0000000000000000     
   6.9230769230769233E-003   3.4615384615384616E-003   1609.3520079698601        1.0000000000000000     
   6.9230769230769233E-003   3.8461538461538464E-003   1609.3262949793898        1.0000000000000000     
   6.9230769230769233E-003   4.2307692307692307E-003   1609.3081395658432        1.0000000000000000     
   6.9230769230769233E-003   4.6153846153846149E-003   1609.2973333614059        1.0000000000000000     
   6.9230769230769233E-003   5.0000000000000001E-003   1609.2937460694975        1.0000000000000000     
   6.9230769230769233E-003   5.3846153846153844E-003   1609.2973333614070        1.0000000000000000     
   6.9230769230769233E-003   5.7692307692307696E-003   1609.3081395658430        1.0000000000000000     
   6.9230769230769233E-003   6.1538461538461538E-003   1609.3262949793914        1.0000000000000000     
   6.9230769230769233E-003   6.5384615384615381E-003   1609.3520079698619        1.0000000000000000     
   6.9230769230769233E-003   6.9230769230769233E-003   1609.3855523756656        1.0000000000000000     
   6.9230769230769233E-003   7.3076923076923076E-003   1609.4272509968760        1.0000000000000000     
   6.9230769230769233E-003   7.6923076923076927E-003   1609.4774602777086        1.0000000000000000     
   6.9230769230769233E-003   8.0769230769230770E-003   1609.5364528586476        1.0000000000000000     
   6.9230769230769233E-003   8.4615384615384613E-003   1609.6040536986984        1.0000000000000000     
   6.9230769230769233E-003   8.8461538461538456E-003   1609.6804989271966        1.0000000000000000     
   6.9230769230769233E-003   9.2307692307692299E-003   1609.7667568913644        1.0000000000000000     
   6.9230769230769233E-003   9.6153846153846159E-003   1609.8626856823480        1.0000000000000000     

   7.3076923076923076E-003   3.8461538461538462E-004   1624.9464562229468        1.0000000000000000     
   7.3076923076923076E-003   7.6923076923076923E-004   1624.8559998844885        1.0000000000000000     
   7.3076923076923076E-003   1.1538461538461537E-003   1624.7748080403699        1.0000000000000000     
   7.3076923076923076E-003   1.5384615384615385E-003   1624.7030092049451        1.0000000000000000     
   7.3076923076923076E-003   1.9230769230769232E-003   1624.6396129320749        1.0000000000000000     
   7.3076923076923076E-003   2.3076923076923075E-003   1624.5843692154508        1.0000000000000000     
   7.3076923076923076E-003   2.6923076923076922E-003   1624.5374437534747        1.0000000000000000     
   7.3076923076923076E-003   3.0769230769230769E-003   1624.4985511397817        1.0000000000000000     
   7.3076923076923076E-003   3.4615384615384616E-003   1624.4673222883227        1.0000000000000000     
   7.3076923076923076E-003   3.8461538461538464E-003   1624.4434231742086        1.0000000000000000     
   7.3076923076923076E-003   4.2307692307692307E-003   1624.4265705702749        1.0000000000000000     
   7.3076923076923076E-003   4.6153846153846149E-003   1624.4165490096857        1.0000000000000000     
   7.3076923076923076E-003   5.0000000000000001E-003   1624.4132237675417        1.0000000000000000     
   7.3076923076923076E-003   5.3846153846153844E-003   1624.4165490096857        1.0000000000000000     
   7.3076923076923076E-003   5.7692307692307696E-003   1624.4265705702753        1.0000000000000000     
   7.3076923076923076E-003   6.1538461538461538E-003   1624.4434231742089        1.0000000000000000     
   7.3076923076923076E-003   6.5384615384615381E-003   1624.4673222883227        1.0000000000000000     
   7.3076923076923076E-003   6.9230769230769233E-003   1624.4985511397820        1.0000000000000000     
   7.3076923076923076E-003   7.3076923076923076E-003   1624.5374437534756        1.0000000000000000     
   7.3076923076923076E-003   7.6923076923076927E-003   1624.5843692154524        1.0000000000000000     
   7.3076923076923076E-003   8.0769230769230770E-003   1624.6396129320749        1.0000000000000000     
   7.3076923076923076E-003   8.4615384615384613E-003   1624.7030092049445        1.0000000000000000     
   7.3076923076923076E-003   8.8461538461538456E-003   1624.7748080403692        1.0000000000000000     
   7.3076923076923076E-003   9.2307692307692299E-003   1624.8559998844873        1.0000000000000000     
   7.3076923076923076E-003   9.6153846153846159E-003   1624.9464562229462        1.0000000000000000     

   7.6923076923076927E-003   3.8461538461538462E-004   1637.5693990317263        1.0000000000000000     
   7.6923076923076927E-003   7.6923076923076923E-004   1637.4841193638949        1.0000000000000000     
   7.6923076923076927E-003   1.1538461538461537E-003   1637.4077231292772        1.0000000000000000     
   7.6923076923076927E-003   1.5384615384615385E-003   1637.3403194535601        1.0000000000000000     
   7.6923076923076927E-003   1.9230769230769232E-003   1637.2808964635910        1.0000000000000000     
   7.6923076923076927E-003   2.3076923076923075E-003   1637.2291913735676        1.0000000000000000     
   7.6923076923076927E-003   2.6923076923076922E-003   1637.1853616516757        1.0000000000000000     
   7.6923076923076927E-003   3.0769230769230769E-003   1637.1491111997975        1.0000000000000000     
   7.6923076923076927E-003   3.4615384615384616E-003   1637.1200604873577        1.0000000000000000     
   7.6923076923076927E-003   3.8461538461538464E-003   1637.0978662203829        1.0000000000000000     
   7.6923076923076927E-003   4.2307692307692307E-003   1637.0822373765970        1.0000000000000000     
   7.6923076923076927E-003   4.6153846153846149E-003   1637.0729525570569        1.0000000000000000     
   7.6923076923076927E-003   5.0000000000000001E-003   1637.0698733178242        1.0000000000000000     
   7.6923076923076927E-003   5.3846153846153844E-003   1637.0729525570569        1.0000000000000000     
   7.6923076923076927E-003   5.7692307692307696E-003   1637.0822373765973        1.0000000000000000     
   7.6923076923076927E-003   6.1538461538461538E-003   1637.0978662203825        1.0000000000000000     
   7.6923076923076927E-003   6.5384615384615381E-003   1637.1200604873577        1.0000000000000000     
   7.6923076923076927E-003   6.9230769230769233E-003   1637.1491111997982        1.0000000000000000     
   7.6923076923076927E-003   7.3076923076923076E-003   1637.1853616516764        1.0000000000000000     
   7.6923076923076927E-003   7.6923076923076927E-003   1637.2291913735676        1.0000000000000000     
   7.6923076923076927E-003   8.0769230769230770E-003   1637.2808964635910        1.0000000000000000     
   7.6923076923076927E-003   8.4615384615384613E-003   1637.3403194535579        1.0000000000000000     
   7.6923076923076927E-003   8.8461538461538456E-003   1637.4077231292761        1.0000000000000000     
   7.6923076923076927E-003   9.2307692307692299E-003   1637.4841193638943        1.0000000000000000     
   7.6923076923076927E-003   9.6153846153846159E-003   1637.5693990317261        1.0000000000000000     

   8.0769230769230770E-003   3.8461538461538462E-004   1647.8671298935358        1.0000000000000000     
   8.0769230769230770E-003   7.6923076923076923E-004   1647.7865893854432        1.0000000000000000     
   8.0769230769230770E-003   1.1538461538461537E-003   1647.7145462575952        1.0000000000000000     
   8.0769230769230770E-003   1.5384615384615385E-003   1647.6511235953735        1.0000000000000000     
   8.0769230769230770E-003   1.9230769230769232E-003   1647.5952930717438        1.0000000000000000     
   8.0769230769230770E-003   2.3076923076923075E-003   1647.5467819442129        1.0000000000000000     
   8.0769230769230770E-003   2.6923076923076922E-003   1647.5057417011892        1.0000000000000000     
   8.0769230769230770E-003   3.0769230769230769E-003   1647.4718685019434        1.0000000000000000     
   8.0769230769230770E-003   3.4615384615384616E-003   1647.4447752202432        1.0000000000000000     
   8.0769230769230770E-003   3.8461538461538464E-003   1647.4241116799649        1.0000000000000000     
   8.0769230769230770E-003   4.2307692307692307E-003   1647.4095809165372        1.0000000000000000     
   8.0769230769230770E-003   4.6153846153846149E-003   1647.4009569100522        1.0000000000000000     
   8.0769230769230770E-003   5.0000000000000001E-003   1647.3980982780288        1.0000000000000000     
   8.0769230769230770E-003   5.3846153846153844E-003   1647.4009569100515        1.0000000000000000     
   8.0769230769230770E-003   5.7692307692307696E-003   1647.4095809165362        1.0000000000000000     
   8.0769230769230770E-003   6.1538461538461538E-003   1647.4241116799642        1.0000000000000000     
   8.0769230769230770E-003   6.5384615384615381E-003   1647.4447752202434        1.0000000000000000     
   8.0769230769230770E-003   6.9230769230769233E-003   1647.4718685019434        1.0000000000000000     
   8.0769230769230770E-003   7.3076923076923076E-003   1647.5057417011892        1.0000000000000000     
   8.0769230769230770E-003   7.6923076923076927E-003   1647.5467819442124        1.0000000000000000     
   8.0769230769230770E-003   8.0769230769230770E-003   1647.5952930717428        1.0000000000000000     
   8.0769230769230770E-003   8.4615384615384613E-003   1647.6511235953719        1.0000000000000000     
   8.0769230769230770E-003   8.8461538461538456E-003   1647.7145462575929        1.0000000000000000     
   8.0769230769230770E-003   9.2307692307692299E-003   1647.7865893854414        1.0000000000000000     
   8.0769230769230770E-003   9.6153846153846159E-003   1647.8671298935342        1.0000000000000000     

   8.4615384615384613E-003   3.8461538461538462E-004   1655.9615342649288        1.0000000000000000     
   8.4615384615384613E-003   7.6923076923076923E-004   1655.8844817846571        1.0000000000000000     
   8.4615384615384613E-003   1.1538461538461537E-003   1655.8162627064823        1.0000000000000000     
   8.4615384615384613E-003   1.5384615384615385E-003   1655.7562683119570        1.0000000000000000     
   8.4615384615384613E-003   1.9230769230769232E-003   1655.7035225001641        1.0000000000000000     
   8.4615384615384613E-003   2.3076923076923075E-003   1655.6577462178909        1.0000000000000000     
   8.4615384615384613E-003   2.6923076923076922E-003   1655.6190881272983        1.0000000000000000     
   8.4615384615384613E-003   3.0769230769230769E-003   1655.5872406923106        1.0000000000000000     
   8.4615384615384613E-003   3.4615384615384616E-003   1655.5618128031979        1.0000000000000000     
   8.4615384615384613E-003   3.8461538461538464E-003   1655.5424502005349        1.0000000000000000     
   8.4615384615384613E-003   4.2307692307692307E-003   1655.5288520140839        1.0000000000000000     
   8.4615384615384613E-003   4.6153846153846149E-003   1655.5207889841217        1.0000000000000000     
   8.4615384615384613E-003   5.0000000000000001E-003   1655.5181175925125        1.0000000000000000     
   8.4615384615384613E-003   5.3846153846153844E-003   1655.5207889841217        1.0000000000000000     
   8.4615384615384613E-003   5.7692307692307696E-003   1655.5288520140839        1.0000000000000000     
   8.4615384615384613E-003   6.1538461538461538E-003   1655.5424502005339        1.0000000000000000     
   8.4615384615384613E-003   6.5384615384615381E-003   1655.5618128031965        1.0000000000000000     
   8.4615384615384613E-003   6.9230769230769233E-003   1655.5872406923102        1.0000000000000000     
   8.4615384615384613E-003   7.3076923076923076E-003   1655.6190881272983        1.0000000000000000     
   8.4615384615384613E-003   7.6923076923076927E-003   1655.6577462178909        1.0000000000000000     
   8.4615384615384613E-003   8.0769230769230770E-003   1655.7035225001637        1.0000000000000000     
   8.4615384615384613E-003   8.4615384615384613E-003   1655.7562683119559        1.0000000000000000     
   8.4615384615384613E-003   8.8461538461538456E-003   1655.8162627064808        1.0000000000000000     
   8.4615384615384613E-003   9.2307692307692299E-003   1655.8844817846559        1.0000000000000000     
   8.4615384615384613E-003   9.6153846153846159E-003   1655.9615342649274        1.0000000000000000     

   8.8461538461538456E-003   3.8461538461538462E-004   1661.9555663672816        1.0000000000000000     
   8.8461538461538456E-003   7.6923076923076923E-004   1661.8821500871329        1.0000000000000000     
   8.8461538461538456E-003   1.1538461538461537E-003   1661.8157445298957        1.0000000000000000     
   8.8461538461538456E-003   1.5384615384615385E-003   1661.7585964092807        1.0000000000000000     
   8.8461538461538456E-003   1.9230769230769232E-003   1661.7083237221664        1.0000000000000000     
   8.8461538461538456E-003   2.3076923076923075E-003   1661.6647287975056        1.0000000000000000     
   8.8461538461538456E-003   2.6923076923076922E-003   1661.6279614691430        1.0000000000000000     
   8.8461538461538456E-003   3.0769230769230769E-003   1661.5977162768033        1.0000000000000000     
   8.8461538461538456E-003   3.4615384615384616E-003   1661.5736026595300        1.0000000000000000     
   8.8461538461538456E-003   3.8461538461538464E-003   1661.5552653284353        1.0000000000000000     
   8.8461538461538456E-003   4.2307692307692307E-003   1661.5424015300480        1.0000000000000000     
   8.8461538461538456E-003   4.6153846153846149E-003   1661.5347800692248        1.0000000000000000     
   8.8461538461538456E-003   5.0000000000000001E-003   1661.5322560347581        1.0000000000000000     
   8.8461538461538456E-003   5.3846153846153844E-003   1661.5347800692257        1.0000000000000000     
   8.8461538461538456E-003   5.7692307692307696E-003   1661.5424015300489        1.0000000000000000     
   8.8461538461538456E-003   6.1538461538461538E-003   1661.5552653284362        1.0000000000000000     
   8.8461538461538456E-003   6.5384615384615381E-003   1661.5736026595300        1.0000000000000000     
   8.8461538461538456E-003   6.9230769230769233E-003   1661.5977162768027        1.0000000000000000     
   8.8461538461538456E-003   7.3076923076923076E-003   1661.6279614691430        1.0000000000000000     
   8.8461538461538456E-003   7.6923076923076927E-003   1661.6647287975059        1.0000000000000000     
   8.8461538461538456E-003   8.0769230769230770E-003   1661.7083237221661        1.0000000000000000     
   8.8461538461538456E-003   8.4615384615384613E-003   1661.7585964092798        1.0000000000000000     
   8.8461538461538456E-003   8.8461538461538456E-003   1661.8157445298934        1.0000000000000000     
   8.8461538461538456E-003   9.2307692307692299E-003   1661.8821500871325        1.0000000000000000     
   8.8461538461538456E-003   9.6153846153846159E-003   1661.9555663672797        1.0000000000000000     

   9.2307692307692299E-003   3.8461538461538462E-004   1665.9310836190816        1.0000000000000000     
   9.2307692307692299E-003   7.6923076923076923E-004   1665.8594379867693        1.0000000000000000     
   9.2307692307692299E-003   1.1538461538461537E-003   1665.7959029260844        1.0000000000000000     
   9.2307692307692299E-003   1.5384615384615385E-003   1665.7395331263676        1.0000000000000000     
   9.2307692307692299E-003   1.9230769230769232E-003   1665.6911051603192        1.0000000000000000     
   9.2307692307692299E-003   2.3076923076923075E-003   1665.6490635977846        1.0000000000000000     
   9.2307692307692299E-003   2.6923076923076922E-003   1665.6136271907180        1.0000000000000000     
   9.2307692307692299E-003   3.0769230769230769E-003   1665.5845026825766        1.0000000000000000     
   9.2307692307692299E-003   3.4615384615384616E-003   1665.5613054296962        1.0000000000000000     
   9.2307692307692299E-003   3.8461538461538464E-003   1665.5436818803710        1.0000000000000000     
   9.2307692307692299E-003   4.2307692307692307E-003   1665.5313289924090        1.0000000000000000     
   9.2307692307692299E-003   4.6153846153846149E-003   1665.5240146318918        1.0000000000000000     
   9.2307692307692299E-003   5.0000000000000001E-003   1665.5215930683444        1.0000000000000000     
   9.2307692307692299E-003   5.3846153846153844E-003   1665.5240146318918        1.0000000000000000     
   9.2307692307692299E-003   5.7692307692307696E-003   1665.5313289924097        1.0000000000000000     
   9.2307692307692299E-003   6.1538461538461538E-003   1665.5436818803707        1.0000000000000000     
   9.2307692307692299E-003   6.5384615384615381E-003   1665.5613054296962        1.0000000000000000     
   9.2307692307692299E-003   6.9230769230769233E-003   1665.5845026825757        1.0000000000000000     
   9.2307692307692299E-003   7.3076923076923076E-003   1665.6136271907176        1.0000000000000000     
   9.2307692307692299E-003   7.6923076923076927E-003   1665.6490635977846        1.0000000000000000     
   9.2307692307692299E-003   8.0769230769230770E-003   1665.6911051603195        1.0000000000000000     
   9.2307692307692299E-003   8.4615384615384613E-003   1665.7395331263676        1.0000000000000000     
   9.2307692307692299E-003   8.8461538461538456E-003   1665.7959029260837        1.0000000000000000     
   9.2307692307692299E-003   9.2307692307692299E-003   1665.8594379867684        1.0000000000000000     
   9.2307692307692299E-003   9.6153846153846159E-003   1665.9310836190800        1.0000000000000000     

   9.6153846153846159E-003   3.8461538461538462E-004   1667.9440577288590        1.0000000000000000     
   9.6153846153846159E-003   7.6923076923076923E-004   1667.8729593758087        1.0000000000000000     
   9.6153846153846159E-003   1.1538461538461537E-003   1667.8100977235067        1.0000000000000000     
   9.6153846153846159E-003   1.5384615384615385E-003   1667.7552378136281        1.0000000000000000     
   9.6153846153846159E-003   1.9230769230769232E-003   1667.7072442339847        1.0000000000000000     
   9.6153846153846159E-003   2.3076923076923075E-003   1667.6660982081917        1.0000000000000000     
   9.6153846153846159E-003   2.6923076923076922E-003   1667.6313759009904        1.0000000000000000     
   9.6153846153846159E-003   3.0769230769230769E-003   1667.6028457089658        1.0000000000000000     
   9.6153846153846159E-003   3.4615384615384616E-003   1667.5801328093512        1.0000000000000000     
   9.6153846153846159E-003   3.8461538461538464E-003   1667.5628862880335        1.0000000000000000     
   9.6153846153846159E-003   4.2307692307692307E-003   1667.5508033092181        1.0000000000000000     
   9.6153846153846159E-003   4.6153846153846149E-003   1667.5436512347860        1.0000000000000000     
   9.6153846153846159E-003   5.0000000000000001E-003   1667.5412838320194        1.0000000000000000     
   9.6153846153846159E-003   5.3846153846153844E-003   1667.5436512347858        1.0000000000000000     
   9.6153846153846159E-003   5.7692307692307696E-003   1667.5508033092176        1.0000000000000000     
   9.6153846153846159E-003   6.1538461538461538E-003   1667.5628862880335        1.0000000000000000     
   9.6153846153846159E-003   6.5384615384615381E-003   1667.5801328093512        1.0000000000000000     
   9.6153846153846159E-003   6.9230769230769233E-003   1667.6028457089665        1.0000000000000000     
   9.6153846153846159E-003   7.3076923076923076E-003   1667.6313759009906        1.0000000000000000     
   9.6153846153846159E-003   7.6923076923076927E-003   1667.6660982081917        1.0000000000000000     
   9.6153846153846159E-003   8.0769230769230770E-003   1667.7072442339841        1.0000000000000000     
   9.6153846153846159E-003   8.4615384615384613E-003   1667.7552378136270        1.0000000000000000     
   9.6153846153846159E-003   8.8461538461538456E-003   1667.8100977235060        1.0000000000000000     
   9.6153846153846159E-003   9.2307692307692299E-003   1667.8729593758083        1.0000000000000000     
   9.6153846153846159E-003   9.6153846153846159E-003   1667.9440577288572        1.0000000000000000     

