   3.8461538461538462E-004   3.8461538461538462E-004   1624.5137693529991        1.0000000000000000     
   3.8461538461538462E-004   7.6923076923076923E-004   1624.7160494018897        1.0000000000000000     
   3.8461538461538462E-004   1.1538461538461537E-003   1624.8896582740642        1.0000000000000000     
   3.8461538461538462E-004   1.5384615384615385E-003   1625.0364628626553        1.0000000000000000     
   3.8461538461538462E-004   1.9230769230769232E-003   1625.1591374339391        1.0000000000000000     
   3.8461538461538462E-004   2.3076923076923075E-003   1625.2610179078226        1.0000000000000000     
   3.8461538461538462E-004   2.6923076923076922E-003   1625.3459215694033        1.0000000000000000     
   3.8461538461538462E-004   3.0769230769230769E-003   1625.4179431615757        1.0000000000000000     
   3.8461538461538462E-004   3.4615384615384616E-003   1625.4812397105941        1.0000000000000000     
   3.8461538461538462E-004   3.8461538461538464E-003   1625.5398170916653        1.0000000000000000     
   3.8461538461538462E-004   4.2307692307692307E-003   1625.5973312064627        1.0000000000000000     
   3.8461538461538462E-004   4.6153846153846149E-003   1625.6569157396655        1.0000000000000000     
   3.8461538461538462E-004   5.0000000000000001E-003   1625.7210468633853        1.0000000000000000     
   3.8461538461538462E-004   5.3846153846153844E-003   1625.7914531016024        1.0000000000000000     
   3.8461538461538462E-004   5.7692307692307696E-003   1625.8690760508634        1.0000000000000000     
   3.8461538461538462E-004   6.1538461538461538E-003   1625.9540850638928        1.0000000000000000     
   3.8461538461538462E-004   6.5384615384615381E-003   1626.0459467700530        1.0000000000000000     
   3.8461538461538462E-004   6.9230769230769233E-003   1626.1435491756313        1.0000000000000000     
   3.8461538461538462E-004   7.3076923076923076E-003   1626.2453815967440        1.0000000000000000     
   3.8461538461538462E-004   7.6923076923076927E-003   1626.3497796012020        1.0000000000000000     
   3.8461538461538462E-004   8.0769230769230770E-003   1626.4552690855674        1.0000000000000000     
   3.8461538461538462E-004   8.4615384615384613E-003   1626.5611188671462        1.0000000000000000     
   3.8461538461538462E-004   8.8461538461538456E-003   1626.6684509050415        1.0000000000000000     
   3.8461538461538462E-004   9.2307692307692299E-003   1626.7830846179108        1.0000000000000000     
   3.8461538461538462E-004   9.6153846153846159E-003   1626.9243814525014        1.0000000000000000     

   7.6923076923076923E-004   3.8461538461538462E-004   1624.6644197593876        1.0000000000000000     
   7.6923076923076923E-004   7.6923076923076923E-004   1624.8667565432966        1.0000000000000000     
   7.6923076923076923E-004   1.1538461538461537E-003   1625.0404509474643        1.0000000000000000     
   7.6923076923076923E-004   1.5384615384615385E-003   1625.1873667079283        1.0000000000000000     
   7.6923076923076923E-004   1.9230769230769232E-003   1625.3101735489611        1.0000000000000000     
   7.6923076923076923E-004   2.3076923076923075E-003   1625.4122016816507        1.0000000000000000     
   7.6923076923076923E-004   2.6923076923076922E-003   1625.4972617793719        1.0000000000000000     
   7.6923076923076923E-004   3.0769230769230769E-003   1625.5694413570227        1.0000000000000000     
   7.6923076923076923E-004   3.4615384615384616E-003   1625.6328898780034        1.0000000000000000     
   7.6923076923076923E-004   3.8461538461538464E-003   1625.6916055621646        1.0000000000000000     
   7.6923076923076923E-004   4.2307692307692307E-003   1625.7492367247692        1.0000000000000000     
   7.6923076923076923E-004   4.6153846153846149E-003   1625.8089095584219        1.0000000000000000     
   7.6923076923076923E-004   5.0000000000000001E-003   1625.8730926467993        1.0000000000000000     
   7.6923076923076923E-004   5.3846153846153844E-003   1625.9435062923892        1.0000000000000000     
   7.6923076923076923E-004   5.7692307692307696E-003   1626.0210821195508        1.0000000000000000     
   7.6923076923076923E-004   6.1538461538461538E-003   1626.1059755931958        1.0000000000000000     
   7.6923076923076923E-004   6.5384615384615381E-003   1626.1976313220364        1.0000000000000000     
   7.6923076923076923E-004   6.9230769230769233E-003   1626.2948985451815        1.0000000000000000     
   7.6923076923076923E-004   7.3076923076923076E-003   1626.3961921193904        1.0000000000000000     
   7.6923076923076923E-004   7.6923076923076927E-003   1626.4996917870972        1.0000000000000000     
   7.6923076923076923E-004   8.0769230769230770E-003   1626.6035642922095        1.0000000000000000     
   7.6923076923076923E-004   8.4615384615384613E-003   1626.7061540599698        1.0000000000000000     
   7.6923076923076923E-004   8.8461538461538456E-003   1626.8059047933950        1.0000000000000000     
   7.6923076923076923E-004   9.2307692307692299E-003   1626.8999270403981        1.0000000000000000     
   7.6923076923076923E-004   9.6153846153846159E-003   1626.9762133172330        1.0000000000000000     

   1.1538461538461537E-003   3.8461538461538462E-004   1624.7379383292011        1.0000000000000000     
   1.1538461538461537E-003   7.6923076923076923E-004   1624.9403533118771        1.0000000000000000     
   1.1538461538461537E-003   1.1538461538461537E-003   1625.1141879282311        1.0000000000000000     
   1.1538461538461537E-003   1.5384615384615385E-003   1625.2612993467021        1.0000000000000000     
   1.1538461538461537E-003   1.9230769230769232E-003   1625.3843478472852        1.0000000000000000     
   1.1538461538461537E-003   2.3076923076923075E-003   1625.4866517798587        1.0000000000000000     
   1.1538461538461537E-003   2.6923076923076922E-003   1625.5720080977421        1.0000000000000000     
   1.1538461538461537E-003   3.0769230769230769E-003   1625.6444893467406        1.0000000000000000     
   1.1538461538461537E-003   3.4615384615384616E-003   1625.7082293779044        1.0000000000000000     
   1.1538461538461537E-003   3.8461538461538464E-003   1625.7672106912264        1.0000000000000000     
   1.1538461538461537E-003   4.2307692307692307E-003   1625.8250661613599        1.0000000000000000     
   1.1538461538461537E-003   4.6153846153846149E-003   1625.8849069580606        1.0000000000000000     
   1.1538461538461537E-003   5.0000000000000001E-003   1625.9491868147950        1.0000000000000000     
   1.1538461538461537E-003   5.3846153846153844E-003   1626.0196105225605        1.0000000000000000     
   1.1538461538461537E-003   5.7692307692307696E-003   1626.0970917664631        1.0000000000000000     
   1.1538461538461537E-003   6.1538461538461538E-003   1626.1817623196555        1.0000000000000000     
   1.1538461538461537E-003   6.5384615384615381E-003   1626.2730312537487        1.0000000000000000     
   1.1538461538461537E-003   6.9230769230769233E-003   1626.3696891279849        1.0000000000000000     
   1.1538461538461537E-003   7.3076923076923076E-003   1626.4700474718898        1.0000000000000000     
   1.1538461538461537E-003   7.6923076923076927E-003   1626.5720962497358        1.0000000000000000     
   1.1538461538461537E-003   8.0769230769230770E-003   1626.6736456923356        1.0000000000000000     
   1.1538461538461537E-003   8.4615384615384613E-003   1626.7723798696597        1.0000000000000000     
   1.1538461538461537E-003   8.8461538461538456E-003   1626.8656623640363        1.0000000000000000     
   1.1538461538461537E-003   9.2307692307692299E-003   1626.9498147069357        1.0000000000000000     
   1.1538461538461537E-003   9.6153846153846159E-003   1627.0189812194619        1.0000000000000000     

   1.5384615384615385E-003   3.8461538461538462E-004   1624.7423330381052        1.0000000000000000     
   1.5384615384615385E-003   7.6923076923076923E-004   1624.9448478251443        1.0000000000000000     
   1.5384615384615385E-003   1.1538461538461537E-003   1625.1188762887218        1.0000000000000000     
   1.5384615384615385E-003   1.5384615384615385E-003   1625.2662657633375        1.0000000000000000     
   1.5384615384615385E-003   1.9230769230769232E-003   1625.3896623938997        1.0000000000000000     
   1.5384615384615385E-003   2.3076923076923075E-003   1625.4923667910132        1.0000000000000000     
   1.5384615384615385E-003   2.6923076923076922E-003   1625.5781554132568        1.0000000000000000     
   1.5384615384615385E-003   3.0769230769230769E-003   1625.6510784890622        1.0000000000000000     
   1.5384615384615385E-003   3.4615384615384616E-003   1625.7152466668217        1.0000000000000000     
   1.5384615384615385E-003   3.8461538461538464E-003   1625.7746192086711        1.0000000000000000     
   1.5384615384615385E-003   4.2307692307692307E-003   1625.8328063736469        1.0000000000000000     
   1.5384615384615385E-003   4.6153846153846149E-003   1625.8928976790564        1.0000000000000000     
   1.5384615384615385E-003   5.0000000000000001E-003   1625.9573260388877        1.0000000000000000     
   1.5384615384615385E-003   5.3846153846153844E-003   1626.0277754471315        1.0000000000000000     
   1.5384615384615385E-003   5.7692307692307696E-003   1626.1051370156044        1.0000000000000000     
   1.5384615384615385E-003   6.1538461538461538E-003   1626.1895148985554        1.0000000000000000     
   1.5384615384615385E-003   6.5384615384615381E-003   1626.2802799907959        1.0000000000000000     
   1.5384615384615385E-003   6.9230769230769233E-003   1626.3761651710495        1.0000000000000000     
   1.5384615384615385E-003   7.3076923076923076E-003   1626.4753908569924        1.0000000000000000     
   1.5384615384615385E-003   7.6923076923076927E-003   1626.5758027713082        1.0000000000000000     
   1.5384615384615385E-003   8.0769230769230770E-003   1626.6749935701323        1.0000000000000000     
   1.5384615384615385E-003   8.4615384615384613E-003   1626.7703661714845        1.0000000000000000     
   1.5384615384615385E-003   8.8461538461538456E-003   1626.8590906582829        1.0000000000000000     
   1.5384615384615385E-003   9.2307692307692299E-003   1626.9379691502254        1.0000000000000000     
   1.5384615384615385E-003   9.6153846153846159E-003   1627.0035468442015        1.0000000000000000     

   1.9230769230769232E-003   3.8461538461538462E-004   1624.6889914072801        1.0000000000000000     
   1.9230769230769232E-003   7.6923076923076923E-004   1624.8916277385006        1.0000000000000000     
   1.9230769230769232E-003   1.1538461538461537E-003   1625.0659020652731        1.0000000000000000     
   1.9230769230769232E-003   1.5384615384615385E-003   1625.2136488307920        1.0000000000000000     
   1.9230769230769232E-003   1.9230769230769232E-003   1625.3374956597165        1.0000000000000000     
   1.9230769230769232E-003   2.3076923076923075E-003   1625.4407199399400        1.0000000000000000     
   1.9230769230769232E-003   2.6923076923076922E-003   1625.5270713368905        1.0000000000000000     
   1.9230769230769232E-003   3.0769230769230769E-003   1625.6005709673739        1.0000000000000000     
   1.9230769230769232E-003   3.4615384615384616E-003   1625.6652993226139        1.0000000000000000     
   1.9230769230769232E-003   3.8461538461538464E-003   1625.7251856449409        1.0000000000000000     
   1.9230769230769232E-003   4.2307692307692307E-003   1625.7838112827008        1.0000000000000000     
   1.9230769230769232E-003   4.6153846153846149E-003   1625.8442385804763        1.0000000000000000     
   1.9230769230769232E-003   5.0000000000000001E-003   1625.9088751580114        1.0000000000000000     
   1.9230769230769232E-003   5.3846153846153844E-003   1625.9793810797976        1.0000000000000000     
   1.9230769230769232E-003   5.7692307692307696E-003   1626.0566235304755        1.0000000000000000     
   1.9230769230769232E-003   6.1538461538461538E-003   1626.1406803059122        1.0000000000000000     
   1.9230769230769232E-003   6.5384615384615381E-003   1626.2308897992762        1.0000000000000000     
   1.9230769230769232E-003   6.9230769230769233E-003   1626.3259412467903        1.0000000000000000     
   1.9230769230769232E-003   7.3076923076923076E-003   1626.4239947857607        1.0000000000000000     
   1.9230769230769232E-003   7.6923076923076927E-003   1626.5228164382765        1.0000000000000000     
   1.9230769230769232E-003   8.0769230769230770E-003   1626.6199092363649        1.0000000000000000     
   1.9230769230769232E-003   8.4615384615384613E-003   1626.7126217371977        1.0000000000000000     
   1.9230769230769232E-003   8.8461538461538456E-003   1626.7982296463356        1.0000000000000000     
   1.9230769230769232E-003   9.2307692307692299E-003   1626.8740381594230        1.0000000000000000     
   1.9230769230769232E-003   9.6153846153846159E-003   1626.9376595900274        1.0000000000000000     

   2.3076923076923075E-003   3.8461538461538462E-004   1624.5919651247650        1.0000000000000000     
   2.3076923076923075E-003   7.6923076923076923E-004   1624.7947447815479        1.0000000000000000     
   2.3076923076923075E-003   1.1538461538461537E-003   1624.9693147457365        1.0000000000000000     
   2.3076923076923075E-003   1.5384615384615385E-003   1625.1174937775379        1.0000000000000000     
   2.3076923076923075E-003   1.9230769230769232E-003   1625.2418869834185        1.0000000000000000     
   2.3076923076923075E-003   2.3076923076923075E-003   1625.3457435420928        1.0000000000000000     
   2.3076923076923075E-003   2.6923076923076922E-003   1625.4327806215556        1.0000000000000000     
   2.3076923076923075E-003   3.0769230769230769E-003   1625.5069841136462        1.0000000000000000     
   2.3076923076923075E-003   3.4615384615384616E-003   1625.5723981613901        1.0000000000000000     
   2.3076923076923075E-003   3.8461538461538464E-003   1625.6329160589069        1.0000000000000000     
   2.3076923076923075E-003   4.2307692307692307E-003   1625.6920849187075        1.0000000000000000     
   2.3076923076923075E-003   4.6153846153846149E-003   1625.7529355337433        1.0000000000000000     
   2.3076923076923075E-003   5.0000000000000001E-003   1625.8178471634030        1.0000000000000000     
   2.3076923076923075E-003   5.3846153846153844E-003   1625.8884546351687        1.0000000000000000     
   2.3076923076923075E-003   5.7692307692307696E-003   1625.9656022983722        1.0000000000000000     
   2.3076923076923075E-003   6.1538461538461538E-003   1626.0493461352437        1.0000000000000000     
   2.3076923076923075E-003   6.5384615384615381E-003   1626.1390018801217        1.0000000000000000     
   2.3076923076923075E-003   6.9230769230769233E-003   1626.2332334925993        1.0000000000000000     
   2.3076923076923075E-003   7.3076923076923076E-003   1626.3301730188691        1.0000000000000000     
   2.3076923076923075E-003   7.6923076923076927E-003   1626.4275602436194        1.0000000000000000     
   2.3076923076923075E-003   8.0769230769230770E-003   1626.5228897080451        1.0000000000000000     
   2.3076923076923075E-003   8.4615384615384613E-003   1626.6135561058020        1.0000000000000000     
   2.3076923076923075E-003   8.8461538461538456E-003   1626.6970009966465        1.0000000000000000     
   2.3076923076923075E-003   9.2307692307692299E-003   1626.7708873608187        1.0000000000000000     
   2.3076923076923075E-003   9.6153846153846159E-003   1626.8333510718276        1.0000000000000000     

   2.6923076923076922E-003   3.8461538461538462E-004   1624.4670850795865        1.0000000000000000     
   2.6923076923076922E-003   7.6923076923076923E-004   1624.6700296903173        1.0000000000000000     
   2.6923076923076922E-003   1.1538461538461537E-003   1624.8449421481482        1.0000000000000000     
   2.6923076923076922E-003   1.5384615384615385E-003   1624.9936230516200        1.0000000000000000     
   2.6923076923076922E-003   1.9230769230769232E-003   1625.1186514454105        1.0000000000000000     
   2.6923076923076922E-003   2.3076923076923075E-003   1625.2232438919327        1.0000000000000000     
   2.6923076923076922E-003   2.6923076923076922E-003   1625.3110800428960        1.0000000000000000     
   2.6923076923076922E-003   3.0769230769230769E-003   1625.3861052246057        1.0000000000000000     
   2.6923076923076922E-003   3.4615384615384616E-003   1625.4523218855295        1.0000000000000000     
   2.6923076923076922E-003   3.8461538461538464E-003   1625.5135823510150        1.0000000000000000     
   2.6923076923076922E-003   4.2307692307692307E-003   1625.5733951451584        1.0000000000000000     
   2.6923076923076922E-003   4.6153846153846149E-003   1625.6347561817381        1.0000000000000000     
   2.6923076923076922E-003   5.0000000000000001E-003   1625.7000144488422        1.0000000000000000     
   2.6923076923076922E-003   5.3846153846153844E-003   1625.7707795118356        1.0000000000000000     
   2.6923076923076922E-003   5.7692307692307696E-003   1625.8478753689353        1.0000000000000000     
   2.6923076923076922E-003   6.1538461538461538E-003   1625.9313420766748        1.0000000000000000     
   2.6923076923076922E-003   6.5384615384615381E-003   1626.0204833123262        1.0000000000000000     
   2.6923076923076922E-003   6.9230769230769233E-003   1626.1139548940362        1.0000000000000000     
   2.6923076923076922E-003   7.3076923076923076E-003   1626.2098865584169        1.0000000000000000     
   2.6923076923076922E-003   7.6923076923076927E-003   1626.3060274914185        1.0000000000000000     
   2.6923076923076922E-003   8.0769230769230770E-003   1626.3999060022163        1.0000000000000000     
   2.6923076923076922E-003   8.4615384615384613E-003   1626.4889964034569        1.0000000000000000     
   2.6923076923076922E-003   8.8461538461538456E-003   1626.5708923961940        1.0000000000000000     
   2.6923076923076922E-003   9.2307692307692299E-003   1626.6434941788657        1.0000000000000000     
   2.6923076923076922E-003   9.6153846153846159E-003   1626.7052165780494        1.0000000000000000     

   3.0769230769230769E-003   3.8461538461538462E-004   1624.3309609340706        1.0000000000000000     
   3.0769230769230769E-003   7.6923076923076923E-004   1624.5340916690868        1.0000000000000000     
   3.0769230769230769E-003   1.1538461538461537E-003   1624.7093898317580        1.0000000000000000     
   3.0769230769230769E-003   1.5384615384615385E-003   1624.8586357306019        1.0000000000000000     
   3.0769230769230769E-003   1.9230769230769232E-003   1624.9843793114853        1.0000000000000000     
   3.0769230769230769E-003   2.3076923076923075E-003   1625.0898007550584        1.0000000000000000     
   3.0769230769230769E-003   2.6923076923076922E-003   1625.1785379291814        1.0000000000000000     
   3.0769230769230769E-003   3.0769230769230769E-003   1625.2544910873855        1.0000000000000000     
   3.0769230769230769E-003   3.4615384615384616E-003   1625.3216165250267        1.0000000000000000     
   3.0769230769230769E-003   3.8461538461538464E-003   1625.3837214948062        1.0000000000000000     
   3.0769230769230769E-003   4.2307692307692307E-003   1625.4442725022989        1.0000000000000000     
   3.0769230769230769E-003   4.6153846153846149E-003   1625.5062281597366        1.0000000000000000     
   3.0769230769230769E-003   5.0000000000000001E-003   1625.5719061290849        1.0000000000000000     
   3.0769230769230769E-003   5.3846153846153844E-003   1625.6428914336757        1.0000000000000000     
   3.0769230769230769E-003   5.7692307692307696E-003   1625.7199907014922        1.0000000000000000     
   3.0769230769230769E-003   6.1538461538461538E-003   1625.8032338977371        1.0000000000000000     
   3.0769230769230769E-003   6.5384615384615381E-003   1625.8919220187076        1.0000000000000000     
   3.0769230769230769E-003   6.9230769230769233E-003   1625.9847163014340        1.0000000000000000     
   3.0769230769230769E-003   7.3076923076923076E-003   1626.0797620546216        1.0000000000000000     
   3.0769230769230769E-003   7.6923076923076927E-003   1626.1748386042368        1.0000000000000000     
   3.0769230769230769E-003   8.0769230769230770E-003   1626.2675264862744        1.0000000000000000     
   3.0769230769230769E-003   8.4615384615384613E-003   1626.3553842102599        1.0000000000000000     
   3.0769230769230769E-003   8.8461538461538456E-003   1626.4361293470397        1.0000000000000000     
   3.0769230769230769E-003   9.2307692307692299E-003   1626.5078204458900        1.0000000000000000     
   3.0769230769230769E-003   9.6153846153846159E-003   1626.5690329896886        1.0000000000000000     

   3.4615384615384616E-003   3.8461538461538462E-004   1624.1999267342462        1.0000000000000000     
   3.4615384615384616E-003   7.6923076923076923E-004   1624.4032638908402        1.0000000000000000     
   3.4615384615384616E-003   1.1538461538461537E-003   1624.5789865571585        1.0000000000000000     
   3.4615384615384616E-003   1.5384615384615385E-003   1624.7288530011879        1.0000000000000000     
   3.4615384615384616E-003   1.9230769230769232E-003   1624.8553815772411        1.0000000000000000     
   3.4615384615384616E-003   2.3076923076923075E-003   1624.9617130039619        1.0000000000000000     
   3.4615384615384616E-003   2.6923076923076922E-003   1625.0514398924188        1.0000000000000000     
   3.4615384615384616E-003   3.0769230769230769E-003   1625.1284137843470        1.0000000000000000     
   3.4615384615384616E-003   3.4615384615384616E-003   1625.1965412669738        1.0000000000000000     
   3.4615384615384616E-003   3.8461538461538464E-003   1625.2595813153098        1.0000000000000000     
   3.4615384615384616E-003   4.2307692307692307E-003   1625.3209558378780        1.0000000000000000     
   3.4615384615384616E-003   4.6153846153846149E-003   1625.3835844783746        1.0000000000000000     
   3.4615384615384616E-003   5.0000000000000001E-003   1625.4497531118043        1.0000000000000000     
   3.4615384615384616E-003   5.3846153846153844E-003   1625.5210232717793        1.0000000000000000     
   3.4615384615384616E-003   5.7692307692307696E-003   1625.5981870985001        1.0000000000000000     
   3.4615384615384616E-003   6.1538461538461538E-003   1625.6812694823120        1.0000000000000000     
   3.4615384615384616E-003   6.5384615384615381E-003   1625.7695761030891        1.0000000000000000     
   3.4615384615384616E-003   6.9230769230769233E-003   1625.8617832649302        1.0000000000000000     
   3.4615384615384616E-003   7.3076923076923076E-003   1625.9560630516633        1.0000000000000000     
   3.4615384615384616E-003   7.6923076923076927E-003   1626.0502356359991        1.0000000000000000     
   3.4615384615384616E-003   8.0769230769230770E-003   1626.1419397640461        1.0000000000000000     
   3.4615384615384616E-003   8.4615384615384613E-003   1626.2288125192556        1.0000000000000000     
   3.4615384615384616E-003   8.8461538461538456E-003   1626.3086700250806        1.0000000000000000     
   3.4615384615384616E-003   9.2307692307692299E-003   1626.3796806614023        1.0000000000000000     
   3.4615384615384616E-003   9.6153846153846159E-003   1626.4405200467206        1.0000000000000000     

   3.8461538461538464E-003   3.8461538461538462E-004   1624.0889978044045        1.0000000000000000     
   3.8461538461538464E-003   7.6923076923076923E-004   1624.2925602915304        1.0000000000000000     
   3.8461538461538464E-003   1.1538461538461537E-003   1624.4687410578183        1.0000000000000000     
   3.8461538461538464E-003   1.5384615384615385E-003   1624.6192749762326        1.0000000000000000     
   3.8461538461538464E-003   1.9230769230769232E-003   1624.7466468853816        1.0000000000000000     
   3.8461538461538464E-003   2.3076923076923075E-003   1624.8539556736791        1.0000000000000000     
   3.8461538461538464E-003   2.6923076923076922E-003   1624.9447460412980        1.0000000000000000     
   3.8461538461538464E-003   3.0769230769230769E-003   1625.0228180625754        1.0000000000000000     
   3.8461538461538464E-003   3.4615384615384616E-003   1625.0920259629456        1.0000000000000000     
   3.8461538461538464E-003   3.8461538461538464E-003   1625.1560781037033        1.0000000000000000     
   3.8461538461538464E-003   4.2307692307692307E-003   1625.2183499997273        1.0000000000000000     
   3.8461538461538464E-003   4.6153846153846149E-003   1625.2817212914133        1.0000000000000000     
   3.8461538461538464E-003   5.0000000000000001E-003   1625.3484460110865        1.0000000000000000     
   3.8461538461538464E-003   5.3846153846153844E-003   1625.4200633286578        1.0000000000000000     
   3.8461538461538464E-003   5.7692307692307696E-003   1625.4973533731509        1.0000000000000000     
   3.8461538461538464E-003   6.1538461538461538E-003   1625.5803398804567        1.0000000000000000     
   3.8461538461538464E-003   6.5384615384615381E-003   1625.6683385120366        1.0000000000000000     
   3.8461538461538464E-003   6.9230769230769233E-003   1625.7600469377840        1.0000000000000000     
   3.8461538461538464E-003   7.3076923076923076E-003   1625.8536703911111        1.0000000000000000     
   3.8461538461538464E-003   7.6923076923076927E-003   1625.9470745711315        1.0000000000000000     
   3.8461538461538464E-003   8.0769230769230770E-003   1626.0379565966816        1.0000000000000000     
   3.8461538461538464E-003   8.4615384615384613E-003   1626.1240241714008        1.0000000000000000     
   3.8461538461538464E-003   8.8461538461538456E-003   1626.2031729245211        1.0000000000000000     
   3.8461538461538464E-003   9.2307692307692299E-003   1626.2736515364800        1.0000000000000000     
   3.8461538461538464E-003   9.6153846153846159E-003   1626.3342032718713        1.0000000000000000     

   4.2307692307692307E-003   3.8461538461538462E-004   1624.0109040004397        1.0000000000000000     
   4.2307692307692307E-003   7.6923076923076923E-004   1624.2147087413923        1.0000000000000000     
   4.2307692307692307E-003   1.1538461538461537E-003   1624.3913752121525        1.0000000000000000     
   4.2307692307692307E-003   1.5384615384615385E-003   1624.5426139418105        1.0000000000000000     
   4.2307692307692307E-003   1.9230769230769232E-003   1624.6708749099448        1.0000000000000000     
   4.2307692307692307E-003   2.3076923076923075E-003   1624.7792135306836        1.0000000000000000     
   4.2307692307692307E-003   2.6923076923076922E-003   1624.8711247665433        1.0000000000000000     
   4.2307692307692307E-003   3.0769230769230769E-003   1624.9503553525599        1.0000000000000000     
   4.2307692307692307E-003   3.4615384615384616E-003   1625.0207053868571        1.0000000000000000     
   4.2307692307692307E-003   3.8461538461538464E-003   1625.0858311174322        1.0000000000000000     
   4.2307692307692307E-003   4.2307692307692307E-003   1625.1490605932306        1.0000000000000000     
   4.2307692307692307E-003   4.6153846153846149E-003   1625.2132329624646        1.0000000000000000     
   4.2307692307692307E-003   5.0000000000000001E-003   1625.2805706509807        1.0000000000000000     
   4.2307692307692307E-003   5.3846153846153844E-003   1625.3525915393229        1.0000000000000000     
   4.2307692307692307E-003   5.7692307692307696E-003   1625.4300657183983        1.0000000000000000     
   4.2307692307692307E-003   6.1538461538461538E-003   1625.5130186089398        1.0000000000000000     
   4.2307692307692307E-003   6.5384615384615381E-003   1625.6007793684482        1.0000000000000000     
   4.2307692307692307E-003   6.9230769230769233E-003   1625.6920707771028        1.0000000000000000     
   4.2307692307692307E-003   7.3076923076923076E-003   1625.7851343777836        1.0000000000000000     
   4.2307692307692307E-003   7.6923076923076927E-003   1625.8778826982170        1.0000000000000000     
   4.2307692307692307E-003   8.0769230769230770E-003   1625.9680689943852        1.0000000000000000     
   4.2307692307692307E-003   8.4615384615384613E-003   1626.0534641133333        1.0000000000000000     
   4.2307692307692307E-003   8.8461538461538456E-003   1626.1320296540969        1.0000000000000000     
   4.2307692307692307E-003   9.2307692307692299E-003   1626.2020764136050        1.0000000000000000     
   4.2307692307692307E-003   9.6153846153846159E-003   1626.2623970532950        1.0000000000000000     

   4.6153846153846149E-003   3.8461538461538462E-004   1623.9752602486860        1.0000000000000000     
   4.6153846153846149E-003   7.6923076923076923E-004   1624.1793215275413        1.0000000000000000     
   4.6153846153846149E-003   1.1538461538461537E-003   1624.3564945548585        1.0000000000000000     
   4.6153846153846149E-003   1.5384615384615385E-003   1624.5084649745461        1.0000000000000000     
   4.6153846153846149E-003   1.9230769230769232E-003   1624.6376471462067        1.0000000000000000     
   4.6153846153846149E-003   2.3076923076923075E-003   1624.7470520893053        1.0000000000000000     
   4.6153846153846149E-003   2.6923076923076922E-003   1624.8401240246690        1.0000000000000000     
   4.6153846153846149E-003   3.0769230769230769E-003   1624.9205553486747        1.0000000000000000     
   4.6153846153846149E-003   3.4615384615384616E-003   1624.9920911345018        1.0000000000000000     
   4.6153846153846149E-003   3.8461538461538464E-003   1625.0583348222451        1.0000000000000000     
   4.6153846153846149E-003   4.2307692307692307E-003   1625.1225666035816        1.0000000000000000     
   4.6153846153846149E-003   4.6153846153846149E-003   1625.1875851389329        1.0000000000000000     
   4.6153846153846149E-003   5.0000000000000001E-003   1625.2555817229547        1.0000000000000000     
   4.6153846153846149E-003   5.3846153846153844E-003   1625.3280539370355        1.0000000000000000     
   4.6153846153846149E-003   5.7692307692307696E-003   1625.4057633307516        1.0000000000000000     
   4.6153846153846149E-003   6.1538461538461538E-003   1625.4887389212615        1.0000000000000000     
   4.6153846153846149E-003   6.5384615384615381E-003   1625.5763254708647        1.0000000000000000     
   4.6153846153846149E-003   6.9230769230769233E-003   1625.6672727828779        1.0000000000000000     
   4.6153846153846149E-003   7.3076923076923076E-003   1625.7598598174702        1.0000000000000000     
   4.6153846153846149E-003   7.6923076923076927E-003   1625.8520454144525        1.0000000000000000     
   4.6153846153846149E-003   8.0769230769230770E-003   1625.9416359123950        1.0000000000000000     
   4.6153846153846149E-003   8.4615384615384613E-003   1626.0264590014451        1.0000000000000000     
   4.6153846153846149E-003   8.8461538461538456E-003   1626.1045327092158        1.0000000000000000     
   4.6153846153846149E-003   9.2307692307692299E-003   1626.1742184435002        1.0000000000000000     
   4.6153846153846149E-003   9.6153846153846159E-003   1626.2343475157493        1.0000000000000000     

   5.0000000000000001E-003   3.8461538461538462E-004   1623.9879273463355        1.0000000000000000     
   5.0000000000000001E-003   7.6923076923076923E-004   1624.1922561300137        1.0000000000000000     
   5.0000000000000001E-003   1.1538461538461537E-003   1624.3699491125071        1.0000000000000000     
   5.0000000000000001E-003   1.5384615384615385E-003   1624.5226669138883        1.0000000000000000     
   5.0000000000000001E-003   1.9230769230769232E-003   1624.6527880873257        1.0000000000000000     
   5.0000000000000001E-003   2.3076923076923075E-003   1624.7632790494874        1.0000000000000000     
   5.0000000000000001E-003   2.6923076923076922E-003   1624.8575330825081        1.0000000000000000     
   5.0000000000000001E-003   3.0769230769230769E-003   1624.9391880967396        1.0000000000000000     
   5.0000000000000001E-003   3.4615384615384616E-003   1625.0119340850272        1.0000000000000000     
   5.0000000000000001E-003   3.8461538461538464E-003   1625.0793217598866        1.0000000000000000     
   5.0000000000000001E-003   4.2307692307692307E-003   1625.1445837134211        1.0000000000000000     
   5.0000000000000001E-003   4.6153846153846149E-003   1625.2104785878084        1.0000000000000000     
   5.0000000000000001E-003   5.0000000000000001E-003   1625.2791672478322        1.0000000000000000     
   5.0000000000000001E-003   5.3846153846153844E-003   1625.3521279030826        1.0000000000000000     
   5.0000000000000001E-003   5.7692307692307696E-003   1625.4301146684552        1.0000000000000000     
   5.0000000000000001E-003   6.1538461538461538E-003   1625.5131613353035        1.0000000000000000     
   5.0000000000000001E-003   6.5384615384615381E-003   1625.6006293267253        1.0000000000000000     
   5.0000000000000001E-003   6.9230769230769233E-003   1625.6912961056914        1.0000000000000000     
   5.0000000000000001E-003   7.3076923076923076E-003   1625.7834778608756        1.0000000000000000     
   5.0000000000000001E-003   7.6923076923076927E-003   1625.8751782528650        1.0000000000000000     
   5.0000000000000001E-003   8.0769230769230770E-003   1625.9642534661475        1.0000000000000000     
   5.0000000000000001E-003   8.4615384615384613E-003   1626.0485828378191        1.0000000000000000     
   5.0000000000000001E-003   8.8461538461538456E-003   1626.1262339415064        1.0000000000000000     
   5.0000000000000001E-003   9.2307692307692299E-003   1626.1956111975278        1.0000000000000000     
   5.0000000000000001E-003   9.6153846153846159E-003   1626.2555778814626        1.0000000000000000     

   5.3846153846153844E-003   3.8461538461538462E-004   1624.0506046543533        1.0000000000000000     
   5.3846153846153844E-003   7.6923076923076923E-004   1624.2552079263764        1.0000000000000000     
   5.3846153846153844E-003   1.1538461538461537E-003   1624.4334261997251        1.0000000000000000     
   5.3846153846153844E-003   1.5384615384615385E-003   1624.5868953237054        1.0000000000000000     
   5.3846153846153844E-003   1.9230769230769232E-003   1624.7179584169694        1.0000000000000000     
   5.3846153846153844E-003   2.3076923076923075E-003   1624.8295377764850        1.0000000000000000     
   5.3846153846153844E-003   2.6923076923076922E-003   1624.9249763303699        1.0000000000000000     
   5.3846153846153844E-003   3.0769230769230769E-003   1625.0078581787589        1.0000000000000000     
   5.3846153846153844E-003   3.4615384615384616E-003   1625.0818189902520        1.0000000000000000     
   5.3846153846153844E-003   3.8461538461538464E-003   1625.1503575748334        1.0000000000000000     
   5.3846153846153844E-003   4.2307692307692307E-003   1625.2166598062554        1.0000000000000000     
   5.3846153846153844E-003   4.6153846153846149E-003   1625.2834452292002        1.0000000000000000     
   5.3846153846153844E-003   5.0000000000000001E-003   1625.3528452138241        1.0000000000000000     
   5.3846153846153844E-003   5.3846153846153844E-003   1625.4263195074732        1.0000000000000000     
   5.3846153846153844E-003   5.7692307692307696E-003   1625.5046156092178        1.0000000000000000     
   5.3846153846153844E-003   6.1538461538461538E-003   1625.5877727117879        1.0000000000000000     
   5.3846153846153844E-003   6.5384615384615381E-003   1625.6751691870120        1.0000000000000000     
   5.3846153846153844E-003   6.9230769230769233E-003   1625.7656099077760        1.0000000000000000     
   5.3846153846153844E-003   7.3076923076923076E-003   1625.8574472655300        1.0000000000000000     
   5.3846153846153844E-003   7.6923076923076927E-003   1625.9487277000301        1.0000000000000000     
   5.3846153846153844E-003   8.0769230769230770E-003   1626.0373540188880        1.0000000000000000     
   5.3846153846153844E-003   8.4615384615384613E-003   1626.1212528244184        1.0000000000000000     
   5.3846153846153844E-003   8.8461538461538456E-003   1626.1985360271742        1.0000000000000000     
   5.3846153846153844E-003   9.2307692307692299E-003   1626.2676457294247        1.0000000000000000     
   5.3846153846153844E-003   9.6153846153846159E-003   1626.3274727186943        1.0000000000000000     

   5.7692307692307696E-003   3.8461538461538462E-004   1624.1606822033348        1.0000000000000000     
   5.7692307692307696E-003   7.6923076923076923E-004   1624.3655623475427        1.0000000000000000     
   5.7692307692307696E-003   1.1538461538461537E-003   1624.5443026980759        1.0000000000000000     
   5.7692307692307696E-003   1.5384615384615385E-003   1624.6985149621119        1.0000000000000000     
   5.7692307692307696E-003   1.9230769230769232E-003   1624.8305077307787        1.0000000000000000     
   5.7692307692307696E-003   2.3076923076923075E-003   1624.9431603262860        1.0000000000000000     
   5.7692307692307696E-003   2.6923076923076922E-003   1625.0397666551580        1.0000000000000000     
   5.7692307692307696E-003   3.0769230769230769E-003   1625.1238584698294        1.0000000000000000     
   5.7692307692307696E-003   3.4615384615384616E-003   1625.1990186459168        1.0000000000000000     
   5.7692307692307696E-003   3.8461538461538464E-003   1625.2686956281125        1.0000000000000000     
   5.7692307692307696E-003   4.2307692307692307E-003   1625.3360300526811        1.0000000000000000     
   5.7692307692307696E-003   4.6153846153846149E-003   1625.4037037299709        1.0000000000000000     
   5.7692307692307696E-003   5.0000000000000001E-003   1625.4738197196650        1.0000000000000000     
   5.7692307692307696E-003   5.3846153846153844E-003   1625.5478202478487        1.0000000000000000     
   5.7692307692307696E-003   5.7692307692307696E-003   1625.6264468242323        1.0000000000000000     
   5.7692307692307696E-003   6.1538461538461538E-003   1625.7097442713975        1.0000000000000000     
   5.7692307692307696E-003   6.5384615384615381E-003   1625.7971076417350        1.0000000000000000     
   5.7692307692307696E-003   6.9230769230769233E-003   1625.8873683418001        1.0000000000000000     
   5.7692307692307696E-003   7.3076923076923076E-003   1625.9789133706597        1.0000000000000000     
   5.7692307692307696E-003   7.6923076923076927E-003   1626.0698295523141        1.0000000000000000     
   5.7692307692307696E-003   8.0769230769230770E-003   1626.1580631196987        1.0000000000000000     
   5.7692307692307696E-003   8.4615384615384613E-003   1626.2415840740637        1.0000000000000000     
   5.7692307692307696E-003   8.8461538461538456E-003   1626.3185444510468        1.0000000000000000     
   5.7692307692307696E-003   9.2307692307692299E-003   1626.3874199965712        1.0000000000000000     
   5.7692307692307696E-003   9.6153846153846159E-003   1626.4471257885148        1.0000000000000000     

   6.1538461538461538E-003   3.8461538461538462E-004   1624.3113636799337        1.0000000000000000     
   6.1538461538461538E-003   7.6923076923076923E-004   1624.5165179523451        1.0000000000000000     
   6.1538461538461538E-003   1.1538461538461537E-003   1624.6957682830418        1.0000000000000000     
   6.1538461538461538E-003   1.5384615384615385E-003   1624.8507032206496        1.0000000000000000     
   6.1538461538461538E-003   1.9230769230769232E-003   1624.9835982413279        1.0000000000000000     
   6.1538461538461538E-003   2.3076923076923075E-003   1625.0972914626311        1.0000000000000000     
   6.1538461538461538E-003   2.6923076923076922E-003   1625.1950298080446        1.0000000000000000     
   6.1538461538461538E-003   3.0769230769230769E-003   1625.2802948878798        1.0000000000000000     
   6.1538461538461538E-003   3.4615384615384616E-003   1625.3566190489462        1.0000000000000000     
   6.1538461538461538E-003   3.8461538461538464E-003   1625.4274025833618        1.0000000000000000     
   6.1538461538461538E-003   4.2307692307692307E-003   1625.4957429442163        1.0000000000000000     
   6.1538461538461538E-003   4.6153846153846149E-003   1625.5642860032501        1.0000000000000000     
   6.1538461538461538E-003   5.0000000000000001E-003   1625.6351079557323        1.0000000000000000     
   6.1538461538461538E-003   5.3846153846153844E-003   1625.7096345216376        1.0000000000000000     
   6.1538461538461538E-003   5.7692307692307696E-003   1625.7886017337198        1.0000000000000000     
   6.1538461538461538E-003   6.1538461538461538E-003   1625.8720599908331        1.0000000000000000     
   6.1538461538461538E-003   6.5384615384615381E-003   1625.9594203522147        1.0000000000000000     
   6.1538461538461538E-003   6.9230769230769233E-003   1626.0495394233751        1.0000000000000000     
   6.1538461538461538E-003   7.3076923076923076E-003   1626.1408367981601        1.0000000000000000     
   6.1538461538461538E-003   7.6923076923076927E-003   1626.2314370191900        1.0000000000000000     
   6.1538461538461538E-003   8.0769230769230770E-003   1626.3193265201660        1.0000000000000000     
   6.1538461538461538E-003   8.4615384615384613E-003   1626.4025151074138        1.0000000000000000     
   6.1538461538461538E-003   8.8461538461538456E-003   1626.4791912796964        1.0000000000000000     
   6.1538461538461538E-003   9.2307692307692299E-003   1626.5478610961002        1.0000000000000000     
   6.1538461538461538E-003   9.6153846153846159E-003   1626.6074613681151        1.0000000000000000     

   6.5384615384615381E-003   3.8461538461538462E-004   1624.4920547398885        1.0000000000000000     
   6.5384615384615381E-003   7.6923076923076923E-004   1624.6974748645559        1.0000000000000000     
   6.5384615384615381E-003   1.1538461538461537E-003   1624.8772140391070        1.0000000000000000     
   6.5384615384615381E-003   1.5384615384615385E-003   1625.0328389676986        1.0000000000000000     
   6.5384615384615381E-003   1.9230769230769232E-003   1625.1665938948697        1.0000000000000000     
   6.5384615384615381E-003   2.3076923076923075E-003   1625.2812780858051        1.0000000000000000     
   6.5384615384615381E-003   2.6923076923076922E-003   1625.3800941772906        1.0000000000000000     
   6.5384615384615381E-003   3.0769230769230769E-003   1625.4664765357888        1.0000000000000000     
   6.5384615384615381E-003   3.4615384615384616E-003   1625.5439099279959        1.0000000000000000     
   6.5384615384615381E-003   3.8461538461538464E-003   1625.6157493396088        1.0000000000000000     
   6.5384615384615381E-003   4.2307692307692307E-003   1625.6850516373836        1.0000000000000000     
   6.5384615384615381E-003   4.6153846153846149E-003   1625.7544289679718        1.0000000000000000     
   6.5384615384615381E-003   5.0000000000000001E-003   1625.8259323764676        1.0000000000000000     
   6.5384615384615381E-003   5.3846153846153844E-003   1625.9009721975117        1.0000000000000000     
   6.5384615384615381E-003   5.7692307692307696E-003   1625.9802794442019        1.0000000000000000     
   6.5384615384615381E-003   6.1538461538461538E-003   1626.0639098412089        1.0000000000000000     
   6.5384615384615381E-003   6.5384615384615381E-003   1626.1512894796963        1.0000000000000000     
   6.5384615384615381E-003   6.9230769230769233E-003   1626.2412984789546        1.0000000000000000     
   6.5384615384615381E-003   7.3076923076923076E-003   1626.3323866834342        1.0000000000000000     
   6.5384615384615381E-003   7.6923076923076927E-003   1626.4227134488126        1.0000000000000000     
   6.5384615384615381E-003   8.0769230769230770E-003   1626.5103020974841        1.0000000000000000     
   6.5384615384615381E-003   8.4615384615384613E-003   1626.5931987425940        1.0000000000000000     
   6.5384615384615381E-003   8.8461538461538456E-003   1626.6696249457477        1.0000000000000000     
   6.5384615384615381E-003   9.2307692307692299E-003   1626.7381141052126        1.0000000000000000     
   6.5384615384615381E-003   9.6153846153846159E-003   1626.7976225490252        1.0000000000000000     

   6.9230769230769233E-003   3.8461538461538462E-004   1624.6889941718196        1.0000000000000000     
   6.9230769230769233E-003   7.6923076923076923E-004   1624.8946660919994        1.0000000000000000     
   6.9230769230769233E-003   1.1538461538461537E-003   1625.0748639773869        1.0000000000000000     
   6.9230769230769233E-003   1.5384615384615385E-003   1625.2311343047470        1.0000000000000000     
   6.9230769230769233E-003   1.9230769230769232E-003   1625.3656924019961        1.0000000000000000     
   6.9230769230769233E-003   2.3076923076923075E-003   1625.4813015681723        1.0000000000000000     
   6.9230769230769233E-003   2.6923076923076922E-003   1625.5811234533012        1.0000000000000000     
   6.9230769230769233E-003   3.0769230769230769E-003   1625.6685487146301        1.0000000000000000     
   6.9230769230769233E-003   3.4615384615384616E-003   1625.7470181176113        1.0000000000000000     
   6.9230769230769233E-003   3.8461538461538464E-003   1625.8198447732964        1.0000000000000000     
   6.9230769230769233E-003   4.2307692307692307E-003   1625.8900480646932        1.0000000000000000     
   6.9230769230769233E-003   4.6153846153846149E-003   1625.9602090232661        1.0000000000000000     
   6.9230769230769233E-003   5.0000000000000001E-003   1626.0323555240041        1.0000000000000000     
   6.9230769230769233E-003   5.3846153846153844E-003   1626.1078837618154        1.0000000000000000     
   6.9230769230769233E-003   5.7692307692307696E-003   1626.1875201734345        1.0000000000000000     
   6.9230769230769233E-003   6.1538461538461538E-003   1626.2713254221860        1.0000000000000000     
   6.9230769230769233E-003   6.5384615384615381E-003   1626.3587394269180        1.0000000000000000     
   6.9230769230769233E-003   6.9230769230769233E-003   1626.4486638559581        1.0000000000000000     
   6.9230769230769233E-003   7.3076923076923076E-003   1626.5395761806969        1.0000000000000000     
   6.9230769230769233E-003   7.6923076923076927E-003   1626.6296674357811        1.0000000000000000     
   6.9230769230769233E-003   8.0769230769230770E-003   1626.7169943840406        1.0000000000000000     
   6.9230769230769233E-003   8.4615384615384613E-003   1626.7996359240731        1.0000000000000000     
   6.9230769230769233E-003   8.8461538461538456E-003   1626.8758433614091        1.0000000000000000     
   6.9230769230769233E-003   9.2307692307692299E-003   1626.9441746060859        1.0000000000000000     
   6.9230769230769233E-003   9.6153846153846159E-003   1627.0036034370937        1.0000000000000000     

   7.3076923076923076E-003   3.8461538461538462E-004   1624.8860897102866        1.0000000000000000     
   7.3076923076923076E-003   7.6923076923076923E-004   1625.0919935196773        1.0000000000000000     
   7.3076923076923076E-003   1.1538461538461537E-003   1625.2726112413120        1.0000000000000000     
   7.3076923076923076E-003   1.5384615384615385E-003   1625.4294710146380        1.0000000000000000     
   7.3076923076923076E-003   1.9230769230769232E-003   1625.5647619550036        1.0000000000000000     
   7.3076923076923076E-003   2.3076923076923075E-003   1625.6812147629246        1.0000000000000000     
   7.3076923076923076E-003   2.6923076923076922E-003   1625.7819539461952        1.0000000000000000     
   7.3076923076923076E-003   3.0769230769230769E-003   1625.8703305623162        1.0000000000000000     
   7.3076923076923076E-003   3.4615384615384616E-003   1625.9497455248800        1.0000000000000000     
   7.3076923076923076E-003   3.8461538461538464E-003   1626.0234740342848        1.0000000000000000     
   7.3076923076923076E-003   4.2307692307692307E-003   1626.0945015553521        1.0000000000000000     
   7.3076923076923076E-003   4.6153846153846149E-003   1626.1653809822801        1.0000000000000000     
   7.3076923076923076E-003   5.0000000000000001E-003   1626.2381192548862        1.0000000000000000     
   7.3076923076923076E-003   5.3846153846153844E-003   1626.3140998066865        1.0000000000000000     
   7.3076923076923076E-003   5.7692307692307696E-003   1626.3940449536833        1.0000000000000000     
   7.3076923076923076E-003   6.1538461538461538E-003   1626.4780198154963        1.0000000000000000     
   7.3076923076923076E-003   6.5384615384615381E-003   1626.5654767553881        1.0000000000000000     
   7.3076923076923076E-003   6.9230769230769233E-003   1626.6553367955576        1.0000000000000000     
   7.3076923076923076E-003   7.3076923076923076E-003   1626.7461021664658        1.0000000000000000     
   7.3076923076923076E-003   7.6923076923076927E-003   1626.8359922270004        1.0000000000000000     
   7.3076923076923076E-003   8.0769230769230770E-003   1626.9230935654489        1.0000000000000000     
   7.3076923076923076E-003   8.4615384615384613E-003   1627.0055142485148        1.0000000000000000     
   7.3076923076923076E-003   8.8461538461538456E-003   1627.0815319802625        1.0000000000000000     
   7.3076923076923076E-003   9.2307692307692299E-003   1627.1497263790816        1.0000000000000000     
   7.3076923076923076E-003   9.6153846153846159E-003   1627.2090866529134        1.0000000000000000     

   7.6923076923076927E-003   3.8461538461538462E-004   1625.0659068180080        1.0000000000000000     
   7.6923076923076927E-003   7.6923076923076923E-004   1625.2720168885610        1.0000000000000000     
   7.6923076923076927E-003   1.1538461538461537E-003   1625.4530073045107        1.0000000000000000     
   7.6923076923076927E-003   1.5384615384615385E-003   1625.6103899992245        1.0000000000000000     
   7.6923076923076927E-003   1.9230769230769232E-003   1625.7463309232969        1.0000000000000000     
   7.6923076923076927E-003   2.3076923076923075E-003   1625.8635319719074        1.0000000000000000     
   7.6923076923076927E-003   2.6923076923076922E-003   1625.9650848368954        1.0000000000000000     
   7.6923076923076927E-003   3.0769230769230769E-003   1626.0543055945932        1.0000000000000000     
   7.6923076923076927E-003   3.4615384615384616E-003   1626.1345599624231        1.0000000000000000     
   7.6923076923076927E-003   3.8461538461538464E-003   1626.2090896680434        1.0000000000000000     
   7.6923076923076927E-003   4.2307692307692307E-003   1626.2808502383598        1.0000000000000000     
   7.6923076923076927E-003   4.6153846153846149E-003   1626.3523697415646        1.0000000000000000     
   7.6923076923076927E-003   5.0000000000000001E-003   1626.4256366534512        1.0000000000000000     
   7.6923076923076927E-003   5.3846153846153844E-003   1626.5020231557521        1.0000000000000000     
   7.6923076923076927E-003   5.7692307692307696E-003   1626.5822479265878        1.0000000000000000     
   7.6923076923076927E-003   6.1538461538461538E-003   1626.6663799927139        1.0000000000000000     
   7.6923076923076927E-003   6.5384615384615381E-003   1626.7538826359855        1.0000000000000000     
   7.6923076923076927E-003   6.9230769230769233E-003   1626.8436938439447        1.0000000000000000     
   7.6923076923076927E-003   7.3076923076923076E-003   1626.9343375226838        1.0000000000000000     
   7.6923076923076927E-003   7.6923076923076927E-003   1627.0240577912300        1.0000000000000000     
   7.6923076923076927E-003   8.0769230769230770E-003   1627.1109672689172        1.0000000000000000     
   7.6923076923076927E-003   8.4615384615384613E-003   1627.1931994387014        1.0000000000000000     
   7.6923076923076927E-003   8.8461538461538456E-003   1627.2690549721572        1.0000000000000000     
   7.6923076923076927E-003   9.2307692307692299E-003   1627.3371323489073        1.0000000000000000     
   7.6923076923076927E-003   9.6153846153846159E-003   1627.3964341679828        1.0000000000000000     

   8.0769230769230770E-003   3.8461538461538462E-004   1625.2107484566602        1.0000000000000000     
   8.0769230769230770E-003   7.6923076923076923E-004   1625.4170337699718        1.0000000000000000     
   8.0769230769230770E-003   1.1538461538461537E-003   1625.5983421626318        1.0000000000000000     
   8.0769230769230770E-003   1.5384615384615385E-003   1625.7561717011345        1.0000000000000000     
   8.0769230769230770E-003   1.9230769230769232E-003   1625.8926685157164        1.0000000000000000     
   8.0769230769230770E-003   2.3076923076923075E-003   1626.0105098566682        1.0000000000000000     
   8.0769230769230770E-003   2.6923076923076922E-003   1626.1127593421936        1.0000000000000000     
   8.0769230769230770E-003   3.0769230769230769E-003   1626.2027031262060        1.0000000000000000     
   8.0769230769230770E-003   3.4615384615384616E-003   1626.2836768240977        1.0000000000000000     
   8.0769230769230770E-003   3.8461538461538464E-003   1626.3588935403218        1.0000000000000000     
   8.0769230769230770E-003   4.2307692307692307E-003   1626.4312832060357        1.0000000000000000     
   8.0769230769230770E-003   4.6153846153846149E-003   1626.5033526680029        1.0000000000000000     
   8.0769230769230770E-003   5.0000000000000001E-003   1626.5770746204687        1.0000000000000000     
   8.0769230769230770E-003   5.3846153846153844E-003   1626.6538116253855        1.0000000000000000     
   8.0769230769230770E-003   5.7692307692307696E-003   1626.7342792396253        1.0000000000000000     
   8.0769230769230770E-003   6.1538461538461538E-003   1626.8185498005057        1.0000000000000000     
   8.0769230769230770E-003   6.5384615384615381E-003   1626.9060958681166        1.0000000000000000     
   8.0769230769230770E-003   6.9230769230769233E-003   1626.9958698442840        1.0000000000000000     
   8.0769230769230770E-003   7.3076923076923076E-003   1627.0864140388051        1.0000000000000000     
   8.0769230769230770E-003   7.6923076923076927E-003   1627.1759935743908        1.0000000000000000     
   8.0769230769230770E-003   8.0769230769230770E-003   1627.2627431299913        1.0000000000000000     
   8.0769230769230770E-003   8.4615384615384613E-003   1627.3448177050288        1.0000000000000000     
   8.0769230769230770E-003   8.8461538461538456E-003   1627.4205373954123        1.0000000000000000     
   8.0769230769230770E-003   9.2307692307692299E-003   1627.4885166185095        1.0000000000000000     
   8.0769230769230770E-003   9.6153846153846159E-003   1627.5477692811769        1.0000000000000000     

   8.4615384615384613E-003   3.8461538461538462E-004   1625.3037574837620        1.0000000000000000     
   8.4615384615384613E-003   7.6923076923076923E-004   1625.5101821627752        1.0000000000000000     
   8.4615384615384613E-003   1.1538461538461537E-003   1625.6917471377217        1.0000000000000000     
   8.4615384615384613E-003   1.5384615384615385E-003   1625.8499391213641        1.0000000000000000     
   8.4615384615384613E-003   1.9230769230769232E-003   1625.9868880160186        1.0000000000000000     
   8.4615384615384613E-003   2.3076923076923075E-003   1626.1052508948628        1.0000000000000000     
   8.4615384615384613E-003   2.6923076923076922E-003   1626.2080683931256        1.0000000000000000     
   8.4615384615384613E-003   3.0769230769230769E-003   1626.2986021699001        1.0000000000000000     
   8.4615384615384613E-003   3.4615384615384616E-003   1626.3801632006939        1.0000000000000000     
   8.4615384615384613E-003   3.8461538461538464E-003   1626.4559411624944        1.0000000000000000     
   8.4615384615384613E-003   4.2307692307692307E-003   1626.5288450384051        1.0000000000000000     
   8.4615384615384613E-003   4.6153846153846149E-003   1626.6013643075305        1.0000000000000000     
   8.4615384615384613E-003   5.0000000000000001E-003   1626.6754587466557        1.0000000000000000     
   8.4615384615384613E-003   5.3846153846153844E-003   1626.7524830380760        1.0000000000000000     
   8.4615384615384613E-003   5.7692307692307696E-003   1626.8331501684017        1.0000000000000000     
   8.4615384615384613E-003   6.1538461538461538E-003   1626.9175351550718        1.0000000000000000     
   8.4615384615384613E-003   6.5384615384615381E-003   1627.0051181045319        1.0000000000000000     
   8.4615384615384613E-003   6.9230769230769233E-003   1627.0948631472811        1.0000000000000000     
   8.4615384615384613E-003   7.3076923076923076E-003   1627.1853275642541        1.0000000000000000     
   8.4615384615384613E-003   7.6923076923076927E-003   1627.2747935559642        1.0000000000000000     
   8.4615384615384613E-003   8.0769230769230770E-003   1627.3614137269913        1.0000000000000000     
   8.4615384615384613E-003   8.4615384615384613E-003   1627.4433605498973        1.0000000000000000     
   8.4615384615384613E-003   8.8461538461538456E-003   1627.5189698850795        1.0000000000000000     
   8.4615384615384613E-003   9.2307692307692299E-003   1627.5868690777027        1.0000000000000000     
   8.4615384615384613E-003   9.6153846153846159E-003   1627.6460812030257        1.0000000000000000     

   8.8461538461538456E-003   3.8461538461538462E-004   1625.3299713402682        1.0000000000000000     
   8.8461538461538456E-003   7.6923076923076923E-004   1625.5364953676706        1.0000000000000000     
   8.8461538461538456E-003   1.1538461538461537E-003   1625.7182499410058        1.0000000000000000     
   8.8461538461538456E-003   1.5384615384615385E-003   1625.8767130717549        1.0000000000000000     
   8.8461538461538456E-003   1.9230769230769232E-003   1626.0140022255364        1.0000000000000000     
   8.8461538461538456E-003   2.3076923076923075E-003   1626.1327590125168        1.0000000000000000     
   8.8461538461538456E-003   2.6923076923076922E-003   1626.2360064549532        1.0000000000000000     
   8.8461538461538456E-003   3.0769230769230769E-003   1626.3269874407483        1.0000000000000000     
   8.8461538461538456E-003   3.4615384615384616E-003   1626.4089940633110        1.0000000000000000     
   8.8461538461538456E-003   3.8461538461538464E-003   1626.4851980465721        1.0000000000000000     
   8.8461538461538456E-003   4.2307692307692307E-003   1626.5584923198564        1.0000000000000000     
   8.8461538461538456E-003   4.6153846153846149E-003   1626.6313530503955        1.0000000000000000     
   8.8461538461538456E-003   5.0000000000000001E-003   1626.7057301100429        1.0000000000000000     
   8.8461538461538456E-003   5.3846153846153844E-003   1626.7829721315054        1.0000000000000000     
   8.8461538461538456E-003   5.7692307692307696E-003   1626.8637901131005        1.0000000000000000     
   8.8461538461538456E-003   6.1538461538461538E-003   1626.9482610978523        1.0000000000000000     
   8.8461538461538456E-003   6.5384615384615381E-003   1627.0358709353627        1.0000000000000000     
   8.8461538461538456E-003   6.9230769230769233E-003   1627.1255926915578        1.0000000000000000     
   8.8461538461538456E-003   7.3076923076923076E-003   1627.2159950548009        1.0000000000000000     
   8.8461538461538456E-003   7.6923076923076927E-003   1627.3053732362132        1.0000000000000000     
   8.8461538461538456E-003   8.0769230769230770E-003   1627.3918934928902        1.0000000000000000     
   8.8461538461538456E-003   8.4615384615384613E-003   1627.4737416006501        1.0000000000000000     
   8.8461538461538456E-003   8.8461538461538456E-003   1627.5492654179909        1.0000000000000000     
   8.8461538461538456E-003   9.2307692307692299E-003   1627.6171021260750        1.0000000000000000     
   8.8461538461538456E-003   9.6153846153846159E-003   1627.6762817740978        1.0000000000000000     

   9.2307692307692299E-003   3.8461538461538462E-004   1625.2772613271766        1.0000000000000000     
   9.2307692307692299E-003   7.6923076923076923E-004   1625.4838414269568        1.0000000000000000     
   9.2307692307692299E-003   1.1538461538461537E-003   1625.6657142743888        1.0000000000000000     
   9.2307692307692299E-003   1.5384615384615385E-003   1625.8243519365835        1.0000000000000000     
   9.2307692307692299E-003   1.9230769230769232E-003   1625.9618633827388        1.0000000000000000     
   9.2307692307692299E-003   2.3076923076923075E-003   1626.0808796588756        1.0000000000000000     
   9.2307692307692299E-003   2.6923076923076922E-003   1626.1844117538997        1.0000000000000000     
   9.2307692307692299E-003   3.0769230769230769E-003   1626.2756897303946        1.0000000000000000     
   9.2307692307692299E-003   3.4615384615384616E-003   1626.3579927796311        1.0000000000000000     
   9.2307692307692299E-003   3.8461538461538464E-003   1626.4344803565500        1.0000000000000000     
   9.2307692307692299E-003   4.2307692307692307E-003   1626.5080344168712        1.0000000000000000     
   9.2307692307692299E-003   4.6153846153846149E-003   1626.5811220245200        1.0000000000000000     
   9.2307692307692299E-003   5.0000000000000001E-003   1626.6556862718228        1.0000000000000000     
   9.2307692307692299E-003   5.3846153846153844E-003   1626.7330716411602        1.0000000000000000     
   9.2307692307692299E-003   5.7692307692307696E-003   1626.8139877495046        1.0000000000000000     
   9.2307692307692299E-003   6.1538461538461538E-003   1626.8985129943269        1.0000000000000000     
   9.2307692307692299E-003   6.5384615384615381E-003   1626.9861371125571        1.0000000000000000     
   9.2307692307692299E-003   6.9230769230769233E-003   1627.0758392314126        1.0000000000000000     
   9.2307692307692299E-003   7.3076923076923076E-003   1627.1661957830722        1.0000000000000000     
   9.2307692307692299E-003   7.6923076923076927E-003   1627.2555108128963        1.0000000000000000     
   9.2307692307692299E-003   8.0769230769230770E-003   1627.3419598482433        1.0000000000000000     
   9.2307692307692299E-003   8.4615384615384613E-003   1627.4237376972426        1.0000000000000000     
   9.2307692307692299E-003   8.8461538461538456E-003   1627.4992003634634        1.0000000000000000     
   9.2307692307692299E-003   9.2307692307692299E-003   1627.5669917044188        1.0000000000000000     
   9.2307692307692299E-003   9.6153846153846159E-003   1627.6261465024140        1.0000000000000000     

   9.6153846153846159E-003   3.8461538461538462E-004   1625.1370958796442        1.0000000000000000     
   9.6153846153846159E-003   7.6923076923076923E-004   1625.3436865295578        1.0000000000000000     
   9.6153846153846159E-003   1.1538461538461537E-003   1625.5256033636106        1.0000000000000000     
   9.6153846153846159E-003   1.5384615384615385E-003   1625.6843153309385        1.0000000000000000     
   9.6153846153846159E-003   1.9230769230769232E-003   1625.8219269437498        1.0000000000000000     
   9.6153846153846159E-003   2.3076923076923075E-003   1625.9410637057231        1.0000000000000000     
   9.6153846153846159E-003   2.6923076923076922E-003   1626.0447302915147        1.0000000000000000     
   9.6153846153846159E-003   3.0769230769230769E-003   1626.1361500322469        1.0000000000000000     
   9.6153846153846159E-003   3.4615384615384616E-003   1626.2185953450023        1.0000000000000000     
   9.6153846153846159E-003   3.8461538461538464E-003   1626.2952192395976        1.0000000000000000     
   9.6153846153846159E-003   4.2307692307692307E-003   1626.3688979024193        1.0000000000000000     
   9.6153846153846159E-003   4.6153846153846149E-003   1626.4420936048618        1.0000000000000000     
   9.6153846153846159E-003   5.0000000000000001E-003   1626.5167458609212        1.0000000000000000     
   9.6153846153846159E-003   5.3846153846153844E-003   1626.5941969486917        1.0000000000000000     
   9.6153846153846159E-003   5.7692307692307696E-003   1626.6751557281093        1.0000000000000000     
   9.6153846153846159E-003   6.1538461538461538E-003   1626.7597012695330        1.0000000000000000     
   9.6153846153846159E-003   6.5384615384615381E-003   1626.8473253066845        1.0000000000000000     
   9.6153846153846159E-003   6.9230769230769233E-003   1626.9370100999836        1.0000000000000000     
   9.6153846153846159E-003   7.3076923076923076E-003   1627.0273360946112        1.0000000000000000     
   9.6153846153846159E-003   7.6923076923076927E-003   1627.1166119197048        1.0000000000000000     
   9.6153846153846159E-003   8.0769230769230770E-003   1627.2030179159040        1.0000000000000000     
   9.6153846153846159E-003   8.4615384615384613E-003   1627.2847535828134        1.0000000000000000     
   9.6153846153846159E-003   8.8461538461538456E-003   1627.3601791554956        1.0000000000000000     
   9.6153846153846159E-003   9.2307692307692299E-003   1627.4279419602901        1.0000000000000000     
   9.6153846153846159E-003   9.6153846153846159E-003   1627.4870792388033        1.0000000000000000     

