   3.8461538461538462E-004   3.8461538461538462E-004   1624.1014826643311        1.0000000000000000     
   3.8461538461538462E-004   7.6923076923076923E-004   1624.3073212034290        1.0000000000000000     
   3.8461538461538462E-004   1.1538461538461537E-003   1624.4879233871095        1.0000000000000000     
   3.8461538461538462E-004   1.5384615384615385E-003   1624.6447756490775        1.0000000000000000     
   3.8461538461538462E-004   1.9230769230769232E-003   1624.7800100766392        1.0000000000000000     
   3.8461538461538462E-004   2.3076923076923075E-003   1624.8962912960340        1.0000000000000000     
   3.8461538461538462E-004   2.6923076923076922E-003   1624.9966764507290        1.0000000000000000     
   3.8461538461538462E-004   3.0769230769230769E-003   1625.0844567214931        1.0000000000000000     
   3.8461538461538462E-004   3.4615384615384616E-003   1625.1629899232032        1.0000000000000000     
   3.8461538461538462E-004   3.8461538461538464E-003   1625.2355342273099        1.0000000000000000     
   3.8461538461538462E-004   4.2307692307692307E-003   1625.3050929677338        1.0000000000000000     
   3.8461538461538462E-004   4.6153846153846149E-003   1625.3742798093331        1.0000000000000000     
   3.8461538461538462E-004   5.0000000000000001E-003   1625.4452123538952        1.0000000000000000     
   3.8461538461538462E-004   5.3846153846153844E-003   1625.5194406390228        1.0000000000000000     
   3.8461538461538462E-004   5.7692307692307696E-003   1625.5979151159167        1.0000000000000000     
   3.8461538461538462E-004   6.1538461538461538E-003   1625.6809968177633        1.0000000000000000     
   3.8461538461538462E-004   6.5384615384615381E-003   1625.7685109368165        1.0000000000000000     
   3.8461538461538462E-004   6.9230769230769233E-003   1625.8598446137762        1.0000000000000000     
   3.8461538461538462E-004   7.3076923076923076E-003   1625.9540919014596        1.0000000000000000     
   3.8461538461538462E-004   7.6923076923076927E-003   1626.0502573272227        1.0000000000000000     
   3.8461538461538462E-004   8.0769230769230770E-003   1626.1475548212907        1.0000000000000000     
   3.8461538461538462E-004   8.4615384615384613E-003   1626.2459142452317        1.0000000000000000     
   3.8461538461538462E-004   8.8461538461538456E-003   1626.3470474817825        1.0000000000000000     
   3.8461538461538462E-004   9.2307692307692299E-003   1626.4572530687315        1.0000000000000000     
   3.8461538461538462E-004   9.6153846153846159E-003   1626.5962270022978        1.0000000000000000     

   7.6923076923076923E-004   3.8461538461538462E-004   1624.2670665689227        1.0000000000000000     
   7.6923076923076923E-004   7.6923076923076923E-004   1624.4729565299099        1.0000000000000000     
   7.6923076923076923E-004   1.1538461538461537E-003   1624.6536314135865        1.0000000000000000     
   7.6923076923076923E-004   1.5384615384615385E-003   1624.8105752907395        1.0000000000000000     
   7.6923076923076923E-004   1.9230769230769232E-003   1624.9459168391063        1.0000000000000000     
   7.6923076923076923E-004   2.3076923076923075E-003   1625.0623163796486        1.0000000000000000     
   7.6923076923076923E-004   2.6923076923076922E-003   1625.1628260357063        1.0000000000000000     
   7.6923076923076923E-004   3.0769230769230769E-003   1625.2507314459560        1.0000000000000000     
   7.6923076923076923E-004   3.4615384615384616E-003   1625.3293845439723        1.0000000000000000     
   7.6923076923076923E-004   3.8461538461538464E-003   1625.4020374255595        1.0000000000000000     
   7.6923076923076923E-004   4.2307692307692307E-003   1625.4716872257945        1.0000000000000000     
   7.6923076923076923E-004   4.6153846153846149E-003   1625.5409412352674        1.0000000000000000     
   7.6923076923076923E-004   5.0000000000000001E-003   1625.6119102552550        1.0000000000000000     
   7.6923076923076923E-004   5.3846153846153844E-003   1625.6861365208972        1.0000000000000000     
   7.6923076923076923E-004   5.7692307692307696E-003   1625.7645605458385        1.0000000000000000     
   7.6923076923076923E-004   6.1538461538461538E-003   1625.8475291346522        1.0000000000000000     
   7.6923076923076923E-004   6.5384615384615381E-003   1625.9348447756893        1.0000000000000000     
   7.6923076923076923E-004   6.9230769230769233E-003   1626.0258548723000        1.0000000000000000     
   7.6923076923076923E-004   7.3076923076923076E-003   1626.1195778368810        1.0000000000000000     
   7.6923076923076923E-004   7.6923076923076927E-003   1626.2148610755798        1.0000000000000000     
   7.6923076923076923E-004   8.0769230769230770E-003   1626.3105580785480        1.0000000000000000     
   7.6923076923076923E-004   8.4615384615384613E-003   1626.4056732211532        1.0000000000000000     
   7.6923076923076923E-004   8.8461538461538456E-003   1626.4992396134633        1.0000000000000000     
   7.6923076923076923E-004   9.2307692307692299E-003   1626.5888481094437        1.0000000000000000     
   7.6923076923076923E-004   9.6153846153846159E-003   1626.6628327512753        1.0000000000000000     

   1.1538461538461537E-003   3.8461538461538462E-004   1624.3695890799424        1.0000000000000000     
   1.1538461538461537E-003   7.6923076923076923E-004   1624.5755460028213        1.0000000000000000     
   1.1538461538461537E-003   1.1538461538461537E-003   1624.7563343901572        1.0000000000000000     
   1.1538461538461537E-003   1.5384615384615385E-003   1624.9134333832196        1.0000000000000000     
   1.1538461538461537E-003   1.9230769230769232E-003   1625.0489645511782        1.0000000000000000     
   1.1538461538461537E-003   2.3076923076923075E-003   1625.1655792485353        1.0000000000000000     
   1.1538461538461537E-003   2.6923076923076922E-003   1625.2663191609456        1.0000000000000000     
   1.1538461538461537E-003   3.0769230769230769E-003   1625.3544584345198        1.0000000000000000     
   1.1538461538461537E-003   3.4615384615384616E-003   1625.4333368575406        1.0000000000000000     
   1.1538461538461537E-003   3.8461538461538464E-003   1625.5061940623898        1.0000000000000000     
   1.1538461538461537E-003   4.2307692307692307E-003   1625.5760146029440        1.0000000000000000     
   1.1538461538461537E-003   4.6153846153846149E-003   1625.6453930492330        1.0000000000000000     
   1.1538461538461537E-003   5.0000000000000001E-003   1625.7164269733682        1.0000000000000000     
   1.1538461538461537E-003   5.3846153846153844E-003   1625.7906439583073        1.0000000000000000     
   1.1538461538461537E-003   5.7692307692307696E-003   1625.8689666439332        1.0000000000000000     
   1.1538461538461537E-003   6.1538461538461538E-003   1625.9517174329681        1.0000000000000000     
   1.1538461538461537E-003   6.5384615384615381E-003   1626.0386618584723        1.0000000000000000     
   1.1538461538461537E-003   6.9230769230769233E-003   1626.1290866305055        1.0000000000000000     
   1.1538461538461537E-003   7.3076923076923076E-003   1626.2219043778816        1.0000000000000000     
   1.1538461538461537E-003   7.6923076923076927E-003   1626.3157700139823        1.0000000000000000     
   1.1538461538461537E-003   8.0769230769230770E-003   1626.4091777531912        1.0000000000000000     
   1.1538461538461537E-003   8.4615384615384613E-003   1626.5004690321878        1.0000000000000000     
   1.1538461538461537E-003   8.8461538461538456E-003   1626.5875946471335        1.0000000000000000     
   1.1538461538461537E-003   9.2307692307692299E-003   1626.6673546134914        1.0000000000000000     
   1.1538461538461537E-003   9.6153846153846159E-003   1626.7342318181350        1.0000000000000000     

   1.5384615384615385E-003   3.8461538461538462E-004   1624.4152420832365        1.0000000000000000     
   1.5384615384615385E-003   7.6923076923076923E-004   1624.6212816799341        1.0000000000000000     
   1.5384615384615385E-003   1.1538461538461537E-003   1624.8022236903143        1.0000000000000000     
   1.5384615384615385E-003   1.5384615384615385E-003   1624.9595398702877        1.0000000000000000     
   1.5384615384615385E-003   1.9230769230769232E-003   1625.0953411452740        1.0000000000000000     
   1.5384615384615385E-003   2.3076923076923075E-003   1625.2122654573445        1.0000000000000000     
   1.5384615384615385E-003   2.6923076923076922E-003   1625.3133389034706        1.0000000000000000     
   1.5384615384615385E-003   3.0769230769230769E-003   1625.4018185083394        1.0000000000000000     
   1.5384615384615385E-003   3.4615384615384616E-003   1625.4810260390066        1.0000000000000000     
   1.5384615384615385E-003   3.8461538461538464E-003   1625.5541827560594        1.0000000000000000     
   1.5384615384615385E-003   4.2307692307692307E-003   1625.6242548698144        1.0000000000000000     
   1.5384615384615385E-003   4.6153846153846149E-003   1625.6938187364224        1.0000000000000000     
   1.5384615384615385E-003   5.0000000000000001E-003   1625.7649535280493        1.0000000000000000     
   1.5384615384615385E-003   5.3846153846153844E-003   1625.8391673106569        1.0000000000000000     
   1.5384615384615385E-003   5.7692307692307696E-003   1625.9173602431713        1.0000000000000000     
   1.5384615384615385E-003   6.1538461538461538E-003   1625.9998260409170        1.0000000000000000     
   1.5384615384615385E-003   6.5384615384615381E-003   1626.0862899307724        1.0000000000000000     
   1.5384615384615385E-003   6.9230769230769233E-003   1626.1759779186425        1.0000000000000000     
   1.5384615384615385E-003   7.3076923076923076E-003   1626.2677078264626        1.0000000000000000     
   1.5384615384615385E-003   7.6923076923076927E-003   1626.3599862245180        1.0000000000000000     
   1.5384615384615385E-003   8.0769230769230770E-003   1626.4510855328938        1.0000000000000000     
   1.5384615384615385E-003   8.4615384615384613E-003   1626.5390619838677        1.0000000000000000     
   1.5384615384615385E-003   8.8461538461538456E-003   1626.6216692233047        1.0000000000000000     
   1.5384615384615385E-003   9.2307692307692299E-003   1626.6961846972029        1.0000000000000000     
   1.5384615384615385E-003   9.6153846153846159E-003   1626.7594893819528        1.0000000000000000     

   1.9230769230769232E-003   3.8461538461538462E-004   1624.4128268728280        1.0000000000000000     
   1.9230769230769232E-003   7.6923076923076923E-004   1624.6189650460503        1.0000000000000000     
   1.9230769230769232E-003   1.1538461538461537E-003   1624.8000997204506        1.0000000000000000     
   1.9230769230769232E-003   1.5384615384615385E-003   1624.9576929707198        1.0000000000000000     
   1.9230769230769232E-003   1.9230769230769232E-003   1625.0938417791110        1.0000000000000000     
   1.9230769230769232E-003   2.3076923076923075E-003   1625.2111665372636        1.0000000000000000     
   1.9230769230769232E-003   2.6923076923076922E-003   1625.3126729803487        1.0000000000000000     
   1.9230769230769232E-003   3.0769230769230769E-003   1625.4015958324692        1.0000000000000000     
   1.9230769230769232E-003   3.4615384615384616E-003   1625.4812334949884        1.0000000000000000     
   1.9230769230769232E-003   3.8461538461538464E-003   1625.5547835861316        1.0000000000000000     
   1.9230769230769232E-003   4.2307692307692307E-003   1625.6251890034462        1.0000000000000000     
   1.9230769230769232E-003   4.6153846153846149E-003   1625.6950034347462        1.0000000000000000     
   1.9230769230769232E-003   5.0000000000000001E-003   1625.7662839253951        1.0000000000000000     
   1.9230769230769232E-003   5.3846153846153844E-003   1625.8405162842444        1.0000000000000000     
   1.9230769230769232E-003   5.7692307692307696E-003   1625.9185768570162        1.0000000000000000     
   1.9230769230769232E-003   6.1538461538461538E-003   1626.0007315909352        1.0000000000000000     
   1.9230769230769232E-003   6.5384615384615381E-003   1626.0866704079922        1.0000000000000000     
   1.9230769230769232E-003   6.9230769230769233E-003   1626.1755716915711        1.0000000000000000     
   1.9230769230769232E-003   7.3076923076923076E-003   1626.2661881153940        1.0000000000000000     
   1.9230769230769232E-003   7.6923076923076927E-003   1626.3569411349108        1.0000000000000000     
   1.9230769230769232E-003   8.0769230769230770E-003   1626.4460079547296        1.0000000000000000     
   1.9230769230769232E-003   8.4615384615384613E-003   1626.5313850445934        1.0000000000000000     
   1.9230769230769232E-003   8.8461538461538456E-003   1626.6109267899510        1.0000000000000000     
   1.9230769230769232E-003   9.2307692307692299E-003   1626.6824096088108        1.0000000000000000     
   1.9230769230769232E-003   9.6153846153846159E-003   1626.7437784908670        1.0000000000000000     

   2.3076923076923075E-003   3.8461538461538462E-004   1624.3731968706445        1.0000000000000000     
   2.3076923076923075E-003   7.6923076923076923E-004   1624.5794496599674        1.0000000000000000     
   2.3076923076923075E-003   1.1538461538461537E-003   1624.7608145155930        1.0000000000000000     
   2.3076923076923075E-003   1.5384615384615385E-003   1624.9187417376340        1.0000000000000000     
   2.3076923076923075E-003   1.9230769230769232E-003   1625.0553113628409        1.0000000000000000     
   2.3076923076923075E-003   2.3076923076923075E-003   1625.1731224796010        1.0000000000000000     
   2.3076923076923075E-003   2.6923076923076922E-003   1625.2751561554255        1.0000000000000000     
   2.3076923076923075E-003   3.0769230769230769E-003   1625.3646201810095        1.0000000000000000     
   2.3076923076923075E-003   3.4615384615384616E-003   1625.4447848765951        1.0000000000000000     
   2.3076923076923075E-003   3.8461538461538464E-003   1625.5188196743272        1.0000000000000000     
   2.3076923076923075E-003   4.2307692307692307E-003   1625.5896400479849        1.0000000000000000     
   2.3076923076923075E-003   4.6153846153846149E-003   1625.6597736132708        1.0000000000000000     
   2.3076923076923075E-003   5.0000000000000001E-003   1625.7312529056580        1.0000000000000000     
   2.3076923076923075E-003   5.3846153846153844E-003   1625.8055405257676        1.0000000000000000     
   2.3076923076923075E-003   5.7692307692307696E-003   1625.8834901137134        1.0000000000000000     
   2.3076923076923075E-003   6.1538461538461538E-003   1625.9653440756949        1.0000000000000000     
   2.3076923076923075E-003   6.5384615384615381E-003   1626.0507662482739        1.0000000000000000     
   2.3076923076923075E-003   6.9230769230769233E-003   1626.1389048753931        1.0000000000000000     
   2.3076923076923075E-003   7.3076923076923076E-003   1626.2284785910078        1.0000000000000000     
   2.3076923076923075E-003   7.6923076923076927E-003   1626.3178759928010        1.0000000000000000     
   2.3076923076923075E-003   8.0769230769230770E-003   1626.4052589517714        1.0000000000000000     
   2.3076923076923075E-003   8.4615384615384613E-003   1626.4886634618765        1.0000000000000000     
   2.3076923076923075E-003   8.8461538461538456E-003   1626.5661038064563        1.0000000000000000     
   2.3076923076923075E-003   9.2307692307692299E-003   1626.6357092642311        1.0000000000000000     
   2.3076923076923075E-003   9.6153846153846159E-003   1626.6959448251050        1.0000000000000000     

   2.6923076923076922E-003   3.8461538461538462E-004   1624.3085688518361        1.0000000000000000     
   2.6923076923076922E-003   7.6923076923076923E-004   1624.5149522927554        1.0000000000000000     
   2.6923076923076922E-003   1.1538461538461537E-003   1624.6965828204370        1.0000000000000000     
   2.6923076923076922E-003   1.5384615384615385E-003   1624.8548971043804        1.0000000000000000     
   2.6923076923076922E-003   1.9230769230769232E-003   1624.9919555799581        1.0000000000000000     
   2.6923076923076922E-003   2.3076923076923075E-003   1625.1103327250150        1.0000000000000000     
   2.6923076923076922E-003   2.6923076923076922E-003   1625.2129811671243        1.0000000000000000     
   2.6923076923076922E-003   3.0769230769230769E-003   1625.3030777424851        1.0000000000000000     
   2.6923076923076922E-003   3.4615384615384616E-003   1625.3838606585807        1.0000000000000000     
   2.6923076923076922E-003   3.8461538461538464E-003   1625.4584673741188        1.0000000000000000     
   2.6923076923076922E-003   4.2307692307692307E-003   1625.5297826671290        1.0000000000000000     
   2.6923076923076922E-003   4.6153846153846149E-003   1625.6003056205591        1.0000000000000000     
   2.6923076923076922E-003   5.0000000000000001E-003   1625.6720429548432        1.0000000000000000     
   2.6923076923076922E-003   5.3846153846153844E-003   1625.7464343511599        1.0000000000000000     
   2.6923076923076922E-003   5.7692307692307696E-003   1625.8243132377734        1.0000000000000000     
   2.6923076923076922E-003   6.1538461538461538E-003   1625.9059040795528        1.0000000000000000     
   2.6923076923076922E-003   6.5384615384615381E-003   1625.9908546683196        1.0000000000000000     
   2.6923076923076922E-003   6.9230769230769233E-003   1626.0782994515289        1.0000000000000000     
   2.6923076923076922E-003   7.3076923076923076E-003   1626.1669478372896        1.0000000000000000     
   2.6923076923076922E-003   7.6923076923076927E-003   1626.2551901277175        1.0000000000000000     
   2.6923076923076922E-003   8.0769230769230770E-003   1626.3412140078119        1.0000000000000000     
   2.6923076923076922E-003   8.4615384615384613E-003   1626.4231274114525        1.0000000000000000     
   2.6923076923076922E-003   8.8461538461538456E-003   1626.4990898667891        1.0000000000000000     
   2.6923076923076922E-003   9.2307692307692299E-003   1626.5674622131862        1.0000000000000000     
   2.6923076923076922E-003   9.6153846153846159E-003   1626.6269843626953        1.0000000000000000     

   3.0769230769230769E-003   3.8461538461538462E-004   1624.2317452130646        1.0000000000000000     
   3.0769230769230769E-003   7.6923076923076923E-004   1624.4382751019241        1.0000000000000000     
   3.0769230769230769E-003   1.1538461538461537E-003   1624.6202042074667        1.0000000000000000     
   3.0769230769230769E-003   1.5384615384615385E-003   1624.7789539768094        1.0000000000000000     
   3.0769230769230769E-003   1.9230769230769232E-003   1624.9165629718609        1.0000000000000000     
   3.0769230769230769E-003   2.3076923076923075E-003   1625.0355782420761        1.0000000000000000     
   3.0769230769230769E-003   2.6923076923076922E-003   1625.1389207813638        1.0000000000000000     
   3.0769230769230769E-003   3.0769230769230769E-003   1625.2297331005286        1.0000000000000000     
   3.0769230769230769E-003   3.4615384615384616E-003   1625.3112179675472        1.0000000000000000     
   3.0769230769230769E-003   3.8461538461538464E-003   1625.3864778248808        1.0000000000000000     
   3.0769230769230769E-003   4.2307692307692307E-003   1625.4583642536384        1.0000000000000000     
   3.0769230769230769E-003   4.6153846153846149E-003   1625.5293461257493        1.0000000000000000     
   3.0769230769230769E-003   5.0000000000000001E-003   1625.6014038102287        1.0000000000000000     
   3.0769230769230769E-003   5.3846153846153844E-003   1625.6759550551444        1.0000000000000000     
   3.0769230769230769E-003   5.7692307692307696E-003   1625.7538160611668        1.0000000000000000     
   3.0769230769230769E-003   6.1538461538461538E-003   1625.8351989325051        1.0000000000000000     
   3.0769230769230769E-003   6.5384615384615381E-003   1625.9197443033784        1.0000000000000000     
   3.0769230769230769E-003   6.9230769230769233E-003   1626.0065856972458        1.0000000000000000     
   3.0769230769230769E-003   7.3076923076923076E-003   1626.0944403400597        1.0000000000000000     
   3.0769230769230769E-003   7.6923076923076927E-003   1626.1817200472726        1.0000000000000000     
   3.0769230769230769E-003   8.0769230769230770E-003   1626.2666558197809        1.0000000000000000     
   3.0769230769230769E-003   8.4615384615384613E-003   1626.3474311930624        1.0000000000000000     
   3.0769230769230769E-003   8.8461538461538456E-003   1626.4223218600932        1.0000000000000000     
   3.0769230769230769E-003   9.2307692307692299E-003   1626.4898407122428        1.0000000000000000     
   3.0769230769230769E-003   9.6153846153846159E-003   1626.5488838534593        1.0000000000000000     

   3.4615384615384616E-003   3.8461538461538462E-004   1624.1552954958713        1.0000000000000000     
   3.4615384615384616E-003   7.6923076923076923E-004   1624.3619870613379        1.0000000000000000     
   3.4615384615384616E-003   1.1538461538461537E-003   1624.5442444594239        1.0000000000000000     
   3.4615384615384616E-003   1.5384615384615385E-003   1624.7034726066729        1.0000000000000000     
   3.4615384615384616E-003   1.9230769230769232E-003   1624.8416863293064        1.0000000000000000     
   3.4615384615384616E-003   2.3076923076923075E-003   1624.9614029490870        1.0000000000000000     
   3.4615384615384616E-003   2.6923076923076922E-003   1625.0655092380430        1.0000000000000000     
   3.4615384615384616E-003   3.0769230769230769E-003   1625.1571106784600        1.0000000000000000     
   3.4615384615384616E-003   3.4615384615384616E-003   1625.2393719754816        1.0000000000000000     
   3.4615384615384616E-003   3.8461538461538464E-003   1625.3153582230420        1.0000000000000000     
   3.4615384615384616E-003   4.2307692307692307E-003   1625.3878859899980        1.0000000000000000     
   3.4615384615384616E-003   4.6153846153846149E-003   1625.4593928803922        1.0000000000000000     
   3.4615384615384616E-003   5.0000000000000001E-003   1625.5318328743406        1.0000000000000000     
   3.4615384615384616E-003   5.3846153846153844E-003   1625.6066030538407        1.0000000000000000     
   3.4615384615384616E-003   5.7692307692307696E-003   1625.6845052718531        1.0000000000000000     
   3.4615384615384616E-003   6.1538461538461538E-003   1625.7657440734886        1.0000000000000000     
   3.4615384615384616E-003   6.5384615384615381E-003   1625.8499598908843        1.0000000000000000     
   3.4615384615384616E-003   6.9230769230769233E-003   1625.9362943988997        1.0000000000000000     
   3.4615384615384616E-003   7.3076923076923076E-003   1626.0234831484547        1.0000000000000000     
   3.4615384615384616E-003   7.6923076923076927E-003   1626.1099694046015        1.0000000000000000     
   3.4615384615384616E-003   8.0769230769230770E-003   1626.1940326759345        1.0000000000000000     
   3.4615384615384616E-003   8.4615384615384613E-003   1626.2739257193975        1.0000000000000000     
   3.4615384615384616E-003   8.8461538461538456E-003   1626.3480144058769        1.0000000000000000     
   3.4615384615384616E-003   9.2307692307692299E-003   1626.4149146221641        1.0000000000000000     
   3.4615384615384616E-003   9.6153846153846159E-003   1626.4736177732698        1.0000000000000000     

   3.8461538461538464E-003   3.8461538461538462E-004   1624.0907481564604        1.0000000000000000     
   3.8461538461538464E-003   7.6923076923076923E-004   1624.2976156459260        1.0000000000000000     
   3.8461538461538464E-003   1.1538461538461537E-003   1624.4802272218251        1.0000000000000000     
   3.8461538461538464E-003   1.5384615384615385E-003   1624.6399702578649        1.0000000000000000     
   3.8461538461538464E-003   1.9230769230769232E-003   1624.7788344082066        1.0000000000000000     
   3.8461538461538464E-003   2.3076923076923075E-003   1624.8993055026954        1.0000000000000000     
   3.8461538461538464E-003   2.6923076923076922E-003   1625.0042341213862        1.0000000000000000     
   3.8461538461538464E-003   3.0769230769230769E-003   1625.0966866856218        1.0000000000000000     
   3.8461538461538464E-003   3.4615384615384616E-003   1625.1797879034248        1.0000000000000000     
   3.8461538461538464E-003   3.8461538461538464E-003   1625.2565638573101        1.0000000000000000     
   3.8461538461538464E-003   4.2307692307692307E-003   1625.3297948948932        1.0000000000000000     
   3.8461538461538464E-003   4.6153846153846149E-003   1625.4018867859022        1.0000000000000000     
   3.8461538461538464E-003   5.0000000000000001E-003   1625.4747673888317        1.0000000000000000     
   3.8461538461538464E-003   5.3846153846153844E-003   1625.5498144064204        1.0000000000000000     
   3.8461538461538464E-003   5.7692307692307696E-003   1625.6278178124899        1.0000000000000000     
   3.8461538461538464E-003   6.1538461538461538E-003   1625.7089783405936        1.0000000000000000     
   3.8461538461538464E-003   6.5384615384615381E-003   1625.7929411954524        1.0000000000000000     
   3.8461538461538464E-003   6.9230769230769233E-003   1625.8788620520429        1.0000000000000000     
   3.8461538461538464E-003   7.3076923076923076E-003   1625.9655006158434        1.0000000000000000     
   3.8461538461538464E-003   7.6923076923076927E-003   1626.0513356792630        1.0000000000000000     
   3.8461538461538464E-003   8.0769230769230770E-003   1626.1346948038286        1.0000000000000000     
   3.8461538461538464E-003   8.4615384615384613E-003   1626.2138914238599        1.0000000000000000     
   3.8461538461538464E-003   8.8461538461538456E-003   1626.2873620182957        1.0000000000000000     
   3.8461538461538464E-003   9.2307692307692299E-003   1626.3537955182867        1.0000000000000000     
   3.8461538461538464E-003   9.6153846153846159E-003   1626.4122458471550        1.0000000000000000     

   4.2307692307692307E-003   3.8461538461538462E-004   1624.0478432488085        1.0000000000000000     
   4.2307692307692307E-003   7.6923076923076923E-004   1624.2548994452816        1.0000000000000000     
   4.2307692307692307E-003   1.1538461538461537E-003   1624.4378866051404        1.0000000000000000     
   4.2307692307692307E-003   1.5384615384615385E-003   1624.5981738490930        1.0000000000000000     
   4.2307692307692307E-003   1.9230769230769232E-003   1624.7377246560675        1.0000000000000000     
   4.2307692307692307E-003   2.3076923076923075E-003   1624.8589921409189        1.0000000000000000     
   4.2307692307692307E-003   2.6923076923076922E-003   1624.9647893414215        1.0000000000000000     
   4.2307692307692307E-003   3.0769230769230769E-003   1625.0581422493490        1.0000000000000000     
   4.2307692307692307E-003   3.4615384615384616E-003   1625.1421343100637        1.0000000000000000     
   4.2307692307692307E-003   3.8461538461538464E-003   1625.2197515620142        1.0000000000000000     
   4.2307692307692307E-003   4.2307692307692307E-003   1625.2937374656676        1.0000000000000000     
   4.2307692307692307E-003   4.6153846153846149E-003   1625.3664657898009        1.0000000000000000     
   4.2307692307692307E-003   5.0000000000000001E-003   1625.4398387273538        1.0000000000000000     
   4.2307692307692307E-003   5.3846153846153844E-003   1625.5152157819257        1.0000000000000000     
   4.2307692307692307E-003   5.7692307692307696E-003   1625.5933770084396        1.0000000000000000     
   4.2307692307692307E-003   6.1538461538461538E-003   1625.6745220397404        1.0000000000000000     
   4.2307692307692307E-003   6.5384615384615381E-003   1625.7583041337648        1.0000000000000000     
   4.2307692307692307E-003   6.9230769230769233E-003   1625.8438963878107        1.0000000000000000     
   4.2307692307692307E-003   7.3076923076923076E-003   1625.9300854335615        1.0000000000000000     
   4.2307692307692307E-003   7.6923076923076927E-003   1626.0153864655147        1.0000000000000000     
   4.2307692307692307E-003   8.0769230769230770E-003   1626.0981724249905        1.0000000000000000     
   4.2307692307692307E-003   8.4615384615384613E-003   1626.1768095289226        1.0000000000000000     
   4.2307692307692307E-003   8.8461538461538456E-003   1626.2497909578974        1.0000000000000000     
   4.2307692307692307E-003   9.2307692307692299E-003   1626.3158602045173        1.0000000000000000     
   4.2307692307692307E-003   9.6153846153846159E-003   1626.3741152522641        1.0000000000000000     

   4.6153846153846149E-003   3.8461538461538462E-004   1624.0338932406871        1.0000000000000000     
   4.6153846153846149E-003   7.6923076923076923E-004   1624.2411489318461        1.0000000000000000     
   4.6153846153846149E-003   1.1538461538461537E-003   1624.4245279664146        1.0000000000000000     
   4.6153846153846149E-003   1.5384615384615385E-003   1624.5853808048209        1.0000000000000000     
   4.6153846153846149E-003   1.9230769230769232E-003   1624.7256441807115        1.0000000000000000     
   4.6153846153846149E-003   2.3076923076923075E-003   1624.8477378096020        1.0000000000000000     
   4.6153846153846149E-003   2.6923076923076922E-003   1624.9544364496608        1.0000000000000000     
   4.6153846153846149E-003   3.0769230769230769E-003   1625.0487249448615        1.0000000000000000     
   4.6153846153846149E-003   3.4615384615384616E-003   1625.1336448586901        1.0000000000000000     
   4.6153846153846149E-003   3.8461538461538464E-003   1625.2121417497738        1.0000000000000000     
   4.6153846153846149E-003   4.2307692307692307E-003   1625.2869220237656        1.0000000000000000     
   4.6153846153846149E-003   4.6153846153846149E-003   1625.3603276280217        1.0000000000000000     
   4.6153846153846149E-003   5.0000000000000001E-003   1625.4342356815766        1.0000000000000000     
   4.6153846153846149E-003   5.3846153846153844E-003   1625.5099885301358        1.0000000000000000     
   4.6153846153846149E-003   5.7692307692307696E-003   1625.5883577898162        1.0000000000000000     
   4.6153846153846149E-003   6.1538461538461538E-003   1625.6695438217912        1.0000000000000000     
   4.6153846153846149E-003   6.5384615384615381E-003   1625.7532099036384        1.0000000000000000     
   4.6153846153846149E-003   6.9230769230769233E-003   1625.8385482755655        1.0000000000000000     
   4.6153846153846149E-003   7.3076923076923076E-003   1625.9243733741484        1.0000000000000000     
   4.6153846153846149E-003   7.6923076923076927E-003   1626.0092360288606        1.0000000000000000     
   4.6153846153846149E-003   8.0769230769230770E-003   1626.0915512509832        1.0000000000000000     
   4.6153846153846149E-003   8.4615384615384613E-003   1626.1697314967103        1.0000000000000000     
   4.6153846153846149E-003   8.8461538461538456E-003   1626.2423168921000        1.0000000000000000     
   4.6153846153846149E-003   9.2307692307692299E-003   1626.3080938123292        1.0000000000000000     
   4.6153846153846149E-003   9.6153846153846159E-003   1626.3661934330521        1.0000000000000000     

   5.0000000000000001E-003   3.8461538461538462E-004   1624.0532927791330        1.0000000000000000     
   5.0000000000000001E-003   7.6923076923076923E-004   1624.2607562051119        1.0000000000000000     
   5.0000000000000001E-003   1.1538461538461537E-003   1624.4445376942813        1.0000000000000000     
   5.0000000000000001E-003   1.5384615384615385E-003   1624.6059689385322        1.0000000000000000     
   5.0000000000000001E-003   1.9230769230769232E-003   1624.7469597829195        1.0000000000000000     
   5.0000000000000001E-003   2.3076923076923075E-003   1624.8698963884240        1.0000000000000000     
   5.0000000000000001E-003   2.6923076923076922E-003   1624.9775150957582        1.0000000000000000     
   5.0000000000000001E-003   3.0769230769230769E-003   1625.0727595150752        1.0000000000000000     
   5.0000000000000001E-003   3.4615384615384616E-003   1625.1586293319410        1.0000000000000000     
   5.0000000000000001E-003   3.8461538461538464E-003   1625.2380297586869        1.0000000000000000     
   5.0000000000000001E-003   4.2307692307692307E-003   1625.3136304471257        1.0000000000000000     
   5.0000000000000001E-003   4.6153846153846149E-003   1625.3877420229167        1.0000000000000000     
   5.0000000000000001E-003   5.0000000000000001E-003   1625.4622172471807        1.0000000000000000     
   5.0000000000000001E-003   5.3846153846153844E-003   1625.5383822328533        1.0000000000000000     
   5.0000000000000001E-003   5.7692307692307696E-003   1625.6170012443943        1.0000000000000000     
   5.0000000000000001E-003   6.1538461538461538E-003   1625.6982765130888        1.0000000000000000     
   5.0000000000000001E-003   6.5384615384615381E-003   1625.7818823415203        1.0000000000000000     
   5.0000000000000001E-003   6.9230769230769233E-003   1625.8670306869028        1.0000000000000000     
   5.0000000000000001E-003   7.3076923076923076E-003   1625.9525635313503        1.0000000000000000     
   5.0000000000000001E-003   7.6923076923076927E-003   1626.0370657735248        1.0000000000000000     
   5.0000000000000001E-003   8.0769230769230770E-003   1626.1189911841318        1.0000000000000000     
   5.0000000000000001E-003   8.4615384615384613E-003   1626.1967931936822        1.0000000000000000     
   5.0000000000000001E-003   8.8461538461538456E-003   1626.2690519314176        1.0000000000000000     
   5.0000000000000001E-003   9.2307692307692299E-003   1626.3345890093906        1.0000000000000000     
   5.0000000000000001E-003   9.6153846153846159E-003   1626.3925620768298        1.0000000000000000     

   5.3846153846153844E-003   3.8461538461538462E-004   1624.1072092138422        1.0000000000000000     
   5.3846153846153844E-003   7.6923076923076923E-004   1624.3148855235825        1.0000000000000000     
   5.3846153846153844E-003   1.1538461538461537E-003   1624.4990738100969        1.0000000000000000     
   5.3846153846153844E-003   1.5384615384615385E-003   1624.6610871795751        1.0000000000000000     
   5.3846153846153844E-003   1.9230769230769232E-003   1624.8028088601045        1.0000000000000000     
   5.3846153846153844E-003   2.3076923076923075E-003   1624.9265918164203        1.0000000000000000     
   5.3846153846153844E-003   2.6923076923076922E-003   1625.0351344141673        1.0000000000000000     
   5.3846153846153844E-003   3.0769230769230769E-003   1625.1313395536088        1.0000000000000000     
   5.3846153846153844E-003   3.4615384615384616E-003   1625.2181656453604        1.0000000000000000     
   5.3846153846153844E-003   3.8461538461538464E-003   1625.2984782344395        1.0000000000000000     
   5.3846153846153844E-003   4.2307692307692307E-003   1625.3749109687210        1.0000000000000000     
   5.3846153846153844E-003   4.6153846153846149E-003   1625.4497439630134        1.0000000000000000     
   5.3846153846153844E-003   5.0000000000000001E-003   1625.5248064725727        1.0000000000000000     
   5.3846153846153844E-003   5.3846153846153844E-003   1625.6014092341388        1.0000000000000000     
   5.3846153846153844E-003   5.7692307692307696E-003   1625.6803099582744        1.0000000000000000     
   5.3846153846153844E-003   6.1538461538461538E-003   1625.7617133839829        1.0000000000000000     
   5.3846153846153844E-003   6.5384615384615381E-003   1625.8453051664735        1.0000000000000000     
   5.3846153846153844E-003   6.9230769230769233E-003   1625.9303167951466        1.0000000000000000     
   5.3846153846153844E-003   7.3076923076923076E-003   1626.0156168565838        1.0000000000000000     
   5.3846153846153844E-003   7.6923076923076927E-003   1626.0998223747929        1.0000000000000000     
   5.3846153846153844E-003   8.0769230769230770E-003   1626.1814227606153        1.0000000000000000     
   5.3846153846153844E-003   8.4615384615384613E-003   1626.2589081387814        1.0000000000000000     
   5.3846153846153844E-003   8.8461538461538456E-003   1626.3308935249422        1.0000000000000000     
   5.3846153846153844E-003   9.2307692307692299E-003   1626.3962305136097        1.0000000000000000     
   5.3846153846153844E-003   9.6153846153846159E-003   1626.4540988296631        1.0000000000000000     

   5.7692307692307696E-003   3.8461538461538462E-004   1624.1934745925932        1.0000000000000000     
   5.7692307692307696E-003   7.6923076923076923E-004   1624.4013653401350        1.0000000000000000     
   5.7692307692307696E-003   1.1538461538461537E-003   1624.5859581002387        1.0000000000000000     
   5.7692307692307696E-003   1.5384615384615385E-003   1624.7485478558879        1.0000000000000000     
   5.7692307692307696E-003   1.9230769230769232E-003   1624.8909918881468        1.0000000000000000     
   5.7692307692307696E-003   2.3076923076923075E-003   1625.0156108162694        1.0000000000000000     
   5.7692307692307696E-003   2.6923076923076922E-003   1625.1250660290325        1.0000000000000000     
   5.7692307692307696E-003   3.0769230769230769E-003   1625.2222208243782        1.0000000000000000     
   5.7692307692307696E-003   3.4615384615384616E-003   1625.3099935139073        1.0000000000000000     
   5.7692307692307696E-003   3.8461538461538464E-003   1625.3912111769439        1.0000000000000000     
   5.7692307692307696E-003   4.2307692307692307E-003   1625.4684726410960        1.0000000000000000     
   5.7692307692307696E-003   4.6153846153846149E-003   1625.5440286308005        1.0000000000000000     
   5.7692307692307696E-003   5.0000000000000001E-003   1625.6196859039765        1.0000000000000000     
   5.7692307692307696E-003   5.3846153846153844E-003   1625.6967406618660        1.0000000000000000     
   5.7692307692307696E-003   5.7692307692307696E-003   1625.7759446661519        1.0000000000000000     
   5.7692307692307696E-003   6.1538461538461538E-003   1625.8575054479879        1.0000000000000000     
   5.7692307692307696E-003   6.5384615384615381E-003   1625.9411198741882        1.0000000000000000     
   5.7692307692307696E-003   6.9230769230769233E-003   1626.0260382778145        1.0000000000000000     
   5.7692307692307696E-003   7.3076923076923076E-003   1626.1111544887895        1.0000000000000000     
   5.7692307692307696E-003   7.6923076923076927E-003   1626.1951155248705        1.0000000000000000     
   5.7692307692307696E-003   8.0769230769230770E-003   1626.2764435132003        1.0000000000000000     
   5.7692307692307696E-003   8.4615384615384613E-003   1626.3536616718704        1.0000000000000000     
   5.7692307692307696E-003   8.8461538461538456E-003   1626.4254159295840        1.0000000000000000     
   5.7692307692307696E-003   9.2307692307692299E-003   1626.4905840200379        1.0000000000000000     
   5.7692307692307696E-003   9.6153846153846159E-003   1626.5483646602445        1.0000000000000000     

   6.1538461538461538E-003   3.8461538461538462E-004   1624.3066873233472        1.0000000000000000     
   6.1538461538461538E-003   7.6923076923076923E-004   1624.5147900351958        1.0000000000000000     
   6.1538461538461538E-003   1.1538461538461537E-003   1624.6997779720002        1.0000000000000000     
   6.1538461538461538E-003   1.5384615384615385E-003   1624.8629287211522        1.0000000000000000     
   6.1538461538461538E-003   1.9230769230769232E-003   1625.0060746641902        1.0000000000000000     
   6.1538461538461538E-003   2.3076923076923075E-003   1625.1315053922606        1.0000000000000000     
   6.1538461538461538E-003   2.6923076923076922E-003   1625.2418468420110        1.0000000000000000     
   6.1538461538461538E-003   3.0769230769230769E-003   1625.3399243697447        1.0000000000000000     
   6.1538461538461538E-003   3.4615384615384616E-003   1625.4286179078326        1.0000000000000000     
   6.1538461538461538E-003   3.8461538461538464E-003   1625.5107177699924        1.0000000000000000     
   6.1538461538461538E-003   4.2307692307692307E-003   1625.5887895659496        1.0000000000000000     
   6.1538461538461538E-003   4.6153846153846149E-003   1625.6650560592120        1.0000000000000000     
   6.1538461538461538E-003   5.0000000000000001E-003   1625.7413026951865        1.0000000000000000     
   6.1538461538461538E-003   5.3846153846153844E-003   1625.8188120112418        1.0000000000000000     
   6.1538461538461538E-003   5.7692307692307696E-003   1625.8983303120185        1.0000000000000000     
   6.1538461538461538E-003   6.1538461538461538E-003   1625.9800679671750        1.0000000000000000     
   6.1538461538461538E-003   6.5384615384615381E-003   1626.0637325918558        1.0000000000000000     
   6.1538461538461538E-003   6.9230769230769233E-003   1626.1485923322441        1.0000000000000000     
   6.1538461538461538E-003   7.3076923076923076E-003   1626.2335646241620        1.0000000000000000     
   6.1538461538461538E-003   7.6923076923076927E-003   1626.3173242333246        1.0000000000000000     
   6.1538461538461538E-003   8.0769230769230770E-003   1626.3984232135927        1.0000000000000000     
   6.1538461538461538E-003   8.4615384615384613E-003   1626.4754147026974        1.0000000000000000     
   6.1538461538461538E-003   8.8461538461538456E-003   1626.5469722569901        1.0000000000000000     
   6.1538461538461538E-003   9.2307692307692299E-003   1626.6119967262414        1.0000000000000000     
   6.1538461538461538E-003   9.6153846153846159E-003   1626.6697034801268        1.0000000000000000     

   6.5384615384615381E-003   3.8461538461538462E-004   1624.4385185205062        1.0000000000000000     
   6.5384615384615381E-003   7.6923076923076923E-004   1624.6468263630695        1.0000000000000000     
   6.5384615384615381E-003   1.1538461538461537E-003   1624.8321930450420        1.0000000000000000     
   6.5384615384615381E-003   1.5384615384615385E-003   1624.9958797337461        1.0000000000000000     
   6.5384615384615381E-003   1.9230769230769232E-003   1625.1396953117312        1.0000000000000000     
   6.5384615384615381E-003   2.3076923076923075E-003   1625.2659000958149        1.0000000000000000     
   6.5384615384615381E-003   2.6923076923076922E-003   1625.3770865879478        1.0000000000000000     
   6.5384615384615381E-003   3.0769230769230769E-003   1625.4760443816490        1.0000000000000000     
   6.5384615384615381E-003   3.4615384615384616E-003   1625.5656172607737        1.0000000000000000     
   6.5384615384615381E-003   3.8461538461538464E-003   1625.6485609445410        1.0000000000000000     
   6.5384615384615381E-003   4.2307692307692307E-003   1625.7274098279636        1.0000000000000000     
   6.5384615384615381E-003   4.6153846153846149E-003   1625.8043604479274        1.0000000000000000     
   6.5384615384615381E-003   5.0000000000000001E-003   1625.8811783124604        1.0000000000000000     
   6.5384615384615381E-003   5.3846153846153844E-003   1625.9591332336113        1.0000000000000000     
   6.5384615384615381E-003   5.7692307692307696E-003   1626.0389664977424        1.0000000000000000     
   6.5384615384615381E-003   6.1538461538461538E-003   1626.1208912042559        1.0000000000000000     
   6.5384615384615381E-003   6.5384615384615381E-003   1626.2046250302083        1.0000000000000000     
   6.5384615384615381E-003   6.9230769230769233E-003   1626.2894526624987        1.0000000000000000     
   6.5384615384615381E-003   7.3076923076923076E-003   1626.3743133055846        1.0000000000000000     
   6.5384615384615381E-003   7.6923076923076927E-003   1626.4579071328626        1.0000000000000000     
   6.5384615384615381E-003   8.0769230769230770E-003   1626.5388133973374        1.0000000000000000     
   6.5384615384615381E-003   8.4615384615384613E-003   1626.6156122218708        1.0000000000000000     
   6.5384615384615381E-003   8.8461538461538456E-003   1626.6870018949389        1.0000000000000000     
   6.5384615384615381E-003   9.2307692307692299E-003   1626.7519038200437        1.0000000000000000     
   6.5384615384615381E-003   9.6153846153846159E-003   1626.8095480933146        1.0000000000000000     

   6.9230769230769233E-003   3.8461538461538462E-004   1624.5782050453292        1.0000000000000000     
   6.9230769230769233E-003   7.6923076923076923E-004   1624.7867066176061        1.0000000000000000     
   6.9230769230769233E-003   1.1538461538461537E-003   1624.9724284800336        1.0000000000000000     
   6.9230769230769233E-003   1.5384615384615385E-003   1625.1366165837517        1.0000000000000000     
   6.9230769230769233E-003   1.9230769230769232E-003   1625.2810580381858        1.0000000000000000     
   6.9230769230769233E-003   2.3076923076923075E-003   1625.4079860418901        1.0000000000000000     
   6.9230769230769233E-003   2.6923076923076922E-003   1625.5199621341358        1.0000000000000000     
   6.9230769230769233E-003   3.0769230769230769E-003   1625.6197428033972        1.0000000000000000     
   6.9230769230769233E-003   3.4615384615384616E-003   1625.7101383893896        1.0000000000000000     
   6.9230769230769233E-003   3.8461538461538464E-003   1625.7938726272655        1.0000000000000000     
   6.9230769230769233E-003   4.2307692307692307E-003   1625.8734510787681        1.0000000000000000     
   6.9230769230769233E-003   4.6153846153846149E-003   1625.9510460835245        1.0000000000000000     
   6.9230769230769233E-003   5.0000000000000001E-003   1626.0284047837063        1.0000000000000000     
   6.9230769230769233E-003   5.3846153846153844E-003   1626.1067852954720        1.0000000000000000     
   6.9230769230769233E-003   5.7692307692307696E-003   1626.1869243146509        1.0000000000000000     
   6.9230769230769233E-003   6.1538461538461538E-003   1626.2690374639506        1.0000000000000000     
   6.9230769230769233E-003   6.5384615384615381E-003   1626.3528516384774        1.0000000000000000     
   6.9230769230769233E-003   6.9230769230769233E-003   1626.4376666134108        1.0000000000000000     
   6.9230769230769233E-003   7.3076923076923076E-003   1626.5224413653568        1.0000000000000000     
   6.9230769230769233E-003   7.6923076923076927E-003   1626.6058990393985        1.0000000000000000     
   6.9230769230769233E-003   8.0769230769230770E-003   1626.6866433603684        1.0000000000000000     
   6.9230769230769233E-003   8.4615384615384613E-003   1626.7632786096451        1.0000000000000000     
   6.9230769230769233E-003   8.8461538461538456E-003   1626.8345251105213        1.0000000000000000     
   6.9230769230769233E-003   9.2307692307692299E-003   1626.8993224995738        1.0000000000000000     
   6.9230769230769233E-003   9.6153846153846159E-003   1626.9569138917050        1.0000000000000000     

   7.3076923076923076E-003   3.8461538461538462E-004   1624.7131992492891        1.0000000000000000     
   7.3076923076923076E-003   7.6923076923076923E-004   1624.9218785205319        1.0000000000000000     
   7.3076923076923076E-003   1.1538461538461537E-003   1625.1079250421915        1.0000000000000000     
   7.3076923076923076E-003   1.5384615384615385E-003   1625.2725709599890        1.0000000000000000     
   7.3076923076923076E-003   1.9230769230769232E-003   1625.4175836308950        1.0000000000000000     
   7.3076923076923076E-003   2.3076923076923075E-003   1625.5451716560528        1.0000000000000000     
   7.3076923076923076E-003   2.6923076923076922E-003   1625.6578684966867        1.0000000000000000     
   7.3076923076923076E-003   3.0769230769230769E-003   1625.7584006294101        1.0000000000000000     
   7.3076923076923076E-003   3.4615384615384616E-003   1625.8495480862407        1.0000000000000000     
   7.3076923076923076E-003   3.8461538461538464E-003   1625.9340056316460        1.0000000000000000     
   7.3076923076923076E-003   4.2307692307692307E-003   1626.0142527260339        1.0000000000000000     
   7.3076923076923076E-003   4.6153846153846149E-003   1626.0924398200382        1.0000000000000000     
   7.3076923076923076E-003   5.0000000000000001E-003   1626.1702974555978        1.0000000000000000     
   7.3076923076923076E-003   5.3846153846153844E-003   1626.2490731860225        1.0000000000000000     
   7.3076923076923076E-003   5.7692307692307696E-003   1626.3294995604329        1.0000000000000000     
   7.3076923076923076E-003   6.1538461538461538E-003   1626.4117944589798        1.0000000000000000     
   7.3076923076923076E-003   6.5384615384615381E-003   1626.4956930369242        1.0000000000000000     
   7.3076923076923076E-003   6.9230769230769233E-003   1626.5805085644165        1.0000000000000000     
   7.3076923076923076E-003   7.3076923076923076E-003   1626.6652176574732        1.0000000000000000     
   7.3076923076923076E-003   7.6923076923076927E-003   1626.7485638952587        1.0000000000000000     
   7.3076923076923076E-003   8.0769230769230770E-003   1626.8291727026019        1.0000000000000000     
   7.3076923076923076E-003   8.4615384615384613E-003   1626.9056697140277        1.0000000000000000     
   7.3076923076923076E-003   8.8461538461538456E-003   1626.9767946684810        1.0000000000000000     
   7.3076923076923076E-003   9.2307692307692299E-003   1627.0415032240062        1.0000000000000000     
   7.3076923076923076E-003   9.6153846153846159E-003   1627.0990499101856        1.0000000000000000     

   7.6923076923076927E-003   3.8461538461538462E-004   1624.8299352239353        1.0000000000000000     
   7.6923076923076927E-003   7.6923076923076923E-004   1625.0387716293210        1.0000000000000000     
   7.6923076923076927E-003   1.1538461538461537E-003   1625.2251056901803        1.0000000000000000     
   7.6923076923076927E-003   1.5384615384615385E-003   1625.3901573413411        1.0000000000000000     
   7.6923076923076927E-003   1.9230769230769232E-003   1625.5356764699895        1.0000000000000000     
   7.6923076923076927E-003   2.3076923076923075E-003   1625.6638499250826        1.0000000000000000     
   7.6923076923076927E-003   2.6923076923076922E-003   1625.7771863417067        1.0000000000000000     
   7.6923076923076927E-003   3.0769230769230769E-003   1625.8783856660907        1.0000000000000000     
   7.6923076923076927E-003   3.4615384615384616E-003   1625.9702011453583        1.0000000000000000     
   7.6923076923076927E-003   3.8461538461538464E-003   1626.0553019487347        1.0000000000000000     
   7.6923076923076927E-003   4.2307692307692307E-003   1626.1361444847819        1.0000000000000000     
   7.6923076923076927E-003   4.6153846153846149E-003   1626.2148598799520        1.0000000000000000     
   7.6923076923076927E-003   5.0000000000000001E-003   1626.2931640257832        1.0000000000000000     
   7.6923076923076927E-003   5.3846153846153844E-003   1626.3722951526017        1.0000000000000000     
   7.6923076923076927E-003   5.7692307692307696E-003   1626.4529821380695        1.0000000000000000     
   7.6923076923076927E-003   6.1538461538461538E-003   1626.5354448192379        1.0000000000000000     
   7.6923076923076927E-003   6.5384615384615381E-003   1626.6194255686246        1.0000000000000000     
   7.6923076923076927E-003   6.9230769230769233E-003   1626.7042494436016        1.0000000000000000     
   7.6923076923076927E-003   7.3076923076923076E-003   1626.7889084461810        1.0000000000000000     
   7.6923076923076927E-003   7.6923076923076927E-003   1626.8721639471446        1.0000000000000000     
   7.6923076923076927E-003   8.0769230769230770E-003   1626.9526602272117        1.0000000000000000     
   7.6923076923076927E-003   8.4615384615384613E-003   1627.0290414369922        1.0000000000000000     
   7.6923076923076927E-003   8.8461538461538456E-003   1627.1000641179178        1.0000000000000000     
   7.6923076923076927E-003   9.2307692307692299E-003   1627.1646977687292        1.0000000000000000     
   7.6923076923076927E-003   9.6153846153846159E-003   1627.2222067663074        1.0000000000000000     

   8.0769230769230770E-003   3.8461538461538462E-004   1624.9146636405108        1.0000000000000000     
   8.0769230769230770E-003   7.6923076923076923E-004   1625.1236323401470        1.0000000000000000     
   8.0769230769230770E-003   1.1538461538461537E-003   1625.3102107589320        1.0000000000000000     
   8.0769230769230770E-003   1.5384615384615385E-003   1625.4756083746959        1.0000000000000000     
   8.0769230769230770E-003   1.9230769230769232E-003   1625.6215601147985        1.0000000000000000     
   8.0769230769230770E-003   2.3076923076923075E-003   1625.7502342028176        1.0000000000000000     
   8.0769230769230770E-003   2.6923076923076922E-003   1625.8641180187694        1.0000000000000000     
   8.0769230769230770E-003   3.0769230769230769E-003   1625.9658887978921        1.0000000000000000     
   8.0769230769230770E-003   3.4615384615384616E-003   1626.0582768622810        1.0000000000000000     
   8.0769230769230770E-003   3.8461538461538464E-003   1626.1439294784880        1.0000000000000000     
   8.0769230769230770E-003   4.2307692307692307E-003   1626.2252833326879        1.0000000000000000     
   8.0769230769230770E-003   4.6153846153846149E-003   1626.3044530207349        1.0000000000000000     
   8.0769230769230770E-003   5.0000000000000001E-003   1626.3831419014591        1.0000000000000000     
   8.0769230769230770E-003   5.3846153846153844E-003   1626.4625802244766        1.0000000000000000     
   8.0769230769230770E-003   5.7692307692307696E-003   1626.5434937093758        1.0000000000000000     
   8.0769230769230770E-003   6.1538461538461538E-003   1626.6261038302748        1.0000000000000000     
   8.0769230769230770E-003   6.5384615384615381E-003   1626.7101590692282        1.0000000000000000     
   8.0769230769230770E-003   6.9230769230769233E-003   1626.7949944684185        1.0000000000000000     
   8.0769230769230770E-003   7.3076923076923076E-003   1626.8796150553558        1.0000000000000000     
   8.0769230769230770E-003   7.6923076923076927E-003   1626.9627972471499        1.0000000000000000     
   8.0769230769230770E-003   8.0769230769230770E-003   1627.0432012510469        1.0000000000000000     
   8.0769230769230770E-003   8.4615384615384613E-003   1627.1194868366495        1.0000000000000000     
   8.0769230769230770E-003   8.8461538461538456E-003   1627.1904247009572        1.0000000000000000     
   8.0769230769230770E-003   9.2307692307692299E-003   1627.2549959899795        1.0000000000000000     
   8.0769230769230770E-003   9.6153846153846159E-003   1627.3124733600559        1.0000000000000000     

   8.4615384615384613E-003   3.8461538461538462E-004   1624.9543025649034        1.0000000000000000     
   8.4615384615384613E-003   7.6923076923076923E-004   1625.1633748633067        1.0000000000000000     
   8.4615384615384613E-003   1.1538461538461537E-003   1625.3501491065713        1.0000000000000000     
   8.4615384615384613E-003   1.5384615384615385E-003   1625.5158262033788        1.0000000000000000     
   8.4615384615384613E-003   1.9230769230769232E-003   1625.6621288223537        1.0000000000000000     
   8.4615384615384613E-003   2.3076923076923075E-003   1625.7912099254327        1.0000000000000000     
   8.4615384615384613E-003   2.6923076923076922E-003   1625.9055394773732        1.0000000000000000     
   8.4615384615384613E-003   3.0769230769230769E-003   1626.0077761067530        1.0000000000000000     
   8.4615384615384613E-003   3.4615384615384616E-003   1626.1006313553050        1.0000000000000000     
   8.4615384615384613E-003   3.8461538461538464E-003   1626.1867345482642        1.0000000000000000     
   8.4615384615384613E-003   4.2307692307692307E-003   1626.2685062173637        1.0000000000000000     
   8.4615384615384613E-003   4.6153846153846149E-003   1626.3480474179623        1.0000000000000000     
   8.4615384615384613E-003   5.0000000000000001E-003   1626.4270512402379        1.0000000000000000     
   8.4615384615384613E-003   5.3846153846153844E-003   1626.5067413876045        1.0000000000000000     
   8.4615384615384613E-003   5.7692307692307696E-003   1626.5878409735797        1.0000000000000000     
   8.4615384615384613E-003   6.1538461538461538E-003   1626.6705727794256        1.0000000000000000     
   8.4615384615384613E-003   6.5384615384615381E-003   1626.7546902391357        1.0000000000000000     
   8.4615384615384613E-003   6.9230769230769233E-003   1626.8395364993075        1.0000000000000000     
   8.4615384615384613E-003   7.3076923076923076E-003   1626.9241271595254        1.0000000000000000     
   8.4615384615384613E-003   7.6923076923076927E-003   1627.0072508428959        1.0000000000000000     
   8.4615384615384613E-003   8.0769230769230770E-003   1627.0875806673912        1.0000000000000000     
   8.4615384615384613E-003   8.4615384615384613E-003   1627.1637890539516        1.0000000000000000     
   8.4615384615384613E-003   8.8461538461538456E-003   1627.2346581565187        1.0000000000000000     
   8.4615384615384613E-003   9.2307692307692299E-003   1627.2991785413401        1.0000000000000000     
   8.4615384615384613E-003   9.6153846153846159E-003   1627.3566295574460        1.0000000000000000     

   8.8461538461538456E-003   3.8461538461538462E-004   1624.9372503042462        1.0000000000000000     
   8.8461538461538456E-003   7.6923076923076923E-004   1625.1463942191733        1.0000000000000000     
   8.8461538461538456E-003   1.1538461538461537E-003   1625.3333112663754        1.0000000000000000     
   8.8461538461538456E-003   1.5384615384615385E-003   1625.4991957810446        1.0000000000000000     
   8.8461538461538456E-003   1.9230769230769232E-003   1625.6457610280650        1.0000000000000000     
   8.8461538461538456E-003   2.3076923076923075E-003   1625.7751482622909        1.0000000000000000     
   8.8461538461538456E-003   2.6923076923076922E-003   1625.8898140896781        1.0000000000000000     
   8.8461538461538456E-003   3.0769230769230769E-003   1625.9924028663759        1.0000000000000000     
   8.8461538461538456E-003   3.4615384615384616E-003   1626.0856117285916        1.0000000000000000     
   8.8461538461538456E-003   3.8461538461538464E-003   1626.1720562393618        1.0000000000000000     
   8.8461538461538456E-003   4.2307692307692307E-003   1626.2541445378661        1.0000000000000000     
   8.8461538461538456E-003   4.6153846153846149E-003   1626.3339672898319        1.0000000000000000     
   8.8461538461538456E-003   5.0000000000000001E-003   1626.4132097018287        1.0000000000000000     
   8.8461538461538456E-003   5.3846153846153844E-003   1626.4930904434175        1.0000000000000000     
   8.8461538461538456E-003   5.7692307692307696E-003   1626.5743306088098        1.0000000000000000     
   8.8461538461538456E-003   6.1538461538461538E-003   1626.6571539516999        1.0000000000000000     
   8.8461538461538456E-003   6.5384615384615381E-003   1626.7413176624664        1.0000000000000000     
   8.8461538461538456E-003   6.9230769230769233E-003   1626.8261710492668        1.0000000000000000     
   8.8461538461538456E-003   7.3076923076923076E-003   1626.9107377531782        1.0000000000000000     
   8.8461538461538456E-003   7.6923076923076927E-003   1626.9938156808616        1.0000000000000000     
   8.8461538461538456E-003   8.0769230769230770E-003   1627.0740877666854        1.0000000000000000     
   8.8461538461538456E-003   8.4615384615384613E-003   1627.1502360466895        1.0000000000000000     
   8.8461538461538456E-003   8.8461538461538456E-003   1627.2210513782891        1.0000000000000000     
   8.8461538461538456E-003   9.2307692307692299E-003   1627.2855314810481        1.0000000000000000     
   8.8461538461538456E-003   9.6153846153846159E-003   1627.3429607844832        1.0000000000000000     

   9.2307692307692299E-003   3.8461538461538462E-004   1624.8541085056015        1.0000000000000000     
   9.2307692307692299E-003   7.6923076923076923E-004   1625.0632894672369        1.0000000000000000     
   9.2307692307692299E-003   1.1538461538461537E-003   1625.2502928096903        1.0000000000000000     
   9.2307692307692299E-003   1.5384615384615385E-003   1625.4163083714866        1.0000000000000000     
   9.2307692307692299E-003   1.9230769230769232E-003   1625.5630429846105        1.0000000000000000     
   9.2307692307692299E-003   2.3076923076923075E-003   1625.6926298951346        1.0000000000000000     
   9.2307692307692299E-003   2.6923076923076922E-003   1625.8075165698997        1.0000000000000000     
   9.2307692307692299E-003   3.0769230769230769E-003   1625.9103376002747        1.0000000000000000     
   9.2307692307692299E-003   3.4615384615384616E-003   1626.0037802655606        1.0000000000000000     
   9.2307692307692299E-003   3.8461538461538464E-003   1626.0904507104426        1.0000000000000000     
   9.2307692307692299E-003   4.2307692307692307E-003   1626.1727485905230        1.0000000000000000     
   9.2307692307692299E-003   4.6153846153846149E-003   1626.2527574552064        1.0000000000000000     
   9.2307692307692299E-003   5.0000000000000001E-003   1626.3321571052843        1.0000000000000000     
   9.2307692307692299E-003   5.3846153846153844E-003   1626.4121627492984        1.0000000000000000     
   9.2307692307692299E-003   5.7692307692307696E-003   1626.4934940770072        1.0000000000000000     
   9.2307692307692299E-003   6.1538461538461538E-003   1626.5763754778166        1.0000000000000000     
   9.2307692307692299E-003   6.5384615384615381E-003   1626.6605666753371        1.0000000000000000     
   9.2307692307692299E-003   6.9230769230769233E-003   1626.7454211493293        1.0000000000000000     
   9.2307692307692299E-003   7.3076923076923076E-003   1626.8299679921690        1.0000000000000000     
   9.2307692307692299E-003   7.6923076923076927E-003   1626.9130114066097        1.0000000000000000     
   9.2307692307692299E-003   8.0769230769230770E-003   1626.9932409850990        1.0000000000000000     
   9.2307692307692299E-003   8.4615384615384613E-003   1627.0693452846963        1.0000000000000000     
   9.2307692307692299E-003   8.8461538461538456E-003   1627.1401210646429        1.0000000000000000     
   9.2307692307692299E-003   9.2307692307692299E-003   1627.2045708943272        1.0000000000000000     
   9.2307692307692299E-003   9.6153846153846159E-003   1627.2619826472251        1.0000000000000000     

   9.6153846153846159E-003   3.8461538461538462E-004   1624.6982692657366        1.0000000000000000     
   9.6153846153846159E-003   7.6923076923076923E-004   1624.9074509203767        1.0000000000000000     
   9.6153846153846159E-003   1.1538461538461537E-003   1625.0944816662386        1.0000000000000000     
   9.6153846153846159E-003   1.5384615384615385E-003   1625.2605489761370        1.0000000000000000     
   9.6153846153846159E-003   1.9230769230769232E-003   1625.4073562973099        1.0000000000000000     
   9.6153846153846159E-003   2.3076923076923075E-003   1625.5370326612690        1.0000000000000000     
   9.6153846153846159E-003   2.6923076923076922E-003   1625.6520207244355        1.0000000000000000     
   9.6153846153846159E-003   3.0769230769230769E-003   1625.7549499368645        1.0000000000000000     
   9.6153846153846159E-003   3.4615384615384616E-003   1625.8485023857857        1.0000000000000000     
   9.6153846153846159E-003   3.8461538461538464E-003   1625.9352792516297        1.0000000000000000     
   9.6153846153846159E-003   4.2307692307692307E-003   1626.0176757140489        1.0000000000000000     
   9.6153846153846159E-003   4.6153846153846149E-003   1626.0977715617564        1.0000000000000000     
   9.6153846153846159E-003   5.0000000000000001E-003   1626.1772437302714        1.0000000000000000     
   9.6153846153846159E-003   5.3846153846153844E-003   1626.2573055811440        1.0000000000000000     
   9.6153846153846159E-003   5.7692307692307696E-003   1626.3386760340823        1.0000000000000000     
   9.6153846153846159E-003   6.1538461538461538E-003   1626.4215797768275        1.0000000000000000     
   9.6153846153846159E-003   6.5384615384615381E-003   1626.5057778250266        1.0000000000000000     
   9.6153846153846159E-003   6.9230769230769233E-003   1626.5906258085538        1.0000000000000000     
   9.6153846153846159E-003   7.3076923076923076E-003   1626.6751556403883        1.0000000000000000     
   9.6153846153846159E-003   7.6923076923076927E-003   1626.7581747870979        1.0000000000000000     
   9.6153846153846159E-003   8.0769230769230770E-003   1626.8383762960327        1.0000000000000000     
   9.6153846153846159E-003   8.4615384615384613E-003   1626.9144521099086        1.0000000000000000     
   9.6153846153846159E-003   8.8461538461538456E-003   1626.9852020530600        1.0000000000000000     
   9.6153846153846159E-003   9.2307692307692299E-003   1627.0496312140124        1.0000000000000000     
   9.6153846153846159E-003   9.6153846153846159E-003   1627.1070292552631        1.0000000000000000     

