   3.8461538461538462E-004   3.8461538461538462E-004   903.99061775123528        1.0000000000000000     
   3.8461538461538462E-004   7.6923076923076923E-004   903.97779843701574        1.0000000000000000     
   3.8461538461538462E-004   1.1538461538461537E-003   903.96627702164915        1.0000000000000000     
   3.8461538461538462E-004   1.5384615384615385E-003   903.95604505403730        1.0000000000000000     
   3.8461538461538462E-004   1.9230769230769232E-003   903.94675072225073        1.0000000000000000     
   3.8461538461538462E-004   2.3076923076923075E-003   903.93854134148341        1.0000000000000000     
   3.8461538461538462E-004   2.6923076923076922E-003   903.93140085612754        1.0000000000000000     
   3.8461538461538462E-004   3.0769230769230769E-003   903.92538127632452        1.0000000000000000     
   3.8461538461538462E-004   3.4615384615384616E-003   903.92047079749000        1.0000000000000000     
   3.8461538461538462E-004   3.8461538461538464E-003   903.91666102588897        1.0000000000000000     
   3.8461538461538462E-004   4.2307692307692307E-003   903.91394501454431        1.0000000000000000     
   3.8461538461538462E-004   4.6153846153846149E-003   903.91231756003538        1.0000000000000000     
   3.8461538461538462E-004   5.0000000000000001E-003   903.91177543911635        1.0000000000000000     
   3.8461538461538462E-004   5.3846153846153844E-003   903.91231756003538        1.0000000000000000     
   3.8461538461538462E-004   5.7692307692307696E-003   903.91394501454488        1.0000000000000000     
   3.8461538461538462E-004   6.1538461538461538E-003   903.91666102588897        1.0000000000000000     
   3.8461538461538462E-004   6.5384615384615381E-003   903.92047079748954        1.0000000000000000     
   3.8461538461538462E-004   6.9230769230769233E-003   903.92538127632452        1.0000000000000000     
   3.8461538461538462E-004   7.3076923076923076E-003   903.93140085612754        1.0000000000000000     
   3.8461538461538462E-004   7.6923076923076927E-003   903.93854134148341        1.0000000000000000     
   3.8461538461538462E-004   8.0769230769230770E-003   903.94675072225118        1.0000000000000000     
   3.8461538461538462E-004   8.4615384615384613E-003   903.95604505403753        1.0000000000000000     
   3.8461538461538462E-004   8.8461538461538456E-003   903.96627702164926        1.0000000000000000     
   3.8461538461538462E-004   9.2307692307692299E-003   903.97779843701608        1.0000000000000000     
   3.8461538461538462E-004   9.6153846153846159E-003   903.99061775123539        1.0000000000000000     

   7.6923076923076923E-004   3.8461538461538462E-004   957.64166598640725        1.0000000000000000     
   7.6923076923076923E-004   7.6923076923076923E-004   957.61665829880087        1.0000000000000000     
   7.6923076923076923E-004   1.1538461538461537E-003   957.59399411318100        1.0000000000000000     
   7.6923076923076923E-004   1.5384615384615385E-003   957.57331125366306        1.0000000000000000     
   7.6923076923076923E-004   1.9230769230769232E-003   957.55511303051514        1.0000000000000000     
   7.6923076923076923E-004   2.3076923076923075E-003   957.53877914809982        1.0000000000000000     
   7.6923076923076923E-004   2.6923076923076922E-003   957.52463222214215        1.0000000000000000     
   7.6923076923076923E-004   3.0769230769230769E-003   957.51270433147158        1.0000000000000000     
   7.6923076923076923E-004   3.4615384615384616E-003   957.50297421933897        1.0000000000000000     
   7.6923076923076923E-004   3.8461538461538464E-003   957.49542522729564        1.0000000000000000     
   7.6923076923076923E-004   4.2307692307692307E-003   957.49004354515944        1.0000000000000000     
   7.6923076923076923E-004   4.6153846153846149E-003   957.48681882023345        1.0000000000000000     
   7.6923076923076923E-004   5.0000000000000001E-003   957.48574463647742        1.0000000000000000     
   7.6923076923076923E-004   5.3846153846153844E-003   957.48681882023345        1.0000000000000000     
   7.6923076923076923E-004   5.7692307692307696E-003   957.49004354515955        1.0000000000000000     
   7.6923076923076923E-004   6.1538461538461538E-003   957.49542522729564        1.0000000000000000     
   7.6923076923076923E-004   6.5384615384615381E-003   957.50297421933828        1.0000000000000000     
   7.6923076923076923E-004   6.9230769230769233E-003   957.51270433147170        1.0000000000000000     
   7.6923076923076923E-004   7.3076923076923076E-003   957.52463222214192        1.0000000000000000     
   7.6923076923076923E-004   7.6923076923076927E-003   957.53877914809993        1.0000000000000000     
   7.6923076923076923E-004   8.0769230769230770E-003   957.55511303051503        1.0000000000000000     
   7.6923076923076923E-004   8.4615384615384613E-003   957.57331125366261        1.0000000000000000     
   7.6923076923076923E-004   8.8461538461538456E-003   957.59399411318111        1.0000000000000000     
   7.6923076923076923E-004   9.2307692307692299E-003   957.61665829880076        1.0000000000000000     
   7.6923076923076923E-004   9.6153846153846159E-003   957.64166598640713        1.0000000000000000     

   1.1538461538461537E-003   3.8461538461538462E-004   1010.6205474951801        1.0000000000000000     
   1.1538461538461537E-003   7.6923076923076923E-004   1010.5837287106492        1.0000000000000000     
   1.1538461538461537E-003   1.1538461538461537E-003   1010.5496939327182        1.0000000000000000     
   1.1538461538461537E-003   1.5384615384615385E-003   1010.5197045438676        1.0000000000000000     
   1.1538461538461537E-003   1.9230769230769232E-003   1010.4926051569605        1.0000000000000000     
   1.1538461538461537E-003   2.3076923076923075E-003   1010.4684593310867        1.0000000000000000     
   1.1538461538461537E-003   2.6923076923076922E-003   1010.4475648776016        1.0000000000000000     
   1.1538461538461537E-003   3.0769230769230769E-003   1010.4299472021327        1.0000000000000000     
   1.1538461538461537E-003   3.4615384615384616E-003   1010.4155759101152        1.0000000000000000     
   1.1538461538461537E-003   3.8461538461538464E-003   1010.4044262970012        1.0000000000000000     
   1.1538461538461537E-003   4.2307692307692307E-003   1010.3964778438827        1.0000000000000000     
   1.1538461538461537E-003   4.6153846153846149E-003   1010.3917151501256        1.0000000000000000     
   1.1538461538461537E-003   5.0000000000000001E-003   1010.3901286644996        1.0000000000000000     
   1.1538461538461537E-003   5.3846153846153844E-003   1010.3917151501256        1.0000000000000000     
   1.1538461538461537E-003   5.7692307692307696E-003   1010.3964778438827        1.0000000000000000     
   1.1538461538461537E-003   6.1538461538461538E-003   1010.4044262970008        1.0000000000000000     
   1.1538461538461537E-003   6.5384615384615381E-003   1010.4155759101150        1.0000000000000000     
   1.1538461538461537E-003   6.9230769230769233E-003   1010.4299472021321        1.0000000000000000     
   1.1538461538461537E-003   7.3076923076923076E-003   1010.4475648776015        1.0000000000000000     
   1.1538461538461537E-003   7.6923076923076927E-003   1010.4684593310867        1.0000000000000000     
   1.1538461538461537E-003   8.0769230769230770E-003   1010.4926051569607        1.0000000000000000     
   1.1538461538461537E-003   8.4615384615384613E-003   1010.5197045438676        1.0000000000000000     
   1.1538461538461537E-003   8.8461538461538456E-003   1010.5496939327185        1.0000000000000000     
   1.1538461538461537E-003   9.2307692307692299E-003   1010.5837287106493        1.0000000000000000     
   1.1538461538461537E-003   9.6153846153846159E-003   1010.6205474951809        1.0000000000000000     

   1.5384615384615385E-003   3.8461538461538462E-004   1062.6062306794483        1.0000000000000000     
   1.5384615384615385E-003   7.6923076923076923E-004   1062.5578010513839        1.0000000000000000     
   1.5384615384615385E-003   1.1538461538461537E-003   1062.5139726668467        1.0000000000000000     
   1.5384615384615385E-003   1.5384615384615385E-003   1062.4745610325065        1.0000000000000000     
   1.5384615384615385E-003   1.9230769230769232E-003   1062.4390877303199        1.0000000000000000     
   1.5384615384615385E-003   2.3076923076923075E-003   1062.4075657951512        1.0000000000000000     
   1.5384615384615385E-003   2.6923076923076922E-003   1062.3803005383929        1.0000000000000000     
   1.5384615384615385E-003   3.0769230769230769E-003   1062.3573111263518        1.0000000000000000     
   1.5384615384615385E-003   3.4615384615384616E-003   1062.3385584141492        1.0000000000000000     
   1.5384615384615385E-003   3.8461538461538464E-003   1062.3240099464747        1.0000000000000000     
   1.5384615384615385E-003   4.2307692307692307E-003   1062.3136387044435        1.0000000000000000     
   1.5384615384615385E-003   4.6153846153846149E-003   1062.3074243783497        1.0000000000000000     
   1.5384615384615385E-003   5.0000000000000001E-003   1062.3053543610872        1.0000000000000000     
   1.5384615384615385E-003   5.3846153846153844E-003   1062.3074243783501        1.0000000000000000     
   1.5384615384615385E-003   5.7692307692307696E-003   1062.3136387044437        1.0000000000000000     
   1.5384615384615385E-003   6.1538461538461538E-003   1062.3240099464724        1.0000000000000000     
   1.5384615384615385E-003   6.5384615384615381E-003   1062.3385584141479        1.0000000000000000     
   1.5384615384615385E-003   6.9230769230769233E-003   1062.3573111263511        1.0000000000000000     
   1.5384615384615385E-003   7.3076923076923076E-003   1062.3803005383934        1.0000000000000000     
   1.5384615384615385E-003   7.6923076923076927E-003   1062.4075657951514        1.0000000000000000     
   1.5384615384615385E-003   8.0769230769230770E-003   1062.4390877303199        1.0000000000000000     
   1.5384615384615385E-003   8.4615384615384613E-003   1062.4745610325065        1.0000000000000000     
   1.5384615384615385E-003   8.8461538461538456E-003   1062.5139726668465        1.0000000000000000     
   1.5384615384615385E-003   9.2307692307692299E-003   1062.5578010513848        1.0000000000000000     
   1.5384615384615385E-003   9.6153846153846159E-003   1062.6062306794490        1.0000000000000000     

   1.9230769230769232E-003   3.8461538461538462E-004   1113.2948478620908        1.0000000000000000     
   1.9230769230769232E-003   7.6923076923076923E-004   1113.2361513339918        1.0000000000000000     
   1.9230769230769232E-003   1.1538461538461537E-003   1113.1826667045364        1.0000000000000000     
   1.9230769230769232E-003   1.5384615384615385E-003   1113.1345873058424        1.0000000000000000     
   1.9230769230769232E-003   1.9230769230769232E-003   1113.0913733015875        1.0000000000000000     
   1.9230769230769232E-003   2.3076923076923075E-003   1113.0530322142297        1.0000000000000000     
   1.9230769230769232E-003   2.6923076923076922E-003   1113.0198775475615        1.0000000000000000     
   1.9230769230769232E-003   3.0769230769230769E-003   1112.9919228457366        1.0000000000000000     
   1.9230769230769232E-003   3.4615384615384616E-003   1112.9691207128603        1.0000000000000000     
   1.9230769230769232E-003   3.8461538461538464E-003   1112.9514312939982        1.0000000000000000     
   1.9230769230769232E-003   4.2307692307692307E-003   1112.9388213176226        1.0000000000000000     
   1.9230769230769232E-003   4.6153846153846149E-003   1112.9312657293085        1.0000000000000000     
   1.9230769230769232E-003   5.0000000000000001E-003   1112.9287489602200        1.0000000000000000     
   1.9230769230769232E-003   5.3846153846153844E-003   1112.9312657293087        1.0000000000000000     
   1.9230769230769232E-003   5.7692307692307696E-003   1112.9388213176223        1.0000000000000000     
   1.9230769230769232E-003   6.1538461538461538E-003   1112.9514312939971        1.0000000000000000     
   1.9230769230769232E-003   6.5384615384615381E-003   1112.9691207128594        1.0000000000000000     
   1.9230769230769232E-003   6.9230769230769233E-003   1112.9919228457361        1.0000000000000000     
   1.9230769230769232E-003   7.3076923076923076E-003   1113.0198775475617        1.0000000000000000     
   1.9230769230769232E-003   7.6923076923076927E-003   1113.0530322142297        1.0000000000000000     
   1.9230769230769232E-003   8.0769230769230770E-003   1113.0913733015880        1.0000000000000000     
   1.9230769230769232E-003   8.4615384615384613E-003   1113.1345873058433        1.0000000000000000     
   1.9230769230769232E-003   8.8461538461538456E-003   1113.1826667045366        1.0000000000000000     
   1.9230769230769232E-003   9.2307692307692299E-003   1113.2361513339922        1.0000000000000000     
   1.9230769230769232E-003   9.6153846153846159E-003   1113.2948478620924        1.0000000000000000     

   2.3076923076923075E-003   3.8461538461538462E-004   1162.4056307627454        1.0000000000000000     
   2.3076923076923075E-003   7.6923076923076923E-004   1162.3373834001595        1.0000000000000000     
   2.3076923076923075E-003   1.1538461538461537E-003   1162.2752106920839        1.0000000000000000     
   2.3076923076923075E-003   1.5384615384615385E-003   1162.2193037064906        1.0000000000000000     
   2.3076923076923075E-003   1.9230769230769232E-003   1162.1690973882737        1.0000000000000000     
   2.3076923076923075E-003   2.3076923076923075E-003   1162.1245956882387        1.0000000000000000     
   2.3076923076923075E-003   2.6923076923076922E-003   1162.0861209507359        1.0000000000000000     
   2.3076923076923075E-003   3.0769230769230769E-003   1162.0536817731929        1.0000000000000000     
   2.3076923076923075E-003   3.4615384615384616E-003   1162.0272230331468        1.0000000000000000     
   2.3076923076923075E-003   3.8461538461538464E-003   1162.0066978465557        1.0000000000000000     
   2.3076923076923075E-003   4.2307692307692307E-003   1161.9920669508301        1.0000000000000000     
   2.3076923076923075E-003   4.6153846153846149E-003   1161.9833007220354        1.0000000000000000     
   2.3076923076923075E-003   5.0000000000000001E-003   1161.9803807306789        1.0000000000000000     
   2.3076923076923075E-003   5.3846153846153844E-003   1161.9833007220359        1.0000000000000000     
   2.3076923076923075E-003   5.7692307692307696E-003   1161.9920669508294        1.0000000000000000     
   2.3076923076923075E-003   6.1538461538461538E-003   1162.0066978465545        1.0000000000000000     
   2.3076923076923075E-003   6.5384615384615381E-003   1162.0272230331461        1.0000000000000000     
   2.3076923076923075E-003   6.9230769230769233E-003   1162.0536817731929        1.0000000000000000     
   2.3076923076923075E-003   7.3076923076923076E-003   1162.0861209507357        1.0000000000000000     
   2.3076923076923075E-003   7.6923076923076927E-003   1162.1245956882381        1.0000000000000000     
   2.3076923076923075E-003   8.0769230769230770E-003   1162.1690973882735        1.0000000000000000     
   2.3076923076923075E-003   8.4615384615384613E-003   1162.2193037064915        1.0000000000000000     
   2.3076923076923075E-003   8.8461538461538456E-003   1162.2752106920846        1.0000000000000000     
   2.3076923076923075E-003   9.2307692307692299E-003   1162.3373834001602        1.0000000000000000     
   2.3076923076923075E-003   9.6153846153846159E-003   1162.4056307627461        1.0000000000000000     

   2.6923076923076922E-003   3.8461538461538462E-004   1209.6842715191406        1.0000000000000000     
   2.6923076923076922E-003   7.6923076923076923E-004   1209.6076363700356        1.0000000000000000     
   2.6923076923076922E-003   1.1538461538461537E-003   1209.5378179402528        1.0000000000000000     
   2.6923076923076922E-003   1.5384615384615385E-003   1209.4750216987513        1.0000000000000000     
   2.6923076923076922E-003   1.9230769230769232E-003   1209.4186603185324        1.0000000000000000     
   2.6923076923076922E-003   2.3076923076923075E-003   1209.3687354285867        1.0000000000000000     
   2.6923076923076922E-003   2.6923076923076922E-003   1209.3255785187887        1.0000000000000000     
   2.6923076923076922E-003   3.0769230769230769E-003   1209.2891937671204        1.0000000000000000     
   2.6923076923076922E-003   3.4615384615384616E-003   1209.2595187913562        1.0000000000000000     
   2.6923076923076922E-003   3.8461538461538464E-003   1209.2365000213456        1.0000000000000000     
   2.6923076923076922E-003   4.2307692307692307E-003   1209.2200924534895        1.0000000000000000     
   2.6923076923076922E-003   4.6153846153846149E-003   1209.2102620657186        1.0000000000000000     
   2.6923076923076922E-003   5.0000000000000001E-003   1209.2069876682353        1.0000000000000000     
   2.6923076923076922E-003   5.3846153846153844E-003   1209.2102620657183        1.0000000000000000     
   2.6923076923076922E-003   5.7692307692307696E-003   1209.2200924534886        1.0000000000000000     
   2.6923076923076922E-003   6.1538461538461538E-003   1209.2365000213447        1.0000000000000000     
   2.6923076923076922E-003   6.5384615384615381E-003   1209.2595187913557        1.0000000000000000     
   2.6923076923076922E-003   6.9230769230769233E-003   1209.2891937671216        1.0000000000000000     
   2.6923076923076922E-003   7.3076923076923076E-003   1209.3255785187891        1.0000000000000000     
   2.6923076923076922E-003   7.6923076923076927E-003   1209.3687354285880        1.0000000000000000     
   2.6923076923076922E-003   8.0769230769230770E-003   1209.4186603185331        1.0000000000000000     
   2.6923076923076922E-003   8.4615384615384613E-003   1209.4750216987518        1.0000000000000000     
   2.6923076923076922E-003   8.8461538461538456E-003   1209.5378179402537        1.0000000000000000     
   2.6923076923076922E-003   9.2307692307692299E-003   1209.6076363700365        1.0000000000000000     
   2.6923076923076922E-003   9.6153846153846159E-003   1209.6842715191417        1.0000000000000000     

   3.0769230769230769E-003   3.8461538461538462E-004   1254.9064692843929        1.0000000000000000     
   3.0769230769230769E-003   7.6923076923076923E-004   1254.8226615215747        1.0000000000000000     
   3.0769230769230769E-003   1.1538461538461537E-003   1254.7463088732131        1.0000000000000000     
   3.0769230769230769E-003   1.5384615384615385E-003   1254.6776278468201        1.0000000000000000     
   3.0769230769230769E-003   1.9230769230769232E-003   1254.6160094181766        1.0000000000000000     
   3.0769230769230769E-003   2.3076923076923075E-003   1254.5614531488834        1.0000000000000000     
   3.0769230769230769E-003   2.6923076923076922E-003   1254.5142994420626        1.0000000000000000     
   3.0769230769230769E-003   3.0769230769230769E-003   1254.4745483497527        1.0000000000000000     
   3.0769230769230769E-003   3.4615384615384616E-003   1254.4421305839858        1.0000000000000000     
   3.0769230769230769E-003   3.8461538461538464E-003   1254.4169861729288        1.0000000000000000     
   3.0769230769230769E-003   4.2307692307692307E-003   1254.3990645921310        1.0000000000000000     
   3.0769230769230769E-003   4.6153846153846149E-003   1254.3883275782216        1.0000000000000000     
   3.0769230769230769E-003   5.0000000000000001E-003   1254.3847512751138        1.0000000000000000     
   3.0769230769230769E-003   5.3846153846153844E-003   1254.3883275782216        1.0000000000000000     
   3.0769230769230769E-003   5.7692307692307696E-003   1254.3990645921313        1.0000000000000000     
   3.0769230769230769E-003   6.1538461538461538E-003   1254.4169861729283        1.0000000000000000     
   3.0769230769230769E-003   6.5384615384615381E-003   1254.4421305839855        1.0000000000000000     
   3.0769230769230769E-003   6.9230769230769233E-003   1254.4745483497529        1.0000000000000000     
   3.0769230769230769E-003   7.3076923076923076E-003   1254.5142994420630        1.0000000000000000     
   3.0769230769230769E-003   7.6923076923076927E-003   1254.5614531488836        1.0000000000000000     
   3.0769230769230769E-003   8.0769230769230770E-003   1254.6160094181771        1.0000000000000000     
   3.0769230769230769E-003   8.4615384615384613E-003   1254.6776278468215        1.0000000000000000     
   3.0769230769230769E-003   8.8461538461538456E-003   1254.7463088732143        1.0000000000000000     
   3.0769230769230769E-003   9.2307692307692299E-003   1254.8226615215751        1.0000000000000000     
   3.0769230769230769E-003   9.6153846153846159E-003   1254.9064692843933        1.0000000000000000     

   3.4615384615384616E-003   3.8461538461538462E-004   1297.8800283249366        1.0000000000000000     
   3.4615384615384616E-003   7.6923076923076923E-004   1297.7903035619563        1.0000000000000000     
   3.4615384615384616E-003   1.1538461538461537E-003   1297.7085656092972        1.0000000000000000     
   3.4615384615384616E-003   1.5384615384615385E-003   1297.6350393873636        1.0000000000000000     
   3.4615384615384616E-003   1.9230769230769232E-003   1297.5690943477030        1.0000000000000000     
   3.4615384615384616E-003   2.3076923076923075E-003   1297.5107277417831        1.0000000000000000     
   3.4615384615384616E-003   2.6923076923076922E-003   1297.4602882716306        1.0000000000000000     
   3.4615384615384616E-003   3.0769230769230769E-003   1297.4177719521738        1.0000000000000000     
   3.4615384615384616E-003   3.4615384615384616E-003   1297.3831028308202        1.0000000000000000     
   3.4615384615384616E-003   3.8461538461538464E-003   1297.3562147537457        1.0000000000000000     
   3.4615384615384616E-003   4.2307692307692307E-003   1297.3370518600402        1.0000000000000000     
   3.4615384615384616E-003   4.6153846153846149E-003   1297.3255717831094        1.0000000000000000     
   3.4615384615384616E-003   5.0000000000000001E-003   1297.3217480858161        1.0000000000000000     
   3.4615384615384616E-003   5.3846153846153844E-003   1297.3255717831089        1.0000000000000000     
   3.4615384615384616E-003   5.7692307692307696E-003   1297.3370518600389        1.0000000000000000     
   3.4615384615384616E-003   6.1538461538461538E-003   1297.3562147537452        1.0000000000000000     
   3.4615384615384616E-003   6.5384615384615381E-003   1297.3831028308205        1.0000000000000000     
   3.4615384615384616E-003   6.9230769230769233E-003   1297.4177719521736        1.0000000000000000     
   3.4615384615384616E-003   7.3076923076923076E-003   1297.4602882716304        1.0000000000000000     
   3.4615384615384616E-003   7.6923076923076927E-003   1297.5107277417828        1.0000000000000000     
   3.4615384615384616E-003   8.0769230769230770E-003   1297.5690943477030        1.0000000000000000     
   3.4615384615384616E-003   8.4615384615384613E-003   1297.6350393873652        1.0000000000000000     
   3.4615384615384616E-003   8.8461538461538456E-003   1297.7085656092977        1.0000000000000000     
   3.4615384615384616E-003   9.2307692307692299E-003   1297.7903035619561        1.0000000000000000     
   3.4615384615384616E-003   9.6153846153846159E-003   1297.8800283249363        1.0000000000000000     

   3.8461538461538464E-003   3.8461538461538462E-004   1338.4461891473834        1.0000000000000000     
   3.8461538461538464E-003   7.6923076923076923E-004   1338.3518088702015        1.0000000000000000     
   3.8461538461538464E-003   1.1538461538461537E-003   1338.2658392264541        1.0000000000000000     
   3.8461538461538464E-003   1.5384615384615385E-003   1338.1885118591986        1.0000000000000000     
   3.8461538461538464E-003   1.9230769230769232E-003   1338.1191750816629        1.0000000000000000     
   3.8461538461538464E-003   2.3076923076923075E-003   1338.0578234713823        1.0000000000000000     
   3.8461538461538464E-003   2.6923076923076922E-003   1338.0048132142388        1.0000000000000000     
   3.8461538461538464E-003   3.0769230769230769E-003   1337.9601362480389        1.0000000000000000     
   3.8461538461538464E-003   3.4615384615384616E-003   1337.9237101142919        1.0000000000000000     
   3.8461538461538464E-003   3.8461538461538464E-003   1337.8954626446418        1.0000000000000000     
   3.8461538461538464E-003   4.2307692307692307E-003   1337.8753327954150        1.0000000000000000     
   3.8461538461538464E-003   4.6153846153846149E-003   1337.8632742182142        1.0000000000000000     
   3.8461538461538464E-003   5.0000000000000001E-003   1337.8592579721533        1.0000000000000000     
   3.8461538461538464E-003   5.3846153846153844E-003   1337.8632742182131        1.0000000000000000     
   3.8461538461538464E-003   5.7692307692307696E-003   1337.8753327954141        1.0000000000000000     
   3.8461538461538464E-003   6.1538461538461538E-003   1337.8954626446416        1.0000000000000000     
   3.8461538461538464E-003   6.5384615384615381E-003   1337.9237101142930        1.0000000000000000     
   3.8461538461538464E-003   6.9230769230769233E-003   1337.9601362480391        1.0000000000000000     
   3.8461538461538464E-003   7.3076923076923076E-003   1338.0048132142383        1.0000000000000000     
   3.8461538461538464E-003   7.6923076923076927E-003   1338.0578234713830        1.0000000000000000     
   3.8461538461538464E-003   8.0769230769230770E-003   1338.1191750816638        1.0000000000000000     
   3.8461538461538464E-003   8.4615384615384613E-003   1338.1885118591999        1.0000000000000000     
   3.8461538461538464E-003   8.8461538461538456E-003   1338.2658392264541        1.0000000000000000     
   3.8461538461538464E-003   9.2307692307692299E-003   1338.3518088702010        1.0000000000000000     
   3.8461538461538464E-003   9.6153846153846159E-003   1338.4461891473841        1.0000000000000000     

   4.2307692307692307E-003   3.8461538461538462E-004   1376.4798605844769        1.0000000000000000     
   4.2307692307692307E-003   7.6923076923076923E-004   1376.3820565085171        1.0000000000000000     
   4.2307692307692307E-003   1.1538461538461537E-003   1376.2929809929917        1.0000000000000000     
   4.2307692307692307E-003   1.5384615384615385E-003   1376.2128712553276        1.0000000000000000     
   4.2307692307692307E-003   1.9230769230769232E-003   1376.1410551378251        1.0000000000000000     
   4.2307692307692307E-003   2.3076923076923075E-003   1376.0775242046052        1.0000000000000000     
   4.2307692307692307E-003   2.6923076923076922E-003   1376.0226412270727        1.0000000000000000     
   4.2307692307692307E-003   3.0769230769230769E-003   1375.9763939629968        1.0000000000000000     
   4.2307692307692307E-003   3.4615384615384616E-003   1375.9386935603657        1.0000000000000000     
   4.2307692307692307E-003   3.8461538461538464E-003   1375.9094619717516        1.0000000000000000     
   4.2307692307692307E-003   4.2307692307692307E-003   1375.8886331052556        1.0000000000000000     
   4.2307692307692307E-003   4.6153846153846149E-003   1375.8761567420070        1.0000000000000000     
   4.2307692307692307E-003   5.0000000000000001E-003   1375.8720015101705        1.0000000000000000     
   4.2307692307692307E-003   5.3846153846153844E-003   1375.8761567420072        1.0000000000000000     
   4.2307692307692307E-003   5.7692307692307696E-003   1375.8886331052554        1.0000000000000000     
   4.2307692307692307E-003   6.1538461538461538E-003   1375.9094619717512        1.0000000000000000     
   4.2307692307692307E-003   6.5384615384615381E-003   1375.9386935603657        1.0000000000000000     
   4.2307692307692307E-003   6.9230769230769233E-003   1375.9763939629970        1.0000000000000000     
   4.2307692307692307E-003   7.3076923076923076E-003   1376.0226412270729        1.0000000000000000     
   4.2307692307692307E-003   7.6923076923076927E-003   1376.0775242046059        1.0000000000000000     
   4.2307692307692307E-003   8.0769230769230770E-003   1376.1410551378262        1.0000000000000000     
   4.2307692307692307E-003   8.4615384615384613E-003   1376.2128712553288        1.0000000000000000     
   4.2307692307692307E-003   8.8461538461538456E-003   1376.2929809929917        1.0000000000000000     
   4.2307692307692307E-003   9.2307692307692299E-003   1376.3820565085175        1.0000000000000000     
   4.2307692307692307E-003   9.6153846153846159E-003   1376.4798605844776        1.0000000000000000     

   4.6153846153846149E-003   3.8461538461538462E-004   1411.8888597093146        1.0000000000000000     
   4.6153846153846149E-003   7.6923076923076923E-004   1411.7887999675038        1.0000000000000000     
   4.6153846153846149E-003   1.1538461538461537E-003   1411.6976859491283        1.0000000000000000     
   4.6153846153846149E-003   1.5384615384615385E-003   1411.6157595608227        1.0000000000000000     
   4.6153846153846149E-003   1.9230769230769232E-003   1411.5423290406598        1.0000000000000000     
   4.6153846153846149E-003   2.3076923076923075E-003   1411.4773826494438        1.0000000000000000     
   4.6153846153846149E-003   2.6923076923076922E-003   1411.4212888176971        1.0000000000000000     
   4.6153846153846149E-003   3.0769230769230769E-003   1411.3740309986108        1.0000000000000000     
   4.6153846153846149E-003   3.4615384615384616E-003   1411.3355140420169        1.0000000000000000     
   4.6153846153846149E-003   3.8461538461538464E-003   1411.3056541455674        1.0000000000000000     
   4.6153846153846149E-003   4.2307692307692307E-003   1411.2843802986204        1.0000000000000000     
   4.6153846153846149E-003   4.6153846153846149E-003   1411.2716385222118        1.0000000000000000     
   4.6153846153846149E-003   5.0000000000000001E-003   1411.2673950869964        1.0000000000000000     
   4.6153846153846149E-003   5.3846153846153844E-003   1411.2716385222113        1.0000000000000000     
   4.6153846153846149E-003   5.7692307692307696E-003   1411.2843802986204        1.0000000000000000     
   4.6153846153846149E-003   6.1538461538461538E-003   1411.3056541455667        1.0000000000000000     
   4.6153846153846149E-003   6.5384615384615381E-003   1411.3355140420174        1.0000000000000000     
   4.6153846153846149E-003   6.9230769230769233E-003   1411.3740309986113        1.0000000000000000     
   4.6153846153846149E-003   7.3076923076923076E-003   1411.4212888176971        1.0000000000000000     
   4.6153846153846149E-003   7.6923076923076927E-003   1411.4773826494438        1.0000000000000000     
   4.6153846153846149E-003   8.0769230769230770E-003   1411.5423290406595        1.0000000000000000     
   4.6153846153846149E-003   8.4615384615384613E-003   1411.6157595608231        1.0000000000000000     
   4.6153846153846149E-003   8.8461538461538456E-003   1411.6976859491281        1.0000000000000000     
   4.6153846153846149E-003   9.2307692307692299E-003   1411.7887999675036        1.0000000000000000     
   4.6153846153846149E-003   9.6153846153846159E-003   1411.8888597093146        1.0000000000000000     

   5.0000000000000001E-003   3.8461538461538462E-004   1444.6122286963773        1.0000000000000000     
   5.0000000000000001E-003   7.6923076923076923E-004   1444.5109875266448        1.0000000000000000     
   5.0000000000000001E-003   1.1538461538461537E-003   1444.4188164519460        1.0000000000000000     
   5.0000000000000001E-003   1.5384615384615385E-003   1444.3359612795743        1.0000000000000000     
   5.0000000000000001E-003   1.9230769230769232E-003   1444.2617116079009        1.0000000000000000     
   5.0000000000000001E-003   2.3076923076923075E-003   1444.1960521304206        1.0000000000000000     
   5.0000000000000001E-003   2.6923076923076922E-003   1444.1393559999672        1.0000000000000000     
   5.0000000000000001E-003   3.0769230769230769E-003   1444.0916022401627        1.0000000000000000     
   5.0000000000000001E-003   3.4615384615384616E-003   1444.0526895021849        1.0000000000000000     
   5.0000000000000001E-003   3.8461538461538464E-003   1444.0225283604379        1.0000000000000000     
   5.0000000000000001E-003   4.2307692307692307E-003   1444.0010430248954        1.0000000000000000     
   5.0000000000000001E-003   4.6153846153846149E-003   1443.9881758765553        1.0000000000000000     
   5.0000000000000001E-003   5.0000000000000001E-003   1443.9838909089685        1.0000000000000000     
   5.0000000000000001E-003   5.3846153846153844E-003   1443.9881758765562        1.0000000000000000     
   5.0000000000000001E-003   5.7692307692307696E-003   1444.0010430248956        1.0000000000000000     
   5.0000000000000001E-003   6.1538461538461538E-003   1444.0225283604379        1.0000000000000000     
   5.0000000000000001E-003   6.5384615384615381E-003   1444.0526895021849        1.0000000000000000     
   5.0000000000000001E-003   6.9230769230769233E-003   1444.0916022401627        1.0000000000000000     
   5.0000000000000001E-003   7.3076923076923076E-003   1444.1393559999672        1.0000000000000000     
   5.0000000000000001E-003   7.6923076923076927E-003   1444.1960521304213        1.0000000000000000     
   5.0000000000000001E-003   8.0769230769230770E-003   1444.2617116079016        1.0000000000000000     
   5.0000000000000001E-003   8.4615384615384613E-003   1444.3359612795732        1.0000000000000000     
   5.0000000000000001E-003   8.8461538461538456E-003   1444.4188164519455        1.0000000000000000     
   5.0000000000000001E-003   9.2307692307692299E-003   1444.5109875266444        1.0000000000000000     
   5.0000000000000001E-003   9.6153846153846159E-003   1444.6122286963764        1.0000000000000000     

   5.3846153846153844E-003   3.8461538461538462E-004   1474.6177305170720        1.0000000000000000     
   5.3846153846153844E-003   7.6923076923076923E-004   1474.5162625812488        1.0000000000000000     
   5.3846153846153844E-003   1.1538461538461537E-003   1474.4239067128044        1.0000000000000000     
   5.3846153846153844E-003   1.5384615384615385E-003   1474.3409118133150        1.0000000000000000     
   5.3846153846153844E-003   1.9230769230769232E-003   1474.2665498055019        1.0000000000000000     
   5.3846153846153844E-003   2.3076923076923075E-003   1474.2008015361853        1.0000000000000000     
   5.3846153846153844E-003   2.6923076923076922E-003   1474.1440439331445        1.0000000000000000     
   5.3846153846153844E-003   3.0769230769230769E-003   1474.0962514757427        1.0000000000000000     
   5.3846153846153844E-003   3.4615384615384616E-003   1474.0573167371042        1.0000000000000000     
   5.3846153846153844E-003   3.8461538461538464E-003   1474.0271448258907        1.0000000000000000     
   5.3846153846153844E-003   4.2307692307692307E-003   1474.0056553379359        1.0000000000000000     
   5.3846153846153844E-003   4.6153846153846149E-003   1473.9927871559282        1.0000000000000000     
   5.3846153846153844E-003   5.0000000000000001E-003   1473.9885020909960        1.0000000000000000     
   5.3846153846153844E-003   5.3846153846153844E-003   1473.9927871559280        1.0000000000000000     
   5.3846153846153844E-003   5.7692307692307696E-003   1474.0056553379354        1.0000000000000000     
   5.3846153846153844E-003   6.1538461538461538E-003   1474.0271448258902        1.0000000000000000     
   5.3846153846153844E-003   6.5384615384615381E-003   1474.0573167371040        1.0000000000000000     
   5.3846153846153844E-003   6.9230769230769233E-003   1474.0962514757427        1.0000000000000000     
   5.3846153846153844E-003   7.3076923076923076E-003   1474.1440439331448        1.0000000000000000     
   5.3846153846153844E-003   7.6923076923076927E-003   1474.2008015361862        1.0000000000000000     
   5.3846153846153844E-003   8.0769230769230770E-003   1474.2665498055019        1.0000000000000000     
   5.3846153846153844E-003   8.4615384615384613E-003   1474.3409118133143        1.0000000000000000     
   5.3846153846153844E-003   8.8461538461538456E-003   1474.4239067128044        1.0000000000000000     
   5.3846153846153844E-003   9.2307692307692299E-003   1474.5162625812488        1.0000000000000000     
   5.3846153846153844E-003   9.6153846153846159E-003   1474.6177305170715        1.0000000000000000     

   5.7692307692307696E-003   3.8461538461538462E-004   1501.8986502170485        1.0000000000000000     
   5.7692307692307696E-003   7.6923076923076923E-004   1501.7977703378976        1.0000000000000000     
   5.7692307692307696E-003   1.1538461538461537E-003   1501.7059744478397        1.0000000000000000     
   5.7692307692307696E-003   1.5384615384615385E-003   1501.6235136041469        1.0000000000000000     
   5.7692307692307696E-003   1.9230769230769232E-003   1501.5496429143780        1.0000000000000000     
   5.7692307692307696E-003   2.3076923076923075E-003   1501.4843390360843        1.0000000000000000     
   5.7692307692307696E-003   2.6923076923076922E-003   1501.4279817095426        1.0000000000000000     
   5.7692307692307696E-003   3.0769230769230769E-003   1501.3805407761483        1.0000000000000000     
   5.7692307692307696E-003   3.4615384615384616E-003   1501.3419028918761        1.0000000000000000     
   5.7692307692307696E-003   3.8461538461538464E-003   1501.3119679042088        1.0000000000000000     
   5.7692307692307696E-003   4.2307692307692307E-003   1501.2906510045918        1.0000000000000000     
   5.7692307692307696E-003   4.6153846153846149E-003   1501.2778877547200        1.0000000000000000     
   5.7692307692307696E-003   5.0000000000000001E-003   1501.2736379007190        1.0000000000000000     
   5.7692307692307696E-003   5.3846153846153844E-003   1501.2778877547200        1.0000000000000000     
   5.7692307692307696E-003   5.7692307692307696E-003   1501.2906510045918        1.0000000000000000     
   5.7692307692307696E-003   6.1538461538461538E-003   1501.3119679042088        1.0000000000000000     
   5.7692307692307696E-003   6.5384615384615381E-003   1501.3419028918752        1.0000000000000000     
   5.7692307692307696E-003   6.9230769230769233E-003   1501.3805407761483        1.0000000000000000     
   5.7692307692307696E-003   7.3076923076923076E-003   1501.4279817095426        1.0000000000000000     
   5.7692307692307696E-003   7.6923076923076927E-003   1501.4843390360843        1.0000000000000000     
   5.7692307692307696E-003   8.0769230769230770E-003   1501.5496429143759        1.0000000000000000     
   5.7692307692307696E-003   8.4615384615384613E-003   1501.6235136041460        1.0000000000000000     
   5.7692307692307696E-003   8.8461538461538456E-003   1501.7059744478388        1.0000000000000000     
   5.7692307692307696E-003   9.2307692307692299E-003   1501.7977703378965        1.0000000000000000     
   5.7692307692307696E-003   9.6153846153846159E-003   1501.8986502170485        1.0000000000000000     

   6.1538461538461538E-003   3.8461538461538462E-004   1526.4700467331543        1.0000000000000000     
   6.1538461538461538E-003   7.6923076923076923E-004   1526.3704155684472        1.0000000000000000     
   6.1538461538461538E-003   1.1538461538461537E-003   1526.2797840943347        1.0000000000000000     
   6.1538461538461538E-003   1.5384615384615385E-003   1526.1984042857475        1.0000000000000000     
   6.1538461538461538E-003   1.9230769230769232E-003   1526.1255150693048        1.0000000000000000     
   6.1538461538461538E-003   2.3076923076923075E-003   1526.0610884603982        1.0000000000000000     
   6.1538461538461538E-003   2.6923076923076922E-003   1526.0055060387836        1.0000000000000000     
   6.1538461538461538E-003   3.0769230769230769E-003   1525.9587329575122        1.0000000000000000     
   6.1538461538461538E-003   3.4615384615384616E-003   1525.9206501859039        1.0000000000000000     
   6.1538461538461538E-003   3.8461538461538464E-003   1525.8911525903654        1.0000000000000000     
   6.1538461538461538E-003   4.2307692307692307E-003   1525.8701512354476        1.0000000000000000     
   6.1538461538461538E-003   4.6153846153846149E-003   1525.8575785912569        1.0000000000000000     
   6.1538461538461538E-003   5.0000000000000001E-003   1525.8533924887263        1.0000000000000000     
   6.1538461538461538E-003   5.3846153846153844E-003   1525.8575785912576        1.0000000000000000     
   6.1538461538461538E-003   5.7692307692307696E-003   1525.8701512354487        1.0000000000000000     
   6.1538461538461538E-003   6.1538461538461538E-003   1525.8911525903661        1.0000000000000000     
   6.1538461538461538E-003   6.5384615384615381E-003   1525.9206501859046        1.0000000000000000     
   6.1538461538461538E-003   6.9230769230769233E-003   1525.9587329575122        1.0000000000000000     
   6.1538461538461538E-003   7.3076923076923076E-003   1526.0055060387836        1.0000000000000000     
   6.1538461538461538E-003   7.6923076923076927E-003   1526.0610884603975        1.0000000000000000     
   6.1538461538461538E-003   8.0769230769230770E-003   1526.1255150693034        1.0000000000000000     
   6.1538461538461538E-003   8.4615384615384613E-003   1526.1984042857457        1.0000000000000000     
   6.1538461538461538E-003   8.8461538461538456E-003   1526.2797840943340        1.0000000000000000     
   6.1538461538461538E-003   9.2307692307692299E-003   1526.3704155684452        1.0000000000000000     
   6.1538461538461538E-003   9.6153846153846159E-003   1526.4700467331527        1.0000000000000000     

   6.5384615384615381E-003   3.8461538461538462E-004   1548.3646114761032        1.0000000000000000     
   6.5384615384615381E-003   7.6923076923076923E-004   1548.2667274573423        1.0000000000000000     
   6.5384615384615381E-003   1.1538461538461537E-003   1548.1777174502649        1.0000000000000000     
   6.5384615384615381E-003   1.5384615384615385E-003   1548.0978325141571        1.0000000000000000     
   6.5384615384615381E-003   1.9230769230769232E-003   1548.0262956542122        1.0000000000000000     
   6.5384615384615381E-003   2.3076923076923075E-003   1547.9630736541819        1.0000000000000000     
   6.5384615384615381E-003   2.6923076923076922E-003   1547.9085489844770        1.0000000000000000     
   6.5384615384615381E-003   3.0769230769230769E-003   1547.8626821519786        1.0000000000000000     
   6.5384615384615381E-003   3.4615384615384616E-003   1547.8253487877071        1.0000000000000000     
   6.5384615384615381E-003   3.8461538461538464E-003   1547.7964391725820        1.0000000000000000     
   6.5384615384615381E-003   4.2307692307692307E-003   1547.7758606187142        1.0000000000000000     
   6.5384615384615381E-003   4.6153846153846149E-003   1547.7635428051492        1.0000000000000000     
   6.5384615384615381E-003   5.0000000000000001E-003   1547.7594418403344        1.0000000000000000     
   6.5384615384615381E-003   5.3846153846153844E-003   1547.7635428051512        1.0000000000000000     
   6.5384615384615381E-003   5.7692307692307696E-003   1547.7758606187156        1.0000000000000000     
   6.5384615384615381E-003   6.1538461538461538E-003   1547.7964391725827        1.0000000000000000     
   6.5384615384615381E-003   6.5384615384615381E-003   1547.8253487877073        1.0000000000000000     
   6.5384615384615381E-003   6.9230769230769233E-003   1547.8626821519786        1.0000000000000000     
   6.5384615384615381E-003   7.3076923076923076E-003   1547.9085489844758        1.0000000000000000     
   6.5384615384615381E-003   7.6923076923076927E-003   1547.9630736541810        1.0000000000000000     
   6.5384615384615381E-003   8.0769230769230770E-003   1548.0262956542119        1.0000000000000000     
   6.5384615384615381E-003   8.4615384615384613E-003   1548.0978325141557        1.0000000000000000     
   6.5384615384615381E-003   8.8461538461538456E-003   1548.1777174502643        1.0000000000000000     
   6.5384615384615381E-003   9.2307692307692299E-003   1548.2667274573407        1.0000000000000000     
   6.5384615384615381E-003   9.6153846153846159E-003   1548.3646114761018        1.0000000000000000     

   6.9230769230769233E-003   3.8461538461538462E-004   1567.6282943726308        1.0000000000000000     
   6.9230769230769233E-003   7.6923076923076923E-004   1567.5324922043110        1.0000000000000000     
   6.9230769230769233E-003   1.1538461538461537E-003   1567.4454123156806        1.0000000000000000     
   6.9230769230769233E-003   1.5384615384615385E-003   1567.3673018940799        1.0000000000000000     
   6.9230769230769233E-003   1.9230769230769232E-003   1567.2973677785517        1.0000000000000000     
   6.9230769230769233E-003   2.3076923076923075E-003   1567.2355708473301        1.0000000000000000     
   6.9230769230769233E-003   2.6923076923076922E-003   1567.1822936383619        1.0000000000000000     
   6.9230769230769233E-003   3.0769230769230769E-003   1567.1374922420555        1.0000000000000000     
   6.9230769230769233E-003   3.4615384615384616E-003   1567.1010374928362        1.0000000000000000     
   6.9230769230769233E-003   3.8461538461538464E-003   1567.0728156509194        1.0000000000000000     
   6.9230769230769233E-003   4.2307692307692307E-003   1567.0527307818381        1.0000000000000000     
   6.9230769230769233E-003   4.6153846153846149E-003   1567.0407101651656        1.0000000000000000     
   6.9230769230769233E-003   5.0000000000000001E-003   1567.0367084323414        1.0000000000000000     
   6.9230769230769233E-003   5.3846153846153844E-003   1567.0407101651667        1.0000000000000000     
   6.9230769230769233E-003   5.7692307692307696E-003   1567.0527307818397        1.0000000000000000     
   6.9230769230769233E-003   6.1538461538461538E-003   1567.0728156509208        1.0000000000000000     
   6.9230769230769233E-003   6.5384615384615381E-003   1567.1010374928373        1.0000000000000000     
   6.9230769230769233E-003   6.9230769230769233E-003   1567.1374922420550        1.0000000000000000     
   6.9230769230769233E-003   7.3076923076923076E-003   1567.1822936383614        1.0000000000000000     
   6.9230769230769233E-003   7.6923076923076927E-003   1567.2355708473299        1.0000000000000000     
   6.9230769230769233E-003   8.0769230769230770E-003   1567.2973677785508        1.0000000000000000     
   6.9230769230769233E-003   8.4615384615384613E-003   1567.3673018940785        1.0000000000000000     
   6.9230769230769233E-003   8.8461538461538456E-003   1567.4454123156797        1.0000000000000000     
   6.9230769230769233E-003   9.2307692307692299E-003   1567.5324922043105        1.0000000000000000     
   6.9230769230769233E-003   9.6153846153846159E-003   1567.6282943726289        1.0000000000000000     

   7.3076923076923076E-003   3.8461538461538462E-004   1584.3158561647456        1.0000000000000000     
   7.3076923076923076E-003   7.6923076923076923E-004   1584.2223125799787        1.0000000000000000     
   7.3076923076923076E-003   1.1538461538461537E-003   1584.1373283875998        1.0000000000000000     
   7.3076923076923076E-003   1.5384615384615385E-003   1584.0611420686539        1.0000000000000000     
   7.3076923076923076E-003   1.9230769230769232E-003   1583.9929436768496        1.0000000000000000     
   7.3076923076923076E-003   2.3076923076923075E-003   1583.9326876845930        1.0000000000000000     
   7.3076923076923076E-003   2.6923076923076922E-003   1583.8807562166567        1.0000000000000000     
   7.3076923076923076E-003   3.0769230769230769E-003   1583.8371015205576        1.0000000000000000     
   7.3076923076923076E-003   3.4615384615384616E-003   1583.8015904747899        1.0000000000000000     
   7.3076923076923076E-003   3.8461538461538464E-003   1583.7741061175686        1.0000000000000000     
   7.3076923076923076E-003   4.2307692307692307E-003   1583.7545499400837        1.0000000000000000     
   7.3076923076923076E-003   4.6153846153846149E-003   1583.7428473212758        1.0000000000000000     
   7.3076923076923076E-003   5.0000000000000001E-003   1583.7389517200577        1.0000000000000000     
   7.3076923076923076E-003   5.3846153846153844E-003   1583.7428473212767        1.0000000000000000     
   7.3076923076923076E-003   5.7692307692307696E-003   1583.7545499400851        1.0000000000000000     
   7.3076923076923076E-003   6.1538461538461538E-003   1583.7741061175702        1.0000000000000000     
   7.3076923076923076E-003   6.5384615384615381E-003   1583.8015904747901        1.0000000000000000     
   7.3076923076923076E-003   6.9230769230769233E-003   1583.8371015205569        1.0000000000000000     
   7.3076923076923076E-003   7.3076923076923076E-003   1583.8807562166569        1.0000000000000000     
   7.3076923076923076E-003   7.6923076923076927E-003   1583.9326876845935        1.0000000000000000     
   7.3076923076923076E-003   8.0769230769230770E-003   1583.9929436768496        1.0000000000000000     
   7.3076923076923076E-003   8.4615384615384613E-003   1584.0611420686528        1.0000000000000000     
   7.3076923076923076E-003   8.8461538461538456E-003   1584.1373283875998        1.0000000000000000     
   7.3076923076923076E-003   9.2307692307692299E-003   1584.2223125799776        1.0000000000000000     
   7.3076923076923076E-003   9.6153846153846159E-003   1584.3158561647454        1.0000000000000000     

   7.6923076923076927E-003   3.8461538461538462E-004   1598.4865020583120        1.0000000000000000     
   7.6923076923076927E-003   7.6923076923076923E-004   1598.3952513675306        1.0000000000000000     
   7.6923076923076927E-003   1.1538461538461537E-003   1598.3123973906675        1.0000000000000000     
   7.6923076923076927E-003   1.5384615384615385E-003   1598.2381635790782        1.0000000000000000     
   7.6923076923076927E-003   1.9230769230769232E-003   1598.1717233082786        1.0000000000000000     
   7.6923076923076927E-003   2.3076923076923075E-003   1598.1130249700391        1.0000000000000000     
   7.6923076923076927E-003   2.6923076923076922E-003   1598.0624504796772        1.0000000000000000     
   7.6923076923076927E-003   3.0769230769230769E-003   1598.0199493692307        1.0000000000000000     
   7.6923076923076927E-003   3.4615384615384616E-003   1597.9853858271936        1.0000000000000000     
   7.6923076923076927E-003   3.8461538461538464E-003   1597.9586407669942        1.0000000000000000     
   7.6923076923076927E-003   4.2307692307692307E-003   1597.9396139684040        1.0000000000000000     
   7.6923076923076927E-003   4.6153846153846149E-003   1597.9282295196369        1.0000000000000000     
   7.6923076923076927E-003   5.0000000000000001E-003   1597.9244400677144        1.0000000000000000     
   7.6923076923076927E-003   5.3846153846153844E-003   1597.9282295196381        1.0000000000000000     
   7.6923076923076927E-003   5.7692307692307696E-003   1597.9396139684056        1.0000000000000000     
   7.6923076923076927E-003   6.1538461538461538E-003   1597.9586407669965        1.0000000000000000     
   7.6923076923076927E-003   6.5384615384615381E-003   1597.9853858271945        1.0000000000000000     
   7.6923076923076927E-003   6.9230769230769233E-003   1598.0199493692307        1.0000000000000000     
   7.6923076923076927E-003   7.3076923076923076E-003   1598.0624504796772        1.0000000000000000     
   7.6923076923076927E-003   7.6923076923076927E-003   1598.1130249700402        1.0000000000000000     
   7.6923076923076927E-003   8.0769230769230770E-003   1598.1717233082791        1.0000000000000000     
   7.6923076923076927E-003   8.4615384615384613E-003   1598.2381635790775        1.0000000000000000     
   7.6923076923076927E-003   8.8461538461538456E-003   1598.3123973906677        1.0000000000000000     
   7.6923076923076927E-003   9.2307692307692299E-003   1598.3952513675301        1.0000000000000000     
   7.6923076923076927E-003   9.6153846153846159E-003   1598.4865020583120        1.0000000000000000     

   8.0769230769230770E-003   3.8461538461538462E-004   1610.1995987248567        1.0000000000000000     
   8.0769230769230770E-003   7.6923076923076923E-004   1610.1105965766874        1.0000000000000000     
   8.0769230769230770E-003   1.1538461538461537E-003   1610.0297941812400        1.0000000000000000     
   8.0769230769230770E-003   1.5384615384615385E-003   1609.9574320930778        1.0000000000000000     
   8.0769230769230770E-003   1.9230769230769232E-003   1609.8926713041735        1.0000000000000000     
   8.0769230769230770E-003   2.3076923076923075E-003   1609.8354560658540        1.0000000000000000     
   8.0769230769230770E-003   2.6923076923076922E-003   1609.7861692948297        1.0000000000000000     
   8.0769230769230770E-003   3.0769230769230769E-003   1609.7447596993863        1.0000000000000000     
   8.0769230769230770E-003   3.4615384615384616E-003   1609.7110905947150        1.0000000000000000     
   8.0769230769230770E-003   3.8461538461538464E-003   1609.6850422080515        1.0000000000000000     
   8.0769230769230770E-003   4.2307692307692307E-003   1609.6665136554568        1.0000000000000000     
   8.0769230769230770E-003   4.6153846153846149E-003   1609.6554284328379        1.0000000000000000     
   8.0769230769230770E-003   5.0000000000000001E-003   1609.6517387726615        1.0000000000000000     
   8.0769230769230770E-003   5.3846153846153844E-003   1609.6554284328395        1.0000000000000000     
   8.0769230769230770E-003   5.7692307692307696E-003   1609.6665136554586        1.0000000000000000     
   8.0769230769230770E-003   6.1538461538461538E-003   1609.6850422080529        1.0000000000000000     
   8.0769230769230770E-003   6.5384615384615381E-003   1609.7110905947166        1.0000000000000000     
   8.0769230769230770E-003   6.9230769230769233E-003   1609.7447596993870        1.0000000000000000     
   8.0769230769230770E-003   7.3076923076923076E-003   1609.7861692948297        1.0000000000000000     
   8.0769230769230770E-003   7.6923076923076927E-003   1609.8354560658556        1.0000000000000000     
   8.0769230769230770E-003   8.0769230769230770E-003   1609.8926713041747        1.0000000000000000     
   8.0769230769230770E-003   8.4615384615384613E-003   1609.9574320930790        1.0000000000000000     
   8.0769230769230770E-003   8.8461538461538456E-003   1610.0297941812403        1.0000000000000000     
   8.0769230769230770E-003   9.2307692307692299E-003   1610.1105965766869        1.0000000000000000     
   8.0769230769230770E-003   9.6153846153846159E-003   1610.1995987248567        1.0000000000000000     

   8.4615384615384613E-003   3.8461538461538462E-004   1619.5112303323006        1.0000000000000000     
   8.4615384615384613E-003   7.6923076923076923E-004   1619.4236811601145        1.0000000000000000     
   8.4615384615384613E-003   1.1538461538461537E-003   1619.3448084691211        1.0000000000000000     
   8.4615384615384613E-003   1.5384615384615385E-003   1619.2741394602861        1.0000000000000000     
   8.4615384615384613E-003   1.9230769230769232E-003   1619.2108894053706        1.0000000000000000     
   8.4615384615384613E-003   2.3076923076923075E-003   1619.1550010936924        1.0000000000000000     
   8.4615384615384613E-003   2.6923076923076922E-003   1619.1068604421887        1.0000000000000000     
   8.4615384615384613E-003   3.0769230769230769E-003   1619.0664182182936        1.0000000000000000     
   8.4615384615384613E-003   3.4615384615384616E-003   1619.0335393480607        1.0000000000000000     
   8.4615384615384613E-003   3.8461538461538464E-003   1619.0081051402206        1.0000000000000000     
   8.4615384615384613E-003   4.2307692307692307E-003   1618.9900152113607        1.0000000000000000     
   8.4615384615384613E-003   4.6153846153846149E-003   1618.9791931835812        1.0000000000000000     
   8.4615384615384613E-003   5.0000000000000001E-003   1618.9755912636961        1.0000000000000000     
   8.4615384615384613E-003   5.3846153846153844E-003   1618.9791931835819        1.0000000000000000     
   8.4615384615384613E-003   5.7692307692307696E-003   1618.9900152113621        1.0000000000000000     
   8.4615384615384613E-003   6.1538461538461538E-003   1619.0081051402212        1.0000000000000000     
   8.4615384615384613E-003   6.5384615384615381E-003   1619.0335393480611        1.0000000000000000     
   8.4615384615384613E-003   6.9230769230769233E-003   1619.0664182182941        1.0000000000000000     
   8.4615384615384613E-003   7.3076923076923076E-003   1619.1068604421887        1.0000000000000000     
   8.4615384615384613E-003   7.6923076923076927E-003   1619.1550010936917        1.0000000000000000     
   8.4615384615384613E-003   8.0769230769230770E-003   1619.2108894053722        1.0000000000000000     
   8.4615384615384613E-003   8.4615384615384613E-003   1619.2741394602872        1.0000000000000000     
   8.4615384615384613E-003   8.8461538461538456E-003   1619.3448084691222        1.0000000000000000     
   8.4615384615384613E-003   9.2307692307692299E-003   1619.4236811601143        1.0000000000000000     
   8.4615384615384613E-003   9.6153846153846159E-003   1619.5112303323001        1.0000000000000000     

   8.8461538461538456E-003   3.8461538461538462E-004   1626.4703044129105        1.0000000000000000     
   8.8461538461538456E-003   7.6923076923076923E-004   1626.3848104587421        1.0000000000000000     
   8.8461538461538456E-003   1.1538461538461537E-003   1626.3063249528630        1.0000000000000000     
   8.8461538461538456E-003   1.5384615384615385E-003   1626.2371687442646        1.0000000000000000     
   8.8461538461538456E-003   1.9230769230769232E-003   1626.1751834633917        1.0000000000000000     
   8.8461538461538456E-003   2.3076923076923075E-003   1626.1203953293029        1.0000000000000000     
   8.8461538461538456E-003   2.6923076923076922E-003   1626.0731960017506        1.0000000000000000     
   8.8461538461538456E-003   3.0769230769230769E-003   1626.0335428061844        1.0000000000000000     
   8.8461538461538456E-003   3.4615384615384616E-003   1626.0013055949571        1.0000000000000000     
   8.8461538461538456E-003   3.8461538461538464E-003   1625.9763687105424        1.0000000000000000     
   8.8461538461538456E-003   4.2307692307692307E-003   1625.9586333647646        1.0000000000000000     
   8.8461538461538456E-003   4.6153846153846149E-003   1625.9480239068348        1.0000000000000000     
   8.8461538461538456E-003   5.0000000000000001E-003   1625.9444928212213        1.0000000000000000     
   8.8461538461538456E-003   5.3846153846153844E-003   1625.9480239068348        1.0000000000000000     
   8.8461538461538456E-003   5.7692307692307696E-003   1625.9586333647665        1.0000000000000000     
   8.8461538461538456E-003   6.1538461538461538E-003   1625.9763687105440        1.0000000000000000     
   8.8461538461538456E-003   6.5384615384615381E-003   1626.0013055949585        1.0000000000000000     
   8.8461538461538456E-003   6.9230769230769233E-003   1626.0335428061853        1.0000000000000000     
   8.8461538461538456E-003   7.3076923076923076E-003   1626.0731960017513        1.0000000000000000     
   8.8461538461538456E-003   7.6923076923076927E-003   1626.1203953293029        1.0000000000000000     
   8.8461538461538456E-003   8.0769230769230770E-003   1626.1751834633933        1.0000000000000000     
   8.8461538461538456E-003   8.4615384615384613E-003   1626.2371687442651        1.0000000000000000     
   8.8461538461538456E-003   8.8461538461538456E-003   1626.3063249528634        1.0000000000000000     
   8.8461538461538456E-003   9.2307692307692299E-003   1626.3848104587423        1.0000000000000000     
   8.8461538461538456E-003   9.6153846153846159E-003   1626.4703044129110        1.0000000000000000     

   9.2307692307692299E-003   3.8461538461538462E-004   1631.1172760527118        1.0000000000000000     
   9.2307692307692299E-003   7.6923076923076923E-004   1631.0324994121504        1.0000000000000000     
   9.2307692307692299E-003   1.1538461538461537E-003   1630.9558754018456        1.0000000000000000     
   9.2307692307692299E-003   1.5384615384615385E-003   1630.8866152418470        1.0000000000000000     
   9.2307692307692299E-003   1.9230769230769232E-003   1630.8256487202300        1.0000000000000000     
   9.2307692307692299E-003   2.3076923076923075E-003   1630.7716757313697        1.0000000000000000     
   9.2307692307692299E-003   2.6923076923076922E-003   1630.7251587845292        1.0000000000000000     
   9.2307692307692299E-003   3.0769230769230769E-003   1630.6860704722158        1.0000000000000000     
   9.2307692307692299E-003   3.4615384615384616E-003   1630.6542896497128        1.0000000000000000     
   9.2307692307692299E-003   3.8461538461538464E-003   1630.6297053101064        1.0000000000000000     
   9.2307692307692299E-003   4.2307692307692307E-003   1630.6122208902109        1.0000000000000000     
   9.2307692307692299E-003   4.6153846153846149E-003   1630.6017617311375        1.0000000000000000     
   9.2307692307692299E-003   5.0000000000000001E-003   1630.5982807114008        1.0000000000000000     
   9.2307692307692299E-003   5.3846153846153844E-003   1630.6017617311375        1.0000000000000000     
   9.2307692307692299E-003   5.7692307692307696E-003   1630.6122208902132        1.0000000000000000     
   9.2307692307692299E-003   6.1538461538461538E-003   1630.6297053101082        1.0000000000000000     
   9.2307692307692299E-003   6.5384615384615381E-003   1630.6542896497135        1.0000000000000000     
   9.2307692307692299E-003   6.9230769230769233E-003   1630.6860704722160        1.0000000000000000     
   9.2307692307692299E-003   7.3076923076923076E-003   1630.7251587845290        1.0000000000000000     
   9.2307692307692299E-003   7.6923076923076927E-003   1630.7716757313704        1.0000000000000000     
   9.2307692307692299E-003   8.0769230769230770E-003   1630.8256487202316        1.0000000000000000     
   9.2307692307692299E-003   8.4615384615384613E-003   1630.8866152418479        1.0000000000000000     
   9.2307692307692299E-003   8.8461538461538456E-003   1630.9558754018465        1.0000000000000000     
   9.2307692307692299E-003   9.2307692307692299E-003   1631.0324994121515        1.0000000000000000     
   9.2307692307692299E-003   9.6153846153846159E-003   1631.1172760527111        1.0000000000000000     

   9.6153846153846159E-003   3.8461538461538462E-004   1633.4800226038692        1.0000000000000000     
   9.6153846153846159E-003   7.6923076923076923E-004   1633.3952599916779        1.0000000000000000     
   9.6153846153846159E-003   1.1538461538461537E-003   1633.3188117660757        1.0000000000000000     
   9.6153846153846159E-003   1.5384615384615385E-003   1633.2505785128626        1.0000000000000000     
   9.6153846153846159E-003   1.9230769230769232E-003   1633.1896293203558        1.0000000000000000     
   9.6153846153846159E-003   2.3076923076923075E-003   1633.1361661327028        1.0000000000000000     
   9.6153846153846159E-003   2.6923076923076922E-003   1633.0900246712181        1.0000000000000000     
   9.6153846153846159E-003   3.0769230769230769E-003   1633.0512399590514        1.0000000000000000     
   9.6153846153846159E-003   3.4615384615384616E-003   1633.0197024482957        1.0000000000000000     
   9.6153846153846159E-003   3.8461538461538464E-003   1632.9953055295564        1.0000000000000000     
   9.6153846153846159E-003   4.2307692307692307E-003   1632.9779543831289        1.0000000000000000     
   9.6153846153846159E-003   4.6153846153846149E-003   1632.9675750306819        1.0000000000000000     
   9.6153846153846159E-003   5.0000000000000001E-003   1632.9641205938381        1.0000000000000000     
   9.6153846153846159E-003   5.3846153846153844E-003   1632.9675750306826        1.0000000000000000     
   9.6153846153846159E-003   5.7692307692307696E-003   1632.9779543831289        1.0000000000000000     
   9.6153846153846159E-003   6.1538461538461538E-003   1632.9953055295564        1.0000000000000000     
   9.6153846153846159E-003   6.5384615384615381E-003   1633.0197024482957        1.0000000000000000     
   9.6153846153846159E-003   6.9230769230769233E-003   1633.0512399590521        1.0000000000000000     
   9.6153846153846159E-003   7.3076923076923076E-003   1633.0900246712176        1.0000000000000000     
   9.6153846153846159E-003   7.6923076923076927E-003   1633.1361661327035        1.0000000000000000     
   9.6153846153846159E-003   8.0769230769230770E-003   1633.1896293203558        1.0000000000000000     
   9.6153846153846159E-003   8.4615384615384613E-003   1633.2505785128646        1.0000000000000000     
   9.6153846153846159E-003   8.8461538461538456E-003   1633.3188117660759        1.0000000000000000     
   9.6153846153846159E-003   9.2307692307692299E-003   1633.3952599916772        1.0000000000000000     
   9.6153846153846159E-003   9.6153846153846159E-003   1633.4800226038685        1.0000000000000000     

