   3.8461538461538462E-004   3.8461538461538462E-004   900.25605290476608        1.0000000000000000     
   3.8461538461538462E-004   7.6923076923076923E-004   900.24551399068093        1.0000000000000000     
   3.8461538461538462E-004   1.1538461538461537E-003   900.23605654018104        1.0000000000000000     
   3.8461538461538462E-004   1.5384615384615385E-003   900.22767438177027        1.0000000000000000     
   3.8461538461538462E-004   1.9230769230769232E-003   900.22002051262939        1.0000000000000000     
   3.8461538461538462E-004   2.3076923076923075E-003   900.21324560494804        1.0000000000000000     
   3.8461538461538462E-004   2.6923076923076922E-003   900.20733677201815        1.0000000000000000     
   3.8461538461538462E-004   3.0769230769230769E-003   900.20235006600990        1.0000000000000000     
   3.8461538461538462E-004   3.4615384615384616E-003   900.19827786670101        1.0000000000000000     
   3.8461538461538462E-004   3.8461538461538464E-003   900.19511561026775        1.0000000000000000     
   3.8461538461538462E-004   4.2307692307692307E-003   900.19285960193133        1.0000000000000000     
   3.8461538461538462E-004   4.6153846153846149E-003   900.19150711444718        1.0000000000000000     
   3.8461538461538462E-004   5.0000000000000001E-003   900.19105647351751        1.0000000000000000     
   3.8461538461538462E-004   5.3846153846153844E-003   900.19150711444718        1.0000000000000000     
   3.8461538461538462E-004   5.7692307692307696E-003   900.19285960193133        1.0000000000000000     
   3.8461538461538462E-004   6.1538461538461538E-003   900.19511561026798        1.0000000000000000     
   3.8461538461538462E-004   6.5384615384615381E-003   900.19827786670135        1.0000000000000000     
   3.8461538461538462E-004   6.9230769230769233E-003   900.20235006600990        1.0000000000000000     
   3.8461538461538462E-004   7.3076923076923076E-003   900.20733677201815        1.0000000000000000     
   3.8461538461538462E-004   7.6923076923076927E-003   900.21324560494804        1.0000000000000000     
   3.8461538461538462E-004   8.0769230769230770E-003   900.22002051262950        1.0000000000000000     
   3.8461538461538462E-004   8.4615384615384613E-003   900.22767438177027        1.0000000000000000     
   3.8461538461538462E-004   8.8461538461538456E-003   900.23605654018104        1.0000000000000000     
   3.8461538461538462E-004   9.2307692307692299E-003   900.24551399068082        1.0000000000000000     
   3.8461538461538462E-004   9.6153846153846159E-003   900.25605290476608        1.0000000000000000     

   7.6923076923076923E-004   3.8461538461538462E-004   950.23400099133858        1.0000000000000000     
   7.6923076923076923E-004   7.6923076923076923E-004   950.21347703825711        1.0000000000000000     
   7.6923076923076923E-004   1.1538461538461537E-003   950.19487082806438        1.0000000000000000     
   7.6923076923076923E-004   1.5384615384615385E-003   950.17782596811435        1.0000000000000000     
   7.6923076923076923E-004   1.9230769230769232E-003   950.16285248878251        1.0000000000000000     
   7.6923076923076923E-004   2.3076923076923075E-003   950.14933828802907        1.0000000000000000     
   7.6923076923076923E-004   2.6923076923076922E-003   950.13761197788210        1.0000000000000000     
   7.6923076923076923E-004   3.0769230769230769E-003   950.12771373341377        1.0000000000000000     
   7.6923076923076923E-004   3.4615384615384616E-003   950.11963065676639        1.0000000000000000     
   7.6923076923076923E-004   3.8461538461538464E-003   950.11335374123291        1.0000000000000000     
   7.6923076923076923E-004   4.2307692307692307E-003   950.10887567444206        1.0000000000000000     
   7.6923076923076923E-004   4.6153846153846149E-003   950.10619105116564        1.0000000000000000     
   7.6923076923076923E-004   5.0000000000000001E-003   950.10529655025948        1.0000000000000000     
   7.6923076923076923E-004   5.3846153846153844E-003   950.10619105116609        1.0000000000000000     
   7.6923076923076923E-004   5.7692307692307696E-003   950.10887567444252        1.0000000000000000     
   7.6923076923076923E-004   6.1538461538461538E-003   950.11335374123325        1.0000000000000000     
   7.6923076923076923E-004   6.5384615384615381E-003   950.11963065676662        1.0000000000000000     
   7.6923076923076923E-004   6.9230769230769233E-003   950.12771373341377        1.0000000000000000     
   7.6923076923076923E-004   7.3076923076923076E-003   950.13761197788222        1.0000000000000000     
   7.6923076923076923E-004   7.6923076923076927E-003   950.14933828802896        1.0000000000000000     
   7.6923076923076923E-004   8.0769230769230770E-003   950.16285248878285        1.0000000000000000     
   7.6923076923076923E-004   8.4615384615384613E-003   950.17782596811458        1.0000000000000000     
   7.6923076923076923E-004   8.8461538461538456E-003   950.19487082806450        1.0000000000000000     
   7.6923076923076923E-004   9.2307692307692299E-003   950.21347703825700        1.0000000000000000     
   7.6923076923076923E-004   9.6153846153846159E-003   950.23400099133789        1.0000000000000000     

   1.1538461538461537E-003   3.8461538461538462E-004   999.66067969460607        1.0000000000000000     
   1.1538461538461537E-003   7.6923076923076923E-004   999.63039937514634        1.0000000000000000     
   1.1538461538461537E-003   1.1538461538461537E-003   999.60228351019055        1.0000000000000000     
   1.1538461538461537E-003   1.5384615384615385E-003   999.57759683176630        1.0000000000000000     
   1.1538461538461537E-003   1.9230769230769232E-003   999.55519721103178        1.0000000000000000     
   1.1538461538461537E-003   2.3076923076923075E-003   999.53515981135308        1.0000000000000000     
   1.1538461538461537E-003   2.6923076923076922E-003   999.51779138241534        1.0000000000000000     
   1.1538461538461537E-003   3.0769230769230769E-003   999.50312946500935        1.0000000000000000     
   1.1538461538461537E-003   3.4615384615384616E-003   999.49115617918244        1.0000000000000000     
   1.1538461538461537E-003   3.8461538461538464E-003   999.48185827780947        1.0000000000000000     
   1.1538461538461537E-003   4.2307692307692307E-003   999.47522497218415        1.0000000000000000     
   1.1538461538461537E-003   4.6153846153846149E-003   999.47124827062066        1.0000000000000000     
   1.1538461538461537E-003   5.0000000000000001E-003   999.46992325669044        1.0000000000000000     
   1.1538461538461537E-003   5.3846153846153844E-003   999.47124827062123        1.0000000000000000     
   1.1538461538461537E-003   5.7692307692307696E-003   999.47522497218472        1.0000000000000000     
   1.1538461538461537E-003   6.1538461538461538E-003   999.48185827780981        1.0000000000000000     
   1.1538461538461537E-003   6.5384615384615381E-003   999.49115617918278        1.0000000000000000     
   1.1538461538461537E-003   6.9230769230769233E-003   999.50312946500969        1.0000000000000000     
   1.1538461538461537E-003   7.3076923076923076E-003   999.51779138241511        1.0000000000000000     
   1.1538461538461537E-003   7.6923076923076927E-003   999.53515981135354        1.0000000000000000     
   1.1538461538461537E-003   8.0769230769230770E-003   999.55519721103190        1.0000000000000000     
   1.1538461538461537E-003   8.4615384615384613E-003   999.57759683176664        1.0000000000000000     
   1.1538461538461537E-003   8.8461538461538456E-003   999.60228351019066        1.0000000000000000     
   1.1538461538461537E-003   9.2307692307692299E-003   999.63039937514634        1.0000000000000000     
   1.1538461538461537E-003   9.6153846153846159E-003   999.66067969460607        1.0000000000000000     

   1.5384615384615385E-003   3.8461538461538462E-004   1048.2705232396536        1.0000000000000000     
   1.5384615384615385E-003   7.6923076923076923E-004   1048.2304739533720        1.0000000000000000     
   1.5384615384615385E-003   1.1538461538461537E-003   1048.1942279685977        1.0000000000000000     
   1.5384615384615385E-003   1.5384615384615385E-003   1048.1616070587122        1.0000000000000000     
   1.5384615384615385E-003   1.9230769230769232E-003   1048.1321503391628        1.0000000000000000     
   1.5384615384615385E-003   2.3076923076923075E-003   1048.1058860248593        1.0000000000000000     
   1.5384615384615385E-003   2.6923076923076922E-003   1048.0831313274191        1.0000000000000000     
   1.5384615384615385E-003   3.0769230769230769E-003   1048.0639215669023        1.0000000000000000     
   1.5384615384615385E-003   3.4615384615384616E-003   1048.0482342405487        1.0000000000000000     
   1.5384615384615385E-003   3.8461538461538464E-003   1048.0360521317937        1.0000000000000000     
   1.5384615384615385E-003   4.2307692307692307E-003   1048.0273611643518        1.0000000000000000     
   1.5384615384615385E-003   4.6153846153846149E-003   1048.0221508840780        1.0000000000000000     
   1.5384615384615385E-003   5.0000000000000001E-003   1048.0204148494154        1.0000000000000000     
   1.5384615384615385E-003   5.3846153846153844E-003   1048.0221508840784        1.0000000000000000     
   1.5384615384615385E-003   5.7692307692307696E-003   1048.0273611643522        1.0000000000000000     
   1.5384615384615385E-003   6.1538461538461538E-003   1048.0360521317939        1.0000000000000000     
   1.5384615384615385E-003   6.5384615384615381E-003   1048.0482342405483        1.0000000000000000     
   1.5384615384615385E-003   6.9230769230769233E-003   1048.0639215669021        1.0000000000000000     
   1.5384615384615385E-003   7.3076923076923076E-003   1048.0831313274191        1.0000000000000000     
   1.5384615384615385E-003   7.6923076923076927E-003   1048.1058860248593        1.0000000000000000     
   1.5384615384615385E-003   8.0769230769230770E-003   1048.1321503391634        1.0000000000000000     
   1.5384615384615385E-003   8.4615384615384613E-003   1048.1616070587129        1.0000000000000000     
   1.5384615384615385E-003   8.8461538461538456E-003   1048.1942279685982        1.0000000000000000     
   1.5384615384615385E-003   9.2307692307692299E-003   1048.2304739533720        1.0000000000000000     
   1.5384615384615385E-003   9.6153846153846159E-003   1048.2705232396538        1.0000000000000000     

   1.9230769230769232E-003   3.8461538461538462E-004   1095.8093852603170        1.0000000000000000     
   1.9230769230769232E-003   7.6923076923076923E-004   1095.7606380725883        1.0000000000000000     
   1.9230769230769232E-003   1.1538461538461537E-003   1095.7161516000763        1.0000000000000000     
   1.9230769230769232E-003   1.5384615384615385E-003   1095.6761268448938        1.0000000000000000     
   1.9230769230769232E-003   1.9230769230769232E-003   1095.6400458292210        1.0000000000000000     
   1.9230769230769232E-003   2.3076923076923075E-003   1095.6079347817458        1.0000000000000000     
   1.9230769230769232E-003   2.6923076923076922E-003   1095.5801220973653        1.0000000000000000     
   1.9230769230769232E-003   3.0769230769230769E-003   1095.5566414646771        1.0000000000000000     
   1.9230769230769232E-003   3.4615384615384616E-003   1095.5374662194586        1.0000000000000000     
   1.9230769230769232E-003   3.8461538461538464E-003   1095.5225754940268        1.0000000000000000     
   1.9230769230769232E-003   4.2307692307692307E-003   1095.5119521448416        1.0000000000000000     
   1.9230769230769232E-003   4.6153846153846149E-003   1095.5055833995539        1.0000000000000000     
   1.9230769230769232E-003   5.0000000000000001E-003   1095.5034613732269        1.0000000000000000     
   1.9230769230769232E-003   5.3846153846153844E-003   1095.5055833995543        1.0000000000000000     
   1.9230769230769232E-003   5.7692307692307696E-003   1095.5119521448419        1.0000000000000000     
   1.9230769230769232E-003   6.1538461538461538E-003   1095.5225754940270        1.0000000000000000     
   1.9230769230769232E-003   6.5384615384615381E-003   1095.5374662194583        1.0000000000000000     
   1.9230769230769232E-003   6.9230769230769233E-003   1095.5566414646771        1.0000000000000000     
   1.9230769230769232E-003   7.3076923076923076E-003   1095.5801220973653        1.0000000000000000     
   1.9230769230769232E-003   7.6923076923076927E-003   1095.6079347817456        1.0000000000000000     
   1.9230769230769232E-003   8.0769230769230770E-003   1095.6400458292219        1.0000000000000000     
   1.9230769230769232E-003   8.4615384615384613E-003   1095.6761268448943        1.0000000000000000     
   1.9230769230769232E-003   8.8461538461538456E-003   1095.7161516000767        1.0000000000000000     
   1.9230769230769232E-003   9.2307692307692299E-003   1095.7606380725890        1.0000000000000000     
   1.9230769230769232E-003   9.6153846153846159E-003   1095.8093852603167        1.0000000000000000     

   2.3076923076923075E-003   3.8461538461538462E-004   1142.0389412220268        1.0000000000000000     
   2.3076923076923075E-003   7.6923076923076923E-004   1141.9818945571262        1.0000000000000000     
   2.3076923076923075E-003   1.1538461538461537E-003   1141.9298458698042        1.0000000000000000     
   2.3076923076923075E-003   1.5384615384615385E-003   1141.8829954269263        1.0000000000000000     
   2.3076923076923075E-003   1.9230769230769232E-003   1141.8408041816115        1.0000000000000000     
   2.3076923076923075E-003   2.3076923076923075E-003   1141.8032982636805        1.0000000000000000     
   2.3076923076923075E-003   2.6923076923076922E-003   1141.7708179311153        1.0000000000000000     
   2.3076923076923075E-003   3.0769230769230769E-003   1141.7433958802828        1.0000000000000000     
   2.3076923076923075E-003   3.4615384615384616E-003   1141.7210017620048        1.0000000000000000     
   2.3076923076923075E-003   3.8461538461538464E-003   1141.7036113863585        1.0000000000000000     
   2.3076923076923075E-003   4.2307692307692307E-003   1141.6912047698158        1.0000000000000000     
   2.3076923076923075E-003   4.6153846153846149E-003   1141.6837669714405        1.0000000000000000     
   2.3076923076923075E-003   5.0000000000000001E-003   1141.6812887481817        1.0000000000000000     
   2.3076923076923075E-003   5.3846153846153844E-003   1141.6837669714407        1.0000000000000000     
   2.3076923076923075E-003   5.7692307692307696E-003   1141.6912047698158        1.0000000000000000     
   2.3076923076923075E-003   6.1538461538461538E-003   1141.7036113863580        1.0000000000000000     
   2.3076923076923075E-003   6.5384615384615381E-003   1141.7210017620039        1.0000000000000000     
   2.3076923076923075E-003   6.9230769230769233E-003   1141.7433958802824        1.0000000000000000     
   2.3076923076923075E-003   7.3076923076923076E-003   1141.7708179311153        1.0000000000000000     
   2.3076923076923075E-003   7.6923076923076927E-003   1141.8032982636805        1.0000000000000000     
   2.3076923076923075E-003   8.0769230769230770E-003   1141.8408041816119        1.0000000000000000     
   2.3076923076923075E-003   8.4615384615384613E-003   1141.8829954269270        1.0000000000000000     
   2.3076923076923075E-003   8.8461538461538456E-003   1141.9298458698054        1.0000000000000000     
   2.3076923076923075E-003   9.2307692307692299E-003   1141.9818945571258        1.0000000000000000     
   2.3076923076923075E-003   9.6153846153846159E-003   1142.0389412220259        1.0000000000000000     

   2.6923076923076922E-003   3.8461538461538462E-004   1186.7388179709719        1.0000000000000000     
   2.6923076923076922E-003   7.6923076923076923E-004   1186.6742839481615        1.0000000000000000     
   2.6923076923076922E-003   1.1538461538461537E-003   1186.6153952866932        1.0000000000000000     
   2.6923076923076922E-003   1.5384615384615385E-003   1186.5623681762509        1.0000000000000000     
   2.6923076923076922E-003   1.9230769230769232E-003   1186.5146452458841        1.0000000000000000     
   2.6923076923076922E-003   2.3076923076923075E-003   1186.4722537112266        1.0000000000000000     
   2.6923076923076922E-003   2.6923076923076922E-003   1186.4355460293609        1.0000000000000000     
   2.6923076923076922E-003   3.0769230769230769E-003   1186.4045543864911        1.0000000000000000     
   2.6923076923076922E-003   3.4615384615384616E-003   1186.3792451569750        1.0000000000000000     
   2.6923076923076922E-003   3.8461538461538464E-003   1186.3595911208201        1.0000000000000000     
   2.6923076923076922E-003   4.2307692307692307E-003   1186.3455696625463        1.0000000000000000     
   2.6923076923076922E-003   4.6153846153846149E-003   1186.3371638125934        1.0000000000000000     
   2.6923076923076922E-003   5.0000000000000001E-003   1186.3343630507406        1.0000000000000000     
   2.6923076923076922E-003   5.3846153846153844E-003   1186.3371638125934        1.0000000000000000     
   2.6923076923076922E-003   5.7692307692307696E-003   1186.3455696625467        1.0000000000000000     
   2.6923076923076922E-003   6.1538461538461538E-003   1186.3595911208208        1.0000000000000000     
   2.6923076923076922E-003   6.5384615384615381E-003   1186.3792451569748        1.0000000000000000     
   2.6923076923076922E-003   6.9230769230769233E-003   1186.4045543864906        1.0000000000000000     
   2.6923076923076922E-003   7.3076923076923076E-003   1186.4355460293609        1.0000000000000000     
   2.6923076923076922E-003   7.6923076923076927E-003   1186.4722537112264        1.0000000000000000     
   2.6923076923076922E-003   8.0769230769230770E-003   1186.5146452458848        1.0000000000000000     
   2.6923076923076922E-003   8.4615384615384613E-003   1186.5623681762511        1.0000000000000000     
   2.6923076923076922E-003   8.8461538461538456E-003   1186.6153952866932        1.0000000000000000     
   2.6923076923076922E-003   9.2307692307692299E-003   1186.6742839481615        1.0000000000000000     
   2.6923076923076922E-003   9.6153846153846159E-003   1186.7388179709721        1.0000000000000000     

   3.0769230769230769E-003   3.8461538461538462E-004   1229.7092517065219        1.0000000000000000     
   3.0769230769230769E-003   7.6923076923076923E-004   1229.6380753263711        1.0000000000000000     
   3.0769230769230769E-003   1.1538461538461537E-003   1229.5731205501534        1.0000000000000000     
   3.0769230769230769E-003   1.5384615384615385E-003   1229.5146161236278        1.0000000000000000     
   3.0769230769230769E-003   1.9230769230769232E-003   1229.4619867042527        1.0000000000000000     
   3.0769230769230769E-003   2.3076923076923075E-003   1229.4152607724807        1.0000000000000000     
   3.0769230769230769E-003   2.6923076923076922E-003   1229.3748027800655        1.0000000000000000     
   3.0769230769230769E-003   3.0769230769230769E-003   1229.3406446416257        1.0000000000000000     
   3.0769230769230769E-003   3.4615384615384616E-003   1229.3127497400774        1.0000000000000000     
   3.0769230769230769E-003   3.8461538461538464E-003   1229.2910880492782        1.0000000000000000     
   3.0769230769230769E-003   4.2307692307692307E-003   1229.2756344917805        1.0000000000000000     
   3.0769230769230769E-003   4.6153846153846149E-003   1229.2663701886304        1.0000000000000000     
   3.0769230769230769E-003   5.0000000000000001E-003   1229.2632834131582        1.0000000000000000     
   3.0769230769230769E-003   5.3846153846153844E-003   1229.2663701886302        1.0000000000000000     
   3.0769230769230769E-003   5.7692307692307696E-003   1229.2756344917809        1.0000000000000000     
   3.0769230769230769E-003   6.1538461538461538E-003   1229.2910880492789        1.0000000000000000     
   3.0769230769230769E-003   6.5384615384615381E-003   1229.3127497400774        1.0000000000000000     
   3.0769230769230769E-003   6.9230769230769233E-003   1229.3406446416250        1.0000000000000000     
   3.0769230769230769E-003   7.3076923076923076E-003   1229.3748027800650        1.0000000000000000     
   3.0769230769230769E-003   7.6923076923076927E-003   1229.4152607724807        1.0000000000000000     
   3.0769230769230769E-003   8.0769230769230770E-003   1229.4619867042538        1.0000000000000000     
   3.0769230769230769E-003   8.4615384615384613E-003   1229.5146161236285        1.0000000000000000     
   3.0769230769230769E-003   8.8461538461538456E-003   1229.5731205501534        1.0000000000000000     
   3.0769230769230769E-003   9.2307692307692299E-003   1229.6380753263713        1.0000000000000000     
   3.0769230769230769E-003   9.6153846153846159E-003   1229.7092517065219        1.0000000000000000     

   3.4615384615384616E-003   3.8461538461538462E-004   1270.7726708039365        1.0000000000000000     
   3.4615384615384616E-003   7.6923076923076923E-004   1270.6957325087049        1.0000000000000000     
   3.4615384615384616E-003   1.1538461538461537E-003   1270.6255183644396        1.0000000000000000     
   3.4615384615384616E-003   1.5384615384615385E-003   1270.5622670437533        1.0000000000000000     
   3.4615384615384616E-003   1.9230769230769232E-003   1270.5053851701521        1.0000000000000000     
   3.4615384615384616E-003   2.3076923076923075E-003   1270.4549021618805        1.0000000000000000     
   3.4615384615384616E-003   2.6923076923076922E-003   1270.4111938729179        1.0000000000000000     
   3.4615384615384616E-003   3.0769230769230769E-003   1270.3742919698018        1.0000000000000000     
   3.4615384615384616E-003   3.4615384615384616E-003   1270.3441570050095        1.0000000000000000     
   3.4615384615384616E-003   3.8461538461538464E-003   1270.3207562952432        1.0000000000000000     
   3.4615384615384616E-003   4.2307692307692307E-003   1270.3040624265800        1.0000000000000000     
   3.4615384615384616E-003   4.6153846153846149E-003   1270.2940547045018        1.0000000000000000     
   3.4615384615384616E-003   5.0000000000000001E-003   1270.2907202536708        1.0000000000000000     
   3.4615384615384616E-003   5.3846153846153844E-003   1270.2940547045014        1.0000000000000000     
   3.4615384615384616E-003   5.7692307692307696E-003   1270.3040624265800        1.0000000000000000     
   3.4615384615384616E-003   6.1538461538461538E-003   1270.3207562952434        1.0000000000000000     
   3.4615384615384616E-003   6.5384615384615381E-003   1270.3441570050095        1.0000000000000000     
   3.4615384615384616E-003   6.9230769230769233E-003   1270.3742919698009        1.0000000000000000     
   3.4615384615384616E-003   7.3076923076923076E-003   1270.4111938729179        1.0000000000000000     
   3.4615384615384616E-003   7.6923076923076927E-003   1270.4549021618807        1.0000000000000000     
   3.4615384615384616E-003   8.0769230769230770E-003   1270.5053851701512        1.0000000000000000     
   3.4615384615384616E-003   8.4615384615384613E-003   1270.5622670437531        1.0000000000000000     
   3.4615384615384616E-003   8.8461538461538456E-003   1270.6255183644396        1.0000000000000000     
   3.4615384615384616E-003   9.2307692307692299E-003   1270.6957325087046        1.0000000000000000     
   3.4615384615384616E-003   9.6153846153846159E-003   1270.7726708039365        1.0000000000000000     

   3.8461538461538464E-003   3.8461538461538462E-004   1309.7748922505332        1.0000000000000000     
   3.8461538461538464E-003   7.6923076923076923E-004   1309.6930872690548        1.0000000000000000     
   3.8461538461538464E-003   1.1538461538461537E-003   1309.6184333818940        1.0000000000000000     
   3.8461538461538464E-003   1.5384615384615385E-003   1309.5511774935655        1.0000000000000000     
   3.8461538461538464E-003   1.9230769230769232E-003   1309.4907083366293        1.0000000000000000     
   3.8461538461538464E-003   2.3076923076923075E-003   1309.4370558108430        1.0000000000000000     
   3.8461538461538464E-003   2.6923076923076922E-003   1309.3906063702361        1.0000000000000000     
   3.8461538461538464E-003   3.0769230769230769E-003   1309.3513913166330        1.0000000000000000     
   3.8461538461538464E-003   3.4615384615384616E-003   1309.3193684390596        1.0000000000000000     
   3.8461538461538464E-003   3.8461538461538464E-003   1309.2945024829392        1.0000000000000000     
   3.8461538461538464E-003   4.2307692307692307E-003   1309.2767637833269        1.0000000000000000     
   3.8461538461538464E-003   4.6153846153846149E-003   1309.2661299001250        1.0000000000000000     
   3.8461538461538464E-003   5.0000000000000001E-003   1309.2625868546540        1.0000000000000000     
   3.8461538461538464E-003   5.3846153846153844E-003   1309.2661299001256        1.0000000000000000     
   3.8461538461538464E-003   5.7692307692307696E-003   1309.2767637833267        1.0000000000000000     
   3.8461538461538464E-003   6.1538461538461538E-003   1309.2945024829387        1.0000000000000000     
   3.8461538461538464E-003   6.5384615384615381E-003   1309.3193684390596        1.0000000000000000     
   3.8461538461538464E-003   6.9230769230769233E-003   1309.3513913166328        1.0000000000000000     
   3.8461538461538464E-003   7.3076923076923076E-003   1309.3906063702354        1.0000000000000000     
   3.8461538461538464E-003   7.6923076923076927E-003   1309.4370558108417        1.0000000000000000     
   3.8461538461538464E-003   8.0769230769230770E-003   1309.4907083366277        1.0000000000000000     
   3.8461538461538464E-003   8.4615384615384613E-003   1309.5511774935646        1.0000000000000000     
   3.8461538461538464E-003   8.8461538461538456E-003   1309.6184333818937        1.0000000000000000     
   3.8461538461538464E-003   9.2307692307692299E-003   1309.6930872690550        1.0000000000000000     
   3.8461538461538464E-003   9.6153846153846159E-003   1309.7748922505336        1.0000000000000000     

   4.2307692307692307E-003   3.8461538461538462E-004   1346.5855911911503        1.0000000000000000     
   4.2307692307692307E-003   7.6923076923076923E-004   1346.4998068735940        1.0000000000000000     
   4.2307692307692307E-003   1.1538461538461537E-003   1346.4215251048713        1.0000000000000000     
   4.2307692307692307E-003   1.5384615384615385E-003   1346.3509998654627        1.0000000000000000     
   4.2307692307692307E-003   1.9230769230769232E-003   1346.2876024187415        1.0000000000000000     
   4.2307692307692307E-003   2.3076923076923075E-003   1346.2313627059916        1.0000000000000000     
   4.2307692307692307E-003   2.6923076923076922E-003   1346.1826768834815        1.0000000000000000     
   4.2307692307692307E-003   3.0769230769230769E-003   1346.1415756964250        1.0000000000000000     
   4.2307692307692307E-003   3.4615384615384616E-003   1346.1080141786977        1.0000000000000000     
   4.2307692307692307E-003   3.8461538461538464E-003   1346.0819545466684        1.0000000000000000     
   4.2307692307692307E-003   4.2307692307692307E-003   1346.0633649405761        1.0000000000000000     
   4.2307692307692307E-003   4.6153846153846149E-003   1346.0522212268363        1.0000000000000000     
   4.2307692307692307E-003   5.0000000000000001E-003   1346.0485083593428        1.0000000000000000     
   4.2307692307692307E-003   5.3846153846153844E-003   1346.0522212268365        1.0000000000000000     
   4.2307692307692307E-003   5.7692307692307696E-003   1346.0633649405752        1.0000000000000000     
   4.2307692307692307E-003   6.1538461538461538E-003   1346.0819545466688        1.0000000000000000     
   4.2307692307692307E-003   6.5384615384615381E-003   1346.1080141786972        1.0000000000000000     
   4.2307692307692307E-003   6.9230769230769233E-003   1346.1415756964250        1.0000000000000000     
   4.2307692307692307E-003   7.3076923076923076E-003   1346.1826768834806        1.0000000000000000     
   4.2307692307692307E-003   7.6923076923076927E-003   1346.2313627059896        1.0000000000000000     
   4.2307692307692307E-003   8.0769230769230770E-003   1346.2876024187392        1.0000000000000000     
   4.2307692307692307E-003   8.4615384615384613E-003   1346.3509998654617        1.0000000000000000     
   4.2307692307692307E-003   8.8461538461538456E-003   1346.4215251048704        1.0000000000000000     
   4.2307692307692307E-003   9.2307692307692299E-003   1346.4998068735938        1.0000000000000000     
   4.2307692307692307E-003   9.6153846153846159E-003   1346.5855911911508        1.0000000000000000     

   4.6153846153846149E-003   3.8461538461538462E-004   1381.0981254337994        1.0000000000000000     
   4.6153846153846149E-003   7.6923076923076923E-004   1381.0092189650752        1.0000000000000000     
   4.6153846153846149E-003   1.1538461538461537E-003   1380.9280932811657        1.0000000000000000     
   4.6153846153846149E-003   1.5384615384615385E-003   1380.8550085411175        1.0000000000000000     
   4.6153846153846149E-003   1.9230769230769232E-003   1380.7893191617898        1.0000000000000000     
   4.6153846153846149E-003   2.3076923076923075E-003   1380.7310547273985        1.0000000000000000     
   4.6153846153846149E-003   2.6923076923076922E-003   1380.6806201548291        1.0000000000000000     
   4.6153846153846149E-003   3.0769230769230769E-003   1380.6380454055513        1.0000000000000000     
   4.6153846153846149E-003   3.4615384615384616E-003   1380.6032827363974        1.0000000000000000     
   4.6153846153846149E-003   3.8461538461538464E-003   1380.5762918530293        1.0000000000000000     
   4.6153846153846149E-003   4.2307692307692307E-003   1380.5570387410726        1.0000000000000000     
   4.6153846153846149E-003   4.6153846153846149E-003   1380.5454976161686        1.0000000000000000     
   4.6153846153846149E-003   5.0000000000000001E-003   1380.5416523959982        1.0000000000000000     
   4.6153846153846149E-003   5.3846153846153844E-003   1380.5454976161679        1.0000000000000000     
   4.6153846153846149E-003   5.7692307692307696E-003   1380.5570387410717        1.0000000000000000     
   4.6153846153846149E-003   6.1538461538461538E-003   1380.5762918530286        1.0000000000000000     
   4.6153846153846149E-003   6.5384615384615381E-003   1380.6032827363974        1.0000000000000000     
   4.6153846153846149E-003   6.9230769230769233E-003   1380.6380454055504        1.0000000000000000     
   4.6153846153846149E-003   7.3076923076923076E-003   1380.6806201548279        1.0000000000000000     
   4.6153846153846149E-003   7.6923076923076927E-003   1380.7310547273969        1.0000000000000000     
   4.6153846153846149E-003   8.0769230769230770E-003   1380.7893191617882        1.0000000000000000     
   4.6153846153846149E-003   8.4615384615384613E-003   1380.8550085411168        1.0000000000000000     
   4.6153846153846149E-003   8.8461538461538456E-003   1380.9280932811655        1.0000000000000000     
   4.6153846153846149E-003   9.2307692307692299E-003   1381.0092189650759        1.0000000000000000     
   4.6153846153846149E-003   9.6153846153846159E-003   1381.0981254337994        1.0000000000000000     

   5.0000000000000001E-003   3.8461538461538462E-004   1413.2287451773400        1.0000000000000000     
   5.0000000000000001E-003   7.6923076923076923E-004   1413.1375229330972        1.0000000000000000     
   5.0000000000000001E-003   1.1538461538461537E-003   1413.0542907638219        1.0000000000000000     
   5.0000000000000001E-003   1.5384615384615385E-003   1412.9793142003516        1.0000000000000000     
   5.0000000000000001E-003   1.9230769230769232E-003   1412.9119315389344        1.0000000000000000     
   5.0000000000000001E-003   2.3076923076923075E-003   1412.8521716254941        1.0000000000000000     
   5.0000000000000001E-003   2.6923076923076922E-003   1412.8004471664901        1.0000000000000000     
   5.0000000000000001E-003   3.0769230769230769E-003   1412.7567870971177        1.0000000000000000     
   5.0000000000000001E-003   3.4615384615384616E-003   1412.7211408652465        1.0000000000000000     
   5.0000000000000001E-003   3.8461538461538464E-003   1412.6934656781025        1.0000000000000000     
   5.0000000000000001E-003   4.2307692307692307E-003   1412.6737254049576        1.0000000000000000     
   5.0000000000000001E-003   4.6153846153846149E-003   1412.6618926538874        1.0000000000000000     
   5.0000000000000001E-003   5.0000000000000001E-003   1412.6579503387447        1.0000000000000000     
   5.0000000000000001E-003   5.3846153846153844E-003   1412.6618926538872        1.0000000000000000     
   5.0000000000000001E-003   5.7692307692307696E-003   1412.6737254049572        1.0000000000000000     
   5.0000000000000001E-003   6.1538461538461538E-003   1412.6934656781020        1.0000000000000000     
   5.0000000000000001E-003   6.5384615384615381E-003   1412.7211408652463        1.0000000000000000     
   5.0000000000000001E-003   6.9230769230769233E-003   1412.7567870971172        1.0000000000000000     
   5.0000000000000001E-003   7.3076923076923076E-003   1412.8004471664890        1.0000000000000000     
   5.0000000000000001E-003   7.6923076923076927E-003   1412.8521716254929        1.0000000000000000     
   5.0000000000000001E-003   8.0769230769230770E-003   1412.9119315389337        1.0000000000000000     
   5.0000000000000001E-003   8.4615384615384613E-003   1412.9793142003507        1.0000000000000000     
   5.0000000000000001E-003   8.8461538461538456E-003   1413.0542907638219        1.0000000000000000     
   5.0000000000000001E-003   9.2307692307692299E-003   1413.1375229330979        1.0000000000000000     
   5.0000000000000001E-003   9.6153846153846159E-003   1413.2287451773402        1.0000000000000000     

   5.3846153846153844E-003   3.8461538461538462E-004   1442.9152401632928        1.0000000000000000     
   5.3846153846153844E-003   7.6923076923076923E-004   1442.8224395637149        1.0000000000000000     
   5.3846153846153844E-003   1.1538461538461537E-003   1442.7377754232784        1.0000000000000000     
   5.3846153846153844E-003   1.5384615384615385E-003   1442.6615178129030        1.0000000000000000     
   5.3846153846153844E-003   1.9230769230769232E-003   1442.5929896423856        1.0000000000000000     
   5.3846153846153844E-003   2.3076923076923075E-003   1442.5322186138105        1.0000000000000000     
   5.3846153846153844E-003   2.6923076923076922E-003   1442.4796242195555        1.0000000000000000     
   5.3846153846153844E-003   3.0769230769230769E-003   1442.4352341199665        1.0000000000000000     
   5.3846153846153844E-003   3.4615384615384616E-003   1442.3989949278689        1.0000000000000000     
   5.3846153846153844E-003   3.8461538461538464E-003   1442.3708613755221        1.0000000000000000     
   5.3846153846153844E-003   4.2307692307692307E-003   1442.3507952671878        1.0000000000000000     
   5.3846153846153844E-003   4.6153846153846149E-003   1442.3387676583586        1.0000000000000000     
   5.3846153846153844E-003   5.0000000000000001E-003   1442.3347604994758        1.0000000000000000     
   5.3846153846153844E-003   5.3846153846153844E-003   1442.3387676583586        1.0000000000000000     
   5.3846153846153844E-003   5.7692307692307696E-003   1442.3507952671871        1.0000000000000000     
   5.3846153846153844E-003   6.1538461538461538E-003   1442.3708613755218        1.0000000000000000     
   5.3846153846153844E-003   6.5384615384615381E-003   1442.3989949278687        1.0000000000000000     
   5.3846153846153844E-003   6.9230769230769233E-003   1442.4352341199663        1.0000000000000000     
   5.3846153846153844E-003   7.3076923076923076E-003   1442.4796242195544        1.0000000000000000     
   5.3846153846153844E-003   7.6923076923076927E-003   1442.5322186138101        1.0000000000000000     
   5.3846153846153844E-003   8.0769230769230770E-003   1442.5929896423852        1.0000000000000000     
   5.3846153846153844E-003   8.4615384615384613E-003   1442.6615178129027        1.0000000000000000     
   5.3846153846153844E-003   8.8461538461538456E-003   1442.7377754232784        1.0000000000000000     
   5.3846153846153844E-003   9.2307692307692299E-003   1442.8224395637146        1.0000000000000000     
   5.3846153846153844E-003   9.6153846153846159E-003   1442.9152401632937        1.0000000000000000     

   5.7692307692307696E-003   3.8461538461538462E-004   1470.1150939196798        1.0000000000000000     
   5.7692307692307696E-003   7.6923076923076923E-004   1470.0213684237331        1.0000000000000000     
   5.7692307692307696E-003   1.1538461538461537E-003   1469.9358704066290        1.0000000000000000     
   5.7692307692307696E-003   1.5384615384615385E-003   1469.8588735079190        1.0000000000000000     
   5.7692307692307696E-003   1.9230769230769232E-003   1469.7896858931560        1.0000000000000000     
   5.7692307692307696E-003   2.3076923076923075E-003   1469.7283336424580        1.0000000000000000     
   5.7692307692307696E-003   2.6923076923076922E-003   1469.6752419906688        1.0000000000000000     
   5.7692307692307696E-003   3.0769230769230769E-003   1469.6304370779428        1.0000000000000000     
   5.7692307692307696E-003   3.4615384615384616E-003   1469.5938626798809        1.0000000000000000     
   5.7692307692307696E-003   3.8461538461538464E-003   1469.5654711085172        1.0000000000000000     
   5.7692307692307696E-003   4.2307692307692307E-003   1469.5452221852329        1.0000000000000000     
   5.7692307692307696E-003   4.6153846153846149E-003   1469.5330854928820        1.0000000000000000     
   5.7692307692307696E-003   5.0000000000000001E-003   1469.5290420749334        1.0000000000000000     
   5.7692307692307696E-003   5.3846153846153844E-003   1469.5330854928820        1.0000000000000000     
   5.7692307692307696E-003   5.7692307692307696E-003   1469.5452221852324        1.0000000000000000     
   5.7692307692307696E-003   6.1538461538461538E-003   1469.5654711085162        1.0000000000000000     
   5.7692307692307696E-003   6.5384615384615381E-003   1469.5938626798800        1.0000000000000000     
   5.7692307692307696E-003   6.9230769230769233E-003   1469.6304370779428        1.0000000000000000     
   5.7692307692307696E-003   7.3076923076923076E-003   1469.6752419906691        1.0000000000000000     
   5.7692307692307696E-003   7.6923076923076927E-003   1469.7283336424580        1.0000000000000000     
   5.7692307692307696E-003   8.0769230769230770E-003   1469.7896858931560        1.0000000000000000     
   5.7692307692307696E-003   8.4615384615384613E-003   1469.8588735079184        1.0000000000000000     
   5.7692307692307696E-003   8.8461538461538456E-003   1469.9358704066296        1.0000000000000000     
   5.7692307692307696E-003   9.2307692307692299E-003   1470.0213684237326        1.0000000000000000     
   5.7692307692307696E-003   9.6153846153846159E-003   1470.1150939196807        1.0000000000000000     

   6.1538461538461538E-003   3.8461538461538462E-004   1494.8032291426578        1.0000000000000000     
   6.1538461538461538E-003   7.6923076923076923E-004   1494.7091368846013        1.0000000000000000     
   6.1538461538461538E-003   1.1538461538461537E-003   1494.6233165274095        1.0000000000000000     
   6.1538461538461538E-003   1.5384615384615385E-003   1494.5460440016814        1.0000000000000000     
   6.1538461538461538E-003   1.9230769230769232E-003   1494.4766131589945        1.0000000000000000     
   6.1538461538461538E-003   2.3076923076923075E-003   1494.4150478593365        1.0000000000000000     
   6.1538461538461538E-003   2.6923076923076922E-003   1494.3617779989913        1.0000000000000000     
   6.1538461538461538E-003   3.0769230769230769E-003   1494.3168279767133        1.0000000000000000     
   6.1538461538461538E-003   3.4615384615384616E-003   1494.2801387806594        1.0000000000000000     
   6.1538461538461538E-003   3.8461538461538464E-003   1494.2516604160328        1.0000000000000000     
   6.1538461538461538E-003   4.2307692307692307E-003   1494.2313508565376        1.0000000000000000     
   6.1538461538461538E-003   4.6153846153846149E-003   1494.2191783331307        1.0000000000000000     
   6.1538461538461538E-003   5.0000000000000001E-003   1494.2151230640234        1.0000000000000000     
   6.1538461538461538E-003   5.3846153846153844E-003   1494.2191783331302        1.0000000000000000     
   6.1538461538461538E-003   5.7692307692307696E-003   1494.2313508565380        1.0000000000000000     
   6.1538461538461538E-003   6.1538461538461538E-003   1494.2516604160326        1.0000000000000000     
   6.1538461538461538E-003   6.5384615384615381E-003   1494.2801387806587        1.0000000000000000     
   6.1538461538461538E-003   6.9230769230769233E-003   1494.3168279767135        1.0000000000000000     
   6.1538461538461538E-003   7.3076923076923076E-003   1494.3617779989909        1.0000000000000000     
   6.1538461538461538E-003   7.6923076923076927E-003   1494.4150478593363        1.0000000000000000     
   6.1538461538461538E-003   8.0769230769230770E-003   1494.4766131589950        1.0000000000000000     
   6.1538461538461538E-003   8.4615384615384613E-003   1494.5460440016814        1.0000000000000000     
   6.1538461538461538E-003   8.8461538461538456E-003   1494.6233165274091        1.0000000000000000     
   6.1538461538461538E-003   9.2307692307692299E-003   1494.7091368846011        1.0000000000000000     
   6.1538461538461538E-003   9.6153846153846159E-003   1494.8032291426578        1.0000000000000000     

   6.5384615384615381E-003   3.8461538461538462E-004   1516.9694391116482        1.0000000000000000     
   6.5384615384615381E-003   7.6923076923076923E-004   1516.8754356019883        1.0000000000000000     
   6.5384615384615381E-003   1.1538461538461537E-003   1516.7897115264288        1.0000000000000000     
   6.5384615384615381E-003   1.5384615384615385E-003   1516.7125432304624        1.0000000000000000     
   6.5384615384615381E-003   1.9230769230769232E-003   1516.6432103240920        1.0000000000000000     
   6.5384615384615381E-003   2.3076923076923075E-003   1516.5817337021699        1.0000000000000000     
   6.5384615384615381E-003   2.6923076923076922E-003   1516.5285468364336        1.0000000000000000     
   6.5384615384615381E-003   3.0769230769230769E-003   1516.4836722348098        1.0000000000000000     
   6.5384615384615381E-003   3.4615384615384616E-003   1516.4470482466907        1.0000000000000000     
   6.5384615384615381E-003   3.8461538461538464E-003   1516.4186227813402        1.0000000000000000     
   6.5384615384615381E-003   4.2307692307692307E-003   1516.3983521814575        1.0000000000000000     
   6.5384615384615381E-003   4.6153846153846149E-003   1516.3862035060929        1.0000000000000000     
   6.5384615384615381E-003   5.0000000000000001E-003   1516.3821562653654        1.0000000000000000     
   6.5384615384615381E-003   5.3846153846153844E-003   1516.3862035060931        1.0000000000000000     
   6.5384615384615381E-003   5.7692307692307696E-003   1516.3983521814578        1.0000000000000000     
   6.5384615384615381E-003   6.1538461538461538E-003   1516.4186227813404        1.0000000000000000     
   6.5384615384615381E-003   6.5384615384615381E-003   1516.4470482466909        1.0000000000000000     
   6.5384615384615381E-003   6.9230769230769233E-003   1516.4836722348089        1.0000000000000000     
   6.5384615384615381E-003   7.3076923076923076E-003   1516.5285468364330        1.0000000000000000     
   6.5384615384615381E-003   7.6923076923076927E-003   1516.5817337021688        1.0000000000000000     
   6.5384615384615381E-003   8.0769230769230770E-003   1516.6432103240920        1.0000000000000000     
   6.5384615384615381E-003   8.4615384615384613E-003   1516.7125432304626        1.0000000000000000     
   6.5384615384615381E-003   8.8461538461538456E-003   1516.7897115264288        1.0000000000000000     
   6.5384615384615381E-003   9.2307692307692299E-003   1516.8754356019883        1.0000000000000000     
   6.5384615384615381E-003   9.6153846153846159E-003   1516.9694391116482        1.0000000000000000     

   6.9230769230769233E-003   3.8461538461538462E-004   1536.6156071089276        1.0000000000000000     
   6.9230769230769233E-003   7.6923076923076923E-004   1536.5220424781651        1.0000000000000000     
   6.9230769230769233E-003   1.1538461538461537E-003   1536.4367382285216        1.0000000000000000     
   6.9230769230769233E-003   1.5384615384615385E-003   1536.3599681254364        1.0000000000000000     
   6.9230769230769233E-003   1.9230769230769232E-003   1536.2909971240622        1.0000000000000000     
   6.9230769230769233E-003   2.3076923076923075E-003   1536.2298423128707        1.0000000000000000     
   6.9230769230769233E-003   2.6923076923076922E-003   1536.1769397472183        1.0000000000000000     
   6.9230769230769233E-003   3.0769230769230769E-003   1536.1323100596073        1.0000000000000000     
   6.9230769230769233E-003   3.4615384615384616E-003   1536.0958892822898        1.0000000000000000     
   6.9230769230769233E-003   3.8461538461538464E-003   1536.0676235896306        1.0000000000000000     
   6.9230769230769233E-003   4.2307692307692307E-003   1536.0474680252510        1.0000000000000000     
   6.9230769230769233E-003   4.6153846153846149E-003   1536.0353887350616        1.0000000000000000     
   6.9230769230769233E-003   5.0000000000000001E-003   1536.0313646833865        1.0000000000000000     
   6.9230769230769233E-003   5.3846153846153844E-003   1536.0353887350614        1.0000000000000000     
   6.9230769230769233E-003   5.7692307692307696E-003   1536.0474680252503        1.0000000000000000     
   6.9230769230769233E-003   6.1538461538461538E-003   1536.0676235896294        1.0000000000000000     
   6.9230769230769233E-003   6.5384615384615381E-003   1536.0958892822889        1.0000000000000000     
   6.9230769230769233E-003   6.9230769230769233E-003   1536.1323100596069        1.0000000000000000     
   6.9230769230769233E-003   7.3076923076923076E-003   1536.1769397472174        1.0000000000000000     
   6.9230769230769233E-003   7.6923076923076927E-003   1536.2298423128705        1.0000000000000000     
   6.9230769230769233E-003   8.0769230769230770E-003   1536.2909971240620        1.0000000000000000     
   6.9230769230769233E-003   8.4615384615384613E-003   1536.3599681254364        1.0000000000000000     
   6.9230769230769233E-003   8.8461538461538456E-003   1536.4367382285213        1.0000000000000000     
   6.9230769230769233E-003   9.2307692307692299E-003   1536.5220424781658        1.0000000000000000     
   6.9230769230769233E-003   9.6153846153846159E-003   1536.6156071089279        1.0000000000000000     

   7.3076923076923076E-003   3.8461538461538462E-004   1553.7528189731504        1.0000000000000000     
   7.3076923076923076E-003   7.6923076923076923E-004   1553.6599406915432        1.0000000000000000     
   7.3076923076923076E-003   1.1538461538461537E-003   1553.5752872890359        1.0000000000000000     
   7.3076923076923076E-003   1.5384615384615385E-003   1553.4991250937576        1.0000000000000000     
   7.3076923076923076E-003   1.9230769230769232E-003   1553.4307036337505        1.0000000000000000     
   7.3076923076923076E-003   2.3076923076923075E-003   1553.3700355070418        1.0000000000000000     
   7.3076923076923076E-003   2.6923076923076922E-003   1553.3175586682182        1.0000000000000000     
   7.3076923076923076E-003   3.0769230769230769E-003   1553.2732922085590        1.0000000000000000     
   7.3076923076923076E-003   3.4615384615384616E-003   1553.2371704417878        1.0000000000000000     
   7.3076923076923076E-003   3.8461538461538464E-003   1553.2091383824613        1.0000000000000000     
   7.3076923076923076E-003   4.2307692307692307E-003   1553.1891502568512        1.0000000000000000     
   7.3076923076923076E-003   4.6153846153846149E-003   1553.1771716513770        1.0000000000000000     
   7.3076923076923076E-003   5.0000000000000001E-003   1553.1731811981954        1.0000000000000000     
   7.3076923076923076E-003   5.3846153846153844E-003   1553.1771716513767        1.0000000000000000     
   7.3076923076923076E-003   5.7692307692307696E-003   1553.1891502568512        1.0000000000000000     
   7.3076923076923076E-003   6.1538461538461538E-003   1553.2091383824613        1.0000000000000000     
   7.3076923076923076E-003   6.5384615384615381E-003   1553.2371704417872        1.0000000000000000     
   7.3076923076923076E-003   6.9230769230769233E-003   1553.2732922085593        1.0000000000000000     
   7.3076923076923076E-003   7.3076923076923076E-003   1553.3175586682189        1.0000000000000000     
   7.3076923076923076E-003   7.6923076923076927E-003   1553.3700355070416        1.0000000000000000     
   7.3076923076923076E-003   8.0769230769230770E-003   1553.4307036337507        1.0000000000000000     
   7.3076923076923076E-003   8.4615384615384613E-003   1553.4991250937576        1.0000000000000000     
   7.3076923076923076E-003   8.8461538461538456E-003   1553.5752872890359        1.0000000000000000     
   7.3076923076923076E-003   9.2307692307692299E-003   1553.6599406915432        1.0000000000000000     
   7.3076923076923076E-003   9.6153846153846159E-003   1553.7528189731515        1.0000000000000000     

   7.6923076923076927E-003   3.8461538461538462E-004   1568.3984769405783        1.0000000000000000     
   7.6923076923076927E-003   7.6923076923076923E-004   1568.3064407909965        1.0000000000000000     
   7.6923076923076927E-003   1.1538461538461537E-003   1568.2225846072554        1.0000000000000000     
   7.6923076923076927E-003   1.5384615384615385E-003   1568.1471609414737        1.0000000000000000     
   7.6923076923076927E-003   1.9230769230769232E-003   1568.0794038446991        1.0000000000000000     
   7.6923076923076927E-003   2.3076923076923075E-003   1568.0193215390805        1.0000000000000000     
   7.6923076923076927E-003   2.6923076923076922E-003   1567.9673538390946        1.0000000000000000     
   7.6923076923076927E-003   3.0769230769230769E-003   1567.9235191550415        1.0000000000000000     
   7.6923076923076927E-003   3.4615384615384616E-003   1567.8877510826035        1.0000000000000000     
   7.6923076923076927E-003   3.8461538461538464E-003   1567.8599943297543        1.0000000000000000     
   7.6923076923076927E-003   4.2307692307692307E-003   1567.8402029614008        1.0000000000000000     
   7.6923076923076927E-003   4.6153846153846149E-003   1567.8283424571312        1.0000000000000000     
   7.6923076923076927E-003   5.0000000000000001E-003   1567.8243913793649        1.0000000000000000     
   7.6923076923076927E-003   5.3846153846153844E-003   1567.8283424571312        1.0000000000000000     
   7.6923076923076927E-003   5.7692307692307696E-003   1567.8402029614003        1.0000000000000000     
   7.6923076923076927E-003   6.1538461538461538E-003   1567.8599943297543        1.0000000000000000     
   7.6923076923076927E-003   6.5384615384615381E-003   1567.8877510826039        1.0000000000000000     
   7.6923076923076927E-003   6.9230769230769233E-003   1567.9235191550417        1.0000000000000000     
   7.6923076923076927E-003   7.3076923076923076E-003   1567.9673538390959        1.0000000000000000     
   7.6923076923076927E-003   7.6923076923076927E-003   1568.0193215390811        1.0000000000000000     
   7.6923076923076927E-003   8.0769230769230770E-003   1568.0794038447007        1.0000000000000000     
   7.6923076923076927E-003   8.4615384615384613E-003   1568.1471609414743        1.0000000000000000     
   7.6923076923076927E-003   8.8461538461538456E-003   1568.2225846072567        1.0000000000000000     
   7.6923076923076927E-003   9.2307692307692299E-003   1568.3064407909972        1.0000000000000000     
   7.6923076923076927E-003   9.6153846153846159E-003   1568.3984769405788        1.0000000000000000     

   8.0769230769230770E-003   3.8461538461538462E-004   1580.5733801144556        1.0000000000000000     
   8.0769230769230770E-003   7.6923076923076923E-004   1580.4823074596072        1.0000000000000000     
   8.0769230769230770E-003   1.1538461538461537E-003   1580.3993228896854        1.0000000000000000     
   8.0769230769230770E-003   1.5384615384615385E-003   1580.3246966080358        1.0000000000000000     
   8.0769230769230770E-003   1.9230769230769232E-003   1580.2576512642097        1.0000000000000000     
   8.0769230769230770E-003   2.3076923076923075E-003   1580.1981923955643        1.0000000000000000     
   8.0769230769230770E-003   2.6923076923076922E-003   1580.1467626018591        1.0000000000000000     
   8.0769230769230770E-003   3.0769230769230769E-003   1580.1033812070766        1.0000000000000000     
   8.0769230769230770E-003   3.4615384615384616E-003   1580.0679826157182        1.0000000000000000     
   8.0769230769230770E-003   3.8461538461538464E-003   1580.0405124036856        1.0000000000000000     
   8.0769230769230770E-003   4.2307692307692307E-003   1580.0209252997843        1.0000000000000000     
   8.0769230769230770E-003   4.6153846153846149E-003   1580.0091872069017        1.0000000000000000     
   8.0769230769230770E-003   5.0000000000000001E-003   1580.0052769102253        1.0000000000000000     
   8.0769230769230770E-003   5.3846153846153844E-003   1580.0091872069011        1.0000000000000000     
   8.0769230769230770E-003   5.7692307692307696E-003   1580.0209252997849        1.0000000000000000     
   8.0769230769230770E-003   6.1538461538461538E-003   1580.0405124036856        1.0000000000000000     
   8.0769230769230770E-003   6.5384615384615381E-003   1580.0679826157184        1.0000000000000000     
   8.0769230769230770E-003   6.9230769230769233E-003   1580.1033812070766        1.0000000000000000     
   8.0769230769230770E-003   7.3076923076923076E-003   1580.1467626018593        1.0000000000000000     
   8.0769230769230770E-003   7.6923076923076927E-003   1580.1981923955648        1.0000000000000000     
   8.0769230769230770E-003   8.0769230769230770E-003   1580.2576512642104        1.0000000000000000     
   8.0769230769230770E-003   8.4615384615384613E-003   1580.3246966080364        1.0000000000000000     
   8.0769230769230770E-003   8.8461538461538456E-003   1580.3993228896857        1.0000000000000000     
   8.0769230769230770E-003   9.2307692307692299E-003   1580.4823074596088        1.0000000000000000     
   8.0769230769230770E-003   9.6153846153846159E-003   1580.5733801144556        1.0000000000000000     

   8.4615384615384613E-003   3.8461538461538462E-004   1590.2994845192729        1.0000000000000000     
   8.4615384615384613E-003   7.6923076923076923E-004   1590.2087955297500        1.0000000000000000     
   8.4615384615384613E-003   1.1538461538461537E-003   1590.1267480151441        1.0000000000000000     
   8.4615384615384613E-003   1.5384615384615385E-003   1590.0529122008734        1.0000000000000000     
   8.4615384615384613E-003   1.9230769230769232E-003   1589.9865647021627        1.0000000000000000     
   8.4615384615384613E-003   2.3076923076923075E-003   1589.9277107795115        1.0000000000000000     
   8.4615384615384613E-003   2.6923076923076922E-003   1589.8767974960624        1.0000000000000000     
   8.4615384615384613E-003   3.0769230769230769E-003   1589.8338476434506        1.0000000000000000     
   8.4615384615384613E-003   3.4615384615384616E-003   1589.7987986043795        1.0000000000000000     
   8.4615384615384613E-003   3.8461538461538464E-003   1589.7715983076976        1.0000000000000000     
   8.4615384615384613E-003   4.2307692307692307E-003   1589.7522030746441        1.0000000000000000     
   8.4615384615384613E-003   4.6153846153846149E-003   1589.7405797725985        1.0000000000000000     
   8.4615384615384613E-003   5.0000000000000001E-003   1589.7367076882674        1.0000000000000000     
   8.4615384615384613E-003   5.3846153846153844E-003   1589.7405797725980        1.0000000000000000     
   8.4615384615384613E-003   5.7692307692307696E-003   1589.7522030746441        1.0000000000000000     
   8.4615384615384613E-003   6.1538461538461538E-003   1589.7715983076976        1.0000000000000000     
   8.4615384615384613E-003   6.5384615384615381E-003   1589.7987986043797        1.0000000000000000     
   8.4615384615384613E-003   6.9230769230769233E-003   1589.8338476434506        1.0000000000000000     
   8.4615384615384613E-003   7.3076923076923076E-003   1589.8767974960620        1.0000000000000000     
   8.4615384615384613E-003   7.6923076923076927E-003   1589.9277107795112        1.0000000000000000     
   8.4615384615384613E-003   8.0769230769230770E-003   1589.9865647021622        1.0000000000000000     
   8.4615384615384613E-003   8.4615384615384613E-003   1590.0529122008727        1.0000000000000000     
   8.4615384615384613E-003   8.8461538461538456E-003   1590.1267480151441        1.0000000000000000     
   8.4615384615384613E-003   9.2307692307692299E-003   1590.2087955297504        1.0000000000000000     
   8.4615384615384613E-003   9.6153846153846159E-003   1590.2994845192727        1.0000000000000000     

   8.8461538461538456E-003   3.8461538461538462E-004   1597.5970575296030        1.0000000000000000     
   8.8461538461538456E-003   7.6923076923076923E-004   1597.5075733729605        1.0000000000000000     
   8.8461538461538456E-003   1.1538461538461537E-003   1597.4251601434978        1.0000000000000000     
   8.8461538461538456E-003   1.5384615384615385E-003   1597.3521310170183        1.0000000000000000     
   8.8461538461538456E-003   1.9230769230769232E-003   1597.2864137941033        1.0000000000000000     
   8.8461538461538456E-003   2.3076923076923075E-003   1597.2280966193812        1.0000000000000000     
   8.8461538461538456E-003   2.6923076923076922E-003   1597.1776334100371        1.0000000000000000     
   8.8461538461538456E-003   3.0769230769230769E-003   1597.1350545550795        1.0000000000000000     
   8.8461538461538456E-003   3.4615384615384616E-003   1597.1003033899626        1.0000000000000000     
   8.8461538461538456E-003   3.8461538461538464E-003   1597.0733318514565        1.0000000000000000     
   8.8461538461538456E-003   4.2307692307692307E-003   1597.0540987035265        1.0000000000000000     
   8.8461538461538456E-003   4.6153846153846149E-003   1597.0425721960592        1.0000000000000000     
   8.8461538461538456E-003   5.0000000000000001E-003   1597.0387323071270        1.0000000000000000     
   8.8461538461538456E-003   5.3846153846153844E-003   1597.0425721960592        1.0000000000000000     
   8.8461538461538456E-003   5.7692307692307696E-003   1597.0540987035258        1.0000000000000000     
   8.8461538461538456E-003   6.1538461538461538E-003   1597.0733318514565        1.0000000000000000     
   8.8461538461538456E-003   6.5384615384615381E-003   1597.1003033899626        1.0000000000000000     
   8.8461538461538456E-003   6.9230769230769233E-003   1597.1350545550797        1.0000000000000000     
   8.8461538461538456E-003   7.3076923076923076E-003   1597.1776334100362        1.0000000000000000     
   8.8461538461538456E-003   7.6923076923076927E-003   1597.2280966193798        1.0000000000000000     
   8.8461538461538456E-003   8.0769230769230770E-003   1597.2864137941028        1.0000000000000000     
   8.8461538461538456E-003   8.4615384615384613E-003   1597.3521310170183        1.0000000000000000     
   8.8461538461538456E-003   8.8461538461538456E-003   1597.4251601434978        1.0000000000000000     
   8.8461538461538456E-003   9.2307692307692299E-003   1597.5075733729607        1.0000000000000000     
   8.8461538461538456E-003   9.6153846153846159E-003   1597.5970575296033        1.0000000000000000     

   9.2307692307692299E-003   3.8461538461538462E-004   1602.4842199319069        1.0000000000000000     
   9.2307692307692299E-003   7.6923076923076923E-004   1602.3948833975660        1.0000000000000000     
   9.2307692307692299E-003   1.1538461538461537E-003   1602.3137831582492        1.0000000000000000     
   9.2307692307692299E-003   1.5384615384615385E-003   1602.2401847009139        1.0000000000000000     
   9.2307692307692299E-003   1.9230769230769232E-003   1602.1750470119241        1.0000000000000000     
   9.2307692307692299E-003   2.3076923076923075E-003   1602.1171560537123        1.0000000000000000     
   9.2307692307692299E-003   2.6923076923076922E-003   1602.0670362494857        1.0000000000000000     
   9.2307692307692299E-003   3.0769230769230769E-003   1602.0247338431475        1.0000000000000000     
   9.2307692307692299E-003   3.4615384615384616E-003   1601.9902018352957        1.0000000000000000     
   9.2307692307692299E-003   3.8461538461538464E-003   1601.9633974860908        1.0000000000000000     
   9.2307692307692299E-003   4.2307692307692307E-003   1601.9442823871577        1.0000000000000000     
   9.2307692307692299E-003   4.6153846153846149E-003   1601.9328262522042        1.0000000000000000     
   9.2307692307692299E-003   5.0000000000000001E-003   1601.9290097528522        1.0000000000000000     
   9.2307692307692299E-003   5.3846153846153844E-003   1601.9328262522042        1.0000000000000000     
   9.2307692307692299E-003   5.7692307692307696E-003   1601.9442823871566        1.0000000000000000     
   9.2307692307692299E-003   6.1538461538461538E-003   1601.9633974860899        1.0000000000000000     
   9.2307692307692299E-003   6.5384615384615381E-003   1601.9902018352952        1.0000000000000000     
   9.2307692307692299E-003   6.9230769230769233E-003   1602.0247338431475        1.0000000000000000     
   9.2307692307692299E-003   7.3076923076923076E-003   1602.0670362494857        1.0000000000000000     
   9.2307692307692299E-003   7.6923076923076927E-003   1602.1171560537127        1.0000000000000000     
   9.2307692307692299E-003   8.0769230769230770E-003   1602.1750470119243        1.0000000000000000     
   9.2307692307692299E-003   8.4615384615384613E-003   1602.2401847009139        1.0000000000000000     
   9.2307692307692299E-003   8.8461538461538456E-003   1602.3137831582490        1.0000000000000000     
   9.2307692307692299E-003   9.2307692307692299E-003   1602.3948833975653        1.0000000000000000     
   9.2307692307692299E-003   9.6153846153846159E-003   1602.4842199319062        1.0000000000000000     

   9.6153846153846159E-003   3.8461538461538462E-004   1604.9734989419512        1.0000000000000000     
   9.6153846153846159E-003   7.6923076923076923E-004   1604.8838881785266        1.0000000000000000     
   9.6153846153846159E-003   1.1538461538461537E-003   1604.8026960892578        1.0000000000000000     
   9.6153846153846159E-003   1.5384615384615385E-003   1604.7298621690497        1.0000000000000000     
   9.6153846153846159E-003   1.9230769230769232E-003   1604.6645226366509        1.0000000000000000     
   9.6153846153846159E-003   2.3076923076923075E-003   1604.6069374762035        1.0000000000000000     
   9.6153846153846159E-003   2.6923076923076922E-003   1604.5570160505408        1.0000000000000000     
   9.6153846153846159E-003   3.0769230769230769E-003   1604.5148664859255        1.0000000000000000     
   9.6153846153846159E-003   3.4615384615384616E-003   1604.4804536929284        1.0000000000000000     
   9.6153846153846159E-003   3.8461538461538464E-003   1604.4537397243118        1.0000000000000000     
   9.6153846153846159E-003   4.2307692307692307E-003   1604.4346882854668        1.0000000000000000     
   9.6153846153846159E-003   4.6153846153846149E-003   1604.4232700641448        1.0000000000000000     
   9.6153846153846159E-003   5.0000000000000001E-003   1604.4194661619979        1.0000000000000000     
   9.6153846153846159E-003   5.3846153846153844E-003   1604.4232700641448        1.0000000000000000     
   9.6153846153846159E-003   5.7692307692307696E-003   1604.4346882854657        1.0000000000000000     
   9.6153846153846159E-003   6.1538461538461538E-003   1604.4537397243112        1.0000000000000000     
   9.6153846153846159E-003   6.5384615384615381E-003   1604.4804536929275        1.0000000000000000     
   9.6153846153846159E-003   6.9230769230769233E-003   1604.5148664859248        1.0000000000000000     
   9.6153846153846159E-003   7.3076923076923076E-003   1604.5570160505411        1.0000000000000000     
   9.6153846153846159E-003   7.6923076923076927E-003   1604.6069374762051        1.0000000000000000     
   9.6153846153846159E-003   8.0769230769230770E-003   1604.6645226366513        1.0000000000000000     
   9.6153846153846159E-003   8.4615384615384613E-003   1604.7298621690502        1.0000000000000000     
   9.6153846153846159E-003   8.8461538461538456E-003   1604.8026960892576        1.0000000000000000     
   9.6153846153846159E-003   9.2307692307692299E-003   1604.8838881785255        1.0000000000000000     
   9.6153846153846159E-003   9.6153846153846159E-003   1604.9734989419501        1.0000000000000000     

