   3.8461538461538462E-004   3.8461538461538462E-004   1622.9900877580867        1.0000000000000000     
   3.8461538461538462E-004   7.6923076923076923E-004   1623.2043523568266        1.0000000000000000     
   3.8461538461538462E-004   1.1538461538461537E-003   1623.4015663947823        1.0000000000000000     
   3.8461538461538462E-004   1.5384615384615385E-003   1623.5823710295206        1.0000000000000000     
   3.8461538461538462E-004   1.9230769230769232E-003   1623.7476923567540        1.0000000000000000     
   3.8461538461538462E-004   2.3076923076923075E-003   1623.8986992107614        1.0000000000000000     
   3.8461538461538462E-004   2.6923076923076922E-003   1624.0367507653864        1.0000000000000000     
   3.8461538461538462E-004   3.0769230769230769E-003   1624.1633369761385        1.0000000000000000     
   3.8461538461538462E-004   3.4615384615384616E-003   1624.2800153059218        1.0000000000000000     
   3.8461538461538462E-004   3.8461538461538464E-003   1624.3883473837120        1.0000000000000000     
   3.8461538461538462E-004   4.2307692307692307E-003   1624.4898392470811        1.0000000000000000     
   3.8461538461538462E-004   4.6153846153846149E-003   1624.5858886270994        1.0000000000000000     
   3.8461538461538462E-004   5.0000000000000001E-003   1624.6777423791812        1.0000000000000000     
   3.8461538461538462E-004   5.3846153846153844E-003   1624.7664667022859        1.0000000000000000     
   3.8461538461538462E-004   5.7692307692307696E-003   1624.8529323144755        1.0000000000000000     
   3.8461538461538462E-004   6.1538461538461538E-003   1624.9378164220543        1.0000000000000000     
   3.8461538461538462E-004   6.5384615384615381E-003   1625.0216234209845        1.0000000000000000     
   3.8461538461538462E-004   6.9230769230769233E-003   1625.1047274008633        1.0000000000000000     
   3.8461538461538462E-004   7.3076923076923076E-003   1625.1874430791765        1.0000000000000000     
   3.8461538461538462E-004   7.6923076923076927E-003   1625.2701414178118        1.0000000000000000     
   3.8461538461538462E-004   8.0769230769230770E-003   1625.3534523615135        1.0000000000000000     
   3.8461538461538462E-004   8.4615384615384613E-003   1625.4386730587998        1.0000000000000000     
   3.8461538461538462E-004   8.8461538461538456E-003   1625.5287396150543        1.0000000000000000     
   3.8461538461538462E-004   9.2307692307692299E-003   1625.6309466575788        1.0000000000000000     
   3.8461538461538462E-004   9.6153846153846159E-003   1625.7656850997757        1.0000000000000000     

   7.6923076923076923E-004   3.8461538461538462E-004   1623.1881847925629        1.0000000000000000     
   7.6923076923076923E-004   7.6923076923076923E-004   1623.4024903104796        1.0000000000000000     
   7.6923076923076923E-004   1.1538461538461537E-003   1623.5997511280225        1.0000000000000000     
   7.6923076923076923E-004   1.5384615384615385E-003   1623.7806075514184        1.0000000000000000     
   7.6923076923076923E-004   1.9230769230769232E-003   1623.9459844249254        1.0000000000000000     
   7.6923076923076923E-004   2.3076923076923075E-003   1624.0970489573913        1.0000000000000000     
   7.6923076923076923E-004   2.6923076923076922E-003   1624.2351583496049        1.0000000000000000     
   7.6923076923076923E-004   3.0769230769230769E-003   1624.3618002547948        1.0000000000000000     
   7.6923076923076923E-004   3.4615384615384616E-003   1624.4785295032714        1.0000000000000000     
   7.6923076923076923E-004   3.8461538461538464E-003   1624.5869047240819        1.0000000000000000     
   7.6923076923076923E-004   4.2307692307692307E-003   1624.6884284897706        1.0000000000000000     
   7.6923076923076923E-004   4.6153846153846149E-003   1624.7844944034516        1.0000000000000000     
   7.6923076923076923E-004   5.0000000000000001E-003   1624.8763441652829        1.0000000000000000     
   7.6923076923076923E-004   5.3846153846153844E-003   1624.9650371412947        1.0000000000000000     
   7.6923076923076923E-004   5.7692307692307696E-003   1625.0514343744485        1.0000000000000000     
   7.6923076923076923E-004   6.1538461538461538E-003   1625.1361984116686        1.0000000000000000     
   7.6923076923076923E-004   6.5384615384615381E-003   1625.2198098795393        1.0000000000000000     
   7.6923076923076923E-004   6.9230769230769233E-003   1625.3026015308844        1.0000000000000000     
   7.6923076923076923E-004   7.3076923076923076E-003   1625.3848104498272        1.0000000000000000     
   7.6923076923076923E-004   7.6923076923076927E-003   1625.4666482727694        1.0000000000000000     
   7.6923076923076923E-004   8.0769230769230770E-003   1625.5483823340323        1.0000000000000000     
   7.6923076923076923E-004   8.4615384615384613E-003   1625.6303825595935        1.0000000000000000     
   7.6923076923076923E-004   8.8461538461538456E-003   1625.7129058878675        1.0000000000000000     
   7.6923076923076923E-004   9.2307692307692299E-003   1625.7945430065513        1.0000000000000000     
   7.6923076923076923E-004   9.6153846153846159E-003   1625.8643410856878        1.0000000000000000     

   1.1538461538461537E-003   3.8461538461538462E-004   1623.3538553780681        1.0000000000000000     
   1.1538461538461537E-003   7.6923076923076923E-004   1623.5682053576645        1.0000000000000000     
   1.1538461538461537E-003   1.1538461538461537E-003   1623.7655252376542        1.0000000000000000     
   1.1538461538461537E-003   1.5384615384615385E-003   1623.9464535352736        1.0000000000000000     
   1.1538461538461537E-003   1.9230769230769232E-003   1624.1119124698610        1.0000000000000000     
   1.1538461538461537E-003   2.3076923076923075E-003   1624.2630658510088        1.0000000000000000     
   1.1538461538461537E-003   2.6923076923076922E-003   1624.4012667713889        1.0000000000000000     
   1.1538461538461537E-003   3.0769230769230769E-003   1624.5279981207343        1.0000000000000000     
   1.1538461538461537E-003   3.4615384615384616E-003   1624.6448093304637        1.0000000000000000     
   1.1538461538461537E-003   3.8461538461538464E-003   1624.7532529517139        1.0000000000000000     
   1.1538461538461537E-003   4.2307692307692307E-003   1624.8548246493513        1.0000000000000000     
   1.1538461538461537E-003   4.6153846153846149E-003   1624.9509099647130        1.0000000000000000     
   1.1538461538461537E-003   5.0000000000000001E-003   1625.0427407767966        1.0000000000000000     
   1.1538461538461537E-003   5.3846153846153844E-003   1625.1313638013703        1.0000000000000000     
   1.1538461538461537E-003   5.7692307692307696E-003   1625.2176227380858        1.0000000000000000     
   1.1538461538461537E-003   6.1538461538461538E-003   1625.3021548191884        1.0000000000000000     
   1.1538461538461537E-003   6.5384615384615381E-003   1625.3854014798846        1.0000000000000000     
   1.1538461538461537E-003   6.9230769230769233E-003   1625.4676314255780        1.0000000000000000     
   1.1538461538461537E-003   7.3076923076923076E-003   1625.5489717649239        1.0000000000000000     
   1.1538461538461537E-003   7.6923076923076927E-003   1625.6294369559332        1.0000000000000000     
   1.1538461538461537E-003   8.0769230769230770E-003   1625.7089302758350        1.0000000000000000     
   1.1538461538461537E-003   8.4615384615384613E-003   1625.7871542745315        1.0000000000000000     
   1.1538461538461537E-003   8.8461538461538456E-003   1625.8632798887863        1.0000000000000000     
   1.1538461538461537E-003   9.2307692307692299E-003   1625.9351038702619        1.0000000000000000     
   1.1538461538461537E-003   9.6153846153846159E-003   1625.9978158156557        1.0000000000000000     

   1.5384615384615385E-003   3.8461538461538462E-004   1623.4892689805247        1.0000000000000000     
   1.5384615384615385E-003   7.6923076923076923E-004   1623.7036671111318        1.0000000000000000     
   1.5384615384615385E-003   1.1538461538461537E-003   1623.9010582749372        1.0000000000000000     
   1.5384615384615385E-003   1.5384615384615385E-003   1624.0820783125848        1.0000000000000000     
   1.5384615384615385E-003   1.9230769230769232E-003   1624.2476455221245        1.0000000000000000     
   1.5384615384615385E-003   2.3076923076923075E-003   1624.3989186475728        1.0000000000000000     
   1.5384615384615385E-003   2.6923076923076922E-003   1624.5372446823178        1.0000000000000000     
   1.5384615384615385E-003   3.0769230769230769E-003   1624.6640994824336        1.0000000000000000     
   1.5384615384615385E-003   3.4615384615384616E-003   1624.7810245709429        1.0000000000000000     
   1.5384615384615385E-003   3.8461538461538464E-003   1624.8895636978461        1.0000000000000000     
   1.5384615384615385E-003   4.2307692307692307E-003   1624.9912026862553        1.0000000000000000     
   1.5384615384615385E-003   4.6153846153846149E-003   1625.0873158425188        1.0000000000000000     
   1.5384615384615385E-003   5.0000000000000001E-003   1625.1791217474588        1.0000000000000000     
   1.5384615384615385E-003   5.3846153846153844E-003   1625.2676505913926        1.0000000000000000     
   1.5384615384615385E-003   5.7692307692307696E-003   1625.3537243757462        1.0000000000000000     
   1.5384615384615385E-003   6.1538461538461538E-003   1625.4379502604763        1.0000000000000000     
   1.5384615384615385E-003   6.5384615384615381E-003   1625.5207259997237        1.0000000000000000     
   1.5384615384615385E-003   6.9230769230769233E-003   1625.6022545323381        1.0000000000000000     
   1.5384615384615385E-003   7.3076923076923076E-003   1625.6825618183552        1.0000000000000000     
   1.5384615384615385E-003   7.6923076923076927E-003   1625.7615068392477        1.0000000000000000     
   1.5384615384615385E-003   8.0769230769230770E-003   1625.8387636846990        1.0000000000000000     
   1.5384615384615385E-003   8.4615384615384613E-003   1625.9137425684926        1.0000000000000000     
   1.5384615384615385E-003   8.8461538461538456E-003   1625.9854108103602        1.0000000000000000     
   1.5384615384615385E-003   9.2307692307692299E-003   1626.0520368562161        1.0000000000000000     
   1.5384615384615385E-003   9.6153846153846159E-003   1626.1112029455999        1.0000000000000000     

   1.9230769230769232E-003   3.8461538461538462E-004   1623.5975044687264        1.0000000000000000     
   1.9230769230769232E-003   7.6923076923076923E-004   1623.8119546250102        1.0000000000000000     
   1.9230769230769232E-003   1.1538461538461537E-003   1624.0094291605990        1.0000000000000000     
   1.9230769230769232E-003   1.5384615384615385E-003   1624.1905604226615        1.0000000000000000     
   1.9230769230769232E-003   1.9230769230769232E-003   1624.3562615999112        1.0000000000000000     
   1.9230769230769232E-003   2.3076923076923075E-003   1624.5076848540143        1.0000000000000000     
   1.9230769230769232E-003   2.6923076923076922E-003   1624.6461692855396        1.0000000000000000     
   1.9230769230769232E-003   3.0769230769230769E-003   1624.7731817044594        1.0000000000000000     
   1.9230769230769232E-003   3.4615384615384616E-003   1624.8902535545119        1.0000000000000000     
   1.9230769230769232E-003   3.8461538461538464E-003   1624.9989175159681        1.0000000000000000     
   1.9230769230769232E-003   4.2307692307692307E-003   1625.1006472657134        1.0000000000000000     
   1.9230769230769232E-003   4.6153846153846149E-003   1625.1968036052151        1.0000000000000000     
   1.9230769230769232E-003   5.0000000000000001E-003   1625.2885896831806        1.0000000000000000     
   1.9230769230769232E-003   5.3846153846153844E-003   1625.3770173519806        1.0000000000000000     
   1.9230769230769232E-003   5.7692307692307696E-003   1625.4628858132908        1.0000000000000000     
   1.9230769230769232E-003   6.1538461538461538E-003   1625.5467726197057        1.0000000000000000     
   1.9230769230769232E-003   6.5384615384615381E-003   1625.6290357596886        1.0000000000000000     
   1.9230769230769232E-003   6.9230769230769233E-003   1625.7098238604028        1.0000000000000000     
   1.9230769230769232E-003   7.3076923076923076E-003   1625.7890893442948        1.0000000000000000     
   1.9230769230769232E-003   7.6923076923076927E-003   1625.8665966145186        1.0000000000000000     
   1.9230769230769232E-003   8.0769230769230770E-003   1625.9419146841287        1.0000000000000000     
   1.9230769230769232E-003   8.4615384615384613E-003   1626.0143844123020        1.0000000000000000     
   1.9230769230769232E-003   8.8461538461538456E-003   1626.0830651190442        1.0000000000000000     
   1.9230769230769232E-003   9.2307692307692299E-003   1626.1467167744929        1.0000000000000000     
   1.9230769230769232E-003   9.6153846153846159E-003   1626.2039798553747        1.0000000000000000     

   2.3076923076923075E-003   3.8461538461538462E-004   1623.6823486664812        1.0000000000000000     
   2.3076923076923075E-003   7.6923076923076923E-004   1623.8968549090637        1.0000000000000000     
   2.3076923076923075E-003   1.1538461538461537E-003   1624.0944246565036        1.0000000000000000     
   2.3076923076923075E-003   1.5384615384615385E-003   1624.2756860325539        1.0000000000000000     
   2.3076923076923075E-003   1.9230769230769232E-003   1624.4415460605853        1.0000000000000000     
   2.3076923076923075E-003   2.3076923076923075E-003   1624.5931489832778        1.0000000000000000     
   2.3076923076923075E-003   2.6923076923076922E-003   1624.7318244487303        1.0000000000000000     
   2.3076923076923075E-003   3.0769230769230769E-003   1624.8590285062817        1.0000000000000000     
   2.3076923076923075E-003   3.4615384615384616E-003   1624.9762807289587        1.0000000000000000     
   2.3076923076923075E-003   3.8461538461538464E-003   1625.0851009486728        1.0000000000000000     
   2.3076923076923075E-003   4.2307692307692307E-003   1625.1869490383669        1.0000000000000000     
   2.3076923076923075E-003   4.6153846153846149E-003   1625.2831709005159        1.0000000000000000     
   2.3076923076923075E-003   5.0000000000000001E-003   1625.3749533317118        1.0000000000000000     
   2.3076923076923075E-003   5.3846153846153844E-003   1625.4632897437880        1.0000000000000000     
   2.3076923076923075E-003   5.7692307692307696E-003   1625.5489578510283        1.0000000000000000     
   2.3076923076923075E-003   6.1538461538461538E-003   1625.6325093974972        1.0000000000000000     
   2.3076923076923075E-003   6.5384615384615381E-003   1625.7142708136473        1.0000000000000000     
   2.3076923076923075E-003   6.9230769230769233E-003   1625.7943523868482        1.0000000000000000     
   2.3076923076923075E-003   7.3076923076923076E-003   1625.8726622125305        1.0000000000000000     
   2.3076923076923075E-003   7.6923076923076927E-003   1625.9489202216769        1.0000000000000000     
   2.3076923076923075E-003   8.0769230769230770E-003   1626.0226679766854        1.0000000000000000     
   2.3076923076923075E-003   8.4615384615384613E-003   1626.0932740700882        1.0000000000000000     
   2.3076923076923075E-003   8.8461538461538456E-003   1626.1599470293834        1.0000000000000000     
   2.3076923076923075E-003   9.2307692307692299E-003   1626.2217907790837        1.0000000000000000     
   2.3076923076923075E-003   9.6153846153846159E-003   1626.2779592930940        1.0000000000000000     

   2.6923076923076922E-003   3.8461538461538462E-004   1623.7480478831881        1.0000000000000000     
   2.6923076923076922E-003   7.6923076923076923E-004   1623.9626144145452        1.0000000000000000     
   2.6923076923076922E-003   1.1538461538461537E-003   1624.1602908032755        1.0000000000000000     
   2.6923076923076922E-003   1.5384615384615385E-003   1624.3417003180946        1.0000000000000000     
   2.6923076923076922E-003   1.9230769230769232E-003   1624.5077429089806        1.0000000000000000     
   2.6923076923076922E-003   2.3076923076923075E-003   1624.6595537618937        1.0000000000000000     
   2.6923076923076922E-003   2.6923076923076922E-003   1624.7984517657560        1.0000000000000000     
   2.6923076923076922E-003   3.0769230769230769E-003   1624.9258808077689        1.0000000000000000     
   2.6923076923076922E-003   3.4615384615384616E-003   1625.0433471826168        1.0000000000000000     
   2.6923076923076922E-003   3.8461538461538464E-003   1625.1523565669352        1.0000000000000000     
   2.6923076923076922E-003   4.2307692307692307E-003   1625.2543539571950        1.0000000000000000     
   2.6923076923076922E-003   4.6153846153846149E-003   1625.3506696961351        1.0000000000000000     
   2.6923076923076922E-003   5.0000000000000001E-003   1625.4424742309675        1.0000000000000000     
   2.6923076923076922E-003   5.3846153846153844E-003   1625.5307435765521        1.0000000000000000     
   2.6923076923076922E-003   5.7692307692307696E-003   1625.6162366290127        1.0000000000000000     
   2.6923076923076922E-003   6.1538461538461538E-003   1625.6994845296435        1.0000000000000000     
   2.6923076923076922E-003   6.5384615384615381E-003   1625.7807912731303        1.0000000000000000     
   2.6923076923076922E-003   6.9230769230769233E-003   1625.8602437837387        1.0000000000000000     
   2.6923076923076922E-003   7.3076923076923076E-003   1625.9377289331608        1.0000000000000000     
   2.6923076923076922E-003   7.6923076923076927E-003   1626.0129548117059        1.0000000000000000     
   2.6923076923076922E-003   8.0769230769230770E-003   1626.0854746675789        1.0000000000000000     
   2.6923076923076922E-003   8.4615384615384613E-003   1626.1547153020806        1.0000000000000000     
   2.6923076923076922E-003   8.8461538461538456E-003   1626.2200180888951        1.0000000000000000     
   2.6923076923076922E-003   9.2307692307692299E-003   1626.2807082910158        1.0000000000000000     
   2.6923076923076922E-003   9.6153846153846159E-003   1626.3362074862523        1.0000000000000000     

   3.0769230769230769E-003   3.8461538461538462E-004   1623.7990281238419        1.0000000000000000     
   3.0769230769230769E-003   7.6923076923076923E-004   1624.0136591966068        1.0000000000000000     
   3.0769230769230769E-003   1.1538461538461537E-003   1624.2114530342851        1.0000000000000000     
   3.0769230769230769E-003   1.5384615384615385E-003   1624.3930275241034        1.0000000000000000     
   3.0769230769230769E-003   1.9230769230769232E-003   1624.5592747912071        1.0000000000000000     
   3.0769230769230769E-003   2.3076923076923075E-003   1624.7113200343274        1.0000000000000000     
   3.0769230769230769E-003   2.6923076923076922E-003   1624.8504703339463        1.0000000000000000     
   3.0769230769230769E-003   3.0769230769230769E-003   1624.9781563220995        1.0000000000000000     
   3.0769230769230769E-003   3.4615384615384616E-003   1625.0958699693404        1.0000000000000000     
   3.0769230769230769E-003   3.8461538461538464E-003   1625.2051019092878        1.0000000000000000     
   3.0769230769230769E-003   4.2307692307692307E-003   1625.3072816702397        1.0000000000000000     
   3.0769230769230769E-003   4.6153846153846149E-003   1625.4037239176184        1.0000000000000000     
   3.0769230769230769E-003   5.0000000000000001E-003   1625.4955833441834        1.0000000000000000     
   3.0769230769230769E-003   5.3846153846153844E-003   1625.5838202030238        1.0000000000000000     
   3.0769230769230769E-003   5.7692307692307696E-003   1625.6691777001495        1.0000000000000000     
   3.0769230769230769E-003   6.1538461538461538E-003   1625.7521716024187        1.0000000000000000     
   3.0769230769230769E-003   6.5384615384615381E-003   1625.8330915470815        1.0000000000000000     
   3.0769230769230769E-003   6.9230769230769233E-003   1625.9120127702633        1.0000000000000000     
   3.0769230769230769E-003   7.3076923076923076E-003   1625.9888164689878        1.0000000000000000     
   3.0769230769230769E-003   7.6923076923076927E-003   1626.0632170204719        1.0000000000000000     
   3.0769230769230769E-003   8.0769230769230770E-003   1626.1347951159876        1.0000000000000000     
   3.0769230769230769E-003   8.4615384615384613E-003   1626.2030377500287        1.0000000000000000     
   3.0769230769230769E-003   8.8461538461538456E-003   1626.2673885828299        1.0000000000000000     
   3.0769230769230769E-003   9.2307692307692299E-003   1626.3273135410577        1.0000000000000000     
   3.0769230769230769E-003   9.6153846153846159E-003   1626.3823822986180        1.0000000000000000     

   3.4615384615384616E-003   3.8461538461538462E-004   1623.8396016860875        1.0000000000000000     
   3.4615384615384616E-003   7.6923076923076923E-004   1624.0543014649677        1.0000000000000000     
   3.4615384615384616E-003   1.1538461538461537E-003   1624.2522226830049        1.0000000000000000     
   3.4615384615384616E-003   1.5384615384615385E-003   1624.4339774276123        1.0000000000000000     
   3.4615384615384616E-003   1.9230769230769232E-003   1624.6004494070035        1.0000000000000000     
   3.4615384615384616E-003   2.3076923076923075E-003   1624.7527531095247        1.0000000000000000     
   3.4615384615384616E-003   2.6923076923076922E-003   1624.8921830094732        1.0000000000000000     
   3.4615384615384616E-003   3.0769230769230769E-003   1625.0201556818408        1.0000000000000000     
   3.4615384615384616E-003   3.4615384615384616E-003   1625.1381480526593        1.0000000000000000     
   3.4615384615384616E-003   3.8461538461538464E-003   1625.2476351769947        1.0000000000000000     
   3.4615384615384616E-003   4.2307692307692307E-003   1625.3500308900427        1.0000000000000000     
   3.4615384615384616E-003   4.6153846153846149E-003   1625.4466344207524        1.0000000000000000     
   3.4615384615384616E-003   5.0000000000000001E-003   1625.5385856077023        1.0000000000000000     
   3.4615384615384616E-003   5.3846153846153844E-003   1625.6268307427576        1.0000000000000000     
   3.4615384615384616E-003   5.7692307692307696E-003   1625.7121003322579        1.0000000000000000     
   3.4615384615384616E-003   6.1538461538461538E-003   1625.7948992656136        1.0000000000000000     
   3.4615384615384616E-003   6.5384615384615381E-003   1625.8755090921625        1.0000000000000000     
   3.4615384615384616E-003   6.9230769230769233E-003   1625.9540014252495        1.0000000000000000     
   3.4615384615384616E-003   7.3076923076923076E-003   1626.0302610378610        1.0000000000000000     
   3.4615384615384616E-003   7.6923076923076927E-003   1626.1040171205741        1.0000000000000000     
   3.4615384615384616E-003   8.0769230769230770E-003   1626.1748815398435        1.0000000000000000     
   3.4615384615384616E-003   8.4615384615384613E-003   1626.2423937010246        1.0000000000000000     
   3.4615384615384616E-003   8.8461538461538456E-003   1626.3060723227024        1.0000000000000000     
   3.4615384615384616E-003   9.2307692307692299E-003   1626.3654739470812        1.0000000000000000     
   3.4615384615384616E-003   9.6153846153846159E-003   1626.4202547727443        1.0000000000000000     

   3.8461538461538464E-003   3.8461538461538462E-004   1623.8736787594776        1.0000000000000000     
   3.8461538461538464E-003   7.6923076923076923E-004   1624.0884511418280        1.0000000000000000     
   3.8461538461538464E-003   1.1538461538461537E-003   1624.2865085072078        1.0000000000000000     
   3.8461538461538464E-003   1.5384615384615385E-003   1624.4684568329851        1.0000000000000000     
   3.8461538461538464E-003   1.9230769230769232E-003   1624.6351709760113        1.0000000000000000     
   3.8461538461538464E-003   2.3076923076923075E-003   1624.7877541930657        1.0000000000000000     
   3.8461538461538464E-003   2.6923076923076922E-003   1624.9274877937962        1.0000000000000000     
   3.8461538461538464E-003   3.0769230769230769E-003   1625.0557737619815        1.0000000000000000     
   3.8461538461538464E-003   3.4615384615384616E-003   1625.1740735434814        1.0000000000000000     
   3.8461538461538464E-003   3.8461538461538464E-003   1625.2838463655905        1.0000000000000000     
   3.8461538461538464E-003   4.2307692307692307E-003   1625.3864904109450        1.0000000000000000     
   3.8461538461538464E-003   4.6153846153846149E-003   1625.4832899228024        1.0000000000000000     
   3.8461538461538464E-003   5.0000000000000001E-003   1625.5753708845818        1.0000000000000000     
   3.8461538461538464E-003   5.3846153846153844E-003   1625.6636673251896        1.0000000000000000     
   3.8461538461538464E-003   5.7692307692307696E-003   1625.7488995964609        1.0000000000000000     
   3.8461538461538464E-003   6.1538461538461538E-003   1625.8315652061719        1.0000000000000000     
   3.8461538461538464E-003   6.5384615384615381E-003   1625.9119420374368        1.0000000000000000     
   3.8461538461538464E-003   6.9230769230769233E-003   1625.9901031212148        1.0000000000000000     
   3.8461538461538464E-003   7.3076923076923076E-003   1626.0659416342462        1.0000000000000000     
   3.8461538461538464E-003   7.6923076923076927E-003   1626.1392045370110        1.0000000000000000     
   3.8461538461538464E-003   8.0769230769230770E-003   1626.2095332573510        1.0000000000000000     
   3.8461538461538464E-003   8.4615384615384613E-003   1626.2765099542014        1.0000000000000000     
   3.8461538461538464E-003   8.8461538461538456E-003   1626.3397078467094        1.0000000000000000     
   3.8461538461538464E-003   9.2307692307692299E-003   1626.3987433466625        1.0000000000000000     
   3.8461538461538464E-003   9.6153846153846159E-003   1626.4533258421009        1.0000000000000000     

   4.2307692307692307E-003   3.8461538461538462E-004   1623.9045023861058        1.0000000000000000     
   4.2307692307692307E-003   7.6923076923076923E-004   1624.1193507894973        1.0000000000000000     
   4.2307692307692307E-003   1.1538461538461537E-003   1624.3175515958724        1.0000000000000000     
   4.2307692307692307E-003   1.5384615384615385E-003   1624.4997044682721        1.0000000000000000     
   4.2307692307692307E-003   1.9230769230769232E-003   1624.6666751309067        1.0000000000000000     
   4.2307692307692307E-003   2.3076923076923075E-003   1624.8195552811987        1.0000000000000000     
   4.2307692307692307E-003   2.6923076923076922E-003   1624.9596127299747        1.0000000000000000     
   4.2307692307692307E-003   3.0769230769230769E-003   1625.0882345788946        1.0000000000000000     
   4.2307692307692307E-003   3.4615384615384616E-003   1625.2068666049522        1.0000000000000000     
   4.2307692307692307E-003   3.8461538461538464E-003   1625.3169521892926        1.0000000000000000     
   4.2307692307692307E-003   4.2307692307692307E-003   1625.4198740905153        1.0000000000000000     
   4.2307692307692307E-003   4.6153846153846149E-003   1625.5169021248696        1.0000000000000000     
   4.2307692307692307E-003   5.0000000000000001E-003   1625.6091493946174        1.0000000000000000     
   4.2307692307692307E-003   5.3846153846153844E-003   1625.6975391313231        1.0000000000000000     
   4.2307692307692307E-003   5.7692307692307696E-003   1625.7827835353635        1.0000000000000000     
   4.2307692307692307E-003   6.1538461538461538E-003   1625.8653752488617        1.0000000000000000     
   4.2307692307692307E-003   6.5384615384615381E-003   1625.9455913568054        1.0000000000000000     
   4.2307692307692307E-003   6.9230769230769233E-003   1626.0235091334048        1.0000000000000000     
   4.2307692307692307E-003   7.3076923076923076E-003   1626.0990321953850        1.0000000000000000     
   4.2307692307692307E-003   7.6923076923076927E-003   1626.1719253274478        1.0000000000000000     
   4.2307692307692307E-003   8.0769230769230770E-003   1626.2418559992868        1.0000000000000000     
   4.2307692307692307E-003   8.4615384615384613E-003   1626.3084404163474        1.0000000000000000     
   4.2307692307692307E-003   8.8461538461538456E-003   1626.3712916702686        1.0000000000000000     
   4.2307692307692307E-003   9.2307692307692299E-003   1626.4300669769275        1.0000000000000000     
   4.2307692307692307E-003   9.6153846153846159E-003   1626.4845100485300        1.0000000000000000     

   4.6153846153846149E-003   3.8461538461538462E-004   1623.9344237341311        1.0000000000000000     
   4.6153846153846149E-003   7.6923076923076923E-004   1624.1493508618396        1.0000000000000000     
   4.6153846153846149E-003   1.1538461538461537E-003   1624.3477006150808        1.0000000000000000     
   4.6153846153846149E-003   1.5384615384615385E-003   1624.5300662407551        1.0000000000000000     
   4.6153846153846149E-003   1.9230769230769232E-003   1624.6973041961382        1.0000000000000000     
   4.6153846153846149E-003   2.3076923076923075E-003   1624.8504944749388        1.0000000000000000     
   4.6153846153846149E-003   2.6923076923076922E-003   1624.9908912640487        1.0000000000000000     
   4.6153846153846149E-003   3.0769230769230769E-003   1625.1198667130584        1.0000000000000000     
   4.6153846153846149E-003   3.4615384615384616E-003   1625.2388509572227        1.0000000000000000     
   4.6153846153846149E-003   3.8461538461538464E-003   1625.3492717025861        1.0000000000000000     
   4.6153846153846149E-003   4.2307692307692307E-003   1625.4524966485212        1.0000000000000000     
   4.6153846153846149E-003   4.6153846153846149E-003   1625.5497817920373        1.0000000000000000     
   4.6153846153846149E-003   5.0000000000000001E-003   1625.6422282467245        1.0000000000000000     
   4.6153846153846149E-003   5.3846153846153844E-003   1625.7307496464530        1.0000000000000000     
   4.6153846153846149E-003   5.7692307692307696E-003   1625.8160515302447        1.0000000000000000     
   4.6153846153846149E-003   6.1538461538461538E-003   1625.8986233686651        1.0000000000000000     
   4.6153846153846149E-003   6.5384615384615381E-003   1625.9787431476809        1.0000000000000000     
   4.6153846153846149E-003   6.9230769230769233E-003   1626.0564937266251        1.0000000000000000     
   4.6153846153846149E-003   7.3076923076923076E-003   1626.1317895787586        1.0000000000000000     
   4.6153846153846149E-003   7.6923076923076927E-003   1626.2044120335433        1.0000000000000000     
   4.6153846153846149E-003   8.0769230769230770E-003   1626.2740507662982        1.0000000000000000     
   4.6153846153846149E-003   8.4615384615384613E-003   1626.3403489817847        1.0000000000000000     
   4.6153846153846149E-003   8.8461538461538456E-003   1626.4029494409444        1.0000000000000000     
   4.6153846153846149E-003   9.2307692307692299E-003   1626.4615381239410        1.0000000000000000     
   4.6153846153846149E-003   9.6153846153846159E-003   1626.5158819465996        1.0000000000000000     

   5.0000000000000001E-003   3.8461538461538462E-004   1623.9647321596769        1.0000000000000000     
   5.0000000000000001E-003   7.6923076923076923E-004   1624.1797397568571        1.0000000000000000     
   5.0000000000000001E-003   1.1538461538461537E-003   1624.3782418712558        1.0000000000000000     
   5.0000000000000001E-003   1.5384615384615385E-003   1624.5608253300118        1.0000000000000000     
   5.0000000000000001E-003   1.9230769230769232E-003   1624.7283373292444        1.0000000000000000     
   5.0000000000000001E-003   2.3076923076923075E-003   1624.8818461878266        1.0000000000000000     
   5.0000000000000001E-003   2.6923076923076922E-003   1625.0225925385166        1.0000000000000000     
   5.0000000000000001E-003   3.0769230769230769E-003   1625.1519337111424        1.0000000000000000     
   5.0000000000000001E-003   3.4615384615384616E-003   1625.2712844186399        1.0000000000000000     
   5.0000000000000001E-003   3.8461538461538464E-003   1625.3820570247426        1.0000000000000000     
   5.0000000000000001E-003   4.2307692307692307E-003   1625.4856046413311        1.0000000000000000     
   5.0000000000000001E-003   4.6153846153846149E-003   1625.5831700776773        1.0000000000000000     
   5.0000000000000001E-003   5.0000000000000001E-003   1625.6758432594597        1.0000000000000000     
   5.0000000000000001E-003   5.3846153846153844E-003   1625.7645291807446        1.0000000000000000     
   5.0000000000000001E-003   5.7692307692307696E-003   1625.8499277853834        1.0000000000000000     
   5.0000000000000001E-003   6.1538461538461538E-003   1625.9325264412141        1.0000000000000000     
   5.0000000000000001E-003   6.5384615384615381E-003   1626.0126049207290        1.0000000000000000     
   5.0000000000000001E-003   6.9230769230769233E-003   1626.0902520839049        1.0000000000000000     
   5.0000000000000001E-003   7.3076923076923076E-003   1626.1653928145731        1.0000000000000000     
   5.0000000000000001E-003   7.6923076923076927E-003   1626.2378232190335        1.0000000000000000     
   5.0000000000000001E-003   8.0769230769230770E-003   1626.3072516634966        1.0000000000000000     
   5.0000000000000001E-003   8.4615384615384613E-003   1626.3733428942655        1.0000000000000000     
   5.0000000000000001E-003   8.8461538461538456E-003   1626.4357622300784        1.0000000000000000     
   5.0000000000000001E-003   9.2307692307692299E-003   1626.4942166343053        1.0000000000000000     
   5.0000000000000001E-003   9.6153846153846159E-003   1626.5484894136659        1.0000000000000000     

   5.3846153846153844E-003   3.8461538461538462E-004   1623.9955511385162        1.0000000000000000     
   5.3846153846153844E-003   7.6923076923076923E-004   1624.2106397528057        1.0000000000000000     
   5.3846153846153844E-003   1.1538461538461537E-003   1624.4092952740612        1.0000000000000000     
   5.3846153846153844E-003   1.5384615384615385E-003   1624.5920981995441        1.0000000000000000     
   5.3846153846153844E-003   1.9230769230769232E-003   1624.7598866028577        1.0000000000000000     
   5.3846153846153844E-003   2.3076923076923075E-003   1624.9137173202998        1.0000000000000000     
   5.3846153846153844E-003   2.6923076923076922E-003   1625.0548176826476        1.0000000000000000     
   5.3846153846153844E-003   3.0769230769230769E-003   1625.1845305194925        1.0000000000000000     
   5.3846153846153844E-003   3.4615384615384616E-003   1625.3042555164502        1.0000000000000000     
   5.3846153846153844E-003   3.8461538461538464E-003   1625.4153901729198        1.0000000000000000     
   5.3846153846153844E-003   4.2307692307692307E-003   1625.5192735790588        1.0000000000000000     
   5.3846153846153844E-003   4.6153846153846149E-003   1625.6171360085875        1.0000000000000000     
   5.3846153846153844E-003   5.0000000000000001E-003   1625.7100569250558        1.0000000000000000     
   5.3846153846153844E-003   5.3846153846153844E-003   1625.7989334502149        1.0000000000000000     
   5.3846153846153844E-003   5.7692307692307696E-003   1625.8844606810574        1.0000000000000000     
   5.3846153846153844E-003   6.1538461538461538E-003   1625.9671245104998        1.0000000000000000     
   5.3846153846153844E-003   6.5384615384615381E-003   1626.0472068526658        1.0000000000000000     
   5.3846153846153844E-003   6.9230769230769233E-003   1626.1248024436059        1.0000000000000000     
   5.3846153846153844E-003   7.3076923076923076E-003   1626.1998457232876        1.0000000000000000     
   5.3846153846153844E-003   7.6923076923076927E-003   1626.2721457361981        1.0000000000000000     
   5.3846153846153844E-003   8.0769230769230770E-003   1626.3414265351237        1.0000000000000000     
   5.3846153846153844E-003   8.4615384615384613E-003   1626.4073702432497        1.0000000000000000     
   5.3846153846153844E-003   8.8461538461538456E-003   1626.4696597269999        1.0000000000000000     
   5.3846153846153844E-003   9.2307692307692299E-003   1626.5280177676955        1.0000000000000000     
   5.3846153846153844E-003   9.6153846153846159E-003   1626.5822397291790        1.0000000000000000     

   5.7692307692307696E-003   3.8461538461538462E-004   1624.0258070449686        1.0000000000000000     
   5.7692307692307696E-003   7.6923076923076923E-004   1624.2409758054425        1.0000000000000000     
   5.7692307692307696E-003   1.1538461538461537E-003   1624.4397831756485        1.0000000000000000     
   5.7692307692307696E-003   1.5384615384615385E-003   1624.6228035014224        1.0000000000000000     
   5.7692307692307696E-003   1.9230769230769232E-003   1624.7908659980485        1.0000000000000000     
   5.7692307692307696E-003   2.3076923076923075E-003   1624.9450163654531        1.0000000000000000     
   5.7692307692307696E-003   2.6923076923076922E-003   1625.0864690557812        1.0000000000000000     
   5.7692307692307696E-003   3.0769230769230769E-003   1625.2165528930650        1.0000000000000000     
   5.7692307692307696E-003   3.4615384615384616E-003   1625.3366530945618        1.0000000000000000     
   5.7692307692307696E-003   3.8461538461538464E-003   1625.4481529096363        1.0000000000000000     
   5.7692307692307696E-003   4.2307692307692307E-003   1625.5523780640315        1.0000000000000000     
   5.7692307692307696E-003   4.6153846153846149E-003   1625.6505469781623        1.0000000000000000     
   5.7692307692307696E-003   5.0000000000000001E-003   1625.7437293331993        1.0000000000000000     
   5.7692307692307696E-003   5.3846153846153844E-003   1625.8328150142031        1.0000000000000000     
   5.7692307692307696E-003   5.7692307692307696E-003   1625.9184948013985        1.0000000000000000     
   5.7692307692307696E-003   6.1538461538461538E-003   1626.0012534507432        1.0000000000000000     
   5.7692307692307696E-003   6.5384615384615381E-003   1626.0813750492978        1.0000000000000000     
   5.7692307692307696E-003   6.9230769230769233E-003   1626.1589597949671        1.0000000000000000     
   5.7692307692307696E-003   7.3076923076923076E-003   1626.2339506760582        1.0000000000000000     
   5.7692307692307696E-003   7.6923076923076927E-003   1626.3061679484947        1.0000000000000000     
   5.7692307692307696E-003   8.0769230769230770E-003   1626.3753488538327        1.0000000000000000     
   5.7692307692307696E-003   8.4615384615384613E-003   1626.4411897072741        1.0000000000000000     
   5.7692307692307696E-003   8.8461538461538456E-003   1626.5033873253951        1.0000000000000000     
   5.7692307692307696E-003   9.2307692307692299E-003   1626.5616767727631        1.0000000000000000     
   5.7692307692307696E-003   9.6153846153846159E-003   1626.6158626058152        1.0000000000000000     

   6.1538461538461538E-003   3.8461538461538462E-004   1624.0532731959220        1.0000000000000000     
   6.1538461538461538E-003   7.6923076923076923E-004   1624.2685196237605        1.0000000000000000     
   6.1538461538461538E-003   1.1538461538461537E-003   1624.4674745019629        1.0000000000000000     
   6.1538461538461538E-003   1.5384615384615385E-003   1624.6507062867661        1.0000000000000000     
   6.1538461538461538E-003   1.9230769230769232E-003   1624.8190357174969        1.0000000000000000     
   6.1538461538461538E-003   2.3076923076923075E-003   1624.9734978486672        1.0000000000000000     
   6.1538461538461538E-003   2.6923076923076922E-003   1625.1152948380986        1.0000000000000000     
   6.1538461538461538E-003   3.0769230769230769E-003   1625.2457421638890        1.0000000000000000     
   6.1538461538461538E-003   3.4615384615384616E-003   1625.3662112893410        1.0000000000000000     
   6.1538461538461538E-003   3.8461538461538464E-003   1625.4780719598862        1.0000000000000000     
   6.1538461538461538E-003   4.2307692307692307E-003   1625.5826372884567        1.0000000000000000     
   6.1538461538461538E-003   4.6153846153846149E-003   1625.6811145688150        1.0000000000000000     
   6.1538461538461538E-003   5.0000000000000001E-003   1625.7745643647731        1.0000000000000000     
   6.1538461538461538E-003   5.3846153846153844E-003   1625.8638698828333        1.0000000000000000     
   6.1538461538461538E-003   5.7692307692307696E-003   1625.9497179812563        1.0000000000000000     
   6.1538461538461538E-003   6.1538461538461538E-003   1626.0325924414367        1.0000000000000000     
   6.1538461538461538E-003   6.5384615384615381E-003   1626.1127793726466        1.0000000000000000     
   6.1538461538461538E-003   6.9230769230769233E-003   1626.1903838845094        1.0000000000000000     
   6.1538461538461538E-003   7.3076923076923076E-003   1626.2653564857592        1.0000000000000000     
   6.1538461538461538E-003   7.6923076923076927E-003   1626.3375270903393        1.0000000000000000     
   6.1538461538461538E-003   8.0769230769230770E-003   1626.4066440633474        1.0000000000000000     
   6.1538461538461538E-003   8.4615384615384613E-003   1626.4724154425098        1.0000000000000000     
   6.1538461538461538E-003   8.8461538461538456E-003   1626.5345493432001        1.0000000000000000     
   6.1538461538461538E-003   9.2307692307692299E-003   1626.5927906092525        1.0000000000000000     
   6.1538461538461538E-003   9.6153846153846159E-003   1626.6469510179709        1.0000000000000000     

   6.5384615384615381E-003   3.8461538461538462E-004   1624.0746868472045        1.0000000000000000     
   6.5384615384615381E-003   7.6923076923076923E-004   1624.2900067101275        1.0000000000000000     
   6.5384615384615381E-003   1.1538461538461537E-003   1624.4891018597486        1.0000000000000000     
   6.5384615384615381E-003   1.5384615384615385E-003   1624.6725352024948        1.0000000000000000     
   6.5384615384615381E-003   1.9230769230769232E-003   1624.8411194945861        1.0000000000000000     
   6.5384615384615381E-003   2.3076923076923075E-003   1624.9958797715694        1.0000000000000000     
   6.5384615384615381E-003   2.6923076923076922E-003   1625.1380066322372        1.0000000000000000     
   6.5384615384615381E-003   3.0769230769230769E-003   1625.2688030238949        1.0000000000000000     
   6.5384615384615381E-003   3.4615384615384616E-003   1625.3896275184920        1.0000000000000000     
   6.5384615384615381E-003   3.8461538461538464E-003   1625.5018372325069        1.0000000000000000     
   6.5384615384615381E-003   4.2307692307692307E-003   1625.6067335160769        1.0000000000000000     
   6.5384615384615381E-003   4.6153846153846149E-003   1625.7055133216659        1.0000000000000000     
   6.5384615384615381E-003   5.0000000000000001E-003   1625.7992287740226        1.0000000000000000     
   6.5384615384615381E-003   5.3846153846153844E-003   1625.8887569265542        1.0000000000000000     
   6.5384615384615381E-003   5.7692307692307696E-003   1625.9747810386903        1.0000000000000000     
   6.5384615384615381E-003   6.1538461538461538E-003   1626.0577839853274        1.0000000000000000     
   6.5384615384615381E-003   6.5384615384615381E-003   1626.1380536576216        1.0000000000000000     
   6.5384615384615381E-003   6.9230769230769233E-003   1626.2156994801960        1.0000000000000000     
   6.5384615384615381E-003   7.3076923076923076E-003   1626.2906784966503        1.0000000000000000     
   6.5384615384615381E-003   7.6923076923076927E-003   1626.3628289024859        1.0000000000000000     
   6.5384615384615381E-003   8.0769230769230770E-003   1626.4319084645936        1.0000000000000000     
   6.5384615384615381E-003   8.4615384615384613E-003   1626.4976349848141        1.0000000000000000     
   6.5384615384615381E-003   8.8461538461538456E-003   1626.5597258593862        1.0000000000000000     
   6.5384615384615381E-003   9.2307692307692299E-003   1626.6179338668928        1.0000000000000000     
   6.5384615384615381E-003   9.6153846153846159E-003   1626.6720765873793        1.0000000000000000     

   6.9230769230769233E-003   3.8461538461538462E-004   1624.0859322249901        1.0000000000000000     
   6.9230769230769233E-003   7.6923076923076923E-004   1624.3013194455657        1.0000000000000000     
   6.9230769230769233E-003   1.1538461538461537E-003   1624.5005446973603        1.0000000000000000     
   6.9230769230769233E-003   1.5384615384615385E-003   1624.6841657489458        1.0000000000000000     
   6.9230769230769233E-003   1.9230769230769232E-003   1624.8529879687014        1.0000000000000000     
   6.9230769230769233E-003   2.3076923076923075E-003   1625.0080271254553        1.0000000000000000     
   6.9230769230769233E-003   2.6923076923076922E-003   1625.1504631349585        1.0000000000000000     
   6.9230769230769233E-003   3.0769230769230769E-003   1625.2815873747370        1.0000000000000000     
   6.9230769230769233E-003   3.4615384615384616E-003   1625.4027465287584        1.0000000000000000     
   6.9230769230769233E-003   3.8461538461538464E-003   1625.5152860850965        1.0000000000000000     
   6.9230769230769233E-003   4.2307692307692307E-003   1625.6204965823920        1.0000000000000000     
   6.9230769230769233E-003   4.6153846153846149E-003   1625.7195654872044        1.0000000000000000     
   6.9230769230769233E-003   5.0000000000000001E-003   1625.8135371986355        1.0000000000000000     
   6.9230769230769233E-003   5.3846153846153844E-003   1625.9032831435691        1.0000000000000000     
   6.9230769230769233E-003   5.7692307692307696E-003   1625.9894832796081        1.0000000000000000     
   6.9230769230769233E-003   6.1538461538461538E-003   1626.0726196035419        1.0000000000000000     
   6.9230769230769233E-003   6.5384615384615381E-003   1626.1529815157460        1.0000000000000000     
   6.9230769230769233E-003   6.9230769230769233E-003   1626.2306821610036        1.0000000000000000     
   6.9230769230769233E-003   7.3076923076923076E-003   1626.3056841980588        1.0000000000000000     
   6.9230769230769233E-003   7.6923076923076927E-003   1626.3778328837054        1.0000000000000000     
   6.9230769230769233E-003   8.0769230769230770E-003   1626.4468939261787        1.0000000000000000     
   6.9230769230769233E-003   8.4615384615384613E-003   1626.5125932929450        1.0000000000000000     
   6.9230769230769233E-003   8.8461538461538456E-003   1626.5746560671948        1.0000000000000000     
   6.9230769230769233E-003   9.2307692307692299E-003   1626.6328415435480        1.0000000000000000     
   6.9230769230769233E-003   9.6153846153846159E-003   1626.6869720353131        1.0000000000000000     

   7.3076923076923076E-003   3.8461538461538462E-004   1624.0822784877791        1.0000000000000000     
   7.3076923076923076E-003   7.6923076923076923E-004   1624.2977251132475        1.0000000000000000     
   7.3076923076923076E-003   1.1538461538461537E-003   1624.4970674094027        1.0000000000000000     
   7.3076923076923076E-003   1.5384615384615385E-003   1624.6808584848759        1.0000000000000000     
   7.3076923076923076E-003   1.9230769230769232E-003   1624.8498970091857        1.0000000000000000     
   7.3076923076923076E-003   2.3076923076923075E-003   1625.0051903520937        1.0000000000000000     
   7.3076923076923076E-003   2.6923076923076922E-003   1625.1479087518776        1.0000000000000000     
   7.3076923076923076E-003   3.0769230769230769E-003   1625.2793331125849        1.0000000000000000     
   7.3076923076923076E-003   3.4615384615384616E-003   1625.4007993657372        1.0000000000000000     
   7.3076923076923076E-003   3.8461538461538464E-003   1625.5136424920674        1.0000000000000000     
   7.3076923076923076E-003   4.2307692307692307E-003   1625.6191432714761        1.0000000000000000     
   7.3076923076923076E-003   4.6153846153846149E-003   1625.7184806170067        1.0000000000000000     
   7.3076923076923076E-003   5.0000000000000001E-003   1625.8126919654881        1.0000000000000000     
   7.3076923076923076E-003   5.3846153846153844E-003   1625.9026436680604        1.0000000000000000     
   7.3076923076923076E-003   5.7692307692307696E-003   1625.9890126817281        1.0000000000000000     
   7.3076923076923076E-003   6.1538461538461538E-003   1626.0722801485172        1.0000000000000000     
   7.3076923076923076E-003   6.5384615384615381E-003   1626.1527367063047        1.0000000000000000     
   7.3076923076923076E-003   6.9230769230769233E-003   1626.2304986506979        1.0000000000000000     
   7.3076923076923076E-003   7.3076923076923076E-003   1626.3055334049029        1.0000000000000000     
   7.3076923076923076E-003   7.6923076923076927E-003   1626.3776921946690        1.0000000000000000     
   7.3076923076923076E-003   8.0769230769230770E-003   1626.4467474022406        1.0000000000000000     
   7.3076923076923076E-003   8.4615384615384613E-003   1626.5124318128326        1.0000000000000000     
   7.3076923076923076E-003   8.8461538461538456E-003   1626.5744768861682        1.0000000000000000     
   7.3076923076923076E-003   9.2307692307692299E-003   1626.6326472907735        1.0000000000000000     
   7.3076923076923076E-003   9.6153846153846159E-003   1626.6867692256810        1.0000000000000000     

   7.6923076923076927E-003   3.8461538461538462E-004   1624.0586580117060        1.0000000000000000     
   7.6923076923076927E-003   7.6923076923076923E-004   1624.2741542500555        1.0000000000000000     
   7.6923076923076927E-003   1.1538461538461537E-003   1624.4735977718399        1.0000000000000000     
   7.6923076923076927E-003   1.5384615384615385E-003   1624.6575375629059        1.0000000000000000     
   7.6923076923076927E-003   1.9230769230769232E-003   1624.8267663672138        1.0000000000000000     
   7.6923076923076927E-003   2.3076923076923075E-003   1624.9822841271828        1.0000000000000000     
   7.6923076923076927E-003   2.6923076923076922E-003   1625.1252525265143        1.0000000000000000     
   7.6923076923076927E-003   3.0769230769230769E-003   1625.2569432153839        1.0000000000000000     
   7.6923076923076927E-003   3.4615384615384616E-003   1625.3786826301484        1.0000000000000000     
   7.6923076923076927E-003   3.8461538461538464E-003   1625.4917964783183        1.0000000000000000     
   7.6923076923076927E-003   4.2307692307692307E-003   1625.5975569320694        1.0000000000000000     
   7.6923076923076927E-003   4.6153846153846149E-003   1625.6971353624024        1.0000000000000000     
   7.6923076923076927E-003   5.0000000000000001E-003   1625.7915630652662        1.0000000000000000     
   7.6923076923076927E-003   5.3846153846153844E-003   1625.8817019048677        1.0000000000000000     
   7.6923076923076927E-003   5.7692307692307696E-003   1625.9682261614141        1.0000000000000000     
   7.6923076923076927E-003   6.1538461538461538E-003   1626.0516161605908        1.0000000000000000     
   7.6923076923076927E-003   6.5384615384615381E-003   1626.1321635245536        1.0000000000000000     
   7.6923076923076927E-003   6.9230769230769233E-003   1626.2099871649073        1.0000000000000000     
   7.6923076923076927E-003   7.3076923076923076E-003   1626.2850584813757        1.0000000000000000     
   7.6923076923076927E-003   7.6923076923076927E-003   1626.3572336762224        1.0000000000000000     
   7.6923076923076927E-003   8.0769230769230770E-003   1626.4262906779420        1.0000000000000000     
   7.6923076923076927E-003   8.4615384615384613E-003   1626.4919679142513        1.0000000000000000     
   7.6923076923076927E-003   8.8461538461538456E-003   1626.5540020999661        1.0000000000000000     
   7.6923076923076927E-003   9.2307692307692299E-003   1626.6121623153851        1.0000000000000000     
   7.6923076923076927E-003   9.6153846153846159E-003   1626.6662779398280        1.0000000000000000     

   8.0769230769230770E-003   3.8461538461538462E-004   1624.0099677985506        1.0000000000000000     
   8.0769230769230770E-003   7.6923076923076923E-004   1624.2255021224280        1.0000000000000000     
   8.0769230769230770E-003   1.1538461538461537E-003   1624.4250285004571        1.0000000000000000     
   8.0769230769230770E-003   1.5384615384615385E-003   1624.6090923848733        1.0000000000000000     
   8.0769230769230770E-003   1.9230769230769232E-003   1624.7784814415111        1.0000000000000000     
   8.0769230769230770E-003   2.3076923076923075E-003   1624.9341892488981        1.0000000000000000     
   8.0769230769230770E-003   2.6923076923076922E-003   1625.0773701628193        1.0000000000000000     
   8.0769230769230770E-003   3.0769230769230769E-003   1625.2092879088641        1.0000000000000000     
   8.0769230769230770E-003   3.4615384615384616E-003   1625.3312607947760        1.0000000000000000     
   8.0769230769230770E-003   3.8461538461538464E-003   1625.4446065918664        1.0000000000000000     
   8.0769230769230770E-003   4.2307692307692307E-003   1625.5505901071222        1.0000000000000000     
   8.0769230769230770E-003   4.6153846153846149E-003   1625.6503762575635        1.0000000000000000     
   8.0769230769230770E-003   5.0000000000000001E-003   1625.7449910796918        1.0000000000000000     
   8.0769230769230770E-003   5.3846153846153844E-003   1625.8352925838547        1.0000000000000000     
   8.0769230769230770E-003   5.7692307692307696E-003   1625.9219527290679        1.0000000000000000     
   8.0769230769230770E-003   6.1538461538461538E-003   1626.0054510881519        1.0000000000000000     
   8.0769230769230770E-003   6.5384615384615381E-003   1626.0860800402845        1.0000000000000000     
   8.0769230769230770E-003   6.9230769230769233E-003   1626.1639606136250        1.0000000000000000     
   8.0769230769230770E-003   7.3076923076923076E-003   1626.2390674491471        1.0000000000000000     
   8.0769230769230770E-003   7.6923076923076927E-003   1626.3112608085037        1.0000000000000000     
   8.0769230769230770E-003   8.0769230769230770E-003   1626.3803231375698        1.0000000000000000     
   8.0769230769230770E-003   8.4615384615384613E-003   1626.4459974488786        1.0000000000000000     
   8.0769230769230770E-003   8.8461538461538456E-003   1626.5080247160365        1.0000000000000000     
   8.0769230769230770E-003   9.2307692307692299E-003   1626.5661775858994        1.0000000000000000     
   8.0769230769230770E-003   9.6153846153846159E-003   1626.6202880036915        1.0000000000000000     

   8.4615384615384613E-003   3.8461538461538462E-004   1623.9313752905448        1.0000000000000000     
   8.4615384615384613E-003   7.6923076923076923E-004   1624.1469346072342        1.0000000000000000     
   8.4615384615384613E-003   1.1538461538461537E-003   1624.3465232100943        1.0000000000000000     
   8.4615384615384613E-003   1.5384615384615385E-003   1624.5306836511945        1.0000000000000000     
   8.4615384615384613E-003   1.9230769230769232E-003   1624.7001994288414        1.0000000000000000     
   8.4615384615384613E-003   2.3076923076923075E-003   1624.8560588994198        1.0000000000000000     
   8.4615384615384613E-003   2.6923076923076922E-003   1624.9994104063517        1.0000000000000000     
   8.4615384615384613E-003   3.0769230769230769E-003   1625.1315111742906        1.0000000000000000     
   8.4615384615384613E-003   3.4615384615384616E-003   1625.2536728436105        1.0000000000000000     
   8.4615384615384613E-003   3.8461538461538464E-003   1625.3672066766023        1.0000000000000000     
   8.4615384615384613E-003   4.2307692307692307E-003   1625.4733714391200        1.0000000000000000     
   8.4615384615384613E-003   4.6153846153846149E-003   1625.5733267522162        1.0000000000000000     
   8.4615384615384613E-003   5.0000000000000001E-003   1625.6680943314127        1.0000000000000000     
   8.4615384615384613E-003   5.3846153846153844E-003   1625.7585290108177        1.0000000000000000     
   8.4615384615384613E-003   5.7692307692307696E-003   1625.8453008181757        1.0000000000000000     
   8.4615384615384613E-003   6.1538461538461538E-003   1625.9288886650547        1.0000000000000000     
   8.4615384615384613E-003   6.5384615384615381E-003   1626.0095854875667        1.0000000000000000     
   8.4615384615384613E-003   6.9230769230769233E-003   1626.0875139629188        1.0000000000000000     
   8.4615384615384613E-003   7.3076923076923076E-003   1626.1626512799030        1.0000000000000000     
   8.4615384615384613E-003   7.6923076923076927E-003   1626.2348608975085        1.0000000000000000     
   8.4615384615384613E-003   8.0769230769230770E-003   1626.3039288187574        1.0000000000000000     
   8.4615384615384613E-003   8.4615384615384613E-003   1626.3696016621720        1.0000000000000000     
   8.4615384615384613E-003   8.8461538461538456E-003   1626.4316237458661        1.0000000000000000     
   8.4615384615384613E-003   9.2307692307692299E-003   1626.4897705134147        1.0000000000000000     
   8.4615384615384613E-003   9.6153846153846159E-003   1626.5438759196268        1.0000000000000000     

   8.8461538461538456E-003   3.8461538461538462E-004   1623.8186095393119        1.0000000000000000     
   8.8461538461538456E-003   7.6923076923076923E-004   1624.0341794217968        1.0000000000000000     
   8.8461538461538456E-003   1.1538461538461537E-003   1624.2338077156196        1.0000000000000000     
   8.8461538461538456E-003   1.5384615384615385E-003   1624.4180347421529        1.0000000000000000     
   8.8461538461538456E-003   1.9230769230769232E-003   1624.5876407942585        1.0000000000000000     
   8.8461538461538456E-003   2.3076923076923075E-003   1624.7436102118479        1.0000000000000000     
   8.8461538461538456E-003   2.6923076923076922E-003   1624.8870867142534        1.0000000000000000     
   8.8461538461538456E-003   3.0769230769230769E-003   1625.0193225263627        1.0000000000000000     
   8.8461538461538456E-003   3.4615384615384616E-003   1625.1416241606173        1.0000000000000000     
   8.8461538461538456E-003   3.8461538461538464E-003   1625.2552978725130        1.0000000000000000     
   8.8461538461538456E-003   4.2307692307692307E-003   1625.3615977794652        1.0000000000000000     
   8.8461538461538456E-003   4.6153846153846149E-003   1625.4616794244894        1.0000000000000000     
   8.8461538461538456E-003   5.0000000000000001E-003   1625.5565611906279        1.0000000000000000     
   8.8461538461538456E-003   5.3846153846153844E-003   1625.6470954536521        1.0000000000000000     
   8.8461538461538456E-003   5.7692307692307696E-003   1625.7339507320437        1.0000000000000000     
   8.8461538461538456E-003   6.1538461538461538E-003   1625.8176053942839        1.0000000000000000     
   8.8461538461538456E-003   6.5384615384615381E-003   1625.8983527579189        1.0000000000000000     
   8.8461538461538456E-003   6.9230769230769233E-003   1625.9763167081132        1.0000000000000000     
   8.8461538461538456E-003   7.3076923076923076E-003   1626.0514763196586        1.0000000000000000     
   8.8461538461538456E-003   7.6923076923076927E-003   1626.1236974257267        1.0000000000000000     
   8.8461538461538456E-003   8.0769230769230770E-003   1626.1927686726758        1.0000000000000000     
   8.8461538461538456E-003   8.4615384615384613E-003   1626.2584393579800        1.0000000000000000     
   8.8461538461538456E-003   8.8461538461538456E-003   1626.3204562827868        1.0000000000000000     
   8.8461538461538456E-003   9.2307692307692299E-003   1626.3785969654061        1.0000000000000000     
   8.8461538461538456E-003   9.6153846153846159E-003   1626.4326968504456        1.0000000000000000     

   9.2307692307692299E-003   3.8461538461538462E-004   1623.6682195441870        1.0000000000000000     
   9.2307692307692299E-003   7.6923076923076923E-004   1623.8837845152279        1.0000000000000000     
   9.2307692307692299E-003   1.1538461538461537E-003   1624.0834284838734        1.0000000000000000     
   9.2307692307692299E-003   1.5384615384615385E-003   1624.2676902376538        1.0000000000000000     
   9.2307692307692299E-003   1.9230769230769232E-003   1624.4373478652067        1.0000000000000000     
   9.2307692307692299E-003   2.3076923076923075E-003   1624.5933829443297        1.0000000000000000     
   9.2307692307692299E-003   2.6923076923076922E-003   1624.7369360140278        1.0000000000000000     
   9.2307692307692299E-003   3.0769230769230769E-003   1624.8692558598980        1.0000000000000000     
   9.2307692307692299E-003   3.4615384615384616E-003   1624.9916454659626        1.0000000000000000     
   9.2307692307692299E-003   3.8461538461538464E-003   1625.1054076411103        1.0000000000000000     
   9.2307692307692299E-003   4.2307692307692307E-003   1625.2117933004681        1.0000000000000000     
   9.2307692307692299E-003   4.6153846153846149E-003   1625.3119551741247        1.0000000000000000     
   9.2307692307692299E-003   5.0000000000000001E-003   1625.4069093410990        1.0000000000000000     
   9.2307692307692299E-003   5.3846153846153844E-003   1625.4975064695011        1.0000000000000000     
   9.2307692307692299E-003   5.7692307692307696E-003   1625.5844140170623        1.0000000000000000     
   9.2307692307692299E-003   6.1538461538461538E-003   1625.6681099493428        1.0000000000000000     
   9.2307692307692299E-003   6.5384615384615381E-003   1625.7488878095974        1.0000000000000000     
   9.2307692307692299E-003   6.9230769230769233E-003   1625.8268722698874        1.0000000000000000     
   9.2307692307692299E-003   7.3076923076923076E-003   1625.9020436516103        1.0000000000000000     
   9.2307692307692299E-003   7.6923076923076927E-003   1625.9742693651729        1.0000000000000000     
   9.2307692307692299E-003   8.0769230769230770E-003   1626.0433398165724        1.0000000000000000     
   9.2307692307692299E-003   8.4615384615384613E-003   1626.1090060879928        1.0000000000000000     
   9.2307692307692299E-003   8.8461538461538456E-003   1626.1710166350165        1.0000000000000000     
   9.2307692307692299E-003   9.2307692307692299E-003   1626.2291503581805        1.0000000000000000     
   9.2307692307692299E-003   9.6153846153846159E-003   1626.2832436944225        1.0000000000000000     

   9.6153846153846159E-003   3.8461538461538462E-004   1623.4777835907375        1.0000000000000000     
   9.6153846153846159E-003   7.6923076923076923E-004   1623.6933274492903        1.0000000000000000     
   9.6153846153846159E-003   1.1538461538461537E-003   1623.8929620623751        1.0000000000000000     
   9.6153846153846159E-003   1.5384615384615385E-003   1624.0772253989353        1.0000000000000000     
   9.6153846153846159E-003   1.9230769230769232E-003   1624.2468943709407        1.0000000000000000     
   9.6153846153846159E-003   2.3076923076923075E-003   1624.4029490811822        1.0000000000000000     
   9.6153846153846159E-003   2.6923076923076922E-003   1624.5465283695055        1.0000000000000000     
   9.6153846153846159E-003   3.0769230769230769E-003   1624.6788791827312        1.0000000000000000     
   9.6153846153846159E-003   3.4615384615384616E-003   1624.8013026166407        1.0000000000000000     
   9.6153846153846159E-003   3.8461538461538464E-003   1624.9150996330995        1.0000000000000000     
   9.6153846153846159E-003   4.2307692307692307E-003   1625.0215194276057        1.0000000000000000     
   9.6153846153846159E-003   4.6153846153846149E-003   1625.1217132148681        1.0000000000000000     
   9.6153846153846159E-003   5.0000000000000001E-003   1625.2166958260834        1.0000000000000000     
   9.6153846153846159E-003   5.3846153846153844E-003   1625.3073169953395        1.0000000000000000     
   9.6153846153846159E-003   5.7692307692307696E-003   1625.3942435868685        1.0000000000000000     
   9.6153846153846159E-003   6.1538461538461538E-003   1625.4779533190192        1.0000000000000000     
   9.6153846153846159E-003   6.5384615384615381E-003   1625.5587398187577        1.0000000000000000     
   9.6153846153846159E-003   6.9230769230769233E-003   1625.6367281373564        1.0000000000000000     
   9.6153846153846159E-003   7.3076923076923076E-003   1625.7118992177382        1.0000000000000000     
   9.6153846153846159E-003   7.6923076923076927E-003   1625.7841212666733        1.0000000000000000     
   9.6153846153846159E-003   8.0769230769230770E-003   1625.8531855840754        1.0000000000000000     
   9.6153846153846159E-003   8.4615384615384613E-003   1625.9188441617869        1.0000000000000000     
   9.6153846153846159E-003   8.8461538461538456E-003   1625.9808463002275        1.0000000000000000     
   9.6153846153846159E-003   9.2307692307692299E-003   1626.0389716065104        1.0000000000000000     
   9.6153846153846159E-003   9.6153846153846159E-003   1626.0930570251396        1.0000000000000000     

