   3.8461538461538462E-004   3.8461538461538462E-004   895.31432660044106        1.0000000000000000     
   3.8461538461538462E-004   7.6923076923076923E-004   895.30612918997815        1.0000000000000000     
   3.8461538461538462E-004   1.1538461538461537E-003   895.29879811228136        1.0000000000000000     
   3.8461538461538462E-004   1.5384615384615385E-003   895.29232849342793        1.0000000000000000     
   3.8461538461538462E-004   1.9230769230769232E-003   895.28637756959199        1.0000000000000000     
   3.8461538461538462E-004   2.3076923076923075E-003   895.28109790662893        1.0000000000000000     
   3.8461538461538462E-004   2.6923076923076922E-003   895.27647788560614        1.0000000000000000     
   3.8461538461538462E-004   3.0769230769230769E-003   895.27257592810031        1.0000000000000000     
   3.8461538461538462E-004   3.4615384615384616E-003   895.26938702585960        1.0000000000000000     
   3.8461538461538462E-004   3.8461538461538464E-003   895.26690899633149        1.0000000000000000     
   3.8461538461538462E-004   4.2307692307692307E-003   895.26514016490239        1.0000000000000000     
   3.8461538461538462E-004   4.6153846153846149E-003   895.26407934146789        1.0000000000000000     
   3.8461538461538462E-004   5.0000000000000001E-003   895.26372581289138        1.0000000000000000     
   3.8461538461538462E-004   5.3846153846153844E-003   895.26407934146778        1.0000000000000000     
   3.8461538461538462E-004   5.7692307692307696E-003   895.26514016490171        1.0000000000000000     
   3.8461538461538462E-004   6.1538461538461538E-003   895.26690899633081        1.0000000000000000     
   3.8461538461538462E-004   6.5384615384615381E-003   895.26938702585960        1.0000000000000000     
   3.8461538461538462E-004   6.9230769230769233E-003   895.27257592810065        1.0000000000000000     
   3.8461538461538462E-004   7.3076923076923076E-003   895.27647788560614        1.0000000000000000     
   3.8461538461538462E-004   7.6923076923076927E-003   895.28109790662916        1.0000000000000000     
   3.8461538461538462E-004   8.0769230769230770E-003   895.28637756959199        1.0000000000000000     
   3.8461538461538462E-004   8.4615384615384613E-003   895.29232849342793        1.0000000000000000     
   3.8461538461538462E-004   8.8461538461538456E-003   895.29879811228102        1.0000000000000000     
   3.8461538461538462E-004   9.2307692307692299E-003   895.30612918997747        1.0000000000000000     
   3.8461538461538462E-004   9.6153846153846159E-003   895.31432660044129        1.0000000000000000     

   7.6923076923076923E-004   3.8461538461538462E-004   940.41346537706920        1.0000000000000000     
   7.6923076923076923E-004   7.6923076923076923E-004   940.39755520424637        1.0000000000000000     
   7.6923076923076923E-004   1.1538461538461537E-003   940.38313896812042        1.0000000000000000     
   7.6923076923076923E-004   1.5384615384615385E-003   940.36986423106350        1.0000000000000000     
   7.6923076923076923E-004   1.9230769230769232E-003   940.35824630482807        1.0000000000000000     
   7.6923076923076923E-004   2.3076923076923075E-003   940.34767851363824        1.0000000000000000     
   7.6923076923076923E-004   2.6923076923076922E-003   940.33849162784031        1.0000000000000000     
   7.6923076923076923E-004   3.0769230769230769E-003   940.33073057652041        1.0000000000000000     
   7.6923076923076923E-004   3.4615384615384616E-003   940.32438767662074        1.0000000000000000     
   7.6923076923076923E-004   3.8461538461538464E-003   940.31945867645459        1.0000000000000000     
   7.6923076923076923E-004   4.2307692307692307E-003   940.31594029780388        1.0000000000000000     
   7.6923076923076923E-004   4.6153846153846149E-003   940.31383020511930        1.0000000000000000     
   7.6923076923076923E-004   5.0000000000000001E-003   940.31312699673731        1.0000000000000000     
   7.6923076923076923E-004   5.3846153846153844E-003   940.31383020511873        1.0000000000000000     
   7.6923076923076923E-004   5.7692307692307696E-003   940.31594029780319        1.0000000000000000     
   7.6923076923076923E-004   6.1538461538461538E-003   940.31945867645379        1.0000000000000000     
   7.6923076923076923E-004   6.5384615384615381E-003   940.32438767662029        1.0000000000000000     
   7.6923076923076923E-004   6.9230769230769233E-003   940.33073057652041        1.0000000000000000     
   7.6923076923076923E-004   7.3076923076923076E-003   940.33849162784031        1.0000000000000000     
   7.6923076923076923E-004   7.6923076923076927E-003   940.34767851363824        1.0000000000000000     
   7.6923076923076923E-004   8.0769230769230770E-003   940.35824630482750        1.0000000000000000     
   7.6923076923076923E-004   8.4615384615384613E-003   940.36986423106339        1.0000000000000000     
   7.6923076923076923E-004   8.8461538461538456E-003   940.38313896812031        1.0000000000000000     
   7.6923076923076923E-004   9.2307692307692299E-003   940.39755520424615        1.0000000000000000     
   7.6923076923076923E-004   9.6153846153846159E-003   940.41346537706909        1.0000000000000000     

   1.1538461538461537E-003   3.8461538461538462E-004   985.08534975821306        1.0000000000000000     
   1.1538461538461537E-003   7.6923076923076923E-004   985.06182209382087        1.0000000000000000     
   1.1538461538461537E-003   1.1538461538461537E-003   985.03984085914863        1.0000000000000000     
   1.1538461538461537E-003   1.5384615384615385E-003   985.02067084409873        1.0000000000000000     
   1.1538461538461537E-003   1.9230769230769232E-003   985.00318136953365        1.0000000000000000     
   1.1538461538461537E-003   2.3076923076923075E-003   984.98745498541427        1.0000000000000000     
   1.1538461538461537E-003   2.6923076923076922E-003   984.97380161890828        1.0000000000000000     
   1.1538461538461537E-003   3.0769230769230769E-003   984.96226593604047        1.0000000000000000     
   1.1538461538461537E-003   3.4615384615384616E-003   984.95283785721233        1.0000000000000000     
   1.1538461538461537E-003   3.8461538461538464E-003   984.94551124913528        1.0000000000000000     
   1.1538461538461537E-003   4.2307692307692307E-003   984.94028135892211        1.0000000000000000     
   1.1538461538461537E-003   4.6153846153846149E-003   984.93714478790730        1.0000000000000000     
   1.1538461538461537E-003   5.0000000000000001E-003   984.93609949178312        1.0000000000000000     
   1.1538461538461537E-003   5.3846153846153844E-003   984.93714478790696        1.0000000000000000     
   1.1538461538461537E-003   5.7692307692307696E-003   984.94028135892120        1.0000000000000000     
   1.1538461538461537E-003   6.1538461538461538E-003   984.94551124913403        1.0000000000000000     
   1.1538461538461537E-003   6.5384615384615381E-003   984.95283785721153        1.0000000000000000     
   1.1538461538461537E-003   6.9230769230769233E-003   984.96226593604024        1.0000000000000000     
   1.1538461538461537E-003   7.3076923076923076E-003   984.97380161890783        1.0000000000000000     
   1.1538461538461537E-003   7.6923076923076927E-003   984.98745498541473        1.0000000000000000     
   1.1538461538461537E-003   8.0769230769230770E-003   985.00318136953308        1.0000000000000000     
   1.1538461538461537E-003   8.4615384615384613E-003   985.02067084409782        1.0000000000000000     
   1.1538461538461537E-003   8.8461538461538456E-003   985.03984085914851        1.0000000000000000     
   1.1538461538461537E-003   9.2307692307692299E-003   985.06182209382075        1.0000000000000000     
   1.1538461538461537E-003   9.6153846153846159E-003   985.08534975821306        1.0000000000000000     

   1.5384615384615385E-003   3.8461538461538462E-004   1029.1219534949757        1.0000000000000000     
   1.5384615384615385E-003   7.6923076923076923E-004   1029.0906042151796        1.0000000000000000     
   1.5384615384615385E-003   1.1538461538461537E-003   1029.0622591782583        1.0000000000000000     
   1.5384615384615385E-003   1.5384615384615385E-003   1029.0367422421430        1.0000000000000000     
   1.5384615384615385E-003   1.9230769230769232E-003   1029.0136076501594        1.0000000000000000     
   1.5384615384615385E-003   2.3076923076923075E-003   1028.9928931561883        1.0000000000000000     
   1.5384615384615385E-003   2.6923076923076922E-003   1028.9749201935595        1.0000000000000000     
   1.5384615384615385E-003   3.0769230769230769E-003   1028.9597335618321        1.0000000000000000     
   1.5384615384615385E-003   3.4615384615384616E-003   1028.9473211184848        1.0000000000000000     
   1.5384615384615385E-003   3.8461538461538464E-003   1028.9376750972717        1.0000000000000000     
   1.5384615384615385E-003   4.2307692307692307E-003   1028.9307894409355        1.0000000000000000     
   1.5384615384615385E-003   4.6153846153846149E-003   1028.9266597979070        1.0000000000000000     
   1.5384615384615385E-003   5.0000000000000001E-003   1028.9252835428740        1.0000000000000000     
   1.5384615384615385E-003   5.3846153846153844E-003   1028.9266597979070        1.0000000000000000     
   1.5384615384615385E-003   5.7692307692307696E-003   1028.9307894409351        1.0000000000000000     
   1.5384615384615385E-003   6.1538461538461538E-003   1028.9376750972715        1.0000000000000000     
   1.5384615384615385E-003   6.5384615384615381E-003   1028.9473211184845        1.0000000000000000     
   1.5384615384615385E-003   6.9230769230769233E-003   1028.9597335618325        1.0000000000000000     
   1.5384615384615385E-003   7.3076923076923076E-003   1028.9749201935597        1.0000000000000000     
   1.5384615384615385E-003   7.6923076923076927E-003   1028.9928931561885        1.0000000000000000     
   1.5384615384615385E-003   8.0769230769230770E-003   1029.0136076501587        1.0000000000000000     
   1.5384615384615385E-003   8.4615384615384613E-003   1029.0367422421427        1.0000000000000000     
   1.5384615384615385E-003   8.8461538461538456E-003   1029.0622591782574        1.0000000000000000     
   1.5384615384615385E-003   9.2307692307692299E-003   1029.0906042151794        1.0000000000000000     
   1.5384615384615385E-003   9.6153846153846159E-003   1029.1219534949757        1.0000000000000000     

   1.9230769230769232E-003   3.8461538461538462E-004   1072.3214917948408        1.0000000000000000     
   1.9230769230769232E-003   7.6923076923076923E-004   1072.2831441797287        1.0000000000000000     
   1.9230769230769232E-003   1.1538461538461537E-003   1072.2481002563231        1.0000000000000000     
   1.9230769230769232E-003   1.5384615384615385E-003   1072.2165634710047        1.0000000000000000     
   1.9230769230769232E-003   1.9230769230769232E-003   1072.1880347258784        1.0000000000000000     
   1.9230769230769232E-003   2.3076923076923075E-003   1072.1625518984295        1.0000000000000000     
   1.9230769230769232E-003   2.6923076923076922E-003   1072.1404486864965        1.0000000000000000     
   1.9230769230769232E-003   3.0769230769230769E-003   1072.1217705894139        1.0000000000000000     
   1.9230769230769232E-003   3.4615384615384616E-003   1072.1065038289012        1.0000000000000000     
   1.9230769230769232E-003   3.8461538461538464E-003   1072.0946392943438        1.0000000000000000     
   1.9230769230769232E-003   4.2307692307692307E-003   1072.0861698198487        1.0000000000000000     
   1.9230769230769232E-003   4.6153846153846149E-003   1072.0810902268236        1.0000000000000000     
   1.9230769230769232E-003   5.0000000000000001E-003   1072.0793973793375        1.0000000000000000     
   1.9230769230769232E-003   5.3846153846153844E-003   1072.0810902268236        1.0000000000000000     
   1.9230769230769232E-003   5.7692307692307696E-003   1072.0861698198487        1.0000000000000000     
   1.9230769230769232E-003   6.1538461538461538E-003   1072.0946392943436        1.0000000000000000     
   1.9230769230769232E-003   6.5384615384615381E-003   1072.1065038289019        1.0000000000000000     
   1.9230769230769232E-003   6.9230769230769233E-003   1072.1217705894146        1.0000000000000000     
   1.9230769230769232E-003   7.3076923076923076E-003   1072.1404486864963        1.0000000000000000     
   1.9230769230769232E-003   7.6923076923076927E-003   1072.1625518984285        1.0000000000000000     
   1.9230769230769232E-003   8.0769230769230770E-003   1072.1880347258773        1.0000000000000000     
   1.9230769230769232E-003   8.4615384615384613E-003   1072.2165634710047        1.0000000000000000     
   1.9230769230769232E-003   8.8461538461538456E-003   1072.2481002563225        1.0000000000000000     
   1.9230769230769232E-003   9.2307692307692299E-003   1072.2831441797284        1.0000000000000000     
   1.9230769230769232E-003   9.6153846153846159E-003   1072.3214917948396        1.0000000000000000     

   2.3076923076923075E-003   3.8461538461538462E-004   1114.4913992786080        1.0000000000000000     
   2.3076923076923075E-003   7.6923076923076923E-004   1114.4461611639088        1.0000000000000000     
   2.3076923076923075E-003   1.1538461538461537E-003   1114.4048313858277        1.0000000000000000     
   2.3076923076923075E-003   1.5384615384615385E-003   1114.3676131644854        1.0000000000000000     
   2.3076923076923075E-003   1.9230769230769232E-003   1114.3339899125294        1.0000000000000000     
   2.3076923076923075E-003   2.3076923076923075E-003   1114.3040014746116        1.0000000000000000     
   2.3076923076923075E-003   2.6923076923076922E-003   1114.2779945352818        1.0000000000000000     
   2.3076923076923075E-003   3.0769230769230769E-003   1114.2560159034017        1.0000000000000000     
   2.3076923076923075E-003   3.4615384615384616E-003   1114.2380505988040        1.0000000000000000     
   2.3076923076923075E-003   3.8461538461538464E-003   1114.2240884582734        1.0000000000000000     
   2.3076923076923075E-003   4.2307692307692307E-003   1114.2141214038418        1.0000000000000000     
   2.3076923076923075E-003   4.6153846153846149E-003   1114.2081435565326        1.0000000000000000     
   2.3076923076923075E-003   5.0000000000000001E-003   1114.2061513408589        1.0000000000000000     
   2.3076923076923075E-003   5.3846153846153844E-003   1114.2081435565321        1.0000000000000000     
   2.3076923076923075E-003   5.7692307692307696E-003   1114.2141214038420        1.0000000000000000     
   2.3076923076923075E-003   6.1538461538461538E-003   1114.2240884582725        1.0000000000000000     
   2.3076923076923075E-003   6.5384615384615381E-003   1114.2380505988026        1.0000000000000000     
   2.3076923076923075E-003   6.9230769230769233E-003   1114.2560159034010        1.0000000000000000     
   2.3076923076923075E-003   7.3076923076923076E-003   1114.2779945352811        1.0000000000000000     
   2.3076923076923075E-003   7.6923076923076927E-003   1114.3040014746107        1.0000000000000000     
   2.3076923076923075E-003   8.0769230769230770E-003   1114.3339899125283        1.0000000000000000     
   2.3076923076923075E-003   8.4615384615384613E-003   1114.3676131644847        1.0000000000000000     
   2.3076923076923075E-003   8.8461538461538456E-003   1114.4048313858259        1.0000000000000000     
   2.3076923076923075E-003   9.2307692307692299E-003   1114.4461611639069        1.0000000000000000     
   2.3076923076923075E-003   9.6153846153846159E-003   1114.4913992786069        1.0000000000000000     

   2.6923076923076922E-003   3.8461538461538462E-004   1155.4492772077356        1.0000000000000000     
   2.6923076923076922E-003   7.6923076923076923E-004   1155.3976362583842        1.0000000000000000     
   2.6923076923076922E-003   1.1538461538461537E-003   1155.3504468789913        1.0000000000000000     
   2.6923076923076922E-003   1.5384615384615385E-003   1155.3079287256380        1.0000000000000000     
   2.6923076923076922E-003   1.9230769230769232E-003   1155.2695502666691        1.0000000000000000     
   2.6923076923076922E-003   2.3076923076923075E-003   1155.2353544447799        1.0000000000000000     
   2.6923076923076922E-003   2.6923076923076922E-003   1155.2057013122612        1.0000000000000000     
   2.6923076923076922E-003   3.0769230769230769E-003   1155.1806394333280        1.0000000000000000     
   2.6923076923076922E-003   3.4615384615384616E-003   1155.1601529834641        1.0000000000000000     
   2.6923076923076922E-003   3.8461538461538464E-003   1155.1442309945996        1.0000000000000000     
   2.6923076923076922E-003   4.2307692307692307E-003   1155.1328646479099        1.0000000000000000     
   2.6923076923076922E-003   4.6153846153846149E-003   1155.1260474764497        1.0000000000000000     
   2.6923076923076922E-003   5.0000000000000001E-003   1155.1237755290545        1.0000000000000000     
   2.6923076923076922E-003   5.3846153846153844E-003   1155.1260474764495        1.0000000000000000     
   2.6923076923076922E-003   5.7692307692307696E-003   1155.1328646479099        1.0000000000000000     
   2.6923076923076922E-003   6.1538461538461538E-003   1155.1442309945992        1.0000000000000000     
   2.6923076923076922E-003   6.5384615384615381E-003   1155.1601529834636        1.0000000000000000     
   2.6923076923076922E-003   6.9230769230769233E-003   1155.1806394333275        1.0000000000000000     
   2.6923076923076922E-003   7.3076923076923076E-003   1155.2057013122603        1.0000000000000000     
   2.6923076923076922E-003   7.6923076923076927E-003   1155.2353544447785        1.0000000000000000     
   2.6923076923076922E-003   8.0769230769230770E-003   1155.2695502666681        1.0000000000000000     
   2.6923076923076922E-003   8.4615384615384613E-003   1155.3079287256364        1.0000000000000000     
   2.6923076923076922E-003   8.8461538461538456E-003   1155.3504468789902        1.0000000000000000     
   2.6923076923076922E-003   9.2307692307692299E-003   1155.3976362583821        1.0000000000000000     
   2.6923076923076922E-003   9.6153846153846159E-003   1155.4492772077340        1.0000000000000000     

   3.0769230769230769E-003   3.8461538461538462E-004   1195.0246479230691        1.0000000000000000     
   3.0769230769230769E-003   7.6923076923076923E-004   1194.9671025397488        1.0000000000000000     
   3.0769230769230769E-003   1.1538461538461537E-003   1194.9145112436292        1.0000000000000000     
   3.0769230769230769E-003   1.5384615384615385E-003   1194.8671067690480        1.0000000000000000     
   3.0769230769230769E-003   1.9230769230769232E-003   1194.8243427715470        1.0000000000000000     
   3.0769230769230769E-003   2.3076923076923075E-003   1194.7862654088979        1.0000000000000000     
   3.0769230769230769E-003   2.6923076923076922E-003   1194.7532479424492        1.0000000000000000     
   3.0769230769230769E-003   3.0769230769230769E-003   1194.7253408872680        1.0000000000000000     
   3.0769230769230769E-003   3.4615384615384616E-003   1194.7025278005060        1.0000000000000000     
   3.0769230769230769E-003   3.8461538461538464E-003   1194.6847970815265        1.0000000000000000     
   3.0769230769230769E-003   4.2307692307692307E-003   1194.6721392977813        1.0000000000000000     
   3.0769230769230769E-003   4.6153846153846149E-003   1194.6645474814575        1.0000000000000000     
   3.0769230769230769E-003   5.0000000000000001E-003   1194.6620173565354        1.0000000000000000     
   3.0769230769230769E-003   5.3846153846153844E-003   1194.6645474814568        1.0000000000000000     
   3.0769230769230769E-003   5.7692307692307696E-003   1194.6721392977815        1.0000000000000000     
   3.0769230769230769E-003   6.1538461538461538E-003   1194.6847970815263        1.0000000000000000     
   3.0769230769230769E-003   6.5384615384615381E-003   1194.7025278005058        1.0000000000000000     
   3.0769230769230769E-003   6.9230769230769233E-003   1194.7253408872671        1.0000000000000000     
   3.0769230769230769E-003   7.3076923076923076E-003   1194.7532479424478        1.0000000000000000     
   3.0769230769230769E-003   7.6923076923076927E-003   1194.7862654088960        1.0000000000000000     
   3.0769230769230769E-003   8.0769230769230770E-003   1194.8243427715465        1.0000000000000000     
   3.0769230769230769E-003   8.4615384615384613E-003   1194.8671067690461        1.0000000000000000     
   3.0769230769230769E-003   8.8461538461538456E-003   1194.9145112436281        1.0000000000000000     
   3.0769230769230769E-003   9.2307692307692299E-003   1194.9671025397479        1.0000000000000000     
   3.0769230769230769E-003   9.6153846153846159E-003   1195.0246479230682        1.0000000000000000     

   3.4615384615384616E-003   3.8461538461538462E-004   1233.0599450952739        1.0000000000000000     
   3.4615384615384616E-003   7.6923076923076923E-004   1232.9970191326979        1.0000000000000000     
   3.4615384615384616E-003   1.1538461538461537E-003   1232.9395074002132        1.0000000000000000     
   3.4615384615384616E-003   1.5384615384615385E-003   1232.8876530931429        1.0000000000000000     
   3.4615384615384616E-003   1.9230769230769232E-003   1232.8408947570654        1.0000000000000000     
   3.4615384615384616E-003   2.3076923076923075E-003   1232.7992813695744        1.0000000000000000     
   3.4615384615384616E-003   2.6923076923076922E-003   1232.7631988531982        1.0000000000000000     
   3.4615384615384616E-003   3.0769230769230769E-003   1232.7326996475408        1.0000000000000000     
   3.4615384615384616E-003   3.4615384615384616E-003   1232.7077667856774        1.0000000000000000     
   3.4615384615384616E-003   3.8461538461538464E-003   1232.6883881247377        1.0000000000000000     
   3.4615384615384616E-003   4.2307692307692307E-003   1232.6745536951123        1.0000000000000000     
   3.4615384615384616E-003   4.6153846153846149E-003   1232.6662560852637        1.0000000000000000     
   3.4615384615384616E-003   5.0000000000000001E-003   1232.6634907293342        1.0000000000000000     
   3.4615384615384616E-003   5.3846153846153844E-003   1232.6662560852628        1.0000000000000000     
   3.4615384615384616E-003   5.7692307692307696E-003   1232.6745536951116        1.0000000000000000     
   3.4615384615384616E-003   6.1538461538461538E-003   1232.6883881247368        1.0000000000000000     
   3.4615384615384616E-003   6.5384615384615381E-003   1232.7077667856770        1.0000000000000000     
   3.4615384615384616E-003   6.9230769230769233E-003   1232.7326996475399        1.0000000000000000     
   3.4615384615384616E-003   7.3076923076923076E-003   1232.7631988531969        1.0000000000000000     
   3.4615384615384616E-003   7.6923076923076927E-003   1232.7992813695732        1.0000000000000000     
   3.4615384615384616E-003   8.0769230769230770E-003   1232.8408947570642        1.0000000000000000     
   3.4615384615384616E-003   8.4615384615384613E-003   1232.8876530931414        1.0000000000000000     
   3.4615384615384616E-003   8.8461538461538456E-003   1232.9395074002123        1.0000000000000000     
   3.4615384615384616E-003   9.2307692307692299E-003   1232.9970191326981        1.0000000000000000     
   3.4615384615384616E-003   9.6153846153846159E-003   1233.0599450952736        1.0000000000000000     

   3.8461538461538464E-003   3.8461538461538462E-004   1269.4114423530812        1.0000000000000000     
   3.8461538461538464E-003   7.6923076923076923E-004   1269.3436767209987        1.0000000000000000     
   3.8461538461538464E-003   1.1538461538461537E-003   1269.2817410066432        1.0000000000000000     
   3.8461538461538464E-003   1.5384615384615385E-003   1269.2258871845534        1.0000000000000000     
   3.8461538461538464E-003   1.9230769230769232E-003   1269.1755385905801        1.0000000000000000     
   3.8461538461538464E-003   2.3076923076923075E-003   1269.1307464927136        1.0000000000000000     
   3.8461538461538464E-003   2.6923076923076922E-003   1269.0919087137634        1.0000000000000000     
   3.8461538461538464E-003   3.0769230769230769E-003   1269.0590794446957        1.0000000000000000     
   3.8461538461538464E-003   3.4615384615384616E-003   1269.0322411873683        1.0000000000000000     
   3.8461538461538464E-003   3.8461538461538464E-003   1269.0113812770066        1.0000000000000000     
   3.8461538461538464E-003   4.2307692307692307E-003   1268.9964892376386        1.0000000000000000     
   3.8461538461538464E-003   4.6153846153846149E-003   1268.9875572427370        1.0000000000000000     
   3.8461538461538464E-003   5.0000000000000001E-003   1268.9845804563072        1.0000000000000000     
   3.8461538461538464E-003   5.3846153846153844E-003   1268.9875572427356        1.0000000000000000     
   3.8461538461538464E-003   5.7692307692307696E-003   1268.9964892376374        1.0000000000000000     
   3.8461538461538464E-003   6.1538461538461538E-003   1269.0113812770053        1.0000000000000000     
   3.8461538461538464E-003   6.5384615384615381E-003   1269.0322411873676        1.0000000000000000     
   3.8461538461538464E-003   6.9230769230769233E-003   1269.0590794446946        1.0000000000000000     
   3.8461538461538464E-003   7.3076923076923076E-003   1269.0919087137622        1.0000000000000000     
   3.8461538461538464E-003   7.6923076923076927E-003   1269.1307464927122        1.0000000000000000     
   3.8461538461538464E-003   8.0769230769230770E-003   1269.1755385905792        1.0000000000000000     
   3.8461538461538464E-003   8.4615384615384613E-003   1269.2258871845529        1.0000000000000000     
   3.8461538461538464E-003   8.8461538461538456E-003   1269.2817410066425        1.0000000000000000     
   3.8461538461538464E-003   9.2307692307692299E-003   1269.3436767209978        1.0000000000000000     
   3.8461538461538464E-003   9.6153846153846159E-003   1269.4114423530805        1.0000000000000000     

   4.2307692307692307E-003   3.8461538461538462E-004   1303.9497829114227        1.0000000000000000     
   4.2307692307692307E-003   7.6923076923076923E-004   1303.8777247974790        1.0000000000000000     
   4.2307692307692307E-003   1.1538461538461537E-003   1303.8118667394344        1.0000000000000000     
   4.2307692307692307E-003   1.5384615384615385E-003   1303.7524683481006        1.0000000000000000     
   4.2307692307692307E-003   1.9230769230769232E-003   1303.6989379259978        1.0000000000000000     
   4.2307692307692307E-003   2.3076923076923075E-003   1303.6513285144013        1.0000000000000000     
   4.2307692307692307E-003   2.6923076923076922E-003   1303.6100489743501        1.0000000000000000     
   4.2307692307692307E-003   3.0769230769230769E-003   1303.5751549929469        1.0000000000000000     
   4.2307692307692307E-003   3.4615384615384616E-003   1303.5466284679167        1.0000000000000000     
   4.2307692307692307E-003   3.8461538461538464E-003   1303.5244561824766        1.0000000000000000     
   4.2307692307692307E-003   4.2307692307692307E-003   1303.5086271498142        1.0000000000000000     
   4.2307692307692307E-003   4.6153846153846149E-003   1303.4991331346891        1.0000000000000000     
   4.2307692307692307E-003   5.0000000000000001E-003   1303.4959690383530        1.0000000000000000     
   4.2307692307692307E-003   5.3846153846153844E-003   1303.4991331346885        1.0000000000000000     
   4.2307692307692307E-003   5.7692307692307696E-003   1303.5086271498130        1.0000000000000000     
   4.2307692307692307E-003   6.1538461538461538E-003   1303.5244561824748        1.0000000000000000     
   4.2307692307692307E-003   6.5384615384615381E-003   1303.5466284679151        1.0000000000000000     
   4.2307692307692307E-003   6.9230769230769233E-003   1303.5751549929457        1.0000000000000000     
   4.2307692307692307E-003   7.3076923076923076E-003   1303.6100489743496        1.0000000000000000     
   4.2307692307692307E-003   7.6923076923076927E-003   1303.6513285144006        1.0000000000000000     
   4.2307692307692307E-003   8.0769230769230770E-003   1303.6989379259974        1.0000000000000000     
   4.2307692307692307E-003   8.4615384615384613E-003   1303.7524683481006        1.0000000000000000     
   4.2307692307692307E-003   8.8461538461538456E-003   1303.8118667394340        1.0000000000000000     
   4.2307692307692307E-003   9.2307692307692299E-003   1303.8777247974779        1.0000000000000000     
   4.2307692307692307E-003   9.6153846153846159E-003   1303.9497829114218        1.0000000000000000     

   4.6153846153846149E-003   3.8461538461538462E-004   1336.5601822429728        1.0000000000000000     
   4.6153846153846149E-003   7.6923076923076923E-004   1336.4843739144715        1.0000000000000000     
   4.6153846153846149E-003   1.1538461538461537E-003   1336.4150903251068        1.0000000000000000     
   4.6153846153846149E-003   1.5384615384615385E-003   1336.3525978363891        1.0000000000000000     
   4.6153846153846149E-003   1.9230769230769232E-003   1336.2962900973666        1.0000000000000000     
   4.6153846153846149E-003   2.3076923076923075E-003   1336.2462214437739        1.0000000000000000     
   4.6153846153846149E-003   2.6923076923076922E-003   1336.2028108612133        1.0000000000000000     
   4.6153846153846149E-003   3.0769230769230769E-003   1336.1661152355709        1.0000000000000000     
   4.6153846153846149E-003   3.4615384615384616E-003   1336.1361157504250        1.0000000000000000     
   4.6153846153846149E-003   3.8461538461538464E-003   1336.1127985762528        1.0000000000000000     
   4.6153846153846149E-003   4.2307692307692307E-003   1336.0961521889810        1.0000000000000000     
   4.6153846153846149E-003   4.6153846153846149E-003   1336.0861679368752        1.0000000000000000     
   4.6153846153846149E-003   5.0000000000000001E-003   1336.0828404581666        1.0000000000000000     
   4.6153846153846149E-003   5.3846153846153844E-003   1336.0861679368745        1.0000000000000000     
   4.6153846153846149E-003   5.7692307692307696E-003   1336.0961521889799        1.0000000000000000     
   4.6153846153846149E-003   6.1538461538461538E-003   1336.1127985762516        1.0000000000000000     
   4.6153846153846149E-003   6.5384615384615381E-003   1336.1361157504241        1.0000000000000000     
   4.6153846153846149E-003   6.9230769230769233E-003   1336.1661152355709        1.0000000000000000     
   4.6153846153846149E-003   7.3076923076923076E-003   1336.2028108612135        1.0000000000000000     
   4.6153846153846149E-003   7.6923076923076927E-003   1336.2462214437730        1.0000000000000000     
   4.6153846153846149E-003   8.0769230769230770E-003   1336.2962900973666        1.0000000000000000     
   4.6153846153846149E-003   8.4615384615384613E-003   1336.3525978363891        1.0000000000000000     
   4.6153846153846149E-003   8.8461538461538456E-003   1336.4150903251059        1.0000000000000000     
   4.6153846153846149E-003   9.2307692307692299E-003   1336.4843739144706        1.0000000000000000     
   4.6153846153846149E-003   9.6153846153846159E-003   1336.5601822429726        1.0000000000000000     

   5.0000000000000001E-003   3.8461538461538462E-004   1367.1423126827563        1.0000000000000000     
   5.0000000000000001E-003   7.6923076923076923E-004   1367.0632807512991        1.0000000000000000     
   5.0000000000000001E-003   1.1538461538461537E-003   1366.9910540198991        1.0000000000000000     
   5.0000000000000001E-003   1.5384615384615385E-003   1366.9259048041038        1.0000000000000000     
   5.0000000000000001E-003   1.9230769230769232E-003   1366.8672125901157        1.0000000000000000     
   5.0000000000000001E-003   2.3076923076923075E-003   1366.8150325444210        1.0000000000000000     
   5.0000000000000001E-003   2.6923076923076922E-003   1366.7697928241814        1.0000000000000000     
   5.0000000000000001E-003   3.0769230769230769E-003   1366.7315511942231        1.0000000000000000     
   5.0000000000000001E-003   3.4615384615384616E-003   1366.7002879971014        1.0000000000000000     
   5.0000000000000001E-003   3.8461538461538464E-003   1366.6759887169569        1.0000000000000000     
   5.0000000000000001E-003   4.2307692307692307E-003   1366.6586412579838        1.0000000000000000     
   5.0000000000000001E-003   4.6153846153846149E-003   1366.6482365399002        1.0000000000000000     
   5.0000000000000001E-003   5.0000000000000001E-003   1366.6447689357740        1.0000000000000000     
   5.0000000000000001E-003   5.3846153846153844E-003   1366.6482365398995        1.0000000000000000     
   5.0000000000000001E-003   5.7692307692307696E-003   1366.6586412579827        1.0000000000000000     
   5.0000000000000001E-003   6.1538461538461538E-003   1366.6759887169565        1.0000000000000000     
   5.0000000000000001E-003   6.5384615384615381E-003   1366.7002879971012        1.0000000000000000     
   5.0000000000000001E-003   6.9230769230769233E-003   1366.7315511942231        1.0000000000000000     
   5.0000000000000001E-003   7.3076923076923076E-003   1366.7697928241805        1.0000000000000000     
   5.0000000000000001E-003   7.6923076923076927E-003   1366.8150325444203        1.0000000000000000     
   5.0000000000000001E-003   8.0769230769230770E-003   1366.8672125901144        1.0000000000000000     
   5.0000000000000001E-003   8.4615384615384613E-003   1366.9259048041029        1.0000000000000000     
   5.0000000000000001E-003   8.8461538461538456E-003   1366.9910540198980        1.0000000000000000     
   5.0000000000000001E-003   9.2307692307692299E-003   1367.0632807512989        1.0000000000000000     
   5.0000000000000001E-003   9.6153846153846159E-003   1367.1423126827556        1.0000000000000000     

   5.3846153846153844E-003   3.8461538461538462E-004   1395.6098906228215        1.0000000000000000     
   5.3846153846153844E-003   7.6923076923076923E-004   1395.5281363127867        1.0000000000000000     
   5.3846153846153844E-003   1.1538461538461537E-003   1395.4534257062687        1.0000000000000000     
   5.3846153846153844E-003   1.5384615384615385E-003   1395.3860362496869        1.0000000000000000     
   5.3846153846153844E-003   1.9230769230769232E-003   1395.3253337776814        1.0000000000000000     
   5.3846153846153844E-003   2.3076923076923075E-003   1395.2713737981237        1.0000000000000000     
   5.3846153846153844E-003   2.6923076923076922E-003   1395.2245926423400        1.0000000000000000     
   5.3846153846153844E-003   3.0769230769230769E-003   1395.1850486208102        1.0000000000000000     
   5.3846153846153844E-003   3.4615384615384616E-003   1395.1527211071550        1.0000000000000000     
   5.3846153846153844E-003   3.8461538461538464E-003   1395.1275948297266        1.0000000000000000     
   5.3846153846153844E-003   4.2307692307692307E-003   1395.1096570933009        1.0000000000000000     
   5.3846153846153844E-003   4.6153846153846149E-003   1395.0988983837901        1.0000000000000000     
   5.3846153846153844E-003   5.0000000000000001E-003   1395.0953128118028        1.0000000000000000     
   5.3846153846153844E-003   5.3846153846153844E-003   1395.0988983837901        1.0000000000000000     
   5.3846153846153844E-003   5.7692307692307696E-003   1395.1096570933005        1.0000000000000000     
   5.3846153846153844E-003   6.1538461538461538E-003   1395.1275948297266        1.0000000000000000     
   5.3846153846153844E-003   6.5384615384615381E-003   1395.1527211071550        1.0000000000000000     
   5.3846153846153844E-003   6.9230769230769233E-003   1395.1850486208109        1.0000000000000000     
   5.3846153846153844E-003   7.3076923076923076E-003   1395.2245926423395        1.0000000000000000     
   5.3846153846153844E-003   7.6923076923076927E-003   1395.2713737981226        1.0000000000000000     
   5.3846153846153844E-003   8.0769230769230770E-003   1395.3253337776807        1.0000000000000000     
   5.3846153846153844E-003   8.4615384615384613E-003   1395.3860362496864        1.0000000000000000     
   5.3846153846153844E-003   8.8461538461538456E-003   1395.4534257062676        1.0000000000000000     
   5.3846153846153844E-003   9.2307692307692299E-003   1395.5281363127865        1.0000000000000000     
   5.3846153846153844E-003   9.6153846153846159E-003   1395.6098906228212        1.0000000000000000     

   5.7692307692307696E-003   3.8461538461538462E-004   1421.8899960200279        1.0000000000000000     
   5.7692307692307696E-003   7.6923076923076923E-004   1421.8059868436817        1.0000000000000000     
   5.7692307692307696E-003   1.1538461538461537E-003   1421.7292210983046        1.0000000000000000     
   5.7692307692307696E-003   1.5384615384615385E-003   1421.6599803979452        1.0000000000000000     
   5.7692307692307696E-003   1.9230769230769232E-003   1421.5976173623126        1.0000000000000000     
   5.7692307692307696E-003   2.3076923076923075E-003   1421.5421872784334        1.0000000000000000     
   5.7692307692307696E-003   2.6923076923076922E-003   1421.4941336011761        1.0000000000000000     
   5.7692307692307696E-003   3.0769230769230769E-003   1421.4535148487864        1.0000000000000000     
   5.7692307692307696E-003   3.4615384615384616E-003   1421.4203093147069        1.0000000000000000     
   5.7692307692307696E-003   3.8461538461538464E-003   1421.3945009259219        1.0000000000000000     
   5.7692307692307696E-003   4.2307692307692307E-003   1421.3760763841904        1.0000000000000000     
   5.7692307692307696E-003   4.6153846153846149E-003   1421.3650257560657        1.0000000000000000     
   5.7692307692307696E-003   5.0000000000000001E-003   1421.3613429050783        1.0000000000000000     
   5.7692307692307696E-003   5.3846153846153844E-003   1421.3650257560655        1.0000000000000000     
   5.7692307692307696E-003   5.7692307692307696E-003   1421.3760763841901        1.0000000000000000     
   5.7692307692307696E-003   6.1538461538461538E-003   1421.3945009259219        1.0000000000000000     
   5.7692307692307696E-003   6.5384615384615381E-003   1421.4203093147071        1.0000000000000000     
   5.7692307692307696E-003   6.9230769230769233E-003   1421.4535148487860        1.0000000000000000     
   5.7692307692307696E-003   7.3076923076923076E-003   1421.4941336011755        1.0000000000000000     
   5.7692307692307696E-003   7.6923076923076927E-003   1421.5421872784327        1.0000000000000000     
   5.7692307692307696E-003   8.0769230769230770E-003   1421.5976173623119        1.0000000000000000     
   5.7692307692307696E-003   8.4615384615384613E-003   1421.6599803979448        1.0000000000000000     
   5.7692307692307696E-003   8.8461538461538456E-003   1421.7292210983039        1.0000000000000000     
   5.7692307692307696E-003   9.2307692307692299E-003   1421.8059868436821        1.0000000000000000     
   5.7692307692307696E-003   9.6153846153846159E-003   1421.8899960200285        1.0000000000000000     

   6.1538461538461538E-003   3.8461538461538462E-004   1445.9221619252353        1.0000000000000000     
   6.1538461538461538E-003   7.6923076923076923E-004   1445.8363251043995        1.0000000000000000     
   6.1538461538461538E-003   1.1538461538461537E-003   1445.7578966507961        1.0000000000000000     
   6.1538461538461538E-003   1.5384615384615385E-003   1445.6871610798910        1.0000000000000000     
   6.1538461538461538E-003   1.9230769230769232E-003   1445.6234580435048        1.0000000000000000     
   6.1538461538461538E-003   2.3076923076923075E-003   1445.5668419263652        1.0000000000000000     
   6.1538461538461538E-003   2.6923076923076922E-003   1445.5177622036658        1.0000000000000000     
   6.1538461538461538E-003   3.0769230769230769E-003   1445.4762772790170        1.0000000000000000     
   6.1538461538461538E-003   3.4615384615384616E-003   1445.4423642984939        1.0000000000000000     
   6.1538461538461538E-003   3.8461538461538464E-003   1445.4160063926854        1.0000000000000000     
   6.1538461538461538E-003   4.2307692307692307E-003   1445.3971897026213        1.0000000000000000     
   6.1538461538461538E-003   4.6153846153846149E-003   1445.3859039250967        1.0000000000000000     
   6.1538461538461538E-003   5.0000000000000001E-003   1445.3821427136666        1.0000000000000000     
   6.1538461538461538E-003   5.3846153846153844E-003   1445.3859039250972        1.0000000000000000     
   6.1538461538461538E-003   5.7692307692307696E-003   1445.3971897026215        1.0000000000000000     
   6.1538461538461538E-003   6.1538461538461538E-003   1445.4160063926856        1.0000000000000000     
   6.1538461538461538E-003   6.5384615384615381E-003   1445.4423642984943        1.0000000000000000     
   6.1538461538461538E-003   6.9230769230769233E-003   1445.4762772790168        1.0000000000000000     
   6.1538461538461538E-003   7.3076923076923076E-003   1445.5177622036651        1.0000000000000000     
   6.1538461538461538E-003   7.6923076923076927E-003   1445.5668419263645        1.0000000000000000     
   6.1538461538461538E-003   8.0769230769230770E-003   1445.6234580435041        1.0000000000000000     
   6.1538461538461538E-003   8.4615384615384613E-003   1445.6871610798903        1.0000000000000000     
   6.1538461538461538E-003   8.8461538461538456E-003   1445.7578966507961        1.0000000000000000     
   6.1538461538461538E-003   9.2307692307692299E-003   1445.8363251044000        1.0000000000000000     
   6.1538461538461538E-003   9.6153846153846159E-003   1445.9221619252362        1.0000000000000000     

   6.5384615384615381E-003   3.8461538461538462E-004   1467.6572783124429        1.0000000000000000     
   6.5384615384615381E-003   7.6923076923076923E-004   1467.5699962830074        1.0000000000000000     
   6.5384615384615381E-003   1.1538461538461537E-003   1467.4902574407845        1.0000000000000000     
   6.5384615384615381E-003   1.5384615384615385E-003   1467.4183473486019        1.0000000000000000     
   6.5384615384615381E-003   1.9230769230769232E-003   1467.3535926072918        1.0000000000000000     
   6.5384615384615381E-003   2.3076923076923075E-003   1467.2960458722889        1.0000000000000000     
   6.5384615384615381E-003   2.6923076923076922E-003   1467.2461615139275        1.0000000000000000     
   6.5384615384615381E-003   3.0769230769230769E-003   1467.2039975603843        1.0000000000000000     
   6.5384615384615381E-003   3.4615384615384616E-003   1467.1695300329259        1.0000000000000000     
   6.5384615384615381E-003   3.8461538461538464E-003   1467.1427413591377        1.0000000000000000     
   6.5384615384615381E-003   4.2307692307692307E-003   1467.1236172351603        1.0000000000000000     
   6.5384615384615381E-003   4.6153846153846149E-003   1467.1121470908365        1.0000000000000000     
   6.5384615384615381E-003   5.0000000000000001E-003   1467.1083244384972        1.0000000000000000     
   6.5384615384615381E-003   5.3846153846153844E-003   1467.1121470908365        1.0000000000000000     
   6.5384615384615381E-003   5.7692307692307696E-003   1467.1236172351603        1.0000000000000000     
   6.5384615384615381E-003   6.1538461538461538E-003   1467.1427413591377        1.0000000000000000     
   6.5384615384615381E-003   6.5384615384615381E-003   1467.1695300329256        1.0000000000000000     
   6.5384615384615381E-003   6.9230769230769233E-003   1467.2039975603846        1.0000000000000000     
   6.5384615384615381E-003   7.3076923076923076E-003   1467.2461615139266        1.0000000000000000     
   6.5384615384615381E-003   7.6923076923076927E-003   1467.2960458722891        1.0000000000000000     
   6.5384615384615381E-003   8.0769230769230770E-003   1467.3535926072923        1.0000000000000000     
   6.5384615384615381E-003   8.4615384615384613E-003   1467.4183473486019        1.0000000000000000     
   6.5384615384615381E-003   8.8461538461538456E-003   1467.4902574407859        1.0000000000000000     
   6.5384615384615381E-003   9.2307692307692299E-003   1467.5699962830081        1.0000000000000000     
   6.5384615384615381E-003   9.6153846153846159E-003   1467.6572783124432        1.0000000000000000     

   6.9230769230769233E-003   3.8461538461538462E-004   1487.0563593796992        1.0000000000000000     
   6.9230769230769233E-003   7.6923076923076923E-004   1486.9679678391522        1.0000000000000000     
   6.9230769230769233E-003   1.1538461538461537E-003   1486.8872293782713        1.0000000000000000     
   6.9230769230769233E-003   1.5384615384615385E-003   1486.8144276597720        1.0000000000000000     
   6.9230769230769233E-003   1.9230769230769232E-003   1486.7488756965570        1.0000000000000000     
   6.9230769230769233E-003   2.3076923076923075E-003   1486.6906234911648        1.0000000000000000     
   6.9230769230769233E-003   2.6923076923076922E-003   1486.6401292576031        1.0000000000000000     
   6.9230769230769233E-003   3.0769230769230769E-003   1486.5974505397949        1.0000000000000000     
   6.9230769230769233E-003   3.4615384615384616E-003   1486.5625624185370        1.0000000000000000     
   6.9230769230769233E-003   3.8461538461538464E-003   1486.5354468515393        1.0000000000000000     
   6.9230769230769233E-003   4.2307692307692307E-003   1486.5160893124214        1.0000000000000000     
   6.9230769230769233E-003   4.6153846153846149E-003   1486.5044791391629        1.0000000000000000     
   6.9230769230769233E-003   5.0000000000000001E-003   1486.5006098127767        1.0000000000000000     
   6.9230769230769233E-003   5.3846153846153844E-003   1486.5044791391622        1.0000000000000000     
   6.9230769230769233E-003   5.7692307692307696E-003   1486.5160893124223        1.0000000000000000     
   6.9230769230769233E-003   6.1538461538461538E-003   1486.5354468515400        1.0000000000000000     
   6.9230769230769233E-003   6.5384615384615381E-003   1486.5625624185373        1.0000000000000000     
   6.9230769230769233E-003   6.9230769230769233E-003   1486.5974505397942        1.0000000000000000     
   6.9230769230769233E-003   7.3076923076923076E-003   1486.6401292576031        1.0000000000000000     
   6.9230769230769233E-003   7.6923076923076927E-003   1486.6906234911658        1.0000000000000000     
   6.9230769230769233E-003   8.0769230769230770E-003   1486.7488756965572        1.0000000000000000     
   6.9230769230769233E-003   8.4615384615384613E-003   1486.8144276597720        1.0000000000000000     
   6.9230769230769233E-003   8.8461538461538456E-003   1486.8872293782715        1.0000000000000000     
   6.9230769230769233E-003   9.2307692307692299E-003   1486.9679678391533        1.0000000000000000     
   6.9230769230769233E-003   9.6153846153846159E-003   1487.0563593797008        1.0000000000000000     

   7.3076923076923076E-003   3.8461538461538462E-004   1504.0892264487227        1.0000000000000000     
   7.3076923076923076E-003   7.6923076923076923E-004   1504.0000159100293        1.0000000000000000     
   7.3076923076923076E-003   1.1538461538461537E-003   1503.9185485389951        1.0000000000000000     
   7.3076923076923076E-003   1.5384615384615385E-003   1503.8451013350591        1.0000000000000000     
   7.3076923076923076E-003   1.9230769230769232E-003   1503.7789728549524        1.0000000000000000     
   7.3076923076923076E-003   2.3076923076923075E-003   1503.7202096739632        1.0000000000000000     
   7.3076923076923076E-003   2.6923076923076922E-003   1503.6692730791685        1.0000000000000000     
   7.3076923076923076E-003   3.0769230769230769E-003   1503.6262203230615        1.0000000000000000     
   7.3076923076923076E-003   3.4615384615384616E-003   1503.5910259933958        1.0000000000000000     
   7.3076923076923076E-003   3.8461538461538464E-003   1503.5636720131261        1.0000000000000000     
   7.3076923076923076E-003   4.2307692307692307E-003   1503.5441439960318        1.0000000000000000     
   7.3076923076923076E-003   4.6153846153846149E-003   1503.5324314514194        1.0000000000000000     
   7.3076923076923076E-003   5.0000000000000001E-003   1503.5285279861641        1.0000000000000000     
   7.3076923076923076E-003   5.3846153846153844E-003   1503.5324314514189        1.0000000000000000     
   7.3076923076923076E-003   5.7692307692307696E-003   1503.5441439960321        1.0000000000000000     
   7.3076923076923076E-003   6.1538461538461538E-003   1503.5636720131267        1.0000000000000000     
   7.3076923076923076E-003   6.5384615384615381E-003   1503.5910259933958        1.0000000000000000     
   7.3076923076923076E-003   6.9230769230769233E-003   1503.6262203230619        1.0000000000000000     
   7.3076923076923076E-003   7.3076923076923076E-003   1503.6692730791685        1.0000000000000000     
   7.3076923076923076E-003   7.6923076923076927E-003   1503.7202096739625        1.0000000000000000     
   7.3076923076923076E-003   8.0769230769230770E-003   1503.7789728549533        1.0000000000000000     
   7.3076923076923076E-003   8.4615384615384613E-003   1503.8451013350591        1.0000000000000000     
   7.3076923076923076E-003   8.8461538461538456E-003   1503.9185485389960        1.0000000000000000     
   7.3076923076923076E-003   9.2307692307692299E-003   1504.0000159100300        1.0000000000000000     
   7.3076923076923076E-003   9.6153846153846159E-003   1504.0892264487227        1.0000000000000000     

   7.6923076923076927E-003   3.8461538461538462E-004   1518.7331630701231        1.0000000000000000     
   7.6923076923076927E-003   7.6923076923076923E-004   1518.6433867263822        1.0000000000000000     
   7.6923076923076927E-003   1.1538461538461537E-003   1518.5614261925919        1.0000000000000000     
   7.6923076923076927E-003   1.5384615384615385E-003   1518.4875455935344        1.0000000000000000     
   7.6923076923076927E-003   1.9230769230769232E-003   1518.4210288784800        1.0000000000000000     
   7.6923076923076927E-003   2.3076923076923075E-003   1518.3619191930018        1.0000000000000000     
   7.6923076923076927E-003   2.6923076923076922E-003   1518.3106807360157        1.0000000000000000     
   7.6923076923076927E-003   3.0769230769230769E-003   1518.2673711647317        1.0000000000000000     
   7.6923076923076927E-003   3.4615384615384616E-003   1518.2319654059527        1.0000000000000000     
   7.6923076923076927E-003   3.8461538461538464E-003   1518.2044460475759        1.0000000000000000     
   7.6923076923076927E-003   4.2307692307692307E-003   1518.1847993705658        1.0000000000000000     
   7.6923076923076927E-003   4.6153846153846149E-003   1518.1730154110796        1.0000000000000000     
   7.6923076923076927E-003   5.0000000000000001E-003   1518.1690881040165        1.0000000000000000     
   7.6923076923076927E-003   5.3846153846153844E-003   1518.1730154110794        1.0000000000000000     
   7.6923076923076927E-003   5.7692307692307696E-003   1518.1847993705669        1.0000000000000000     
   7.6923076923076927E-003   6.1538461538461538E-003   1518.2044460475770        1.0000000000000000     
   7.6923076923076927E-003   6.5384615384615381E-003   1518.2319654059543        1.0000000000000000     
   7.6923076923076927E-003   6.9230769230769233E-003   1518.2673711647333        1.0000000000000000     
   7.6923076923076927E-003   7.3076923076923076E-003   1518.3106807360157        1.0000000000000000     
   7.6923076923076927E-003   7.6923076923076927E-003   1518.3619191930024        1.0000000000000000     
   7.6923076923076927E-003   8.0769230769230770E-003   1518.4210288784807        1.0000000000000000     
   7.6923076923076927E-003   8.4615384615384613E-003   1518.4875455935360        1.0000000000000000     
   7.6923076923076927E-003   8.8461538461538456E-003   1518.5614261925930        1.0000000000000000     
   7.6923076923076927E-003   9.2307692307692299E-003   1518.6433867263836        1.0000000000000000     
   7.6923076923076927E-003   9.6153846153846159E-003   1518.7331630701240        1.0000000000000000     

   8.0769230769230770E-003   3.8461538461538462E-004   1530.9714635002654        1.0000000000000000     
   8.0769230769230770E-003   7.6923076923076923E-004   1530.8813884288329        1.0000000000000000     
   8.0769230769230770E-003   1.1538461538461537E-003   1530.7991438676904        1.0000000000000000     
   8.0769230769230770E-003   1.5384615384615385E-003   1530.7250114478516        1.0000000000000000     
   8.0769230769230770E-003   1.9230769230769232E-003   1530.6582643776071        1.0000000000000000     
   8.0769230769230770E-003   2.3076923076923075E-003   1530.5989438982942        1.0000000000000000     
   8.0769230769230770E-003   2.6923076923076922E-003   1530.5475178807449        1.0000000000000000     
   8.0769230769230770E-003   3.0769230769230769E-003   1530.5040457893922        1.0000000000000000     
   8.0769230769230770E-003   3.4615384615384616E-003   1530.4685042281687        1.0000000000000000     
   8.0769230769230770E-003   3.8461538461538464E-003   1530.4408774564752        1.0000000000000000     
   8.0769230769230770E-003   4.2307692307692307E-003   1530.4211531093461        1.0000000000000000     
   8.0769230769230770E-003   4.6153846153846149E-003   1530.4093221770338        1.0000000000000000     
   8.0769230769230770E-003   5.0000000000000001E-003   1530.4053791515946        1.0000000000000000     
   8.0769230769230770E-003   5.3846153846153844E-003   1530.4093221770333        1.0000000000000000     
   8.0769230769230770E-003   5.7692307692307696E-003   1530.4211531093472        1.0000000000000000     
   8.0769230769230770E-003   6.1538461538461538E-003   1530.4408774564758        1.0000000000000000     
   8.0769230769230770E-003   6.5384615384615381E-003   1530.4685042281687        1.0000000000000000     
   8.0769230769230770E-003   6.9230769230769233E-003   1530.5040457893938        1.0000000000000000     
   8.0769230769230770E-003   7.3076923076923076E-003   1530.5475178807451        1.0000000000000000     
   8.0769230769230770E-003   7.6923076923076927E-003   1530.5989438982947        1.0000000000000000     
   8.0769230769230770E-003   8.0769230769230770E-003   1530.6582643776080        1.0000000000000000     
   8.0769230769230770E-003   8.4615384615384613E-003   1530.7250114478522        1.0000000000000000     
   8.0769230769230770E-003   8.8461538461538456E-003   1530.7991438676911        1.0000000000000000     
   8.0769230769230770E-003   9.2307692307692299E-003   1530.8813884288338        1.0000000000000000     
   8.0769230769230770E-003   9.6153846153846159E-003   1530.9714635002670        1.0000000000000000     

   8.4615384615384613E-003   3.8461538461538462E-004   1540.7925237234763        1.0000000000000000     
   8.4615384615384613E-003   7.6923076923076923E-004   1540.7017791860305        1.0000000000000000     
   8.4615384615384613E-003   1.1538461538461537E-003   1540.6194890279723        1.0000000000000000     
   8.4615384615384613E-003   1.5384615384615385E-003   1540.5452569651727        1.0000000000000000     
   8.4615384615384613E-003   1.9230769230769232E-003   1540.4784087605601        1.0000000000000000     
   8.4615384615384613E-003   2.3076923076923075E-003   1540.4189859727692        1.0000000000000000     
   8.4615384615384613E-003   2.6923076923076922E-003   1540.3674616230253        1.0000000000000000     
   8.4615384615384613E-003   3.0769230769230769E-003   1540.3238993109389        1.0000000000000000     
   8.4615384615384613E-003   3.4615384615384616E-003   1540.2882792748117        1.0000000000000000     
   8.4615384615384613E-003   3.8461538461538464E-003   1540.2605887489185        1.0000000000000000     
   8.4615384615384613E-003   4.2307692307692307E-003   1540.2408175054327        1.0000000000000000     
   8.4615384615384613E-003   4.6153846153846149E-003   1540.2289579235194        1.0000000000000000     
   8.4615384615384613E-003   5.0000000000000001E-003   1540.2250052661723        1.0000000000000000     
   8.4615384615384613E-003   5.3846153846153844E-003   1540.2289579235194        1.0000000000000000     
   8.4615384615384613E-003   5.7692307692307696E-003   1540.2408175054334        1.0000000000000000     
   8.4615384615384613E-003   6.1538461538461538E-003   1540.2605887489187        1.0000000000000000     
   8.4615384615384613E-003   6.5384615384615381E-003   1540.2882792748121        1.0000000000000000     
   8.4615384615384613E-003   6.9230769230769233E-003   1540.3238993109399        1.0000000000000000     
   8.4615384615384613E-003   7.3076923076923076E-003   1540.3674616230267        1.0000000000000000     
   8.4615384615384613E-003   7.6923076923076927E-003   1540.4189859727708        1.0000000000000000     
   8.4615384615384613E-003   8.0769230769230770E-003   1540.4784087605613        1.0000000000000000     
   8.4615384615384613E-003   8.4615384615384613E-003   1540.5452569651734        1.0000000000000000     
   8.4615384615384613E-003   8.8461538461538456E-003   1540.6194890279726        1.0000000000000000     
   8.4615384615384613E-003   9.2307692307692299E-003   1540.7017791860317        1.0000000000000000     
   8.4615384615384613E-003   9.6153846153846159E-003   1540.7925237234767        1.0000000000000000     

   8.8461538461538456E-003   3.8461538461538462E-004   1548.1881962950913        1.0000000000000000     
   8.8461538461538456E-003   7.6923076923076923E-004   1548.0978017619091        1.0000000000000000     
   8.8461538461538456E-003   1.1538461538461537E-003   1548.0144103060609        1.0000000000000000     
   8.8461538461538456E-003   1.5384615384615385E-003   1547.9402818865665        1.0000000000000000     
   8.8461538461538456E-003   1.9230769230769232E-003   1547.8734354487108        1.0000000000000000     
   8.8461538461538456E-003   2.3076923076923075E-003   1547.8139933454322        1.0000000000000000     
   8.8461538461538456E-003   2.6923076923076922E-003   1547.7624359086547        1.0000000000000000     
   8.8461538461538456E-003   3.0769230769230769E-003   1547.7188347253605        1.0000000000000000     
   8.8461538461538456E-003   3.4615384615384616E-003   1547.6831764025942        1.0000000000000000     
   8.8461538461538456E-003   3.8461538461538464E-003   1547.6554526136499        1.0000000000000000     
   8.8461538461538456E-003   4.2307692307692307E-003   1547.6356559713752        1.0000000000000000     
   8.8461538461538456E-003   4.6153846153846149E-003   1547.6237805563496        1.0000000000000000     
   8.8461538461538456E-003   5.0000000000000001E-003   1547.6198225282469        1.0000000000000000     
   8.8461538461538456E-003   5.3846153846153844E-003   1547.6237805563508        1.0000000000000000     
   8.8461538461538456E-003   5.7692307692307696E-003   1547.6356559713759        1.0000000000000000     
   8.8461538461538456E-003   6.1538461538461538E-003   1547.6554526136501        1.0000000000000000     
   8.8461538461538456E-003   6.5384615384615381E-003   1547.6831764025944        1.0000000000000000     
   8.8461538461538456E-003   6.9230769230769233E-003   1547.7188347253602        1.0000000000000000     
   8.8461538461538456E-003   7.3076923076923076E-003   1547.7624359086553        1.0000000000000000     
   8.8461538461538456E-003   7.6923076923076927E-003   1547.8139933454331        1.0000000000000000     
   8.8461538461538456E-003   8.0769230769230770E-003   1547.8734354487115        1.0000000000000000     
   8.8461538461538456E-003   8.4615384615384613E-003   1547.9402818865667        1.0000000000000000     
   8.8461538461538456E-003   8.8461538461538456E-003   1548.0144103060611        1.0000000000000000     
   8.8461538461538456E-003   9.2307692307692299E-003   1548.0978017619091        1.0000000000000000     
   8.8461538461538456E-003   9.6153846153846159E-003   1548.1881962950915        1.0000000000000000     

   9.2307692307692299E-003   3.8461538461538462E-004   1553.1542725496745        1.0000000000000000     
   9.2307692307692299E-003   7.6923076923076923E-004   1553.0634593360774        1.0000000000000000     
   9.2307692307692299E-003   1.1538461538461537E-003   1552.9808216108295        1.0000000000000000     
   9.2307692307692299E-003   1.5384615384615385E-003   1552.9056732790104        1.0000000000000000     
   9.2307692307692299E-003   1.9230769230769232E-003   1552.8389677551004        1.0000000000000000     
   9.2307692307692299E-003   2.3076923076923075E-003   1552.7795659001551        1.0000000000000000     
   9.2307692307692299E-003   2.6923076923076922E-003   1552.7280168908019        1.0000000000000000     
   9.2307692307692299E-003   3.0769230769230769E-003   1552.6844081528843        1.0000000000000000     
   9.2307692307692299E-003   3.4615384615384616E-003   1552.6487361080797        1.0000000000000000     
   9.2307692307692299E-003   3.8461538461538464E-003   1552.6209979995747        1.0000000000000000     
   9.2307692307692299E-003   4.2307692307692307E-003   1552.6011895297429        1.0000000000000000     
   9.2307692307692299E-003   4.6153846153846149E-003   1552.5893064640129        1.0000000000000000     
   9.2307692307692299E-003   5.0000000000000001E-003   1552.5853458009237        1.0000000000000000     
   9.2307692307692299E-003   5.3846153846153844E-003   1552.5893064640134        1.0000000000000000     
   9.2307692307692299E-003   5.7692307692307696E-003   1552.6011895297436        1.0000000000000000     
   9.2307692307692299E-003   6.1538461538461538E-003   1552.6209979995751        1.0000000000000000     
   9.2307692307692299E-003   6.5384615384615381E-003   1552.6487361080799        1.0000000000000000     
   9.2307692307692299E-003   6.9230769230769233E-003   1552.6844081528843        1.0000000000000000     
   9.2307692307692299E-003   7.3076923076923076E-003   1552.7280168908026        1.0000000000000000     
   9.2307692307692299E-003   7.6923076923076927E-003   1552.7795659001561        1.0000000000000000     
   9.2307692307692299E-003   8.0769230769230770E-003   1552.8389677551004        1.0000000000000000     
   9.2307692307692299E-003   8.4615384615384613E-003   1552.9056732790102        1.0000000000000000     
   9.2307692307692299E-003   8.8461538461538456E-003   1552.9808216108295        1.0000000000000000     
   9.2307692307692299E-003   9.2307692307692299E-003   1553.0634593360776        1.0000000000000000     
   9.2307692307692299E-003   9.6153846153846159E-003   1553.1542725496749        1.0000000000000000     

   9.6153846153846159E-003   3.8461538461538462E-004   1555.6878618223659        1.0000000000000000     
   9.6153846153846159E-003   7.6923076923076923E-004   1555.5964917820372        1.0000000000000000     
   9.6153846153846159E-003   1.1538461538461537E-003   1555.5134987093952        1.0000000000000000     
   9.6153846153846159E-003   1.5384615384615385E-003   1555.4388461155074        1.0000000000000000     
   9.6153846153846159E-003   1.9230769230769232E-003   1555.3717263330593        1.0000000000000000     
   9.6153846153846159E-003   2.3076923076923075E-003   1555.3124267552096        1.0000000000000000     
   9.6153846153846159E-003   2.6923076923076922E-003   1555.2609009696675        1.0000000000000000     
   9.6153846153846159E-003   3.0769230769230769E-003   1555.2172966927233        1.0000000000000000     
   9.6153846153846159E-003   3.4615384615384616E-003   1555.1816221773040        1.0000000000000000     
   9.6153846153846159E-003   3.8461538461538464E-003   1555.1538795727249        1.0000000000000000     
   9.6153846153846159E-003   4.2307692307692307E-003   1555.1340668510904        1.0000000000000000     
   9.6153846153846159E-003   4.6153846153846149E-003   1555.1221808901801        1.0000000000000000     
   9.6153846153846159E-003   5.0000000000000001E-003   1555.1182192106601        1.0000000000000000     
   9.6153846153846159E-003   5.3846153846153844E-003   1555.1221808901794        1.0000000000000000     
   9.6153846153846159E-003   5.7692307692307696E-003   1555.1340668510911        1.0000000000000000     
   9.6153846153846159E-003   6.1538461538461538E-003   1555.1538795727249        1.0000000000000000     
   9.6153846153846159E-003   6.5384615384615381E-003   1555.1816221773038        1.0000000000000000     
   9.6153846153846159E-003   6.9230769230769233E-003   1555.2172966927230        1.0000000000000000     
   9.6153846153846159E-003   7.3076923076923076E-003   1555.2609009696675        1.0000000000000000     
   9.6153846153846159E-003   7.6923076923076927E-003   1555.3124267552096        1.0000000000000000     
   9.6153846153846159E-003   8.0769230769230770E-003   1555.3717263330602        1.0000000000000000     
   9.6153846153846159E-003   8.4615384615384613E-003   1555.4388461155074        1.0000000000000000     
   9.6153846153846159E-003   8.8461538461538456E-003   1555.5134987093959        1.0000000000000000     
   9.6153846153846159E-003   9.2307692307692299E-003   1555.5964917820372        1.0000000000000000     
   9.6153846153846159E-003   9.6153846153846159E-003   1555.6878618223664        1.0000000000000000     

