   3.8461538461538462E-004   3.8461538461538462E-004   1622.6166956181175        1.0000000000000000     
   3.8461538461538462E-004   7.6923076923076923E-004   1622.8331920135035        1.0000000000000000     
   3.8461538461538462E-004   1.1538461538461537E-003   1623.0348332494914        1.0000000000000000     
   3.8461538461538462E-004   1.5384615384615385E-003   1623.2220623968085        1.0000000000000000     
   3.8461538461538462E-004   1.9230769230769232E-003   1623.3955222226305        1.0000000000000000     
   3.8461538461538462E-004   2.3076923076923075E-003   1623.5560288475433        1.0000000000000000     
   3.8461538461538462E-004   2.6923076923076922E-003   1623.7045389606710        1.0000000000000000     
   3.8461538461538462E-004   3.0769230769230769E-003   1623.8421124404647        1.0000000000000000     
   3.8461538461538462E-004   3.4615384615384616E-003   1623.9698724791549        1.0000000000000000     
   3.8461538461538462E-004   3.8461538461538464E-003   1624.0889654471091        1.0000000000000000     
   3.8461538461538462E-004   4.2307692307692307E-003   1624.2005227542111        1.0000000000000000     
   3.8461538461538462E-004   4.6153846153846149E-003   1624.3056268788382        1.0000000000000000     
   3.8461538461538462E-004   5.0000000000000001E-003   1624.4052835657542        1.0000000000000000     
   3.8461538461538462E-004   5.3846153846153844E-003   1624.5004019867897        1.0000000000000000     
   3.8461538461538462E-004   5.7692307692307696E-003   1624.5917844895487        1.0000000000000000     
   3.8461538461538462E-004   6.1538461538461538E-003   1624.6801275671171        1.0000000000000000     
   3.8461538461538462E-004   6.5384615384615381E-003   1624.7660361332632        1.0000000000000000     
   3.8461538461538462E-004   6.9230769230769233E-003   1624.8500546583991        1.0000000000000000     
   3.8461538461538462E-004   7.3076923076923076E-003   1624.9327225860839        1.0000000000000000     
   3.8461538461538462E-004   7.6923076923076927E-003   1625.0146713288623        1.0000000000000000     
   3.8461538461538462E-004   8.0769230769230770E-003   1625.0968065143011        1.0000000000000000     
   3.8461538461538462E-004   8.4615384615384613E-003   1625.1806951687088        1.0000000000000000     
   3.8461538461538462E-004   8.8461538461538456E-003   1625.2695171936105        1.0000000000000000     
   3.8461538461538462E-004   9.2307692307692299E-003   1625.3707664986009        1.0000000000000000     
   3.8461538461538462E-004   9.6153846153846159E-003   1625.5049725233891        1.0000000000000000     

   7.6923076923076923E-004   3.8461538461538462E-004   1622.8218795378341        1.0000000000000000     
   7.6923076923076923E-004   7.6923076923076923E-004   1623.0384146037604        1.0000000000000000     
   7.6923076923076923E-004   1.1538461538461537E-003   1623.2400970264516        1.0000000000000000     
   7.6923076923076923E-004   1.5384615384615385E-003   1623.4273693081591        1.0000000000000000     
   7.6923076923076923E-004   1.9230769230769232E-003   1623.6008733696019        1.0000000000000000     
   7.6923076923076923E-004   2.3076923076923075E-003   1623.7614242109698        1.0000000000000000     
   7.6923076923076923E-004   2.6923076923076922E-003   1623.9099771260217        1.0000000000000000     
   7.6923076923076923E-004   3.0769230769230769E-003   1624.0475903102474        1.0000000000000000     
   7.6923076923076923E-004   3.4615384615384616E-003   1624.1753849515126        1.0000000000000000     
   7.6923076923076923E-004   3.8461538461538464E-003   1624.2945050248609        1.0000000000000000     
   7.6923076923076923E-004   4.2307692307692307E-003   1624.4060790257774        1.0000000000000000     
   7.6923076923076923E-004   4.6153846153846149E-003   1624.5111857749450        1.0000000000000000     
   7.6923076923076923E-004   5.0000000000000001E-003   1624.6108262308730        1.0000000000000000     
   7.6923076923076923E-004   5.3846153846153844E-003   1624.7059029860286        1.0000000000000000     
   7.6923076923076923E-004   5.7692307692307696E-003   1624.7972088443921        1.0000000000000000     
   7.6923076923076923E-004   6.1538461538461538E-003   1624.8854256503255        1.0000000000000000     
   7.6923076923076923E-004   6.5384615384615381E-003   1624.9711344472219        1.0000000000000000     
   7.6923076923076923E-004   6.9230769230769233E-003   1625.0548381729814        1.0000000000000000     
   7.6923076923076923E-004   7.3076923076923076E-003   1625.1369983720842        1.0000000000000000     
   7.6923076923076923E-004   7.6923076923076927E-003   1625.2180868303046        1.0000000000000000     
   7.6923076923076923E-004   8.0769230769230770E-003   1625.2986462800955        1.0000000000000000     
   7.6923076923076923E-004   8.4615384615384613E-003   1625.3793163573412        1.0000000000000000     
   7.6923076923076923E-004   8.8461538461538456E-003   1625.4605980064634        1.0000000000000000     
   7.6923076923076923E-004   9.2307692307692299E-003   1625.5412826438162        1.0000000000000000     
   7.6923076923076923E-004   9.6153846153846159E-003   1625.6105618921392        1.0000000000000000     

   1.1538461538461537E-003   3.8461538461538462E-004   1623.0013231638354        1.0000000000000000     
   1.1538461538461537E-003   7.6923076923076923E-004   1623.2178977922210        1.0000000000000000     
   1.1538461538461537E-003   1.1538461538461537E-003   1623.4196273728726        1.0000000000000000     
   1.1538461538461537E-003   1.5384615384615385E-003   1623.6069532139820        1.0000000000000000     
   1.1538461538461537E-003   1.9230769230769232E-003   1623.7805154631192        1.0000000000000000     
   1.1538461538461537E-003   2.3076923076923075E-003   1623.9411267832872        1.0000000000000000     
   1.1538461538461537E-003   2.6923076923076922E-003   1624.0897395747713        1.0000000000000000     
   1.1538461538461537E-003   3.0769230769230769E-003   1624.2274085715069        1.0000000000000000     
   1.1538461538461537E-003   3.4615384615384616E-003   1624.3552508827297        1.0000000000000000     
   1.1538461538461537E-003   3.8461538461538464E-003   1624.4744056756897        1.0000000000000000     
   1.1538461538461537E-003   4.2307692307692307E-003   1624.5859956942422        1.0000000000000000     
   1.1538461538461537E-003   4.6153846153846149E-003   1624.6910926836822        1.0000000000000000     
   1.1538461538461537E-003   5.0000000000000001E-003   1624.7906885541147        1.0000000000000000     
   1.1538461538461537E-003   5.3846153846153844E-003   1624.8856737769968        1.0000000000000000     
   1.1538461538461537E-003   5.7692307692307696E-003   1624.9768240846795        1.0000000000000000     
   1.1538461538461537E-003   6.1538461538461538E-003   1625.0647960234060        1.0000000000000000     
   1.1538461538461537E-003   6.5384615384615381E-003   1625.1501312254718        1.0000000000000000     
   1.1538461538461537E-003   6.9230769230769233E-003   1625.2332681596386        1.0000000000000000     
   1.1538461538461537E-003   7.3076923076923076E-003   1625.3145578196484        1.0000000000000000     
   1.1538461538461537E-003   7.6923076923076927E-003   1625.3942741456010        1.0000000000000000     
   1.1538461538461537E-003   8.0769230769230770E-003   1625.4725951280652        1.0000000000000000     
   1.1538461538461537E-003   8.4615384615384613E-003   1625.5494924114967        1.0000000000000000     
   1.1538461538461537E-003   8.8461538461538456E-003   1625.6243804720050        1.0000000000000000     
   1.1538461538461537E-003   9.2307692307692299E-003   1625.6952563806412        1.0000000000000000     
   1.1538461538461537E-003   9.6153846153846159E-003   1625.7574525732020        1.0000000000000000     

   1.5384615384615385E-003   3.8461538461538462E-004   1623.1562920397100        1.0000000000000000     
   1.5384615384615385E-003   7.6923076923076923E-004   1623.3729072504352        1.0000000000000000     
   1.5384615384615385E-003   1.1538461538461537E-003   1623.5746900137431        1.0000000000000000     
   1.5384615384615385E-003   1.5384615384615385E-003   1623.7620798573867        1.0000000000000000     
   1.5384615384615385E-003   1.9230769230769232E-003   1623.9357142906633        1.0000000000000000     
   1.5384615384615385E-003   2.3076923076923075E-003   1624.0964025106905        1.0000000000000000     
   1.5384615384615385E-003   2.6923076923076922E-003   1624.2450926478780        1.0000000000000000     
   1.5384615384615385E-003   3.0769230769230769E-003   1624.3828343632040        1.0000000000000000     
   1.5384615384615385E-003   3.4615384615384616E-003   1624.5107388455799        1.0000000000000000     
   1.5384615384615385E-003   3.8461538461538464E-003   1624.6299383733535        1.0000000000000000     
   1.5384615384615385E-003   4.2307692307692307E-003   1624.7415475886676        1.0000000000000000     
   1.5384615384615385E-003   4.6153846153846149E-003   1624.8466284859035        1.0000000000000000     
   1.5384615384615385E-003   5.0000000000000001E-003   1624.9461608387824        1.0000000000000000     
   1.5384615384615385E-003   5.3846153846153844E-003   1625.0410193877365        1.0000000000000000     
   1.5384615384615385E-003   5.7692307692307696E-003   1625.1319585725853        1.0000000000000000     
   1.5384615384615385E-003   6.1538461538461538E-003   1625.2196048876426        1.0000000000000000     
   1.5384615384615385E-003   6.5384615384615381E-003   1625.3044559467799        1.0000000000000000     
   1.5384615384615385E-003   6.9230769230769233E-003   1625.3868838071860        1.0000000000000000     
   1.5384615384615385E-003   7.3076923076923076E-003   1625.4671374305515        1.0000000000000000     
   1.5384615384615385E-003   7.6923076923076927E-003   1625.5453342425421        1.0000000000000000     
   1.5384615384615385E-003   8.0769230769230770E-003   1625.6214219458768        1.0000000000000000     
   1.5384615384615385E-003   8.4615384615384613E-003   1625.6950787740163        1.0000000000000000     
   1.5384615384615385E-003   8.8461538461538456E-003   1625.7655145917286        1.0000000000000000     
   1.5384615384615385E-003   9.2307692307692299E-003   1625.8311972088575        1.0000000000000000     
   1.5384615384615385E-003   9.6153846153846159E-003   1625.8898505998482        1.0000000000000000     

   1.9230769230769232E-003   3.8461538461538462E-004   1623.2885803224640        1.0000000000000000     
   1.9230769230769232E-003   7.6923076923076923E-004   1623.5052373009598        1.0000000000000000     
   1.9230769230769232E-003   1.1538461538461537E-003   1623.7070793153518        1.0000000000000000     
   1.9230769230769232E-003   1.5384615384615385E-003   1623.8945435812941        1.0000000000000000     
   1.9230769230769232E-003   1.9230769230769232E-003   1624.0682641900682        1.0000000000000000     
   1.9230769230769232E-003   2.3076923076923075E-003   1624.2290458651623        1.0000000000000000     
   1.9230769230769232E-003   2.6923076923076922E-003   1624.3778312555798        1.0000000000000000     
   1.9230769230769232E-003   3.0769230769230769E-003   1624.5156635605183        1.0000000000000000     
   1.9230769230769232E-003   3.4615384615384616E-003   1624.6436465097559        1.0000000000000000     
   1.9230769230769232E-003   3.8461538461538464E-003   1624.7629038317755        1.0000000000000000     
   1.9230769230769232E-003   4.2307692307692307E-003   1624.8745403149944        1.0000000000000000     
   1.9230769230769232E-003   4.6153846153846149E-003   1624.9796064035513        1.0000000000000000     
   1.9230769230769232E-003   5.0000000000000001E-003   1625.0790679682948        1.0000000000000000     
   1.9230769230769232E-003   5.3846153846153844E-003   1625.1737824560355        1.0000000000000000     
   1.9230769230769232E-003   5.7692307692307696E-003   1625.2644820378896        1.0000000000000000     
   1.9230769230769232E-003   6.1538461538461538E-003   1625.3517636226536        1.0000000000000000     
   1.9230769230769232E-003   6.5384615384615381E-003   1625.4360846069296        1.0000000000000000     
   1.9230769230769232E-003   6.9230769230769233E-003   1625.5177618758089        1.0000000000000000     
   1.9230769230769232E-003   7.3076923076923076E-003   1625.5969696728935        1.0000000000000000     
   1.9230769230769232E-003   7.6923076923076927E-003   1625.6737294510272        1.0000000000000000     
   1.9230769230769232E-003   8.0769230769230770E-003   1625.7478823420568        1.0000000000000000     
   1.9230769230769232E-003   8.4615384615384613E-003   1625.8190357407270        1.0000000000000000     
   1.9230769230769232E-003   8.8461538461538456E-003   1625.8864901269271        1.0000000000000000     
   1.9230769230769232E-003   9.2307692307692299E-003   1625.9492036026329        1.0000000000000000     
   1.9230769230769232E-003   9.6153846153846159E-003   1626.0059573511173        1.0000000000000000     

   2.3076923076923075E-003   3.8461538461538462E-004   1623.4003905408599        1.0000000000000000     
   2.3076923076923075E-003   7.6923076923076923E-004   1623.6170906471020        1.0000000000000000     
   2.3076923076923075E-003   1.1538461538461537E-003   1623.8189979769722        1.0000000000000000     
   2.3076923076923075E-003   1.5384615384615385E-003   1624.0065469684735        1.0000000000000000     
   2.3076923076923075E-003   1.9230769230769232E-003   1624.1803676173727        1.0000000000000000     
   2.3076923076923075E-003   2.3076923076923075E-003   1624.3412593087248        1.0000000000000000     
   2.3076923076923075E-003   2.6923076923076922E-003   1624.4901581899117        1.0000000000000000     
   2.3076923076923075E-003   3.0769230769230769E-003   1624.6280998617242        1.0000000000000000     
   2.3076923076923075E-003   3.4615384615384616E-003   1624.7561793890359        1.0000000000000000     
   2.3076923076923075E-003   3.8461538461538464E-003   1624.8755107346767        1.0000000000000000     
   2.3076923076923075E-003   4.2307692307692307E-003   1624.9871876871568        1.0000000000000000     
   2.3076923076923075E-003   4.6153846153846149E-003   1625.0922481816456        1.0000000000000000     
   2.3076923076923075E-003   5.0000000000000001E-003   1625.1916436057197        1.0000000000000000     
   2.3076923076923075E-003   5.3846153846153844E-003   1625.2862142403208        1.0000000000000000     
   2.3076923076923075E-003   5.7692307692307696E-003   1625.3766714147848        1.0000000000000000     
   2.3076923076923075E-003   6.1538461538461538E-003   1625.4635862506511        1.0000000000000000     
   2.3076923076923075E-003   6.5384615384615381E-003   1625.5473840267118        1.0000000000000000     
   2.3076923076923075E-003   6.9230769230769233E-003   1625.6283422256661        1.0000000000000000     
   2.3076923076923075E-003   7.3076923076923076E-003   1625.7065893061058        1.0000000000000000     
   2.3076923076923075E-003   7.6923076923076927E-003   1625.7821005237006        1.0000000000000000     
   2.3076923076923075E-003   8.0769230769230770E-003   1625.8546877070044        1.0000000000000000     
   2.3076923076923075E-003   8.4615384615384613E-003   1625.9239841426854        1.0000000000000000     
   2.3076923076923075E-003   8.8461538461538456E-003   1625.9894378153665        1.0000000000000000     
   2.3076923076923075E-003   9.2307692307692299E-003   1626.0503493288638        1.0000000000000000     
   2.3076923076923075E-003   9.6153846153846159E-003   1626.1060122710519        1.0000000000000000     

   2.6923076923076922E-003   3.8461538461538462E-004   1623.4941853950688        1.0000000000000000     
   2.6923076923076922E-003   7.6923076923076923E-004   1623.7109301391120        1.0000000000000000     
   2.6923076923076922E-003   1.1538461538461537E-003   1623.9129087539905        1.0000000000000000     
   2.6923076923076922E-003   1.5384615384615385E-003   1624.1005525076548        1.0000000000000000     
   2.6923076923076922E-003   1.9230769230769232E-003   1624.2744867347451        1.0000000000000000     
   2.6923076923076922E-003   2.3076923076923075E-003   1624.4355047710008        1.0000000000000000     
   2.6923076923076922E-003   2.6923076923076922E-003   1624.5845354434034        1.0000000000000000     
   2.6923076923076922E-003   3.0769230769230769E-003   1624.7226058754995        1.0000000000000000     
   2.6923076923076922E-003   3.4615384615384616E-003   1624.8508015891491        1.0000000000000000     
   2.6923076923076922E-003   3.8461538461538464E-003   1624.9702259833496        1.0000000000000000     
   2.6923076923076922E-003   4.2307692307692307E-003   1625.0819612362750        1.0000000000000000     
   2.6923076923076922E-003   4.6153846153846149E-003   1625.1870325064183        1.0000000000000000     
   2.6923076923076922E-003   5.0000000000000001E-003   1625.2863770069209        1.0000000000000000     
   2.6923076923076922E-003   5.3846153846153844E-003   1625.3808191034384        1.0000000000000000     
   2.6923076923076922E-003   5.7692307692307696E-003   1625.4710520548037        1.0000000000000000     
   2.6923076923076922E-003   6.1538461538461538E-003   1625.5576263987386        1.0000000000000000     
   2.6923076923076922E-003   6.5384615384615381E-003   1625.6409443186865        1.0000000000000000     
   2.6923076923076922E-003   6.9230769230769233E-003   1625.7212586870869        1.0000000000000000     
   2.6923076923076922E-003   7.3076923076923076E-003   1625.7986750289645        1.0000000000000000     
   2.6923076923076922E-003   7.6923076923076927E-003   1625.8731547366813        1.0000000000000000     
   2.6923076923076922E-003   8.0769230769230770E-003   1625.9445191531606        1.0000000000000000     
   2.6923076923076922E-003   8.4615384615384613E-003   1626.0124576204275        1.0000000000000000     
   2.6923076923076922E-003   8.8461538461538456E-003   1626.0765489930795        1.0000000000000000     
   2.6923076923076922E-003   9.2307692307692299E-003   1626.1363135595445        1.0000000000000000     
   2.6923076923076922E-003   9.6153846153846159E-003   1626.1913113103706        1.0000000000000000     

   3.0769230769230769E-003   3.8461538461538462E-004   1623.5725210446401        1.0000000000000000     
   3.0769230769230769E-003   7.6923076923076923E-004   1623.7893120269075        1.0000000000000000     
   3.0769230769230769E-003   1.1538461538461537E-003   1623.9913676674200        1.0000000000000000     
   3.0769230769230769E-003   1.5384615384615385E-003   1624.1791157478217        1.0000000000000000     
   3.0769230769230769E-003   1.9230769230769232E-003   1624.3531764910779        1.0000000000000000     
   3.0769230769230769E-003   2.3076923076923075E-003   1624.5143366280986        1.0000000000000000     
   3.0769230769230769E-003   2.6923076923076922E-003   1624.6635170448237        1.0000000000000000     
   3.0769230769230769E-003   3.0769230769230769E-003   1624.8017357535311        1.0000000000000000     
   3.0769230769230769E-003   3.4615384615384616E-003   1624.9300681521827        1.0000000000000000     
   3.0769230769230769E-003   3.8461538461538464E-003   1625.0496066346582        1.0000000000000000     
   3.0769230769230769E-003   4.2307692307692307E-003   1625.1614215823963        1.0000000000000000     
   3.0769230769230769E-003   4.6153846153846149E-003   1625.2665256039804        1.0000000000000000     
   3.0769230769230769E-003   5.0000000000000001E-003   1625.3658426008069        1.0000000000000000     
   3.0769230769230769E-003   5.3846153846153844E-003   1625.4601828389207        1.0000000000000000     
   3.0769230769230769E-003   5.7692307692307696E-003   1625.5502247227455        1.0000000000000000     
   3.0769230769230769E-003   6.1538461538461538E-003   1625.6365034307432        1.0000000000000000     
   3.0769230769230769E-003   6.5384615384615381E-003   1625.7194060399936        1.0000000000000000     
   3.0769230769230769E-003   6.9230769230769233E-003   1625.7991723240973        1.0000000000000000     
   3.0769230769230769E-003   7.3076923076923076E-003   1625.8759002017111        1.0000000000000000     
   3.0769230769230769E-003   7.6923076923076927E-003   1625.9495550686941        1.0000000000000000     
   3.0769230769230769E-003   8.0769230769230770E-003   1626.0199832621945        1.0000000000000000     
   3.0769230769230769E-003   8.4615384615384613E-003   1626.0869318941077        1.0000000000000000     
   3.0769230769230769E-003   8.8461538461538456E-003   1626.1500798917968        1.0000000000000000     
   3.0769230769230769E-003   9.2307692307692299E-003   1626.2090863703831        1.0000000000000000     
   3.0769230769230769E-003   9.6153846153846159E-003   1626.2636580990386        1.0000000000000000     

   3.4615384615384616E-003   3.8461538461538462E-004   1623.6378725267537        1.0000000000000000     
   3.4615384615384616E-003   7.6923076923076923E-004   1623.8547113444456        1.0000000000000000     
   3.4615384615384616E-003   1.1538461538461537E-003   1624.0568493494766        1.0000000000000000     
   3.4615384615384616E-003   1.5384615384615385E-003   1624.2447105967867        1.0000000000000000     
   3.4615384615384616E-003   1.9230769230769232E-003   1624.4189098602537        1.0000000000000000     
   3.4615384615384616E-003   2.3076923076923075E-003   1624.5802268601797        1.0000000000000000     
   3.4615384615384616E-003   2.6923076923076922E-003   1624.7295741063888        1.0000000000000000     
   3.4615384615384616E-003   3.0769230769230769E-003   1624.8679600863027        1.0000000000000000     
   3.4615384615384616E-003   3.4615384615384616E-003   1624.9964497467126        1.0000000000000000     
   3.4615384615384616E-003   3.8461538461538464E-003   1625.1161243181643        1.0000000000000000     
   3.4615384615384616E-003   4.2307692307692307E-003   1625.2280425026831        1.0000000000000000     
   3.4615384615384616E-003   4.6153846153846149E-003   1625.3332048902300        1.0000000000000000     
   3.4615384615384616E-003   5.0000000000000001E-003   1625.4325231960922        1.0000000000000000     
   3.4615384615384616E-003   5.3846153846153844E-003   1625.5267955385148        1.0000000000000000     
   3.4615384615384616E-003   5.7692307692307696E-003   1625.6166885308055        1.0000000000000000     
   3.4615384615384616E-003   6.1538461538461538E-003   1625.7027264841913        1.0000000000000000     
   3.4615384615384616E-003   6.5384615384615381E-003   1625.7852875615613        1.0000000000000000     
   3.4615384615384616E-003   6.9230769230769233E-003   1625.8646063631256        1.0000000000000000     
   3.4615384615384616E-003   7.3076923076923076E-003   1625.9407822630021        1.0000000000000000     
   3.4615384615384616E-003   7.6923076923076927E-003   1626.0137929660416        1.0000000000000000     
   3.4615384615384616E-003   8.0769230769230770E-003   1626.0835133014480        1.0000000000000000     
   3.4615384615384616E-003   8.4615384615384613E-003   1626.1497401409056        1.0000000000000000     
   3.4615384615384616E-003   8.8461538461538456E-003   1626.2122250544544        1.0000000000000000     
   3.4615384615384616E-003   9.2307692307692299E-003   1626.2707157760274        1.0000000000000000     
   3.4615384615384616E-003   9.6153846153846159E-003   1626.3250041744541        1.0000000000000000     

   3.8461538461538464E-003   3.8461538461538462E-004   1623.6924624771987        1.0000000000000000     
   3.8461538461538464E-003   7.6923076923076923E-004   1623.9093506010036        1.0000000000000000     
   3.8461538461538464E-003   1.1538461538461537E-003   1624.1115757042360        1.0000000000000000     
   3.8461538461538464E-003   1.5384615384615385E-003   1624.2995579479577        1.0000000000000000     
   3.8461538461538464E-003   1.9230769230769232E-003   1624.4739064272881        1.0000000000000000     
   3.8461538461538464E-003   2.3076923076923075E-003   1624.6353935858554        1.0000000000000000     
   3.8461538461538464E-003   2.6923076923076922E-003   1624.7849232903375        1.0000000000000000     
   3.8461538461538464E-003   3.0769230769230769E-003   1624.9234942810376        1.0000000000000000     
   3.8461538461538464E-003   3.4615384615384616E-003   1625.0521609335481        1.0000000000000000     
   3.8461538461538464E-003   3.8461538461538464E-003   1625.1719933685652        1.0000000000000000     
   3.8461538461538464E-003   4.2307692307692307E-003   1625.2840389235275        1.0000000000000000     
   3.8461538461538464E-003   4.6153846153846149E-003   1625.3892868529254        1.0000000000000000     
   3.8461538461538464E-003   5.0000000000000001E-003   1625.4886378647573        1.0000000000000000     
   3.8461538461538464E-003   5.3846153846153844E-003   1625.5828797477191        1.0000000000000000     
   3.8461538461538464E-003   5.7692307692307696E-003   1625.6726699259193        1.0000000000000000     
   3.8461538461538464E-003   6.1538461538461538E-003   1625.7585253332502        1.0000000000000000     
   3.8461538461538464E-003   6.5384615384615381E-003   1625.8408195759707        1.0000000000000000     
   3.8461538461538464E-003   6.9230769230769233E-003   1625.9197870070145        1.0000000000000000     
   3.8461538461538464E-003   7.3076923076923076E-003   1625.9955331304611        1.0000000000000000     
   3.8461538461538464E-003   7.6923076923076927E-003   1626.0680507379177        1.0000000000000000     
   3.8461538461538464E-003   8.0769230769230770E-003   1626.1372413476797        1.0000000000000000     
   3.8461538461538464E-003   8.4615384615384613E-003   1626.2029417500000        1.0000000000000000     
   3.8461538461538464E-003   8.8461538461538456E-003   1626.2649554358604        1.0000000000000000     
   3.8461538461538464E-003   9.2307692307692299E-003   1626.3230878805000        1.0000000000000000     
   3.8461538461538464E-003   9.6153846153846159E-003   1626.3771826264397        1.0000000000000000     

   4.2307692307692307E-003   3.8461538461538462E-004   1623.7381041544161        1.0000000000000000     
   4.2307692307692307E-003   7.6923076923076923E-004   1623.9550427819752        1.0000000000000000     
   4.2307692307692307E-003   1.1538461538461537E-003   1624.1573588886629        1.0000000000000000     
   4.2307692307692307E-003   1.5384615384615385E-003   1624.3454686436371        1.0000000000000000     
   4.2307692307692307E-003   1.9230769230769232E-003   1624.5199753340578        1.0000000000000000     
   4.2307692307692307E-003   2.3076923076923075E-003   1624.6816439884960        1.0000000000000000     
   4.2307692307692307E-003   2.6923076923076922E-003   1624.8313697126086        1.0000000000000000     
   4.2307692307692307E-003   3.0769230769230769E-003   1624.9701414400092        1.0000000000000000     
   4.2307692307692307E-003   3.4615384615384616E-003   1625.0990030203070        1.0000000000000000     
   4.2307692307692307E-003   3.8461538461538464E-003   1625.2190136700590        1.0000000000000000     
   4.2307692307692307E-003   4.2307692307692307E-003   1625.3312097933353        1.0000000000000000     
   4.2307692307692307E-003   4.6153846153846149E-003   1625.4365700391345        1.0000000000000000     
   4.2307692307692307E-003   5.0000000000000001E-003   1625.5359852141214        1.0000000000000000     
   4.2307692307692307E-003   5.3846153846153844E-003   1625.6302343303196        1.0000000000000000     
   4.2307692307692307E-003   5.7692307692307696E-003   1625.7199676657524        1.0000000000000000     
   4.2307692307692307E-003   6.1538461538461538E-003   1625.8056972863380        1.0000000000000000     
   4.2307692307692307E-003   6.5384615384615381E-003   1625.8877950598724        1.0000000000000000     
   4.2307692307692307E-003   6.9230769230769233E-003   1625.9664978305259        1.0000000000000000     
   4.2307692307692307E-003   7.3076923076923076E-003   1626.0419191526262        1.0000000000000000     
   4.2307692307692307E-003   7.6923076923076927E-003   1626.1140668242335        1.0000000000000000     
   4.2307692307692307E-003   8.0769230769230770E-003   1626.1828653910788        1.0000000000000000     
   4.2307692307692307E-003   8.4615384615384613E-003   1626.2481827167410        1.0000000000000000     
   4.2307692307692307E-003   8.8461538461538456E-003   1626.3098594615817        1.0000000000000000     
   4.2307692307692307E-003   9.2307692307692299E-003   1626.3677396768699        1.0000000000000000     
   4.2307692307692307E-003   9.6153846153846159E-003   1626.4216996439686        1.0000000000000000     

   4.6153846153846149E-003   3.8461538461538462E-004   1623.7760689014549        1.0000000000000000     
   4.6153846153846149E-003   7.6923076923076923E-004   1623.9930587957388        1.0000000000000000     
   4.6153846153846149E-003   1.1538461538461537E-003   1624.1954687521256        1.0000000000000000     
   4.6153846153846149E-003   1.5384615384615385E-003   1624.3837109142678        1.0000000000000000     
   4.6153846153846149E-003   1.9230769230769232E-003   1624.5583827246819        1.0000000000000000     
   4.6153846153846149E-003   2.3076923076923075E-003   1624.7202417740207        1.0000000000000000     
   4.6153846153846149E-003   2.6923076923076922E-003   1624.8701744204297        1.0000000000000000     
   4.6153846153846149E-003   3.0769230769230769E-003   1625.0091598689955        1.0000000000000000     
   4.6153846153846149E-003   3.4615384615384616E-003   1625.1382316199827        1.0000000000000000     
   4.6153846153846149E-003   3.8461538461538464E-003   1625.2584382997757        1.0000000000000000     
   4.6153846153846149E-003   4.2307692307692307E-003   1625.3708058727620        1.0000000000000000     
   4.6153846153846149E-003   4.6153846153846149E-003   1625.4763030985605        1.0000000000000000     
   4.6153846153846149E-003   5.0000000000000001E-003   1625.5758118577287        1.0000000000000000     
   4.6153846153846149E-003   5.3846153846153844E-003   1625.6701036389841        1.0000000000000000     
   4.6153846153846149E-003   5.7692307692307696E-003   1625.7598230875069        1.0000000000000000     
   4.6153846153846149E-003   6.1538461538461538E-003   1625.8454790882633        1.0000000000000000     
   4.6153846153846149E-003   6.5384615384615381E-003   1625.9274434347151        1.0000000000000000     
   4.6153846153846149E-003   6.9230769230769233E-003   1626.0059567452788        1.0000000000000000     
   4.6153846153846149E-003   7.3076923076923076E-003   1626.0811409638345        1.0000000000000000     
   4.6153846153846149E-003   7.6923076923076927E-003   1626.1530175264070        1.0000000000000000     
   4.6153846153846149E-003   8.0769230769230770E-003   1626.2215300763892        1.0000000000000000     
   4.6153846153846149E-003   8.4615384615384613E-003   1626.2865704127576        1.0000000000000000     
   4.6153846153846149E-003   8.8461538461538456E-003   1626.3480060810011        1.0000000000000000     
   4.6153846153846149E-003   9.2307692307692299E-003   1626.4057076030017        1.0000000000000000     
   4.6153846153846149E-003   9.6153846153846159E-003   1626.4595728324903        1.0000000000000000     

   5.0000000000000001E-003   3.8461538461538462E-004   1623.8069866747296        1.0000000000000000     
   5.0000000000000001E-003   7.6923076923076923E-004   1624.0240279965533        1.0000000000000000     
   5.0000000000000001E-003   1.1538461538461537E-003   1624.2265333648704        1.0000000000000000     
   5.0000000000000001E-003   1.5384615384615385E-003   1624.4149109238106        1.0000000000000000     
   5.0000000000000001E-003   1.9230769230769232E-003   1624.5897523193485        1.0000000000000000     
   5.0000000000000001E-003   2.3076923076923075E-003   1624.7518077856898        1.0000000000000000     
   5.0000000000000001E-003   2.6923076923076922E-003   1624.9019550631099        1.0000000000000000     
   5.0000000000000001E-003   3.0769230769230769E-003   1625.0411638241599        1.0000000000000000     
   5.0000000000000001E-003   3.4615384615384616E-003   1625.1704575031326        1.0000000000000000     
   5.0000000000000001E-003   3.8461538461538464E-003   1625.2908745297088        1.0000000000000000     
   5.0000000000000001E-003   4.2307692307692307E-003   1625.4034309544311        1.0000000000000000     
   5.0000000000000001E-003   4.6153846153846149E-003   1625.5090863237313        1.0000000000000000     
   5.0000000000000001E-003   5.0000000000000001E-003   1625.6087144258877        1.0000000000000000     
   5.0000000000000001E-003   5.3846153846153844E-003   1625.7030802041656        1.0000000000000000     
   5.0000000000000001E-003   5.7692307692307696E-003   1625.7928237433491        1.0000000000000000     
   5.0000000000000001E-003   6.1538461538461538E-003   1625.8784518091015        1.0000000000000000     
   5.0000000000000001E-003   6.5384615384615381E-003   1625.9603369865954        1.0000000000000000     
   5.0000000000000001E-003   6.9230769230769233E-003   1626.0387240541006        1.0000000000000000     
   5.0000000000000001E-003   7.3076923076923076E-003   1626.1137428613238        1.0000000000000000     
   5.0000000000000001E-003   7.6923076923076927E-003   1626.1854266717794        1.0000000000000000     
   5.0000000000000001E-003   8.0769230769230770E-003   1626.2537346677418        1.0000000000000000     
   5.0000000000000001E-003   8.4615384615384613E-003   1626.3185770835705        1.0000000000000000     
   5.0000000000000001E-003   8.8461538461538456E-003   1626.3798412009733        1.0000000000000000     
   5.0000000000000001E-003   9.2307692307692299E-003   1626.4374162012728        1.0000000000000000     
   5.0000000000000001E-003   9.6153846153846159E-003   1626.4912146768797        1.0000000000000000     

   5.3846153846153844E-003   3.8461538461538462E-004   1623.8307862148306        1.0000000000000000     
   5.3846153846153844E-003   7.6923076923076923E-004   1624.0478783591686        1.0000000000000000     
   5.3846153846153844E-003   1.1538461538461537E-003   1624.2504792107518        1.0000000000000000     
   5.3846153846153844E-003   1.5384615384615385E-003   1624.4389929951503        1.0000000000000000     
   5.3846153846153844E-003   1.9230769230769232E-003   1624.6140056876279        1.0000000000000000     
   5.3846153846153844E-003   2.3076923076923075E-003   1624.7762603420590        1.0000000000000000     
   5.3846153846153844E-003   2.6923076923076922E-003   1624.9266263142647        1.0000000000000000     
   5.3846153846153844E-003   3.0769230769230769E-003   1625.0660640433189        1.0000000000000000     
   5.3846153846153844E-003   3.4615384615384616E-003   1625.1955872712367        1.0000000000000000     
   5.3846153846153844E-003   3.8461538461538464E-003   1625.3162246877318        1.0000000000000000     
   5.3846153846153844E-003   4.2307692307692307E-003   1625.4289829749639        1.0000000000000000     
   5.3846153846153844E-003   4.6153846153846149E-003   1625.5348130997738        1.0000000000000000     
   5.3846153846153844E-003   5.0000000000000001E-003   1625.6345814677040        1.0000000000000000     
   5.3846153846153844E-003   5.3846153846153844E-003   1625.7290472306693        1.0000000000000000     
   5.3846153846153844E-003   5.7692307692307696E-003   1625.8188466511349        1.0000000000000000     
   5.3846153846153844E-003   6.1538461538461538E-003   1625.9044849963243        1.0000000000000000     
   5.3846153846153844E-003   6.5384615384615381E-003   1625.9863359945198        1.0000000000000000     
   5.3846153846153844E-003   6.9230769230769233E-003   1626.0646484585798        1.0000000000000000     
   5.3846153846153844E-003   7.3076923076923076E-003   1626.1395592915685        1.0000000000000000     
   5.3846153846153844E-003   7.6923076923076927E-003   1626.2111117499617        1.0000000000000000     
   5.3846153846153844E-003   8.0769230769230770E-003   1626.2792775562828        1.0000000000000000     
   5.3846153846153844E-003   8.4615384615384613E-003   1626.3439812221875        1.0000000000000000     
   5.3846153846153844E-003   8.8461538461538456E-003   1626.4051247621592        1.0000000000000000     
   5.3846153846153844E-003   9.2307692307692299E-003   1626.4626108576972        1.0000000000000000     
   5.3846153846153844E-003   9.6153846153846159E-003   1626.5163625106409        1.0000000000000000     

   5.7692307692307696E-003   3.8461538461538462E-004   1623.8466789606264        1.0000000000000000     
   5.7692307692307696E-003   7.6923076923076923E-004   1624.0638204062568        1.0000000000000000     
   5.7692307692307696E-003   1.1538461538461537E-003   1624.2665151442768        1.0000000000000000     
   5.7692307692307696E-003   1.5384615384615385E-003   1624.4551636134204        1.0000000000000000     
   5.7692307692307696E-003   1.9230769230769232E-003   1624.6303463155198        1.0000000000000000     
   5.7692307692307696E-003   2.3076923076923075E-003   1624.7927993867365        1.0000000000000000     
   5.7692307692307696E-003   2.6923076923076922E-003   1624.9433841259874        1.0000000000000000     
   5.7692307692307696E-003   3.0769230769230769E-003   1625.0830521305359        1.0000000000000000     
   5.7692307692307696E-003   3.4615384615384616E-003   1625.2128079041861        1.0000000000000000     
   5.7692307692307696E-003   3.8461538461538464E-003   1625.3336709094904        1.0000000000000000     
   5.7692307692307696E-003   4.2307692307692307E-003   1625.4466390243806        1.0000000000000000     
   5.7692307692307696E-003   4.6153846153846149E-003   1625.5526552378853        1.0000000000000000     
   5.7692307692307696E-003   5.0000000000000001E-003   1625.6525791882091        1.0000000000000000     
   5.7692307692307696E-003   5.3846153846153844E-003   1625.7471648257256        1.0000000000000000     
   5.7692307692307696E-003   5.7692307692307696E-003   1625.8370450946054        1.0000000000000000     
   5.7692307692307696E-003   6.1538461538461538E-003   1625.9227240952525        1.0000000000000000     
   5.7692307692307696E-003   6.5384615384615381E-003   1626.0045767425399        1.0000000000000000     
   5.7692307692307696E-003   6.9230769230769233E-003   1626.0828554980781        1.0000000000000000     
   5.7692307692307696E-003   7.3076923076923076E-003   1626.1577033518240        1.0000000000000000     
   5.7692307692307696E-003   7.6923076923076927E-003   1626.2291718767913        1.0000000000000000     
   5.7692307692307696E-003   8.0769230769230770E-003   1626.2972428928595        1.0000000000000000     
   5.7692307692307696E-003   8.4615384615384613E-003   1626.3618520590041        1.0000000000000000     
   5.7692307692307696E-003   8.8461538461538456E-003   1626.4229125753698        1.0000000000000000     
   5.7692307692307696E-003   9.2307692307692299E-003   1626.4803371307853        1.0000000000000000     
   5.7692307692307696E-003   9.6153846153846159E-003   1626.5340563019349        1.0000000000000000     

   6.1538461538461538E-003   3.8461538461538462E-004   1623.8531880678222        1.0000000000000000     
   6.1538461538461538E-003   7.6923076923076923E-004   1624.0703762492083        1.0000000000000000     
   6.1538461538461538E-003   1.1538461538461537E-003   1624.2731614709419        1.0000000000000000     
   6.1538461538461538E-003   1.5384615384615385E-003   1624.4619405635333        1.0000000000000000     
   6.1538461538461538E-003   1.9230769230769232E-003   1624.6372888185585        1.0000000000000000     
   6.1538461538461538E-003   2.3076923076923075E-003   1624.7999357967408        1.0000000000000000     
   6.1538461538461538E-003   2.6923076923076922E-003   1624.9507351541904        1.0000000000000000     
   6.1538461538461538E-003   3.0769230769230769E-003   1625.0906301233360        1.0000000000000000     
   6.1538461538461538E-003   3.4615384615384616E-003   1625.2206164986542        1.0000000000000000     
   6.1538461538461538E-003   3.8461538461538464E-003   1625.3417050827566        1.0000000000000000     
   6.1538461538461538E-003   4.2307692307692307E-003   1625.4548855376418        1.0000000000000000     
   6.1538461538461538E-003   4.6153846153846149E-003   1625.5610934611532        1.0000000000000000     
   6.1538461538461538E-003   5.0000000000000001E-003   1625.6611822786510        1.0000000000000000     
   6.1538461538461538E-003   5.3846153846153844E-003   1625.7559012202780        1.0000000000000000     
   6.1538461538461538E-003   5.7692307692307696E-003   1625.8458802656983        1.0000000000000000     
   6.1538461538461538E-003   6.1538461538461538E-003   1625.9316225055202        1.0000000000000000     
   6.1538461538461538E-003   6.5384615384615381E-003   1626.0135039183995        1.0000000000000000     
   6.1538461538461538E-003   6.9230769230769233E-003   1626.0917801214332        1.0000000000000000     
   6.1538461538461538E-003   7.3076923076923076E-003   1626.1665992433300        1.0000000000000000     
   6.1538461538461538E-003   7.6923076923076927E-003   1626.2380197156044        1.0000000000000000     
   6.1538461538461538E-003   8.0769230769230770E-003   1626.3060314931311        1.0000000000000000     
   6.1538461538461538E-003   8.4615384615384613E-003   1626.3705790147142        1.0000000000000000     
   6.1538461538461538E-003   8.8461538461538456E-003   1626.4315841078744        1.0000000000000000     
   6.1538461538461538E-003   9.2307692307692299E-003   1626.4889670416949        1.0000000000000000     
   6.1538461538461538E-003   9.6153846153846159E-003   1626.5426640507671        1.0000000000000000     

   6.5384615384615381E-003   3.8461538461538462E-004   1623.8482210583388        1.0000000000000000     
   6.5384615384615381E-003   7.6923076923076923E-004   1624.0654522675879        1.0000000000000000     
   6.5384615384615381E-003   1.1538461538461537E-003   1624.2683226742488        1.0000000000000000     
   6.5384615384615381E-003   1.5384615384615385E-003   1624.4572257224838        1.0000000000000000     
   6.5384615384615381E-003   1.9230769230769232E-003   1624.6327318176550        1.0000000000000000     
   6.5384615384615381E-003   2.3076923076923075E-003   1624.7955643609498        1.0000000000000000     
   6.5384615384615381E-003   2.6923076923076922E-003   1624.9465698601230        1.0000000000000000     
   6.5384615384615381E-003   3.0769230769230769E-003   1625.0866837396363        1.0000000000000000     
   6.5384615384615381E-003   3.4615384615384616E-003   1625.2168936852065        1.0000000000000000     
   6.5384615384615381E-003   3.8461538461538464E-003   1625.3382024622317        1.0000000000000000     
   6.5384615384615381E-003   4.2307692307692307E-003   1625.4515921369605        1.0000000000000000     
   6.5384615384615381E-003   4.6153846153846149E-003   1625.5579915050396        1.0000000000000000     
   6.5384615384615381E-003   5.0000000000000001E-003   1625.6582483031193        1.0000000000000000     
   6.5384615384615381E-003   5.3846153846153844E-003   1625.7531074606150        1.0000000000000000     
   6.5384615384615381E-003   5.7692307692307696E-003   1625.8431962609402        1.0000000000000000     
   6.5384615384615381E-003   6.1538461538461538E-003   1625.9290168488869        1.0000000000000000     
   6.5384615384615381E-003   6.5384615384615381E-003   1626.0109460698459        1.0000000000000000     
   6.5384615384615381E-003   6.9230769230769233E-003   1626.0892421840188        1.0000000000000000     
   6.5384615384615381E-003   7.3076923076923076E-003   1626.1640575900440        1.0000000000000000     
   6.5384615384615381E-003   7.6923076923076927E-003   1626.2354563400579        1.0000000000000000     
   6.5384615384615381E-003   8.0769230769230770E-003   1626.3034349510415        1.0000000000000000     
   6.5384615384615381E-003   8.4615384615384613E-003   1626.3679448303856        1.0000000000000000     
   6.5384615384615381E-003   8.8461538461538456E-003   1626.4289145490291        1.0000000000000000     
   6.5384615384615381E-003   9.2307692307692299E-003   1626.4862702222963        1.0000000000000000     
   6.5384615384615381E-003   9.6153846153846159E-003   1626.5399524032086        1.0000000000000000     

   6.9230769230769233E-003   3.8461538461538462E-004   1623.8291818755235        1.0000000000000000     
   6.9230769230769233E-003   7.6923076923076923E-004   1624.0464512008484        1.0000000000000000     
   6.9230769230769233E-003   1.1538461538461537E-003   1624.2493995608381        1.0000000000000000     
   6.9230769230769233E-003   1.5384615384615385E-003   1624.4384172749653        1.0000000000000000     
   6.9230769230769233E-003   1.9230769230769232E-003   1624.6140702424725        1.0000000000000000     
   6.9230769230769233E-003   2.3076923076923075E-003   1624.7770761889756        1.0000000000000000     
   6.9230769230769233E-003   2.6923076923076922E-003   1624.9282750430423        1.0000000000000000     
   6.9230769230769233E-003   3.0769230769230769E-003   1625.0685950533646        1.0000000000000000     
   6.9230769230769233E-003   3.4615384615384616E-003   1625.1990164668482        1.0000000000000000     
   6.9230769230769233E-003   3.8461538461538464E-003   1625.3205346915422        1.0000000000000000     
   6.9230769230769233E-003   4.2307692307692307E-003   1625.4341248574667        1.0000000000000000     
   6.9230769230769233E-003   4.6153846153846149E-003   1625.5407095646783        1.0000000000000000     
   6.9230769230769233E-003   5.0000000000000001E-003   1625.6411313798708        1.0000000000000000     
   6.9230769230769233E-003   5.3846153846153844E-003   1625.7361313253946        1.0000000000000000     
   6.9230769230769233E-003   5.7692307692307696E-003   1625.8263342179234        1.0000000000000000     
   6.9230769230769233E-003   6.1538461538461538E-003   1625.9122412823012        1.0000000000000000     
   6.9230769230769233E-003   6.5384615384615381E-003   1625.9942300159823        1.0000000000000000     
   6.9230769230769233E-003   6.9230769230769233E-003   1626.0725608378480        1.0000000000000000     
   6.9230769230769233E-003   7.3076923076923076E-003   1626.1473896483678        1.0000000000000000     
   6.9230769230769233E-003   7.6923076923076927E-003   1626.2187850794103        1.0000000000000000     
   6.9230769230769233E-003   8.0769230769230770E-003   1626.2867489418038        1.0000000000000000     
   6.9230769230769233E-003   8.4615384615384613E-003   1626.3512382027459        1.0000000000000000     
   6.9230769230769233E-003   8.8461538461538456E-003   1626.4121867551969        1.0000000000000000     
   6.9230769230769233E-003   9.2307692307692299E-003   1626.4695252841886        1.0000000000000000     
   6.9230769230769233E-003   9.6153846153846159E-003   1626.5231976928135        1.0000000000000000     

   7.3076923076923076E-003   3.8461538461538462E-004   1623.7931156257703        1.0000000000000000     
   7.3076923076923076E-003   7.6923076923076923E-004   1624.0104169311430        1.0000000000000000     
   7.3076923076923076E-003   1.1538461538461537E-003   1624.2134341003396        1.0000000000000000     
   7.3076923076923076E-003   1.5384615384615385E-003   1624.4025546260725        1.0000000000000000     
   7.3076923076923076E-003   1.9230769230769232E-003   1624.5783403327846        1.0000000000000000     
   7.3076923076923076E-003   2.3076923076923075E-003   1624.7415038169645        1.0000000000000000     
   7.3076923076923076E-003   2.6923076923076922E-003   1624.8928790663206        1.0000000000000000     
   7.3076923076923076E-003   3.0769230769230769E-003   1625.0333878566053        1.0000000000000000     
   7.3076923076923076E-003   3.4615384615384616E-003   1625.1640037326792        1.0000000000000000     
   7.3076923076923076E-003   3.8461538461538464E-003   1625.2857154830081        1.0000000000000000     
   7.3076923076923076E-003   4.2307692307692307E-003   1625.3994920057230        1.0000000000000000     
   7.3076923076923076E-003   4.6153846153846149E-003   1625.5062503409874        1.0000000000000000     
   7.3076923076923076E-003   5.0000000000000001E-003   1625.6068284173537        1.0000000000000000     
   7.3076923076923076E-003   5.3846153846153844E-003   1625.7019637435396        1.0000000000000000     
   7.3076923076923076E-003   5.7692307692307696E-003   1625.7922788919368        1.0000000000000000     
   7.3076923076923076E-003   6.1538461538461538E-003   1625.8782741900161        1.0000000000000000     
   7.3076923076923076E-003   6.5384615384615381E-003   1625.9603275874074        1.0000000000000000     
   7.3076923076923076E-003   6.9230769230769233E-003   1626.0387012269875        1.0000000000000000     
   7.3076923076923076E-003   7.3076923076923076E-003   1626.1135538443789        1.0000000000000000     
   7.3076923076923076E-003   7.6923076923076927E-003   1626.1849577759469        1.0000000000000000     
   7.3076923076923076E-003   8.0769230769230770E-003   1626.2529190913053        1.0000000000000000     
   7.3076923076923076E-003   8.4615384615384613E-003   1626.3173991986166        1.0000000000000000     
   7.3076923076923076E-003   8.8461538461538456E-003   1626.3783362105823        1.0000000000000000     
   7.3076923076923076E-003   9.2307692307692299E-003   1626.4356644112399        1.0000000000000000     
   7.3076923076923076E-003   9.6153846153846159E-003   1626.4893303281119        1.0000000000000000     

   7.6923076923076927E-003   3.8461538461538462E-004   1623.7368772075858        1.0000000000000000     
   7.6923076923076927E-003   7.6923076923076923E-004   1623.9542031563410        1.0000000000000000     
   7.6923076923076927E-003   1.1538461538461537E-003   1624.1572781566947        1.0000000000000000     
   7.6923076923076927E-003   1.5384615384615385E-003   1624.3464872051363        1.0000000000000000     
   7.6923076923076927E-003   1.9230769230769232E-003   1624.5223885288140        1.0000000000000000     
   7.6923076923076927E-003   2.3076923076923075E-003   1624.6856901981373        1.0000000000000000     
   7.6923076923076927E-003   2.6923076923076922E-003   1624.8372209613974        1.0000000000000000     
   7.6923076923076927E-003   3.0769230769230769E-003   1624.9778968895819        1.0000000000000000     
   7.6923076923076927E-003   3.4615384615384616E-003   1625.1086856254285        1.0000000000000000     
   7.6923076923076927E-003   3.8461538461538464E-003   1625.2305701325447        1.0000000000000000     
   7.6923076923076927E-003   4.2307692307692307E-003   1625.3445138290383        1.0000000000000000     
   7.6923076923076927E-003   4.6153846153846149E-003   1625.4514288671703        1.0000000000000000     
   7.6923076923076927E-003   5.0000000000000001E-003   1625.5521490942399        1.0000000000000000     
   7.6923076923076927E-003   5.3846153846153844E-003   1625.6474089150906        1.0000000000000000     
   7.6923076923076927E-003   5.7692307692307696E-003   1625.7378288929986        1.0000000000000000     
   7.6923076923076927E-003   6.1538461538461538E-003   1625.8239084975507        1.0000000000000000     
   7.6923076923076927E-003   6.5384615384615381E-003   1625.9060259618823        1.0000000000000000     
   7.6923076923076927E-003   6.9230769230769233E-003   1625.9844447747648        1.0000000000000000     
   7.6923076923076927E-003   7.3076923076923076E-003   1626.0593259323973        1.0000000000000000     
   7.6923076923076927E-003   7.6923076923076927E-003   1626.1307447344752        1.0000000000000000     
   7.6923076923076927E-003   8.0769230769230770E-003   1626.1987106501767        1.0000000000000000     
   7.6923076923076927E-003   8.4615384615384613E-003   1626.2631886180066        1.0000000000000000     
   7.6923076923076927E-003   8.8461538461538456E-003   1626.3241200892764        1.0000000000000000     
   7.6923076923076927E-003   9.2307692307692299E-003   1626.3814421827992        1.0000000000000000     
   7.6923076923076927E-003   9.6153846153846159E-003   1626.4351034857634        1.0000000000000000     

   8.0769230769230770E-003   3.8461538461538462E-004   1623.6573134968753        1.0000000000000000     
   8.0769230769230770E-003   7.6923076923076923E-004   1623.8746556199501        1.0000000000000000     
   8.0769230769230770E-003   1.1538461538461537E-003   1624.0777757753394        1.0000000000000000     
   8.0769230769230770E-003   1.5384615384615385E-003   1624.2670568225592        1.0000000000000000     
   8.0769230769230770E-003   1.9230769230769232E-003   1624.4430539097616        1.0000000000000000     
   8.0769230769230770E-003   2.3076923076923075E-003   1624.6064712345014        1.0000000000000000     
   8.0769230769230770E-003   2.6923076923076922E-003   1624.7581330634700        1.0000000000000000     
   8.0769230769230770E-003   3.0769230769230769E-003   1624.8989505900645        1.0000000000000000     
   8.0769230769230770E-003   3.4615384615384616E-003   1625.0298864128949        1.0000000000000000     
   8.0769230769230770E-003   3.8461538461538464E-003   1625.1519185193301        1.0000000000000000     
   8.0769230769230770E-003   4.2307692307692307E-003   1625.2660056465916        1.0000000000000000     
   8.0769230769230770E-003   4.6153846153846149E-003   1625.3730557702670        1.0000000000000000     
   8.0769230769230770E-003   5.0000000000000001E-003   1625.4738992446912        1.0000000000000000     
   8.0769230769230770E-003   5.3846153846153844E-003   1625.5692678060379        1.0000000000000000     
   8.0769230769230770E-003   5.7692307692307696E-003   1625.6597802670030        1.0000000000000000     
   8.0769230769230770E-003   6.1538461538461538E-003   1625.7459353056947        1.0000000000000000     
   8.0769230769230770E-003   6.5384615384615381E-003   1625.8281113074111        1.0000000000000000     
   8.0769230769230770E-003   6.9230769230769233E-003   1625.9065727836642        1.0000000000000000     
   8.0769230769230770E-003   7.3076923076923076E-003   1625.9814824952707        1.0000000000000000     
   8.0769230769230770E-003   7.6923076923076927E-003   1626.0529180695592        1.0000000000000000     
   8.0769230769230770E-003   8.0769230769230770E-003   1626.1208916469259        1.0000000000000000     
   8.0769230769230770E-003   8.4615384615384613E-003   1626.1853709344682        1.0000000000000000     
   8.0769230769230770E-003   8.8461538461538456E-003   1626.2462999945076        1.0000000000000000     
   8.0769230769230770E-003   9.2307692307692299E-003   1626.3036181565944        1.0000000000000000     
   8.0769230769230770E-003   9.6153846153846159E-003   1626.3572756104227        1.0000000000000000     

   8.4615384615384613E-003   3.8461538461538462E-004   1623.5514478704913        1.0000000000000000     
   8.4615384615384613E-003   7.6923076923076923E-004   1623.7687966778740        1.0000000000000000     
   8.4615384615384613E-003   1.1538461538461537E-003   1623.9719478039538        1.0000000000000000     
   8.4615384615384613E-003   1.5384615384615385E-003   1624.1612823550465        1.0000000000000000     
   8.4615384615384613E-003   1.9230769230769232E-003   1624.3373529535329        1.0000000000000000     
   8.4615384615384613E-003   2.3076923076923075E-003   1624.5008606204938        1.0000000000000000     
   8.4615384615384613E-003   2.6923076923076922E-003   1624.6526259475900        1.0000000000000000     
   8.4615384615384613E-003   3.0769230769230769E-003   1624.7935561292898        1.0000000000000000     
   8.4615384615384613E-003   3.4615384615384616E-003   1624.9246096294382        1.0000000000000000     
   8.4615384615384613E-003   3.8461538461538464E-003   1625.0467603565021        1.0000000000000000     
   8.4615384615384613E-003   4.2307692307692307E-003   1625.1609632100558        1.0000000000000000     
   8.4615384615384613E-003   4.6153846153846149E-003   1625.2681227386936        1.0000000000000000     
   8.4615384615384613E-003   5.0000000000000001E-003   1625.3690664249564        1.0000000000000000     
   8.4615384615384613E-003   5.3846153846153844E-003   1625.4645238003034        1.0000000000000000     
   8.4615384615384613E-003   5.7692307692307696E-003   1625.5551122127308        1.0000000000000000     
   8.4615384615384613E-003   6.1538461538461538E-003   1625.6413296451378        1.0000000000000000     
   8.4615384615384613E-003   6.5384615384615381E-003   1625.7235545406240        1.0000000000000000     
   8.4615384615384613E-003   6.9230769230769233E-003   1625.8020521589940        1.0000000000000000     
   8.4615384615384613E-003   7.3076923076923076E-003   1625.8769865937268        1.0000000000000000     
   8.4615384615384613E-003   7.6923076923076927E-003   1625.9484372448956        1.0000000000000000     
   8.4615384615384613E-003   8.0769230769230770E-003   1626.0164182916487        1.0000000000000000     
   8.4615384615384613E-003   8.4615384615384613E-003   1626.0808995535106        1.0000000000000000     
   8.4615384615384613E-003   8.8461538461538456E-003   1626.1418270823792        1.0000000000000000     
   8.4615384615384613E-003   9.2307692307692299E-003   1626.1991418897353        1.0000000000000000     
   8.4615384615384613E-003   9.6153846153846159E-003   1626.2527953827564        1.0000000000000000     

   8.8461538461538456E-003   3.8461538461538462E-004   1623.4166556665132        1.0000000000000000     
   8.8461538461538456E-003   7.6923076923076923E-004   1623.6340007984347        1.0000000000000000     
   8.8461538461538456E-003   1.1538461538461537E-003   1623.8371674410791        1.0000000000000000     
   8.8461538461538456E-003   1.5384615384615385E-003   1624.0265353514046        1.0000000000000000     
   8.8461538461538456E-003   1.9230769230769232E-003   1624.2026552078441        1.0000000000000000     
   8.8461538461538456E-003   2.3076923076923075E-003   1624.3662255868419        1.0000000000000000     
   8.8461538461538456E-003   2.6923076923076922E-003   1624.5180642518440        1.0000000000000000     
   8.8461538461538456E-003   3.0769230769230769E-003   1624.6590753198504        1.0000000000000000     
   8.8461538461538456E-003   3.4615384615384616E-003   1624.7902140724518        1.0000000000000000     
   8.8461538461538456E-003   3.8461538461538464E-003   1624.9124512780836        1.0000000000000000     
   8.8461538461538456E-003   4.2307692307692307E-003   1625.0267388803052        1.0000000000000000     
   8.8461538461538456E-003   4.6153846153846149E-003   1625.1339787848660        1.0000000000000000     
   8.8461538461538456E-003   5.0000000000000001E-003   1625.2349962542364        1.0000000000000000     
   8.8461538461538456E-003   5.3846153846153844E-003   1625.3305191067175        1.0000000000000000     
   8.8461538461538456E-003   5.7692307692307696E-003   1625.4211635380329        1.0000000000000000     
   8.8461538461538456E-003   6.1538461538461538E-003   1625.5074269602235        1.0000000000000000     
   8.8461538461538456E-003   6.5384615384615381E-003   1625.5896878124991        1.0000000000000000     
   8.8461538461538456E-003   6.9230769230769233E-003   1625.6682118686315        1.0000000000000000     
   8.8461538461538456E-003   7.3076923076923076E-003   1625.7431641725129        1.0000000000000000     
   8.8461538461538456E-003   7.6923076923076927E-003   1625.8146254019459        1.0000000000000000     
   8.8461538461538456E-003   8.0769230769230770E-003   1625.8826112109905        1.0000000000000000     
   8.8461538461538456E-003   8.4615384615384613E-003   1625.9470929489626        1.0000000000000000     
   8.8461538461538456E-003   8.8461538461538456E-003   1626.0080181083777        1.0000000000000000     
   8.8461538461538456E-003   9.2307692307692299E-003   1626.0653289178551        1.0000000000000000     
   8.8461538461538456E-003   9.6153846153846159E-003   1626.1189776650247        1.0000000000000000     

   9.2307692307692299E-003   3.8461538461538462E-004   1623.2508197126951        1.0000000000000000     
   9.2307692307692299E-003   7.6923076923076923E-004   1623.4681501251673        1.0000000000000000     
   9.2307692307692299E-003   1.1538461538461537E-003   1623.6713158402883        1.0000000000000000     
   9.2307692307692299E-003   1.5384615384615385E-003   1623.8606956847768        1.0000000000000000     
   9.2307692307692299E-003   1.9230769230769232E-003   1624.0368389968132        1.0000000000000000     
   9.2307692307692299E-003   2.3076923076923075E-003   1624.2004426671924        1.0000000000000000     
   9.2307692307692299E-003   2.6923076923076922E-003   1624.3523225088877        1.0000000000000000     
   9.2307692307692299E-003   3.0769230769230769E-003   1624.4933805159601        1.0000000000000000     
   9.2307692307692299E-003   3.4615384615384616E-003   1624.6245697738416        1.0000000000000000     
   9.2307692307692299E-003   3.8461538461538464E-003   1624.7468588824370        1.0000000000000000     
   9.2307692307692299E-003   4.2307692307692307E-003   1624.8611977415485        1.0000000000000000     
   9.2307692307692299E-003   4.6153846153846149E-003   1624.9684864261887        1.0000000000000000     
   9.2307692307692299E-003   5.0000000000000001E-003   1625.0695486557695        1.0000000000000000     
   9.2307692307692299E-003   5.3846153846153844E-003   1625.1651110502253        1.0000000000000000     
   9.2307692307692299E-003   5.7692307692307696E-003   1625.2557889878133        1.0000000000000000     
   9.2307692307692299E-003   6.1538461538461538E-003   1625.3420794573003        1.0000000000000000     
   9.2307692307692299E-003   6.5384615384615381E-003   1625.4243608582876        1.0000000000000000     
   9.2307692307692299E-003   6.9230769230769233E-003   1625.5028992746636        1.0000000000000000     
   9.2307692307692299E-003   7.3076923076923076E-003   1625.5778603546903        1.0000000000000000     
   9.2307692307692299E-003   7.6923076923076927E-003   1625.6493256010208        1.0000000000000000     
   9.2307692307692299E-003   8.0769230769230770E-003   1625.7173116257870        1.0000000000000000     
   9.2307692307692299E-003   8.4615384615384613E-003   1625.7817907747628        1.0000000000000000     
   9.2307692307692299E-003   8.8461538461538456E-003   1625.8427114799567        1.0000000000000000     
   9.2307692307692299E-003   9.2307692307692299E-003   1625.9000167640538        1.0000000000000000     
   9.2307692307692299E-003   9.6153846153846159E-003   1625.9536594891294        1.0000000000000000     

   9.6153846153846159E-003   3.8461538461538462E-004   1623.0524562674757        1.0000000000000000     
   9.6153846153846159E-003   7.6923076923076923E-004   1623.2697604451853        1.0000000000000000     
   9.6153846153846159E-003   1.1538461538461537E-003   1623.4729081110495        1.0000000000000000     
   9.6153846153846159E-003   1.5384615384615385E-003   1623.6622775909873        1.0000000000000000     
   9.6153846153846159E-003   1.9230769230769232E-003   1623.8384175013673        1.0000000000000000     
   9.6153846153846159E-003   2.3076923076923075E-003   1624.0020238246680        1.0000000000000000     
   9.6153846153846159E-003   2.6923076923076922E-003   1624.1539113220858        1.0000000000000000     
   9.6153846153846159E-003   3.0769230769230769E-003   1624.2949808417577        1.0000000000000000     
   9.6153846153846159E-003   3.4615384615384616E-003   1624.4261842819737        1.0000000000000000     
   9.6153846153846159E-003   3.8461538461538464E-003   1624.5484890680702        1.0000000000000000     
   9.6153846153846159E-003   4.2307692307692307E-003   1624.6628439895767        1.0000000000000000     
   9.6153846153846159E-003   4.6153846153846149E-003   1624.7701481224847        1.0000000000000000     
   9.6153846153846159E-003   5.0000000000000001E-003   1624.8712243380928        1.0000000000000000     
   9.6153846153846159E-003   5.3846153846153844E-003   1624.9667985893743        1.0000000000000000     
   9.6153846153846159E-003   5.7692307692307696E-003   1625.0574857879369        1.0000000000000000     
   9.6153846153846159E-003   6.1538461538461538E-003   1625.1437826632689        1.0000000000000000     
   9.6153846153846159E-003   6.5384615384615381E-003   1625.2260675575469        1.0000000000000000     
   9.6153846153846159E-003   6.9230769230769233E-003   1625.3046066813583        1.0000000000000000     
   9.6153846153846159E-003   7.3076923076923076E-003   1625.3795659648536        1.0000000000000000     
   9.6153846153846159E-003   7.6923076923076927E-003   1625.4510273094695        1.0000000000000000     
   9.6153846153846159E-003   8.0769230769230770E-003   1625.5190077978689        1.0000000000000000     
   9.6153846153846159E-003   8.4615384615384613E-003   1625.5834802692484        1.0000000000000000     
   9.6153846153846159E-003   8.8461538461538456E-003   1625.6443936229996        1.0000000000000000     
   9.6153846153846159E-003   9.2307692307692299E-003   1625.7016912779075        1.0000000000000000     
   9.6153846153846159E-003   9.6153846153846159E-003   1625.7553263830348        1.0000000000000000     

