   3.8461538461538462E-004   3.8461538461538462E-004   1622.5339608095146        1.0000000000000000     
   3.8461538461538462E-004   7.6923076923076923E-004   1622.7508971376824        1.0000000000000000     
   3.8461538461538462E-004   1.1538461538461537E-003   1622.9534138811359        1.0000000000000000     
   3.8461538461538462E-004   1.5384615384615385E-003   1623.1419174066912        1.0000000000000000     
   3.8461538461538462E-004   1.9230769230769232E-003   1623.3169979092404        1.0000000000000000     
   3.8461538461538462E-004   2.3076923076923075E-003   1623.4794059276132        1.0000000000000000     
   3.8461538461538462E-004   2.6923076923076922E-003   1623.6300230984436        1.0000000000000000     
   3.8461538461538462E-004   3.0769230769230769E-003   1623.7698287822545        1.0000000000000000     
   3.8461538461538462E-004   3.4615384615384616E-003   1623.8998644192666        1.0000000000000000     
   3.8461538461538462E-004   3.8461538461538464E-003   1624.0211975983723        1.0000000000000000     
   3.8461538461538462E-004   4.2307692307692307E-003   1624.1348878468675        1.0000000000000000     
   3.8461538461538462E-004   4.6153846153846149E-003   1624.2419560808089        1.0000000000000000     
   3.8461538461538462E-004   5.0000000000000001E-003   1624.3433595195484        1.0000000000000000     
   3.8461538461538462E-004   5.3846153846153844E-003   1624.4399737057897        1.0000000000000000     
   3.8461538461538462E-004   5.7692307692307696E-003   1624.5325831582545        1.0000000000000000     
   3.8461538461538462E-004   6.1538461538461538E-003   1624.6218822521746        1.0000000000000000     
   3.8461538461538462E-004   6.5384615384615381E-003   1624.7084884366084        1.0000000000000000     
   3.8461538461538462E-004   6.9230769230769233E-003   1624.7929714289585        1.0000000000000000     
   3.8461538461538462E-004   7.3076923076923076E-003   1624.8759059461806        1.0000000000000000     
   3.8461538461538462E-004   7.6923076923076927E-003   1624.9579654566787        1.0000000000000000     
   3.8461538461538462E-004   8.0769230769230770E-003   1625.0401008415620        1.0000000000000000     
   3.8461538461538462E-004   8.4615384615384613E-003   1625.1239238872604        1.0000000000000000     
   3.8461538461538462E-004   8.8461538461538456E-003   1625.2126551933302        1.0000000000000000     
   3.8461538461538462E-004   9.2307692307692299E-003   1625.3138220419505        1.0000000000000000     
   3.8461538461538462E-004   9.6153846153846159E-003   1625.4479769888380        1.0000000000000000     

   7.6923076923076923E-004   3.8461538461538462E-004   1622.7403916087185        1.0000000000000000     
   7.6923076923076923E-004   7.6923076923076923E-004   1622.9573661910572        1.0000000000000000     
   7.6923076923076923E-004   1.1538461538461537E-003   1623.1599230947629        1.0000000000000000     
   7.6923076923076923E-004   1.5384615384615385E-003   1623.3484681661521        1.0000000000000000     
   7.6923076923076923E-004   1.9230769230769232E-003   1623.5235908224663        1.0000000000000000     
   7.6923076923076923E-004   2.3076923076923075E-003   1623.6860405681393        1.0000000000000000     
   7.6923076923076923E-004   2.6923076923076922E-003   1623.8366977431349        1.0000000000000000     
   7.6923076923076923E-004   3.0769230769230769E-003   1623.9765401312959        1.0000000000000000     
   7.6923076923076923E-004   3.4615384615384616E-003   1624.1066072769484        1.0000000000000000     
   7.6923076923076923E-004   3.8461538461538464E-003   1624.2279644789501        1.0000000000000000     
   7.6923076923076923E-004   4.2307692307692307E-003   1624.3416684472732        1.0000000000000000     
   7.6923076923076923E-004   4.6153846153846149E-003   1624.4487365247421        1.0000000000000000     
   7.6923076923076923E-004   5.0000000000000001E-003   1624.5501212127976        1.0000000000000000     
   7.6923076923076923E-004   5.3846153846153844E-003   1624.6466915245737        1.0000000000000000     
   7.6923076923076923E-004   5.7692307692307696E-003   1624.7392224652272        1.0000000000000000     
   7.6923076923076923E-004   6.1538461538461538E-003   1624.8283937716533        1.0000000000000000     
   7.6923076923076923E-004   6.5384615384615381E-003   1624.9147990146853        1.0000000000000000     
   7.6923076923076923E-004   6.9230769230769233E-003   1624.9989663558024        1.0000000000000000     
   7.6923076923076923E-004   7.3076923076923076E-003   1625.0813925780265        1.0000000000000000     
   7.6923076923076923E-004   7.6923076923076927E-003   1625.1625914826307        1.0000000000000000     
   7.6923076923076923E-004   8.0769230769230770E-003   1625.2431510194672        1.0000000000000000     
   7.6923076923076923E-004   8.4615384615384613E-003   1625.3237555727699        1.0000000000000000     
   7.6923076923076923E-004   8.8461538461538456E-003   1625.4049468529704        1.0000000000000000     
   7.6923076923076923E-004   9.2307692307692299E-003   1625.4855499832324        1.0000000000000000     
   7.6923076923076923E-004   9.6153846153846159E-003   1625.5547810124365        1.0000000000000000     

   1.1538461538461537E-003   3.8461538461538462E-004   1622.9222599843367        1.0000000000000000     
   1.1538461538461537E-003   7.6923076923076923E-004   1623.1392732173992        1.0000000000000000     
   1.1538461538461537E-003   1.1538461538461537E-003   1623.3418750830776        1.0000000000000000     
   1.1538461538461537E-003   1.5384615384615385E-003   1623.5304703350935        1.0000000000000000     
   1.1538461538461537E-003   1.9230769230769232E-003   1623.7056467630391        1.0000000000000000     
   1.1538461538461537E-003   2.3076923076923075E-003   1623.8681517159944        1.0000000000000000     
   1.1538461538461537E-003   2.6923076923076922E-003   1624.0188628490844        1.0000000000000000     
   1.1538461538461537E-003   3.0769230769230769E-003   1624.1587547092115        1.0000000000000000     
   1.1538461538461537E-003   3.4615384615384616E-003   1624.2888629912441        1.0000000000000000     
   1.1538461538461537E-003   3.8461538461538464E-003   1624.4102484085809        1.0000000000000000     
   1.1538461538461537E-003   4.2307692307692307E-003   1624.5239621244129        1.0000000000000000     
   1.1538461538461537E-003   4.6153846153846149E-003   1624.6310145842260        1.0000000000000000     
   1.1538461538461537E-003   5.0000000000000001E-003   1624.7323493848660        1.0000000000000000     
   1.1538461538461537E-003   5.3846153846153844E-003   1624.8288235229020        1.0000000000000000     
   1.1538461538461537E-003   5.7692307692307696E-003   1624.9211949943690        1.0000000000000000     
   1.1538461538461537E-003   6.1538461538461538E-003   1625.0101182587919        1.0000000000000000     
   1.1538461538461537E-003   6.5384615384615381E-003   1625.0961474577146        1.0000000000000000     
   1.1538461538461537E-003   6.9230769230769233E-003   1625.1797462318189        1.0000000000000000     
   1.1538461538461537E-003   7.3076923076923076E-003   1625.2613007361028        1.0000000000000000     
   1.1538461538461537E-003   7.6923076923076927E-003   1625.3411268334987        1.0000000000000000     
   1.1538461538461537E-003   8.0769230769230770E-003   1625.4194476367411        1.0000000000000000     
   1.1538461538461537E-003   8.4615384615384613E-003   1625.4962794562614        1.0000000000000000     
   1.1538461538461537E-003   8.8461538461538456E-003   1625.5710774786990        1.0000000000000000     
   1.1538461538461537E-003   9.2307692307692299E-003   1625.6418724305274        1.0000000000000000     
   1.1538461538461537E-003   9.6153846153846159E-003   1625.7040208481892        1.0000000000000000     

   1.5384615384615385E-003   3.8461538461538462E-004   1623.0806695982585        1.0000000000000000     
   1.5384615384615385E-003   7.6923076923076923E-004   1623.2977220032521        1.0000000000000000     
   1.5384615384615385E-003   1.1538461538461537E-003   1623.5003737068594        1.0000000000000000     
   1.5384615384615385E-003   1.5384615384615385E-003   1623.6890278354897        1.0000000000000000     
   1.5384615384615385E-003   1.9230769230769232E-003   1623.8642697600339        1.0000000000000000     
   1.5384615384615385E-003   2.3076923076923075E-003   1624.0268436380857        1.0000000000000000     
   1.5384615384615385E-003   2.6923076923076922E-003   1624.1776231697102        1.0000000000000000     
   1.5384615384615385E-003   3.0769230769230769E-003   1624.3175781677528        1.0000000000000000     
   1.5384615384615385E-003   3.4615384615384616E-003   1624.4477387524792        1.0000000000000000     
   1.5384615384615385E-003   3.8461538461538464E-003   1624.5691590837325        1.0000000000000000     
   1.5384615384615385E-003   4.2307692307692307E-003   1624.6828825318780        1.0000000000000000     
   1.5384615384615385E-003   4.6153846153846149E-003   1624.7899100598402        1.0000000000000000     
   1.5384615384615385E-003   5.0000000000000001E-003   1624.8911733446678        1.0000000000000000     
   1.5384615384615385E-003   5.3846153846153844E-003   1624.9875138089592        1.0000000000000000     
   1.5384615384615385E-003   5.7692307692307696E-003   1625.0796682498478        1.0000000000000000     
   1.5384615384615385E-003   6.1538461538461538E-003   1625.1682611052754        1.0000000000000000     
   1.5384615384615385E-003   6.5384615384615381E-003   1625.2538024696032        1.0000000000000000     
   1.5384615384615385E-003   6.9230769230769233E-003   1625.3366894919075        1.0000000000000000     
   1.5384615384615385E-003   7.3076923076923076E-003   1625.4172061749071        1.0000000000000000     
   1.5384615384615385E-003   7.6923076923076927E-003   1625.4955117202326        1.0000000000000000     
   1.5384615384615385E-003   8.0769230769230770E-003   1625.5715987941478        1.0000000000000000     
   1.5384615384615385E-003   8.4615384615384613E-003   1625.6451901396763        1.0000000000000000     
   1.5384615384615385E-003   8.8461538461538456E-003   1625.7155361849721        1.0000000000000000     
   1.5384615384615385E-003   9.2307692307692299E-003   1625.7811382440264        1.0000000000000000     
   1.5384615384615385E-003   9.6153846153846159E-003   1625.8397441921497        1.0000000000000000     

   1.9230769230769232E-003   3.8461538461538462E-004   1623.2171846055599        1.0000000000000000     
   1.9230769230769232E-003   7.6923076923076923E-004   1623.4342768658612        1.0000000000000000     
   1.9230769230769232E-003   1.1538461538461537E-003   1623.6369833592091        1.0000000000000000     
   1.9230769230769232E-003   1.5384615384615385E-003   1623.8257051020030        1.0000000000000000     
   1.9230769230769232E-003   1.9230769230769232E-003   1624.0010243369061        1.0000000000000000     
   1.9230769230769232E-003   2.3076923076923075E-003   1624.1636811100177        1.0000000000000000     
   1.9230769230769232E-003   2.6923076923076922E-003   1624.3145440554422        1.0000000000000000     
   1.9230769230769232E-003   3.0769230769230769E-003   1624.4545769714500        1.0000000000000000     
   1.9230769230769232E-003   3.4615384615384616E-003   1624.5848029753258        1.0000000000000000     
   1.9230769230769232E-003   3.8461538461538464E-003   1624.7062681194620        1.0000000000000000     
   1.9230769230769232E-003   4.2307692307692307E-003   1624.8200063279085        1.0000000000000000     
   1.9230769230769232E-003   4.6153846153846149E-003   1624.9270073671776        1.0000000000000000     
   1.9230769230769232E-003   5.0000000000000001E-003   1625.0281892968640        1.0000000000000000     
   1.9230769230769232E-003   5.3846153846153844E-003   1625.1243764526544        1.0000000000000000     
   1.9230769230769232E-003   5.7692307692307696E-003   1625.2162834858034        1.0000000000000000     
   1.9230769230769232E-003   6.1538461538461538E-003   1625.3045052878167        1.0000000000000000     
   1.9230769230769232E-003   6.5384615384615381E-003   1625.3895116964331        1.0000000000000000     
   1.9230769230769232E-003   6.9230769230769233E-003   1625.4716445809279        1.0000000000000000     
   1.9230769230769232E-003   7.3076923076923076E-003   1625.5511130639293        1.0000000000000000     
   1.9230769230769232E-003   7.6923076923076927E-003   1625.6279801748212        1.0000000000000000     
   1.9230769230769232E-003   8.0769230769230770E-003   1625.7021317902836        1.0000000000000000     
   1.9230769230769232E-003   8.4615384615384613E-003   1625.7732195936983        1.0000000000000000     
   1.9230769230769232E-003   8.8461538461538456E-003   1625.8405844180102        1.0000000000000000     
   1.9230769230769232E-003   9.2307692307692299E-003   1625.9032176755982        1.0000000000000000     
   1.9230769230769232E-003   9.6153846153846159E-003   1625.9599242797042        1.0000000000000000     

   2.3076923076923075E-003   3.8461538461538462E-004   1623.3337240332196        1.0000000000000000     
   2.3076923076923075E-003   7.6923076923076923E-004   1623.5508570050110        1.0000000000000000     
   2.3076923076923075E-003   1.1538461538461537E-003   1623.7536232802177        1.0000000000000000     
   2.3076923076923075E-003   1.5384615384615385E-003   1623.9424213451505        1.0000000000000000     
   2.3076923076923075E-003   1.9230769230769232E-003   1624.1178297019237        1.0000000000000000     
   2.3076923076923075E-003   2.3076923076923075E-003   1624.2805835017871        1.0000000000000000     
   2.3076923076923075E-003   2.6923076923076922E-003   1624.4315453860806        1.0000000000000000     
   2.3076923076923075E-003   3.0769230769230769E-003   1624.5716721023884        1.0000000000000000     
   2.3076923076923075E-003   3.4615384615384616E-003   1624.7019786617200        1.0000000000000000     
   2.3076923076923075E-003   3.8461538461538464E-003   1624.8235018925509        1.0000000000000000     
   2.3076923076923075E-003   4.2307692307692307E-003   1624.9372652178051        1.0000000000000000     
   2.3076923076923075E-003   4.6153846153846149E-003   1625.0442463280815        1.0000000000000000     
   2.3076923076923075E-003   5.0000000000000001E-003   1625.1453491488296        1.0000000000000000     
   2.3076923076923075E-003   5.3846153846153844E-003   1625.2413811024503        1.0000000000000000     
   2.3076923076923075E-003   5.7692307692307696E-003   1625.3330361480776        1.0000000000000000     
   2.3076923076923075E-003   6.1538461538461538E-003   1625.4208834367691        1.0000000000000000     
   2.3076923076923075E-003   6.5384615384615381E-003   1625.5053606388542        1.0000000000000000     
   2.3076923076923075E-003   6.9230769230769233E-003   1625.5867700873634        1.0000000000000000     
   2.3076923076923075E-003   7.3076923076923076E-003   1625.6652749187383        1.0000000000000000     
   2.3076923076923075E-003   7.6923076923076927E-003   1625.7408917170815        1.0000000000000000     
   2.3076923076923075E-003   8.0769230769230770E-003   1625.8134767828010        1.0000000000000000     
   2.3076923076923075E-003   8.4615384615384613E-003   1625.8827074152018        1.0000000000000000     
   2.3076923076923075E-003   8.8461538461538456E-003   1625.9480716926726        1.0000000000000000     
   2.3076923076923075E-003   9.2307692307692299E-003   1626.0089033039910        1.0000000000000000     
   2.3076923076923075E-003   9.6153846153846159E-003   1626.0645193933879        1.0000000000000000     

   2.6923076923076922E-003   3.8461538461538462E-004   1623.4324316242578        1.0000000000000000     
   2.6923076923076922E-003   7.6923076923076923E-004   1623.6496063157631        1.0000000000000000     
   2.6923076923076922E-003   1.1538461538461537E-003   1623.8524373276805        1.0000000000000000     
   2.6923076923076922E-003   1.5384615384615385E-003   1624.0413202650441        1.0000000000000000     
   2.6923076923076922E-003   1.9230769230769232E-003   1624.2168293829077        1.0000000000000000     
   2.6923076923076922E-003   2.3076923076923075E-003   1624.3796943006012        1.0000000000000000     
   2.6923076923076922E-003   2.6923076923076922E-003   1624.5307709325873        1.0000000000000000     
   2.6923076923076922E-003   3.0769230769230769E-003   1624.6710081880117        1.0000000000000000     
   2.6923076923076922E-003   3.4615384615384616E-003   1624.8014121863519        1.0000000000000000     
   2.6923076923076922E-003   3.8461538461538464E-003   1624.9230098239384        1.0000000000000000     
   2.6923076923076922E-003   4.2307692307692307E-003   1625.0368134948592        1.0000000000000000     
   2.6923076923076922E-003   4.6153846153846149E-003   1625.1437886177528        1.0000000000000000     
   2.6923076923076922E-003   5.0000000000000001E-003   1625.2448253503276        1.0000000000000000     
   2.6923076923076922E-003   5.3846153846153844E-003   1625.3407154936422        1.0000000000000000     
   2.6923076923076922E-003   5.7692307692307696E-003   1625.4321351100205        1.0000000000000000     
   2.6923076923076922E-003   6.1538461538461538E-003   1625.5196328202273        1.0000000000000000     
   2.6923076923076922E-003   6.5384615384615381E-003   1625.6036231400333        1.0000000000000000     
   2.6923076923076922E-003   6.9230769230769233E-003   1625.6843836343710        1.0000000000000000     
   2.6923076923076922E-003   7.3076923076923076E-003   1625.7620542693710        1.0000000000000000     
   2.6923076923076922E-003   7.6923076923076927E-003   1625.8366374739376        1.0000000000000000     
   2.6923076923076922E-003   8.0769230769230770E-003   1625.9079987419382        1.0000000000000000     
   2.6923076923076922E-003   8.4615384615384613E-003   1625.9758711045943        1.0000000000000000     
   2.6923076923076922E-003   8.8461538461538456E-003   1626.0398732096353        1.0000000000000000     
   2.6923076923076922E-003   9.2307692307692299E-003   1626.0995581758375        1.0000000000000000     
   2.6923076923076922E-003   9.6153846153846159E-003   1626.1545093630566        1.0000000000000000     

   3.0769230769230769E-003   3.8461538461538462E-004   1623.5155294633491        1.0000000000000000     
   3.0769230769230769E-003   7.6923076923076923E-004   1623.7327469811130        1.0000000000000000     
   3.0769230769230769E-003   1.1538461538461537E-003   1623.9356475275797        1.0000000000000000     
   3.0769230769230769E-003   1.5384615384615385E-003   1624.1246235465521        1.0000000000000000     
   3.0769230769230769E-003   1.9230769230769232E-003   1624.3002446475293        1.0000000000000000     
   3.0769230769230769E-003   2.3076923076923075E-003   1624.4632344274369        1.0000000000000000     
   3.0769230769230769E-003   2.6923076923076922E-003   1624.6144415277831        1.0000000000000000     
   3.0769230769230769E-003   3.0769230769230769E-003   1624.7548064654584        1.0000000000000000     
   3.0769230769230769E-003   3.4615384615384616E-003   1624.8853259692485        1.0000000000000000     
   3.0769230769230769E-003   3.8461538461538464E-003   1625.0070166412193        1.0000000000000000     
   3.0769230769230769E-003   4.2307692307692307E-003   1625.1208797329582        1.0000000000000000     
   3.0769230769230769E-003   4.6153846153846149E-003   1625.2278686808845        1.0000000000000000     
   3.0769230769230769E-003   5.0000000000000001E-003   1625.3288607881821        1.0000000000000000     
   3.0769230769230769E-003   5.3846153846153844E-003   1625.4246340864240        1.0000000000000000     
   3.0769230769230769E-003   5.7692307692307696E-003   1625.5158499781323        1.0000000000000000     
   3.0769230769230769E-003   6.1538461538461538E-003   1625.6030417839702        1.0000000000000000     
   3.0769230769230769E-003   6.5384615384615381E-003   1625.6866088453937        1.0000000000000000     
   3.0769230769230769E-003   6.9230769230769233E-003   1625.7668154493467        1.0000000000000000     
   3.0769230769230769E-003   7.3076923076923076E-003   1625.8437936874541        1.0000000000000000     
   3.0769230769230769E-003   7.6923076923076927E-003   1625.9175496619371        1.0000000000000000     
   3.0769230769230769E-003   8.0769230769230770E-003   1625.9879734983888        1.0000000000000000     
   3.0769230769230769E-003   8.4615384615384613E-003   1626.0548556336635        1.0000000000000000     
   3.0769230769230769E-003   8.8461538461538456E-003   1626.1179144518107        1.0000000000000000     
   3.0769230769230769E-003   9.2307692307692299E-003   1626.1768416166881        1.0000000000000000     
   3.0769230769230769E-003   9.6153846153846159E-003   1626.2313670634119        1.0000000000000000     

   3.4615384615384616E-003   3.8461538461538462E-004   1623.5851647495872        1.0000000000000000     
   3.4615384615384616E-003   7.6923076923076923E-004   1623.8024262131955        1.0000000000000000     
   3.4615384615384616E-003   1.1538461538461537E-003   1624.0054007774031        1.0000000000000000     
   3.4615384615384616E-003   1.5384615384615385E-003   1624.1944775152299        1.0000000000000000     
   3.4615384615384616E-003   1.9230769230769232E-003   1624.3702210974200        1.0000000000000000     
   3.4615384615384616E-003   2.3076923076923075E-003   1624.5333487479511        1.0000000000000000     
   3.4615384615384616E-003   2.6923076923076922E-003   1624.6847014636096        1.0000000000000000     
   3.4615384615384616E-003   3.0769230769230769E-003   1624.8252110235271        1.0000000000000000     
   3.4615384615384616E-003   3.4615384615384616E-003   1624.9558645078905        1.0000000000000000     
   3.4615384615384616E-003   3.8461538461538464E-003   1625.0776681334112        1.0000000000000000     
   3.4615384615384616E-003   4.2307692307692307E-003   1625.1916121881629        1.0000000000000000     
   3.4615384615384616E-003   4.6153846153846149E-003   1625.2986387109529        1.0000000000000000     
   3.4615384615384616E-003   5.0000000000000001E-003   1625.3996133187713        1.0000000000000000     
   3.4615384615384616E-003   5.3846153846153844E-003   1625.4953022560192        1.0000000000000000     
   3.4615384615384616E-003   5.7692307692307696E-003   1625.5863553462009        1.0000000000000000     
   3.4615384615384616E-003   6.1538461538461538E-003   1625.6732951064030        1.0000000000000000     
   3.4615384615384616E-003   6.5384615384615381E-003   1625.7565118882551        1.0000000000000000     
   3.4615384615384616E-003   6.9230769230769233E-003   1625.8362646078385        1.0000000000000000     
   3.4615384615384616E-003   7.3076923076923076E-003   1625.9126865173500        1.0000000000000000     
   3.4615384615384616E-003   7.6923076923076927E-003   1625.9857956653282        1.0000000000000000     
   3.4615384615384616E-003   8.0769230769230770E-003   1626.0555102718156        1.0000000000000000     
   3.4615384615384616E-003   8.4615384615384613E-003   1626.1216701347919        1.0000000000000000     
   3.4615384615384616E-003   8.8461538461538456E-003   1626.1840659140091        1.0000000000000000     
   3.4615384615384616E-003   9.2307692307692299E-003   1626.2424775866150        1.0000000000000000     
   3.4615384615384616E-003   9.6153846153846159E-003   1626.2967199682103        1.0000000000000000     

   3.8461538461538464E-003   3.8461538461538462E-004   1623.6432595463914        1.0000000000000000     
   3.8461538461538464E-003   7.6923076923076923E-004   1623.8605659755935        1.0000000000000000     
   3.8461538461538464E-003   1.1538461538461537E-003   1624.0636185384803        1.0000000000000000     
   3.8461538461538464E-003   1.5384615384615385E-003   1624.2528027950316        1.0000000000000000     
   3.8461538461538464E-003   1.9230769230769232E-003   1624.4286782832869        1.0000000000000000     
   3.8461538461538464E-003   2.3076923076923075E-003   1624.5919556328122        1.0000000000000000     
   3.8461538461538464E-003   2.6923076923076922E-003   1624.7434679797757        1.0000000000000000     
   3.8461538461538464E-003   3.0769230769230769E-003   1624.8841381982522        1.0000000000000000     
   3.8461538461538464E-003   3.4615384615384616E-003   1625.0149436557510        1.0000000000000000     
   3.8461538461538464E-003   3.8461538461538464E-003   1625.1368802912621        1.0000000000000000     
   3.8461538461538464E-003   4.2307692307692307E-003   1625.2509277938327        1.0000000000000000     
   3.8461538461538464E-003   4.6153846153846149E-003   1625.3580175307088        1.0000000000000000     
   3.8461538461538464E-003   5.0000000000000001E-003   1625.4590046457815        1.0000000000000000     
   3.8461538461538464E-003   5.3846153846153844E-003   1625.5546454388993        1.0000000000000000     
   3.8461538461538464E-003   5.7692307692307696E-003   1625.6455807703205        1.0000000000000000     
   3.8461538461538464E-003   6.1538461538461538E-003   1625.7323258467832        1.0000000000000000     
   3.8461538461538464E-003   6.5384615384615381E-003   1625.8152663811461        1.0000000000000000     
   3.8461538461538464E-003   6.9230769230769233E-003   1625.8946608296790        1.0000000000000000     
   3.8461538461538464E-003   7.3076923076923076E-003   1625.9706482578204        1.0000000000000000     
   3.8461538461538464E-003   7.6923076923076927E-003   1626.0432614118272        1.0000000000000000     
   3.8461538461538464E-003   8.0769230769230770E-003   1626.1124447747968        1.0000000000000000     
   3.8461538461538464E-003   8.4615384615384613E-003   1626.1780776366938        1.0000000000000000     
   3.8461538461538464E-003   8.8461538461538456E-003   1626.2400021863191        1.0000000000000000     
   3.8461538461538464E-003   9.2307692307692299E-003   1626.2980558166566        1.0000000000000000     
   3.8461538461538464E-003   9.6153846153846159E-003   1626.3521047841807        1.0000000000000000     

   4.2307692307692307E-003   3.8461538461538462E-004   1623.6913731836537        1.0000000000000000     
   4.2307692307692307E-003   7.6923076923076923E-004   1623.9087253640523        1.0000000000000000     
   4.2307692307692307E-003   1.1538461538461537E-003   1624.1118591971663        1.0000000000000000     
   4.2307692307692307E-003   1.5384615384615385E-003   1624.3011566505591        1.0000000000000000     
   4.2307692307692307E-003   1.9230769230769232E-003   1624.4771720270951        1.0000000000000000     
   4.2307692307692307E-003   2.3076923076923075E-003   1624.6406092569223        1.0000000000000000     
   4.2307692307692307E-003   2.6923076923076922E-003   1624.7922935359388        1.0000000000000000     
   4.2307692307692307E-003   3.0769230769230769E-003   1624.9331388146738        1.0000000000000000     
   4.2307692307692307E-003   3.4615384615384616E-003   1625.0641128349803        1.0000000000000000     
   4.2307692307692307E-003   3.8461538461538464E-003   1625.1862015042202        1.0000000000000000     
   4.2307692307692307E-003   4.2307692307692307E-003   1625.3003743806489        1.0000000000000000     
   4.2307692307692307E-003   4.6153846153846149E-003   1625.4075529218144        1.0000000000000000     
   4.2307692307692307E-003   5.0000000000000001E-003   1625.5085829298541        1.0000000000000000     
   4.2307692307692307E-003   5.3846153846153844E-003   1625.6042123309046        1.0000000000000000     
   4.2307692307692307E-003   5.7692307692307696E-003   1625.6950750751148        1.0000000000000000     
   4.2307692307692307E-003   6.1538461538461538E-003   1625.7816815703711        1.0000000000000000     
   4.2307692307692307E-003   6.5384615384615381E-003   1625.8644157037124        1.0000000000000000     
   4.2307692307692307E-003   6.9230769230769233E-003   1625.9435381984945        1.0000000000000000     
   4.2307692307692307E-003   7.3076923076923076E-003   1626.0191958370460        1.0000000000000000     
   4.2307692307692307E-003   7.6923076923076927E-003   1626.0914359630390        1.0000000000000000     
   4.2307692307692307E-003   8.0769230769230770E-003   1626.1602256394676        1.0000000000000000     
   4.2307692307692307E-003   8.4615384615384613E-003   1626.2254747819311        1.0000000000000000     
   4.2307692307692307E-003   8.8461538461538456E-003   1626.2870623377712        1.0000000000000000     
   4.2307692307692307E-003   9.2307692307692299E-003   1626.3448639352321        1.0000000000000000     
   4.2307692307692307E-003   9.6153846153846159E-003   1626.3987783261755        1.0000000000000000     

   4.6153846153846149E-003   3.8461538461538462E-004   1623.7305862221417        1.0000000000000000     
   4.6153846153846149E-003   7.6923076923076923E-004   1623.9479845570552        1.0000000000000000     
   4.6153846153846149E-003   1.1538461538461537E-003   1624.1512020077821        1.0000000000000000     
   4.6153846153846149E-003   1.5384615384615385E-003   1624.3406169280113        1.0000000000000000     
   4.6153846153846149E-003   1.9230769230769232E-003   1624.5167783661536        1.0000000000000000     
   4.6153846153846149E-003   2.3076923076923075E-003   1624.6803835517910        1.0000000000000000     
   4.6153846153846149E-003   2.6923076923076922E-003   1624.8322497789381        1.0000000000000000     
   4.6153846153846149E-003   3.0769230769230769E-003   1624.9732821794278        1.0000000000000000     
   4.6153846153846149E-003   3.4615384615384616E-003   1625.1044390732120        1.0000000000000000     
   4.6153846153846149E-003   3.8461538461538464E-003   1625.2266966761540        1.0000000000000000     
   4.6153846153846149E-003   4.2307692307692307E-003   1625.3410149333024        1.0000000000000000     
   4.6153846153846149E-003   4.6153846153846149E-003   1625.4483061291387        1.0000000000000000     
   4.6153846153846149E-003   5.0000000000000001E-003   1625.5494077155020        1.0000000000000000     
   4.6153846153846149E-003   5.3846153846153844E-003   1625.6450605095049        1.0000000000000000     
   4.6153846153846149E-003   5.7692307692307696E-003   1625.7358930705507        1.0000000000000000     
   4.6153846153846149E-003   6.1538461538461538E-003   1625.8224126956609        1.0000000000000000     
   4.6153846153846149E-003   6.5384615384615381E-003   1625.9050031063161        1.0000000000000000     
   4.6153846153846149E-003   6.9230769230769233E-003   1625.9839285679504        1.0000000000000000     
   4.6153846153846149E-003   7.3076923076923076E-003   1626.0593439078202        1.0000000000000000     
   4.6153846153846149E-003   7.6923076923076927E-003   1626.1313096851165        1.0000000000000000     
   4.6153846153846149E-003   8.0769230769230770E-003   1626.1998115986053        1.0000000000000000     
   4.6153846153846149E-003   8.4615384615384613E-003   1626.2647830375406        1.0000000000000000     
   4.6153846153846149E-003   8.8461538461538456E-003   1626.3261294109420        1.0000000000000000     
   4.6153846153846149E-003   9.2307692307692299E-003   1626.3837524666735        1.0000000000000000     
   4.6153846153846149E-003   9.6153846153846159E-003   1626.4375722783645        1.0000000000000000     

   5.0000000000000001E-003   3.8461538461538462E-004   1623.7614135613933        1.0000000000000000     
   5.0000000000000001E-003   7.6923076923076923E-004   1623.9788579184817        1.0000000000000000     
   5.0000000000000001E-003   1.1538461538461537E-003   1624.1821601999375        1.0000000000000000     
   5.0000000000000001E-003   1.5384615384615385E-003   1624.3716951770766        1.0000000000000000     
   5.0000000000000001E-003   1.9230769230769232E-003   1624.5480066998693        1.0000000000000000     
   5.0000000000000001E-003   2.3076923076923075E-003   1624.7117853886666        1.0000000000000000     
   5.0000000000000001E-003   2.6923076923076922E-003   1624.8638407764893        1.0000000000000000     
   5.0000000000000001E-003   3.0769230769230769E-003   1625.0050693845149        1.0000000000000000     
   5.0000000000000001E-003   3.4615384615384616E-003   1625.1364204063539        1.0000000000000000     
   5.0000000000000001E-003   3.8461538461538464E-003   1625.2588607715281        1.0000000000000000     
   5.0000000000000001E-003   4.2307692307692307E-003   1625.3733413483003        1.0000000000000000     
   5.0000000000000001E-003   4.6153846153846149E-003   1625.4807659332430        1.0000000000000000     
   5.0000000000000001E-003   5.0000000000000001E-003   1625.5819644686571        1.0000000000000000     
   5.0000000000000001E-003   5.3846153846153844E-003   1625.6776716451147        1.0000000000000000     
   5.0000000000000001E-003   5.7692307692307696E-003   1625.7685117059182        1.0000000000000000     
   5.0000000000000001E-003   6.1538461538461538E-003   1625.8549898986623        1.0000000000000000     
   5.0000000000000001E-003   6.5384615384615381E-003   1625.9374906428925        1.0000000000000000     
   5.0000000000000001E-003   6.9230769230769233E-003   1626.0162821274098        1.0000000000000000     
   5.0000000000000001E-003   7.3076923076923076E-003   1626.0915267349110        1.0000000000000000     
   5.0000000000000001E-003   7.6923076923076927E-003   1626.1632964229252        1.0000000000000000     
   5.0000000000000001E-003   8.0769230769230770E-003   1626.2315919601779        1.0000000000000000     
   5.0000000000000001E-003   8.4615384615384613E-003   1626.2963647027634        1.0000000000000000     
   5.0000000000000001E-003   8.8461538461538456E-003   1626.3575393664130        1.0000000000000000     
   5.0000000000000001E-003   9.2307692307692299E-003   1626.4150360025662        1.0000000000000000     
   5.0000000000000001E-003   9.6153846153846159E-003   1626.4687891695373        1.0000000000000000     

   5.3846153846153844E-003   3.8461538461538462E-004   1623.7837524621918        1.0000000000000000     
   5.3846153846153844E-003   7.6923076923076923E-004   1624.0012420237433        1.0000000000000000     
   5.3846153846153844E-003   1.1538461538461537E-003   1624.2046290211929        1.0000000000000000     
   5.3846153846153844E-003   1.5384615384615385E-003   1624.3942847233425        1.0000000000000000     
   5.3846153846153844E-003   1.9230769230769232E-003   1624.5707479059597        1.0000000000000000     
   5.3846153846153844E-003   2.3076923076923075E-003   1624.7347027542503        1.0000000000000000     
   5.3846153846153844E-003   2.6923076923076922E-003   1624.8869512713056        1.0000000000000000     
   5.3846153846153844E-003   3.0769230769230769E-003   1625.0283816640970        1.0000000000000000     
   5.3846153846153844E-003   3.4615384615384616E-003   1625.1599343708367        1.0000000000000000     
   5.3846153846153844E-003   3.8461538461538464E-003   1625.2825674886587        1.0000000000000000     
   5.3846153846153844E-003   4.2307692307692307E-003   1625.3972233517802        1.0000000000000000     
   5.3846153846153844E-003   4.6153846153846149E-003   1625.5047978998944        1.0000000000000000     
   5.3846153846153844E-003   5.0000000000000001E-003   1625.6061142729832        1.0000000000000000     
   5.3846153846153844E-003   5.3846153846153844E-003   1625.7019017871437        1.0000000000000000     
   5.3846153846153844E-003   5.7692307692307696E-003   1625.7927811059715        1.0000000000000000     
   5.3846153846153844E-003   6.1538461538461538E-003   1625.8792560471836        1.0000000000000000     
   5.3846153846153844E-003   6.5384615384615381E-003   1625.9617120788512        1.0000000000000000     
   5.3846153846153844E-003   6.9230769230769233E-003   1626.0404211873156        1.0000000000000000     
   5.3846153846153844E-003   7.3076923076923076E-003   1626.1155524580145        1.0000000000000000     
   5.3846153846153844E-003   7.6923076923076927E-003   1626.1871874123810        1.0000000000000000     
   5.3846153846153844E-003   8.0769230769230770E-003   1626.2553388908054        1.0000000000000000     
   5.3846153846153844E-003   8.4615384615384613E-003   1626.3199720586474        1.0000000000000000     
   5.3846153846153844E-003   8.8461538461538456E-003   1626.3810259355212        1.0000000000000000     
   5.3846153846153844E-003   9.2307692307692299E-003   1626.4384337177789        1.0000000000000000     
   5.3846153846153844E-003   9.6153846153846159E-003   1626.4921401196495        1.0000000000000000     

   5.7692307692307696E-003   3.8461538461538462E-004   1623.7968690755865        1.0000000000000000     
   5.7692307692307696E-003   7.6923076923076923E-004   1624.0144022011734        1.0000000000000000     
   5.7692307692307696E-003   1.1538461538461537E-003   1624.2178723057561        1.0000000000000000     
   5.7692307692307696E-003   1.5384615384615385E-003   1624.4076472797126        1.0000000000000000     
   5.7692307692307696E-003   1.9230769230769232E-003   1624.5842610109210        1.0000000000000000     
   5.7692307692307696E-003   2.3076923076923075E-003   1624.7483914983543        1.0000000000000000     
   5.7692307692307696E-003   2.6923076923076922E-003   1624.9008335269441        1.0000000000000000     
   5.7692307692307696E-003   3.0769230769230769E-003   1625.0424673640880        1.0000000000000000     
   5.7692307692307696E-003   3.4615384615384616E-003   1625.1742251292255        1.0000000000000000     
   5.7692307692307696E-003   3.8461538461538464E-003   1625.2970565828789        1.0000000000000000     
   5.7692307692307696E-003   4.2307692307692307E-003   1625.4118960735852        1.0000000000000000     
   5.7692307692307696E-003   4.6153846153846149E-003   1625.5196322720424        1.0000000000000000     
   5.7692307692307696E-003   5.0000000000000001E-003   1625.6210821199013        1.0000000000000000     
   5.7692307692307696E-003   5.3846153846153844E-003   1625.7169701400521        1.0000000000000000     
   5.7692307692307696E-003   5.7692307692307696E-003   1625.8079139149540        1.0000000000000000     
   5.7692307692307696E-003   6.1538461538461538E-003   1625.8944161617155        1.0000000000000000     
   5.7692307692307696E-003   6.5384615384615381E-003   1625.9768634410048        1.0000000000000000     
   5.7692307692307696E-003   6.9230769230769233E-003   1626.0555311540506        1.0000000000000000     
   5.7692307692307696E-003   7.3076923076923076E-003   1626.1305941278749        1.0000000000000000     
   5.7692307692307696E-003   7.6923076923076927E-003   1626.2021417782128        1.0000000000000000     
   5.7692307692307696E-003   8.0769230769230770E-003   1626.2701965818890        1.0000000000000000     
   5.7692307692307696E-003   8.4615384615384613E-003   1626.3347343913611        1.0000000000000000     
   5.7692307692307696E-003   8.8461538461538456E-003   1626.3957049902692        1.0000000000000000     
   5.7692307692307696E-003   9.2307692307692299E-003   1626.4530512331114        1.0000000000000000     
   5.7692307692307696E-003   9.6153846153846159E-003   1626.5067251598200        1.0000000000000000     

   6.1538461538461538E-003   3.8461538461538462E-004   1623.7994246582059        1.0000000000000000     
   6.1538461538461538E-003   7.6923076923076923E-004   1624.0169987678153        1.0000000000000000     
   6.1538461538461538E-003   1.1538461538461537E-003   1624.2205487468282        1.0000000000000000     
   6.1538461538461538E-003   1.5384615384615385E-003   1624.4104392718270        1.0000000000000000     
   6.1538461538461538E-003   1.9230769230769232E-003   1624.5871995859509        1.0000000000000000     
   6.1538461538461538E-003   2.3076923076923075E-003   1624.7515018191539        1.0000000000000000     
   6.1538461538461538E-003   2.6923076923076922E-003   1624.9041339235364        1.0000000000000000     
   6.1538461538461538E-003   3.0769230769230769E-003   1625.0459686728914        1.0000000000000000     
   6.1538461538461538E-003   3.4615384615384616E-003   1625.1779303650837        1.0000000000000000     
   6.1538461538461538E-003   3.8461538461538464E-003   1625.3009609604530        1.0000000000000000     
   6.1538461538461538E-003   4.2307692307692307E-003   1625.4159873816855        1.0000000000000000     
   6.1538461538461538E-003   4.6153846153846149E-003   1625.5238915922885        1.0000000000000000     
   6.1538461538461538E-003   5.0000000000000001E-003   1625.6254848698984        1.0000000000000000     
   6.1538461538461538E-003   5.3846153846153844E-003   1625.7214874107092        1.0000000000000000     
   6.1538461538461538E-003   5.7692307692307696E-003   1625.8125140607717        1.0000000000000000     
   6.1538461538461538E-003   6.1538461538461538E-003   1625.8990665903123        1.0000000000000000     
   6.1538461538461538E-003   6.5384615384615381E-003   1625.9815325319200        1.0000000000000000     
   6.1538461538461538E-003   6.9230769230769233E-003   1626.0601902153348        1.0000000000000000     
   6.1538461538461538E-003   7.3076923076923076E-003   1626.1352192717491        1.0000000000000000     
   6.1538461538461538E-003   7.6923076923076927E-003   1626.2067155665757        1.0000000000000000     
   6.1538461538461538E-003   8.0769230769230770E-003   1626.2747092655520        1.0000000000000000     
   6.1538461538461538E-003   8.4615384615384613E-003   1626.3391845556887        1.0000000000000000     
   6.1538461538461538E-003   8.8461538461538456E-003   1626.4000994401415        1.0000000000000000     
   6.1538461538461538E-003   9.2307692307692299E-003   1626.4574040159393        1.0000000000000000     
   6.1538461538461538E-003   9.6153846153846159E-003   1626.5110557399794        1.0000000000000000     

   6.5384615384615381E-003   3.8461538461538462E-004   1623.7895401595176        1.0000000000000000     
   6.5384615384615381E-003   7.6923076923076923E-004   1624.0071516442231        1.0000000000000000     
   6.5384615384615381E-003   1.1538461538461537E-003   1624.2107765553176        1.0000000000000000     
   6.5384615384615381E-003   1.5384615384615385E-003   1624.4007765574559        1.0000000000000000     
   6.5384615384615381E-003   1.9230769230769232E-003   1624.5776765443904        1.0000000000000000     
   6.5384615384615381E-003   2.3076923076923075E-003   1624.7421431570908        1.0000000000000000     
   6.5384615384615381E-003   2.6923076923076922E-003   1624.8949579681075        1.0000000000000000     
   6.5384615384615381E-003   3.0769230769230769E-003   1625.0369867701809        1.0000000000000000     
   6.5384615384615381E-003   3.4615384615384616E-003   1625.1691465949132        1.0000000000000000     
   6.5384615384615381E-003   3.8461538461538464E-003   1625.2923721812663        1.0000000000000000     
   6.5384615384615381E-003   4.2307692307692307E-003   1625.4075836057641        1.0000000000000000     
   6.5384615384615381E-003   4.6153846153846149E-003   1625.5156566784815        1.0000000000000000     
   6.5384615384615381E-003   5.0000000000000001E-003   1625.6173975086804        1.0000000000000000     
   6.5384615384615381E-003   5.3846153846153844E-003   1625.7135223646314        1.0000000000000000     
   6.5384615384615381E-003   5.7692307692307696E-003   1625.8046436117959        1.0000000000000000     
   6.5384615384615381E-003   6.1538461538461538E-003   1625.8912621333593        1.0000000000000000     
   6.5384615384615381E-003   6.5384615384615381E-003   1625.9737662404384        1.0000000000000000     
   6.5384615384615381E-003   6.9230769230769233E-003   1626.0524366893940        1.0000000000000000     
   6.5384615384615381E-003   7.3076923076923076E-003   1626.1274570627197        1.0000000000000000     
   6.5384615384615381E-003   7.6923076923076927E-003   1626.1989284574133        1.0000000000000000     
   6.5384615384615381E-003   8.0769230769230770E-003   1626.2668871769749        1.0000000000000000     
   6.5384615384615381E-003   8.4615384615384613E-003   1626.3313239535421        1.0000000000000000     
   6.5384615384615381E-003   8.8461538461538456E-003   1626.3922031458837        1.0000000000000000     
   6.5384615384615381E-003   9.2307692307692299E-003   1626.4494803762002        1.0000000000000000     
   6.5384615384615381E-003   9.6153846153846159E-003   1626.5031171907638        1.0000000000000000     

   6.9230769230769233E-003   3.8461538461538462E-004   1623.7648954470692        1.0000000000000000     
   6.9230769230769233E-003   7.6923076923076923E-004   1623.9825396129786        1.0000000000000000     
   6.9230769230769233E-003   1.1538461538461537E-003   1624.1862327676449        1.0000000000000000     
   6.9230769230769233E-003   1.5384615384615385E-003   1624.3763337997887        1.0000000000000000     
   6.9230769230769233E-003   1.9230769230769232E-003   1624.5533635970548        1.0000000000000000     
   6.9230769230769233E-003   2.3076923076923075E-003   1624.7179837493893        1.0000000000000000     
   6.9230769230769233E-003   2.6923076923076922E-003   1624.8709699662024        1.0000000000000000     
   6.9230769230769233E-003   3.0769230769230769E-003   1625.0131816345461        1.0000000000000000     
   6.9230769230769233E-003   3.4615384615384616E-003   1625.1455291317698        1.0000000000000000     
   6.9230769230769233E-003   3.8461538461538464E-003   1625.2689405991146        1.0000000000000000     
   6.9230769230769233E-003   4.2307692307692307E-003   1625.3843298746997        1.0000000000000000     
   6.9230769230769233E-003   4.6153846153846149E-003   1625.4925671768158        1.0000000000000000     
   6.9230769230769233E-003   5.0000000000000001E-003   1625.5944539288507        1.0000000000000000     
   6.9230769230769233E-003   5.3846153846153844E-003   1625.6907028385751        1.0000000000000000     
   6.9230769230769233E-003   5.7692307692307696E-003   1625.7819240048125        1.0000000000000000     
   6.9230769230769233E-003   6.1538461538461538E-003   1625.8686174446982        1.0000000000000000     
   6.9230769230769233E-003   6.5384615384615381E-003   1625.9511720383534        1.0000000000000000     
   6.9230769230769233E-003   6.9230769230769233E-003   1626.0298704982597        1.0000000000000000     
   6.9230769230769233E-003   7.3076923076923076E-003   1626.1048996110478        1.0000000000000000     
   6.9230769230769233E-003   7.6923076923076927E-003   1626.1763646901982        1.0000000000000000     
   6.9230769230769233E-003   8.0769230769230770E-003   1626.2443069370097        1.0000000000000000     
   6.9230769230769233E-003   8.4615384615384613E-003   1626.3087222482879        1.0000000000000000     
   6.9230769230769233E-003   8.8461538461538456E-003   1626.3695799430143        1.0000000000000000     
   6.9230769230769233E-003   9.2307692307692299E-003   1626.4268399135710        1.0000000000000000     
   6.9230769230769233E-003   9.6153846153846159E-003   1626.4804668426530        1.0000000000000000     

   7.3076923076923076E-003   3.8461538461538462E-004   1623.7228572433842        1.0000000000000000     
   7.3076923076923076E-003   7.6923076923076923E-004   1623.9405282930211        1.0000000000000000     
   7.3076923076923076E-003   1.1538461538461537E-003   1624.1442812725682        1.0000000000000000     
   7.3076923076923076E-003   1.5384615384615385E-003   1624.3344725618635        1.0000000000000000     
   7.3076923076923076E-003   1.9230769230769232E-003   1624.5116194294840        1.0000000000000000     
   7.3076923076923076E-003   2.3076923076923075E-003   1624.6763789054785        1.0000000000000000     
   7.3076923076923076E-003   2.6923076923076922E-003   1624.8295214109794        1.0000000000000000     
   7.3076923076923076E-003   3.0769230769230769E-003   1624.9719005619013        1.0000000000000000     
   7.3076923076923076E-003   3.4615384615384616E-003   1625.1044207484711        1.0000000000000000     
   7.3076923076923076E-003   3.8461538461538464E-003   1625.2280041844788        1.0000000000000000     
   7.3076923076923076E-003   4.2307692307692307E-003   1625.3435591118684        1.0000000000000000     
   7.3076923076923076E-003   4.6153846153846149E-003   1625.4519507389771        1.0000000000000000     
   7.3076923076923076E-003   5.0000000000000001E-003   1625.5539762917670        1.0000000000000000     
   7.3076923076923076E-003   5.3846153846153844E-003   1625.6503452796671        1.0000000000000000     
   7.3076923076923076E-003   5.7692307692307696E-003   1625.7416657389351        1.0000000000000000     
   7.3076923076923076E-003   6.1538461538461538E-003   1625.8284368377267        1.0000000000000000     
   7.3076923076923076E-003   6.5384615384615381E-003   1625.9110478318612        1.0000000000000000     
   7.3076923076923076E-003   6.9230769230769233E-003   1625.9897829723882        1.0000000000000000     
   7.3076923076923076E-003   7.3076923076923076E-003   1626.0648316089637        1.0000000000000000     
   7.3076923076923076E-003   7.6923076923076927E-003   1626.1363024277096        1.0000000000000000     
   7.3076923076923076E-003   8.0769230769230770E-003   1626.2042405270211        1.0000000000000000     
   7.3076923076923076E-003   8.4615384615384613E-003   1626.2686458838930        1.0000000000000000     
   7.3076923076923076E-003   8.8461538461538456E-003   1626.3294917067387        1.0000000000000000     
   7.3076923076923076E-003   9.2307692307692299E-003   1626.3867412135442        1.0000000000000000     
   7.3076923076923076E-003   9.6153846153846159E-003   1626.4403615164124        1.0000000000000000     

   7.6923076923076927E-003   3.8461538461538462E-004   1623.6606280216172        1.0000000000000000     
   7.6923076923076927E-003   7.6923076923076923E-004   1623.8783190751321        1.0000000000000000     
   7.6923076923076927E-003   1.1538461538461537E-003   1624.0821218002254        1.0000000000000000     
   7.6923076923076927E-003   1.5384615384615385E-003   1624.2723903628116        1.0000000000000000     
   7.6923076923076927E-003   1.9230769230769232E-003   1624.4496388389102        1.0000000000000000     
   7.6923076923076927E-003   2.3076923076923075E-003   1624.6145202379967        1.0000000000000000     
   7.6923076923076927E-003   2.6923076923076922E-003   1624.7678003212955        1.0000000000000000     
   7.6923076923076927E-003   3.0769230769230769E-003   1624.9103276231390        1.0000000000000000     
   7.6923076923076927E-003   3.4615384615384616E-003   1625.0430012664187        1.0000000000000000     
   7.6923076923076927E-003   3.8461538461538464E-003   1625.1667382545420        1.0000000000000000     
   7.6923076923076927E-003   4.2307692307692307E-003   1625.2824419137442        1.0000000000000000     
   7.6923076923076927E-003   4.6153846153846149E-003   1625.3909730525147        1.0000000000000000     
   7.6923076923076927E-003   5.0000000000000001E-003   1625.4931252065467        1.0000000000000000     
   7.6923076923076927E-003   5.3846153846153844E-003   1625.5896050609113        1.0000000000000000     
   7.6923076923076927E-003   5.7692307692307696E-003   1625.6810188035720        1.0000000000000000     
   7.6923076923076927E-003   6.1538461538461538E-003   1625.7678647871762        1.0000000000000000     
   7.6923076923076927E-003   6.5384615384615381E-003   1625.8505324824710        1.0000000000000000     
   7.6923076923076927E-003   6.9230769230769233E-003   1625.9293073210572        1.0000000000000000     
   7.6923076923076927E-003   7.3076923076923076E-003   1626.0043806708206        1.0000000000000000     
   7.6923076923076927E-003   7.6923076923076927E-003   1626.0758638858499        1.0000000000000000     
   7.6923076923076927E-003   8.0769230769230770E-003   1626.1438051422931        1.0000000000000000     
   7.6923076923076927E-003   8.4615384615384613E-003   1626.2082076265394        1.0000000000000000     
   7.6923076923076927E-003   8.8461538461538456E-003   1626.2690475918334        1.0000000000000000     
   7.6923076923076927E-003   9.2307692307692299E-003   1626.3262908477641        1.0000000000000000     
   7.6923076923076927E-003   9.6153846153846159E-003   1626.3799063926697        1.0000000000000000     

   8.0769230769230770E-003   3.8461538461538462E-004   1623.5754067624541        1.0000000000000000     
   8.0769230769230770E-003   7.6923076923076923E-004   1623.7931099192040        1.0000000000000000     
   8.0769230769230770E-003   1.1538461538461537E-003   1623.9969507718895        1.0000000000000000     
   8.0769230769230770E-003   1.5384615384615385E-003   1624.1872815920606        1.0000000000000000     
   8.0769230769230770E-003   1.9230769230769232E-003   1624.3646137245703        1.0000000000000000     
   8.0769230769230770E-003   2.3076923076923075E-003   1624.5295967404629        1.0000000000000000     
   8.0769230769230770E-003   2.6923076923076922E-003   1624.6829924173646        1.0000000000000000     
   8.0769230769230770E-003   3.0769230769230769E-003   1624.8256449475132        1.0000000000000000     
   8.0769230769230770E-003   3.4615384615384616E-003   1624.9584489551012        1.0000000000000000     
   8.0769230769230770E-003   3.8461538461538464E-003   1625.0823169952312        1.0000000000000000     
   8.0769230769230770E-003   4.2307692307692307E-003   1625.1981481980135        1.0000000000000000     
   8.0769230769230770E-003   4.6153846153846149E-003   1625.3067996144287        1.0000000000000000     
   8.0769230769230770E-003   5.0000000000000001E-003   1625.4090616228834        1.0000000000000000     
   8.0769230769230770E-003   5.3846153846153844E-003   1625.5056384796005        1.0000000000000000     
   8.0769230769230770E-003   5.7692307692307696E-003   1625.5971347597313        1.0000000000000000     
   8.0769230769230770E-003   6.1538461538461538E-003   1625.6840480603607        1.0000000000000000     
   8.0769230769230770E-003   6.5384615384615381E-003   1625.7667679449405        1.0000000000000000     
   8.0769230769230770E-003   6.9230769230769233E-003   1625.8455807251726        1.0000000000000000     
   8.0769230769230770E-003   7.3076923076923076E-003   1625.9206793247361        1.0000000000000000     
   8.0769230769230770E-003   7.6923076923076927E-003   1625.9921771709987        1.0000000000000000     
   8.0769230769230770E-003   8.0769230769230770E-003   1626.0601248342587        1.0000000000000000     
   8.0769230769230770E-003   8.4615384615384613E-003   1626.1245279932482        1.0000000000000000     
   8.0769230769230770E-003   8.8461538461538456E-003   1626.1853652593625        1.0000000000000000     
   8.0769230769230770E-003   9.2307692307692299E-003   1626.2426044436661        1.0000000000000000     
   8.0769230769230770E-003   9.6153846153846159E-003   1626.2962159977499        1.0000000000000000     

   8.4615384615384613E-003   3.8461538461538462E-004   1623.4645516980816        1.0000000000000000     
   8.4615384615384613E-003   7.6923076923076923E-004   1623.6822581371955        1.0000000000000000     
   8.4615384615384613E-003   1.1538461538461537E-003   1623.8861241323184        1.0000000000000000     
   8.4615384615384613E-003   1.5384615384615385E-003   1624.0765004012346        1.0000000000000000     
   8.4615384615384613E-003   1.9230769230769232E-003   1624.2538960489312        1.0000000000000000     
   8.4615384615384613E-003   2.3076923076923075E-003   1624.4189578270602        1.0000000000000000     
   8.4615384615384613E-003   2.6923076923076922E-003   1624.5724442475400        1.0000000000000000     
   8.4615384615384613E-003   3.0769230769230769E-003   1624.7151959438027        1.0000000000000000     
   8.4615384615384613E-003   3.4615384615384616E-003   1624.8481038535260        1.0000000000000000     
   8.4615384615384613E-003   3.8461538461538464E-003   1624.9720768867501        1.0000000000000000     
   8.4615384615384613E-003   4.2307692307692307E-003   1625.0880107342357        1.0000000000000000     
   8.4615384615384613E-003   4.6153846153846149E-003   1625.1967593643074        1.0000000000000000     
   8.4615384615384613E-003   5.0000000000000001E-003   1625.2991105592341        1.0000000000000000     
   8.4615384615384613E-003   5.3846153846153844E-003   1625.3957665673488        1.0000000000000000     
   8.4615384615384613E-003   5.7692307692307696E-003   1625.4873306119914        1.0000000000000000     
   8.4615384615384613E-003   6.1538461538461538E-003   1625.5742996241693        1.0000000000000000     
   8.4615384615384613E-003   6.5384615384615381E-003   1625.6570631758486        1.0000000000000000     
   8.4615384615384613E-003   6.9230769230769233E-003   1625.7359082093385        1.0000000000000000     
   8.4615384615384613E-003   7.3076923076923076E-003   1625.8110288089078        1.0000000000000000     
   8.4615384615384613E-003   7.6923076923076927E-003   1625.8825399651641        1.0000000000000000     
   8.4615384615384613E-003   8.0769230769230770E-003   1625.9504940590275        1.0000000000000000     
   8.4615384615384613E-003   8.4615384615384613E-003   1626.0148986542238        1.0000000000000000     
   8.4615384615384613E-003   8.8461538461538456E-003   1626.0757341435883        1.0000000000000000     
   8.4615384615384613E-003   9.2307692307692299E-003   1626.1329698478689        1.0000000000000000     
   8.4615384615384613E-003   9.6153846153846159E-003   1626.1865773133013        1.0000000000000000     

   8.8461538461538456E-003   3.8461538461538462E-004   1623.3257350106010        1.0000000000000000     
   8.8461538461538456E-003   7.6923076923076923E-004   1623.5434351273614        1.0000000000000000     
   8.8461538461538456E-003   1.1538461538461537E-003   1623.7473121284008        1.0000000000000000     
   8.8461538461538456E-003   1.5384615384615385E-003   1623.9377155355407        1.0000000000000000     
   8.8461538461538456E-003   1.9230769230769232E-003   1624.1151527297486        1.0000000000000000     
   8.8461538461538456E-003   2.3076923076923075E-003   1624.2802682926999        1.0000000000000000     
   8.8461538461538456E-003   2.6923076923076922E-003   1624.4338182229269        1.0000000000000000     
   8.8461538461538456E-003   3.0769230769230769E-003   1624.5766404148940        1.0000000000000000     
   8.8461538461538456E-003   3.4615384615384616E-003   1624.7096229687659        1.0000000000000000     
   8.8461538461538456E-003   3.8461538461538464E-003   1624.8336719881536        1.0000000000000000     
   8.8461538461538456E-003   4.2307692307692307E-003   1624.9496805140500        1.0000000000000000     
   8.8461538461538456E-003   4.6153846153846149E-003   1625.0585001366242        1.0000000000000000     
   8.8461538461538456E-003   5.0000000000000001E-003   1625.1609166299058        1.0000000000000000     
   8.8461538461538456E-003   5.3846153846153844E-003   1625.2576306802216        1.0000000000000000     
   8.8461538461538456E-003   5.7692307692307696E-003   1625.3492444451845        1.0000000000000000     
   8.8461538461538456E-003   6.1538461538461538E-003   1625.4362543070461        1.0000000000000000     
   8.8461538461538456E-003   6.5384615384615381E-003   1625.5190497956378        1.0000000000000000     
   8.8461538461538456E-003   6.9230769230769233E-003   1625.5979182763667        1.0000000000000000     
   8.8461538461538456E-003   7.3076923076923076E-003   1625.6730546512090        1.0000000000000000     
   8.8461538461538456E-003   7.6923076923076927E-003   1625.7445750270128        1.0000000000000000     
   8.8461538461538456E-003   8.0769230769230770E-003   1625.8125330838177        1.0000000000000000     
   8.8461538461538456E-003   8.4615384615384613E-003   1625.8769377399162        1.0000000000000000     
   8.8461538461538456E-003   8.8461538461538456E-003   1625.9377706684245        1.0000000000000000     
   8.8461538461538456E-003   9.2307692307692299E-003   1625.9950022745445        1.0000000000000000     
   8.8461538461538456E-003   9.6153846153846159E-003   1626.0486048903460        1.0000000000000000     

   9.2307692307692299E-003   3.8461538461538462E-004   1623.1570799236506        1.0000000000000000     
   9.2307692307692299E-003   7.6923076923076923E-004   1623.3747634967942        1.0000000000000000     
   9.2307692307692299E-003   1.1538461538461537E-003   1623.5786364694102        1.0000000000000000     
   9.2307692307692299E-003   1.5384615384615385E-003   1623.7690475383101        1.0000000000000000     
   9.2307692307692299E-003   1.9230769230769232E-003   1623.9465028950588        1.0000000000000000     
   9.2307692307692299E-003   2.3076923076923075E-003   1624.1116456240736        1.0000000000000000     
   9.2307692307692299E-003   2.6923076923076922E-003   1624.2652299893423        1.0000000000000000     
   9.2307692307692299E-003   3.0769230769230769E-003   1624.4080919945504        1.0000000000000000     
   9.2307692307692299E-003   3.4615384615384616E-003   1624.5411177801038        1.0000000000000000     
   9.2307692307692299E-003   3.8461538461538464E-003   1624.6652115098336        1.0000000000000000     
   9.2307692307692299E-003   4.2307692307692307E-003   1624.7812643909147        1.0000000000000000     
   9.2307692307692299E-003   4.6153846153846149E-003   1624.8901263641974        1.0000000000000000     
   9.2307692307692299E-003   5.0000000000000001E-003   1624.9925818057684        1.0000000000000000     
   9.2307692307692299E-003   5.3846153846153844E-003   1625.0893303070457        1.0000000000000000     
   9.2307692307692299E-003   5.7692307692307696E-003   1625.1809732672987        1.0000000000000000     
   9.2307692307692299E-003   6.1538461538461538E-003   1625.2680066603866        1.0000000000000000     
   9.2307692307692299E-003   6.5384615384615381E-003   1625.3508199500061        1.0000000000000000     
   9.2307692307692299E-003   6.9230769230769233E-003   1625.4297007490536        1.0000000000000000     
   9.2307692307692299E-003   7.3076923076923076E-003   1625.5048444725330        1.0000000000000000     
   9.2307692307692299E-003   7.6923076923076927E-003   1625.5763679410857        1.0000000000000000     
   9.2307692307692299E-003   8.0769230769230770E-003   1625.6443256719556        1.0000000000000000     
   9.2307692307692299E-003   8.4615384615384613E-003   1625.7087274594553        1.0000000000000000     
   9.2307692307692299E-003   8.8461538461538456E-003   1625.7695558059993        1.0000000000000000     
   9.2307692307692299E-003   9.2307692307692299E-003   1625.8267818196784        1.0000000000000000     
   9.2307692307692299E-003   9.6153846153846159E-003   1625.8803783419912        1.0000000000000000     

   9.6153846153846159E-003   3.8461538461538462E-004   1622.9572716942378        1.0000000000000000     
   9.6153846153846159E-003   7.6923076923076923E-004   1623.1749280778438        1.0000000000000000     
   9.6153846153846159E-003   1.1538461538461537E-003   1623.3787813730755        1.0000000000000000     
   9.6153846153846159E-003   1.5384615384615385E-003   1623.5691798315511        1.0000000000000000     
   9.6153846153846159E-003   1.9230769230769232E-003   1623.7466290027285        1.0000000000000000     
   9.6153846153846159E-003   2.3076923076923075E-003   1623.9117711622512        1.0000000000000000     
   9.6153846153846159E-003   2.6923076923076922E-003   1624.0653596364152        1.0000000000000000     
   9.6153846153846159E-003   3.0769230769230769E-003   1624.2082294056065        1.0000000000000000     
   9.6153846153846159E-003   3.4615384615384616E-003   1624.3412655479476        1.0000000000000000     
   9.6153846153846159E-003   3.8461538461538464E-003   1624.4653711734745        1.0000000000000000     
   9.6153846153846159E-003   4.2307692307692307E-003   1624.5814364898997        1.0000000000000000     
   9.6153846153846159E-003   4.6153846153846149E-003   1624.6903105347444        1.0000000000000000     
   9.6153846153846159E-003   5.0000000000000001E-003   1624.7927769124560        1.0000000000000000     
   9.6153846153846159E-003   5.3846153846153844E-003   1624.8895346019137        1.0000000000000000     
   9.6153846153846159E-003   5.7692307692307696E-003   1624.9811845667023        1.0000000000000000     
   9.6153846153846159E-003   6.1538461538461538E-003   1625.0682225289549        1.0000000000000000     
   9.6153846153846159E-003   6.5384615384615381E-003   1625.1510378805997        1.0000000000000000     
   9.6153846153846159E-003   6.9230769230769233E-003   1625.2299183277855        1.0000000000000000     
   9.6153846153846159E-003   7.3076923076923076E-003   1625.3050595188029        1.0000000000000000     
   9.6153846153846159E-003   7.6923076923076927E-003   1625.3765786140493        1.0000000000000000     
   9.6153846153846159E-003   8.0769230769230770E-003   1625.4445305371160        1.0000000000000000     
   9.6153846153846159E-003   8.4615384615384613E-003   1625.5089255118144        1.0000000000000000     
   9.6153846153846159E-003   8.8461538461538456E-003   1625.5697464494704        1.0000000000000000     
   9.6153846153846159E-003   9.2307692307692299E-003   1625.6269648059042        1.0000000000000000     
   9.6153846153846159E-003   9.6153846153846159E-003   1625.6805536751219        1.0000000000000000     

