   3.8461538461538462E-004   3.8461538461538462E-004   889.27824938112110        1.0000000000000000     
   3.8461538461538462E-004   7.6923076923076923E-004   889.27199165816239        1.0000000000000000     
   3.8461538461538462E-004   1.1538461538461537E-003   889.26642754663430        1.0000000000000000     
   3.8461538461538462E-004   1.5384615384615385E-003   889.26155225553634        1.0000000000000000     
   3.8461538461538462E-004   1.9230769230769232E-003   889.25702649374182        1.0000000000000000     
   3.8461538461538462E-004   2.3076923076923075E-003   889.25300313242917        1.0000000000000000     
   3.8461538461538462E-004   2.6923076923076922E-003   889.24946975076944        1.0000000000000000     
   3.8461538461538462E-004   3.0769230769230769E-003   889.24648531716934        1.0000000000000000     
   3.8461538461538462E-004   3.4615384615384616E-003   889.24404570984609        1.0000000000000000     
   3.8461538461538462E-004   3.8461538461538464E-003   889.24214954075876        1.0000000000000000     
   3.8461538461538462E-004   4.2307692307692307E-003   889.24079580733849        1.0000000000000000     
   3.8461538461538462E-004   4.6153846153846149E-003   889.23998382981233        1.0000000000000000     
   3.8461538461538462E-004   5.0000000000000001E-003   889.23971321375188        1.0000000000000000     
   3.8461538461538462E-004   5.3846153846153844E-003   889.23998382981233        1.0000000000000000     
   3.8461538461538462E-004   5.7692307692307696E-003   889.24079580733849        1.0000000000000000     
   3.8461538461538462E-004   6.1538461538461538E-003   889.24214954075876        1.0000000000000000     
   3.8461538461538462E-004   6.5384615384615381E-003   889.24404570984620        1.0000000000000000     
   3.8461538461538462E-004   6.9230769230769233E-003   889.24648531716957        1.0000000000000000     
   3.8461538461538462E-004   7.3076923076923076E-003   889.24946975076944        1.0000000000000000     
   3.8461538461538462E-004   7.6923076923076927E-003   889.25300313242928        1.0000000000000000     
   3.8461538461538462E-004   8.0769230769230770E-003   889.25702649374205        1.0000000000000000     
   3.8461538461538462E-004   8.4615384615384613E-003   889.26155225553691        1.0000000000000000     
   3.8461538461538462E-004   8.8461538461538456E-003   889.26642754663465        1.0000000000000000     
   3.8461538461538462E-004   9.2307692307692299E-003   889.27199165816239        1.0000000000000000     
   3.8461538461538462E-004   9.6153846153846159E-003   889.27824938112121        1.0000000000000000     

   7.6923076923076923E-004   3.8461538461538462E-004   928.39327945113121        1.0000000000000000     
   7.6923076923076923E-004   7.6923076923076923E-004   928.38120252902854        1.0000000000000000     
   7.6923076923076923E-004   1.1538461538461537E-003   928.37027849026333        1.0000000000000000     
   7.6923076923076923E-004   1.5384615384615385E-003   928.36015636654065        1.0000000000000000     
   7.6923076923076923E-004   1.9230769230769232E-003   928.35135539740361        1.0000000000000000     
   7.6923076923076923E-004   2.3076923076923075E-003   928.34327107604793        1.0000000000000000     
   7.6923076923076923E-004   2.6923076923076922E-003   928.33623221222740        1.0000000000000000     
   7.6923076923076923E-004   3.0769230769230769E-003   928.33028484695944        1.0000000000000000     
   7.6923076923076923E-004   3.4615384615384616E-003   928.32542306539835        1.0000000000000000     
   7.6923076923076923E-004   3.8461538461538464E-003   928.32164420122376        1.0000000000000000     
   7.6923076923076923E-004   4.2307692307692307E-003   928.31894631732678        1.0000000000000000     
   7.6923076923076923E-004   4.6153846153846149E-003   928.31732809660980        1.0000000000000000     
   7.6923076923076923E-004   5.0000000000000001E-003   928.31678877346417        1.0000000000000000     
   7.6923076923076923E-004   5.3846153846153844E-003   928.31732809660980        1.0000000000000000     
   7.6923076923076923E-004   5.7692307692307696E-003   928.31894631732666        1.0000000000000000     
   7.6923076923076923E-004   6.1538461538461538E-003   928.32164420122376        1.0000000000000000     
   7.6923076923076923E-004   6.5384615384615381E-003   928.32542306539824        1.0000000000000000     
   7.6923076923076923E-004   6.9230769230769233E-003   928.33028484695990        1.0000000000000000     
   7.6923076923076923E-004   7.3076923076923076E-003   928.33623221222786        1.0000000000000000     
   7.6923076923076923E-004   7.6923076923076927E-003   928.34327107604793        1.0000000000000000     
   7.6923076923076923E-004   8.0769230769230770E-003   928.35135539740384        1.0000000000000000     
   7.6923076923076923E-004   8.4615384615384613E-003   928.36015636654110        1.0000000000000000     
   7.6923076923076923E-004   8.8461538461538456E-003   928.37027849026367        1.0000000000000000     
   7.6923076923076923E-004   9.2307692307692299E-003   928.38120252902866        1.0000000000000000     
   7.6923076923076923E-004   9.6153846153846159E-003   928.39327945113178        1.0000000000000000     

   1.1538461538461537E-003   3.8461538461538462E-004   967.18378971957168        1.0000000000000000     
   1.1538461538461537E-003   7.6923076923076923E-004   967.16590046985868        1.0000000000000000     
   1.1538461538461537E-003   1.1538461538461537E-003   967.14905861115767        1.0000000000000000     
   1.1538461538461537E-003   1.5384615384615385E-003   967.13452559244138        1.0000000000000000     
   1.1538461538461537E-003   1.9230769230769232E-003   967.12117999169152        1.0000000000000000     
   1.1538461538461537E-003   2.3076923076923075E-003   967.10910690579612        1.0000000000000000     
   1.1538461538461537E-003   2.6923076923076922E-003   967.09861326913767        1.0000000000000000     
   1.1538461538461537E-003   3.0769230769230769E-003   967.08974541967370        1.0000000000000000     
   1.1538461538461537E-003   3.4615384615384616E-003   967.08249591930996        1.0000000000000000     
   1.1538461538461537E-003   3.8461538461538464E-003   967.07686100380545        1.0000000000000000     
   1.1538461538461537E-003   4.2307692307692307E-003   967.07283792454416        1.0000000000000000     
   1.1538461538461537E-003   4.6153846153846149E-003   967.07042480503833        1.0000000000000000     
   1.1538461538461537E-003   5.0000000000000001E-003   967.06962055166946        1.0000000000000000     
   1.1538461538461537E-003   5.3846153846153844E-003   967.07042480503833        1.0000000000000000     
   1.1538461538461537E-003   5.7692307692307696E-003   967.07283792454371        1.0000000000000000     
   1.1538461538461537E-003   6.1538461538461538E-003   967.07686100380511        1.0000000000000000     
   1.1538461538461537E-003   6.5384615384615381E-003   967.08249591931019        1.0000000000000000     
   1.1538461538461537E-003   6.9230769230769233E-003   967.08974541967348        1.0000000000000000     
   1.1538461538461537E-003   7.3076923076923076E-003   967.09861326913767        1.0000000000000000     
   1.1538461538461537E-003   7.6923076923076927E-003   967.10910690579692        1.0000000000000000     
   1.1538461538461537E-003   8.0769230769230770E-003   967.12117999169163        1.0000000000000000     
   1.1538461538461537E-003   8.4615384615384613E-003   967.13452559244251        1.0000000000000000     
   1.1538461538461537E-003   8.8461538461538456E-003   967.14905861115767        1.0000000000000000     
   1.1538461538461537E-003   9.2307692307692299E-003   967.16590046985903        1.0000000000000000     
   1.1538461538461537E-003   9.6153846153846159E-003   967.18378971957191        1.0000000000000000     

   1.5384615384615385E-003   3.8461538461538462E-004   1005.4901661952746        1.0000000000000000     
   1.5384615384615385E-003   7.6923076923076923E-004   1005.4661338129614        1.0000000000000000     
   1.5384615384615385E-003   1.1538461538461537E-003   1005.4444563167277        1.0000000000000000     
   1.5384615384615385E-003   1.5384615384615385E-003   1005.4249550399973        1.0000000000000000     
   1.5384615384615385E-003   1.9230769230769232E-003   1005.4071964672296        1.0000000000000000     
   1.5384615384615385E-003   2.3076923076923075E-003   1005.3912214745853        1.0000000000000000     
   1.5384615384615385E-003   2.6923076923076922E-003   1005.3773475009463        1.0000000000000000     
   1.5384615384615385E-003   3.0769230769230769E-003   1005.3656215733002        1.0000000000000000     
   1.5384615384615385E-003   3.4615384615384616E-003   1005.3560350515374        1.0000000000000000     
   1.5384615384615385E-003   3.8461538461538464E-003   1005.3485833115193        1.0000000000000000     
   1.5384615384615385E-003   4.2307692307692307E-003   1005.3432629546608        1.0000000000000000     
   1.5384615384615385E-003   4.6153846153846149E-003   1005.3400716487691        1.0000000000000000     
   1.5384615384615385E-003   5.0000000000000001E-003   1005.3390080298266        1.0000000000000000     
   1.5384615384615385E-003   5.3846153846153844E-003   1005.3400716487691        1.0000000000000000     
   1.5384615384615385E-003   5.7692307692307696E-003   1005.3432629546604        1.0000000000000000     
   1.5384615384615385E-003   6.1538461538461538E-003   1005.3485833115197        1.0000000000000000     
   1.5384615384615385E-003   6.5384615384615381E-003   1005.3560350515370        1.0000000000000000     
   1.5384615384615385E-003   6.9230769230769233E-003   1005.3656215732998        1.0000000000000000     
   1.5384615384615385E-003   7.3076923076923076E-003   1005.3773475009466        1.0000000000000000     
   1.5384615384615385E-003   7.6923076923076927E-003   1005.3912214745862        1.0000000000000000     
   1.5384615384615385E-003   8.0769230769230770E-003   1005.4071964672305        1.0000000000000000     
   1.5384615384615385E-003   8.4615384615384613E-003   1005.4249550399976        1.0000000000000000     
   1.5384615384615385E-003   8.8461538461538456E-003   1005.4444563167281        1.0000000000000000     
   1.5384615384615385E-003   9.2307692307692299E-003   1005.4661338129617        1.0000000000000000     
   1.5384615384615385E-003   9.6153846153846159E-003   1005.4901661952755        1.0000000000000000     

   1.9230769230769232E-003   3.8461538461538462E-004   1043.1555979541672        1.0000000000000000     
   1.9230769230769232E-003   7.6923076923076923E-004   1043.1260800170919        1.0000000000000000     
   1.9230769230769232E-003   1.1538461538461537E-003   1043.0990818698824        1.0000000000000000     
   1.9230769230769232E-003   1.5384615384615385E-003   1043.0748036765808        1.0000000000000000     
   1.9230769230769232E-003   1.9230769230769232E-003   1043.0527616641612        1.0000000000000000     
   1.9230769230769232E-003   2.3076923076923075E-003   1043.0329973867433        1.0000000000000000     
   1.9230769230769232E-003   2.6923076923076922E-003   1043.0158395909671        1.0000000000000000     
   1.9230769230769232E-003   3.0769230769230769E-003   1043.0013365529207        1.0000000000000000     
   1.9230769230769232E-003   3.4615384615384616E-003   1042.9894788412842        1.0000000000000000     
   1.9230769230769232E-003   3.8461538461538464E-003   1042.9802612466162        1.0000000000000000     
   1.9230769230769232E-003   4.2307692307692307E-003   1042.9736799045681        1.0000000000000000     
   1.9230769230769232E-003   4.6153846153846149E-003   1042.9697321445146        1.0000000000000000     
   1.9230769230769232E-003   5.0000000000000001E-003   1042.9684163971217        1.0000000000000000     
   1.9230769230769232E-003   5.3846153846153844E-003   1042.9697321445153        1.0000000000000000     
   1.9230769230769232E-003   5.7692307692307696E-003   1042.9736799045681        1.0000000000000000     
   1.9230769230769232E-003   6.1538461538461538E-003   1042.9802612466162        1.0000000000000000     
   1.9230769230769232E-003   6.5384615384615381E-003   1042.9894788412844        1.0000000000000000     
   1.9230769230769232E-003   6.9230769230769233E-003   1043.0013365529210        1.0000000000000000     
   1.9230769230769232E-003   7.3076923076923076E-003   1043.0158395909675        1.0000000000000000     
   1.9230769230769232E-003   7.6923076923076927E-003   1043.0329973867440        1.0000000000000000     
   1.9230769230769232E-003   8.0769230769230770E-003   1043.0527616641614        1.0000000000000000     
   1.9230769230769232E-003   8.4615384615384613E-003   1043.0748036765806        1.0000000000000000     
   1.9230769230769232E-003   8.8461538461538456E-003   1043.0990818698820        1.0000000000000000     
   1.9230769230769232E-003   9.2307692307692299E-003   1043.1260800170921        1.0000000000000000     
   1.9230769230769232E-003   9.6153846153846159E-003   1043.1555979541668        1.0000000000000000     

   2.3076923076923075E-003   3.8461538461538462E-004   1080.0280879852496        1.0000000000000000     
   2.3076923076923075E-003   7.6923076923076923E-004   1079.9929972269251        1.0000000000000000     
   2.3076923076923075E-003   1.1538461538461537E-003   1079.9609132962853        1.0000000000000000     
   2.3076923076923075E-003   1.5384615384615385E-003   1079.9320355279842        1.0000000000000000     
   2.3076923076923075E-003   1.9230769230769232E-003   1079.9058656135192        1.0000000000000000     
   2.3076923076923075E-003   2.3076923076923075E-003   1079.8824476108985        1.0000000000000000     
   2.3076923076923075E-003   2.6923076923076922E-003   1079.8621223503390        1.0000000000000000     
   2.3076923076923075E-003   3.0769230769230769E-003   1079.8449399586889        1.0000000000000000     
   2.3076923076923075E-003   3.4615384615384616E-003   1079.8308906271147        1.0000000000000000     
   2.3076923076923075E-003   3.8461538461538464E-003   1079.8199688354075        1.0000000000000000     
   2.3076923076923075E-003   4.2307692307692307E-003   1079.8121704358055        1.0000000000000000     
   2.3076923076923075E-003   4.6153846153846149E-003   1079.8074925353167        1.0000000000000000     
   2.3076923076923075E-003   5.0000000000000001E-003   1079.8059334238123        1.0000000000000000     
   2.3076923076923075E-003   5.3846153846153844E-003   1079.8074925353171        1.0000000000000000     
   2.3076923076923075E-003   5.7692307692307696E-003   1079.8121704358057        1.0000000000000000     
   2.3076923076923075E-003   6.1538461538461538E-003   1079.8199688354082        1.0000000000000000     
   2.3076923076923075E-003   6.5384615384615381E-003   1079.8308906271150        1.0000000000000000     
   2.3076923076923075E-003   6.9230769230769233E-003   1079.8449399586889        1.0000000000000000     
   2.3076923076923075E-003   7.3076923076923076E-003   1079.8621223503392        1.0000000000000000     
   2.3076923076923075E-003   7.6923076923076927E-003   1079.8824476108985        1.0000000000000000     
   2.3076923076923075E-003   8.0769230769230770E-003   1079.9058656135189        1.0000000000000000     
   2.3076923076923075E-003   8.4615384615384613E-003   1079.9320355279842        1.0000000000000000     
   2.3076923076923075E-003   8.8461538461538456E-003   1079.9609132962853        1.0000000000000000     
   2.3076923076923075E-003   9.2307692307692299E-003   1079.9929972269258        1.0000000000000000     
   2.3076923076923075E-003   9.6153846153846159E-003   1080.0280879852505        1.0000000000000000     

   2.6923076923076922E-003   3.8461538461538462E-004   1115.9605790418868        1.0000000000000000     
   2.6923076923076922E-003   7.6923076923076923E-004   1115.9201835131346        1.0000000000000000     
   2.6923076923076922E-003   1.1538461538461537E-003   1115.8832396547082        1.0000000000000000     
   2.6923076923076922E-003   1.5384615384615385E-003   1115.8499626531809        1.0000000000000000     
   2.6923076923076922E-003   1.9230769230769232E-003   1115.8198420577576        1.0000000000000000     
   2.6923076923076922E-003   2.3076923076923075E-003   1115.7929255384647        1.0000000000000000     
   2.6923076923076922E-003   2.6923076923076922E-003   1115.7695664504297        1.0000000000000000     
   2.6923076923076922E-003   3.0769230769230769E-003   1115.7498172070029        1.0000000000000000     
   2.6923076923076922E-003   3.4615384615384616E-003   1115.7336679556015        1.0000000000000000     
   2.6923076923076922E-003   3.8461538461538464E-003   1115.7211130927017        1.0000000000000000     
   2.6923076923076922E-003   4.2307692307692307E-003   1115.7121483416543        1.0000000000000000     
   2.6923076923076922E-003   4.6153846153846149E-003   1115.7067706870537        1.0000000000000000     
   2.6923076923076922E-003   5.0000000000000001E-003   1115.7049783341677        1.0000000000000000     
   2.6923076923076922E-003   5.3846153846153844E-003   1115.7067706870537        1.0000000000000000     
   2.6923076923076922E-003   5.7692307692307696E-003   1115.7121483416543        1.0000000000000000     
   2.6923076923076922E-003   6.1538461538461538E-003   1115.7211130927014        1.0000000000000000     
   2.6923076923076922E-003   6.5384615384615381E-003   1115.7336679556015        1.0000000000000000     
   2.6923076923076922E-003   6.9230769230769233E-003   1115.7498172070029        1.0000000000000000     
   2.6923076923076922E-003   7.3076923076923076E-003   1115.7695664504292        1.0000000000000000     
   2.6923076923076922E-003   7.6923076923076927E-003   1115.7929255384647        1.0000000000000000     
   2.6923076923076922E-003   8.0769230769230770E-003   1115.8198420577576        1.0000000000000000     
   2.6923076923076922E-003   8.4615384615384613E-003   1115.8499626531807        1.0000000000000000     
   2.6923076923076922E-003   8.8461538461538456E-003   1115.8832396547073        1.0000000000000000     
   2.6923076923076922E-003   9.2307692307692299E-003   1115.9201835131346        1.0000000000000000     
   2.6923076923076922E-003   9.6153846153846159E-003   1115.9605790418868        1.0000000000000000     

   3.0769230769230769E-003   3.8461538461538462E-004   1150.8120551976558        1.0000000000000000     
   3.0769230769230769E-003   7.6923076923076923E-004   1150.7666164443676        1.0000000000000000     
   3.0769230769230769E-003   1.1538461538461537E-003   1150.7250542149866        1.0000000000000000     
   3.0769230769230769E-003   1.5384615384615385E-003   1150.6875962167856        1.0000000000000000     
   3.0769230769230769E-003   1.9230769230769232E-003   1150.6537198186670        1.0000000000000000     
   3.0769230769230769E-003   2.3076923076923075E-003   1150.6234763934856        1.0000000000000000     
   3.0769230769230769E-003   2.6923076923076922E-003   1150.5972317285875        1.0000000000000000     
   3.0769230769230769E-003   3.0769230769230769E-003   1150.5750407074449        1.0000000000000000     
   3.0769230769230769E-003   3.4615384615384616E-003   1150.5568936327472        1.0000000000000000     
   3.0769230769230769E-003   3.8461538461538464E-003   1150.5427849669102        1.0000000000000000     
   3.0769230769230769E-003   4.2307692307692307E-003   1150.5327104125272        1.0000000000000000     
   3.0769230769230769E-003   4.6153846153846149E-003   1150.5266669047005        1.0000000000000000     
   3.0769230769230769E-003   5.0000000000000001E-003   1150.5246526061494        1.0000000000000000     
   3.0769230769230769E-003   5.3846153846153844E-003   1150.5266669047005        1.0000000000000000     
   3.0769230769230769E-003   5.7692307692307696E-003   1150.5327104125272        1.0000000000000000     
   3.0769230769230769E-003   6.1538461538461538E-003   1150.5427849669102        1.0000000000000000     
   3.0769230769230769E-003   6.5384615384615381E-003   1150.5568936327472        1.0000000000000000     
   3.0769230769230769E-003   6.9230769230769233E-003   1150.5750407074449        1.0000000000000000     
   3.0769230769230769E-003   7.3076923076923076E-003   1150.5972317285873        1.0000000000000000     
   3.0769230769230769E-003   7.6923076923076927E-003   1150.6234763934863        1.0000000000000000     
   3.0769230769230769E-003   8.0769230769230770E-003   1150.6537198186677        1.0000000000000000     
   3.0769230769230769E-003   8.4615384615384613E-003   1150.6875962167856        1.0000000000000000     
   3.0769230769230769E-003   8.8461538461538456E-003   1150.7250542149866        1.0000000000000000     
   3.0769230769230769E-003   9.2307692307692299E-003   1150.7666164443674        1.0000000000000000     
   3.0769230769230769E-003   9.6153846153846159E-003   1150.8120551976563        1.0000000000000000     

   3.4615384615384616E-003   3.8461538461538462E-004   1184.4480712627578        1.0000000000000000     
   3.4615384615384616E-003   7.6923076923076923E-004   1184.3978666655062        1.0000000000000000     
   3.4615384615384616E-003   1.1538461538461537E-003   1184.3519426416788        1.0000000000000000     
   3.4615384615384616E-003   1.5384615384615385E-003   1184.3105368342081        1.0000000000000000     
   3.4615384615384616E-003   1.9230769230769232E-003   1184.2731139532034        1.0000000000000000     
   3.4615384615384616E-003   2.3076923076923075E-003   1184.2397286512028        1.0000000000000000     
   3.4615384615384616E-003   2.6923076923076922E-003   1184.2107586706570        1.0000000000000000     
   3.4615384615384616E-003   3.0769230769230769E-003   1184.1862613255178        1.0000000000000000     
   3.4615384615384616E-003   3.4615384615384616E-003   1184.1662271383402        1.0000000000000000     
   3.4615384615384616E-003   3.8461538461538464E-003   1184.1506507023653        1.0000000000000000     
   3.4615384615384616E-003   4.2307692307692307E-003   1184.1395277550453        1.0000000000000000     
   3.4615384615384616E-003   4.6153846153846149E-003   1184.1328552233758        1.0000000000000000     
   3.4615384615384616E-003   5.0000000000000001E-003   1184.1306312527947        1.0000000000000000     
   3.4615384615384616E-003   5.3846153846153844E-003   1184.1328552233754        1.0000000000000000     
   3.4615384615384616E-003   5.7692307692307696E-003   1184.1395277550448        1.0000000000000000     
   3.4615384615384616E-003   6.1538461538461538E-003   1184.1506507023653        1.0000000000000000     
   3.4615384615384616E-003   6.5384615384615381E-003   1184.1662271383402        1.0000000000000000     
   3.4615384615384616E-003   6.9230769230769233E-003   1184.1862613255178        1.0000000000000000     
   3.4615384615384616E-003   7.3076923076923076E-003   1184.2107586706570        1.0000000000000000     
   3.4615384615384616E-003   7.6923076923076927E-003   1184.2397286512028        1.0000000000000000     
   3.4615384615384616E-003   8.0769230769230770E-003   1184.2731139532043        1.0000000000000000     
   3.4615384615384616E-003   8.4615384615384613E-003   1184.3105368342081        1.0000000000000000     
   3.4615384615384616E-003   8.8461538461538456E-003   1184.3519426416785        1.0000000000000000     
   3.4615384615384616E-003   9.2307692307692299E-003   1184.3978666655057        1.0000000000000000     
   3.4615384615384616E-003   9.6153846153846159E-003   1184.4480712627580        1.0000000000000000     

   3.8461538461538464E-003   3.8461538461538462E-004   1216.7414240029791        1.0000000000000000     
   3.8461538461538464E-003   7.6923076923076923E-004   1216.6867462171388        1.0000000000000000     
   3.8461538461538464E-003   1.1538461538461537E-003   1216.6367303272812        1.0000000000000000     
   3.8461538461538464E-003   1.5384615384615385E-003   1216.5916222669589        1.0000000000000000     
   3.8461538461538464E-003   1.9230769230769232E-003   1216.5508737990185        1.0000000000000000     
   3.8461538461538464E-003   2.3076923076923075E-003   1216.5145422979881        1.0000000000000000     
   3.8461538461538464E-003   2.6923076923076922E-003   1216.4830167750356        1.0000000000000000     
   3.8461538461538464E-003   3.0769230769230769E-003   1216.4563567870407        1.0000000000000000     
   3.8461538461538464E-003   3.4615384615384616E-003   1216.4345530375044        1.0000000000000000     
   3.8461538461538464E-003   3.8461538461538464E-003   1216.4176002433460        1.0000000000000000     
   3.8461538461538464E-003   4.2307692307692307E-003   1216.4054941847219        1.0000000000000000     
   3.8461538461538464E-003   4.6153846153846149E-003   1216.3982317920913        1.0000000000000000     
   3.8461538461538464E-003   5.0000000000000001E-003   1216.3958112026608        1.0000000000000000     
   3.8461538461538464E-003   5.3846153846153844E-003   1216.3982317920911        1.0000000000000000     
   3.8461538461538464E-003   5.7692307692307696E-003   1216.4054941847214        1.0000000000000000     
   3.8461538461538464E-003   6.1538461538461538E-003   1216.4176002433460        1.0000000000000000     
   3.8461538461538464E-003   6.5384615384615381E-003   1216.4345530375051        1.0000000000000000     
   3.8461538461538464E-003   6.9230769230769233E-003   1216.4563567870414        1.0000000000000000     
   3.8461538461538464E-003   7.3076923076923076E-003   1216.4830167750363        1.0000000000000000     
   3.8461538461538464E-003   7.6923076923076927E-003   1216.5145422979892        1.0000000000000000     
   3.8461538461538464E-003   8.0769230769230770E-003   1216.5508737990194        1.0000000000000000     
   3.8461538461538464E-003   8.4615384615384613E-003   1216.5916222669596        1.0000000000000000     
   3.8461538461538464E-003   8.8461538461538456E-003   1216.6367303272818        1.0000000000000000     
   3.8461538461538464E-003   9.2307692307692299E-003   1216.6867462171388        1.0000000000000000     
   3.8461538461538464E-003   9.6153846153846159E-003   1216.7414240029796        1.0000000000000000     

   4.2307692307692307E-003   3.8461538461538462E-004   1247.5726340944677        1.0000000000000000     
   4.2307692307692307E-003   7.6923076923076923E-004   1247.5137880590448        1.0000000000000000     
   4.2307692307692307E-003   1.1538461538461537E-003   1247.4599608985693        1.0000000000000000     
   4.2307692307692307E-003   1.5384615384615385E-003   1247.4114057346349        1.0000000000000000     
   4.2307692307692307E-003   1.9230769230769232E-003   1247.3675613672406        1.0000000000000000     
   4.2307692307692307E-003   2.3076923076923075E-003   1247.3284873482999        1.0000000000000000     
   4.2307692307692307E-003   2.6923076923076922E-003   1247.2945831727300        1.0000000000000000     
   4.2307692307692307E-003   3.0769230769230769E-003   1247.2659103700798        1.0000000000000000     
   4.2307692307692307E-003   3.4615384615384616E-003   1247.2424597185063        1.0000000000000000     
   4.2307692307692307E-003   3.8461538461538464E-003   1247.2242259993454        1.0000000000000000     
   4.2307692307692307E-003   4.2307692307692307E-003   1247.2112050065489        1.0000000000000000     
   4.2307692307692307E-003   4.6153846153846149E-003   1247.2033936618716        1.0000000000000000     
   4.2307692307692307E-003   5.0000000000000001E-003   1247.2007900901795        1.0000000000000000     
   4.2307692307692307E-003   5.3846153846153844E-003   1247.2033936618720        1.0000000000000000     
   4.2307692307692307E-003   5.7692307692307696E-003   1247.2112050065493        1.0000000000000000     
   4.2307692307692307E-003   6.1538461538461538E-003   1247.2242259993454        1.0000000000000000     
   4.2307692307692307E-003   6.5384615384615381E-003   1247.2424597185063        1.0000000000000000     
   4.2307692307692307E-003   6.9230769230769233E-003   1247.2659103700801        1.0000000000000000     
   4.2307692307692307E-003   7.3076923076923076E-003   1247.2945831727316        1.0000000000000000     
   4.2307692307692307E-003   7.6923076923076927E-003   1247.3284873483012        1.0000000000000000     
   4.2307692307692307E-003   8.0769230769230770E-003   1247.3675613672417        1.0000000000000000     
   4.2307692307692307E-003   8.4615384615384613E-003   1247.4114057346355        1.0000000000000000     
   4.2307692307692307E-003   8.8461538461538456E-003   1247.4599608985695        1.0000000000000000     
   4.2307692307692307E-003   9.2307692307692299E-003   1247.5137880590451        1.0000000000000000     
   4.2307692307692307E-003   9.6153846153846159E-003   1247.5726340944682        1.0000000000000000     

   4.6153846153846149E-003   3.8461538461538462E-004   1276.8303094854973        1.0000000000000000     
   4.6153846153846149E-003   7.6923076923076923E-004   1276.7676086919314        1.0000000000000000     
   4.6153846153846149E-003   1.1538461538461537E-003   1276.7102583276278        1.0000000000000000     
   4.6153846153846149E-003   1.5384615384615385E-003   1276.6585178603141        1.0000000000000000     
   4.6153846153846149E-003   1.9230769230769232E-003   1276.6118133159589        1.0000000000000000     
   4.6153846153846149E-003   2.3076923076923075E-003   1276.5702059194298        1.0000000000000000     
   4.6153846153846149E-003   2.6923076923076922E-003   1276.5341048142866        1.0000000000000000     
   4.6153846153846149E-003   3.0769230769230769E-003   1276.5035731900023        1.0000000000000000     
   4.6153846153846149E-003   3.4615384615384616E-003   1276.4786017548784        1.0000000000000000     
   4.6153846153846149E-003   3.8461538461538464E-003   1276.4591852633607        1.0000000000000000     
   4.6153846153846149E-003   4.2307692307692307E-003   1276.4453194709120        1.0000000000000000     
   4.6153846153846149E-003   4.6153846153846149E-003   1276.4370012631387        1.0000000000000000     
   4.6153846153846149E-003   5.0000000000000001E-003   1276.4342287400152        1.0000000000000000     
   4.6153846153846149E-003   5.3846153846153844E-003   1276.4370012631377        1.0000000000000000     
   4.6153846153846149E-003   5.7692307692307696E-003   1276.4453194709120        1.0000000000000000     
   4.6153846153846149E-003   6.1538461538461538E-003   1276.4591852633607        1.0000000000000000     
   4.6153846153846149E-003   6.5384615384615381E-003   1276.4786017548781        1.0000000000000000     
   4.6153846153846149E-003   6.9230769230769233E-003   1276.5035731900027        1.0000000000000000     
   4.6153846153846149E-003   7.3076923076923076E-003   1276.5341048142868        1.0000000000000000     
   4.6153846153846149E-003   7.6923076923076927E-003   1276.5702059194300        1.0000000000000000     
   4.6153846153846149E-003   8.0769230769230770E-003   1276.6118133159591        1.0000000000000000     
   4.6153846153846149E-003   8.4615384615384613E-003   1276.6585178603145        1.0000000000000000     
   4.6153846153846149E-003   8.8461538461538456E-003   1276.7102583276283        1.0000000000000000     
   4.6153846153846149E-003   9.2307692307692299E-003   1276.7676086919325        1.0000000000000000     
   4.6153846153846149E-003   9.6153846153846159E-003   1276.8303094854987        1.0000000000000000     

   5.0000000000000001E-003   3.8461538461538462E-004   1304.4113905601694        1.0000000000000000     
   5.0000000000000001E-003   7.6923076923076923E-004   1304.3451532135628        1.0000000000000000     
   5.0000000000000001E-003   1.1538461538461537E-003   1304.2845718786309        1.0000000000000000     
   5.0000000000000001E-003   1.5384615384615385E-003   1304.2299116198772        1.0000000000000000     
   5.0000000000000001E-003   1.9230769230769232E-003   1304.1805859941749        1.0000000000000000     
   5.0000000000000001E-003   2.3076923076923075E-003   1304.1366574132012        1.0000000000000000     
   5.0000000000000001E-003   2.6923076923076922E-003   1304.0985437951999        1.0000000000000000     
   5.0000000000000001E-003   3.0769230769230769E-003   1304.0663096542148        1.0000000000000000     
   5.0000000000000001E-003   3.4615384615384616E-003   1304.0399454665094        1.0000000000000000     
   5.0000000000000001E-003   3.8461538461538464E-003   1304.0194458541714        1.0000000000000000     
   5.0000000000000001E-003   4.2307692307692307E-003   1304.0048064724272        1.0000000000000000     
   5.0000000000000001E-003   4.6153846153846149E-003   1303.9960241377930        1.0000000000000000     
   5.0000000000000001E-003   5.0000000000000001E-003   1303.9930969100947        1.0000000000000000     
   5.0000000000000001E-003   5.3846153846153844E-003   1303.9960241377921        1.0000000000000000     
   5.0000000000000001E-003   5.7692307692307696E-003   1304.0048064724267        1.0000000000000000     
   5.0000000000000001E-003   6.1538461538461538E-003   1304.0194458541712        1.0000000000000000     
   5.0000000000000001E-003   6.5384615384615381E-003   1304.0399454665092        1.0000000000000000     
   5.0000000000000001E-003   6.9230769230769233E-003   1304.0663096542150        1.0000000000000000     
   5.0000000000000001E-003   7.3076923076923076E-003   1304.0985437951995        1.0000000000000000     
   5.0000000000000001E-003   7.6923076923076927E-003   1304.1366574132014        1.0000000000000000     
   5.0000000000000001E-003   8.0769230769230770E-003   1304.1805859941758        1.0000000000000000     
   5.0000000000000001E-003   8.4615384615384613E-003   1304.2299116198778        1.0000000000000000     
   5.0000000000000001E-003   8.8461538461538456E-003   1304.2845718786323        1.0000000000000000     
   5.0000000000000001E-003   9.2307692307692299E-003   1304.3451532135639        1.0000000000000000     
   5.0000000000000001E-003   9.6153846153846159E-003   1304.4113905601696        1.0000000000000000     

   5.3846153846153844E-003   3.8461538461538462E-004   1330.2212825334252        1.0000000000000000     
   5.3846153846153844E-003   7.6923076923076923E-004   1330.1518279189427        1.0000000000000000     
   5.3846153846153844E-003   1.1538461538461537E-003   1330.0883088757241        1.0000000000000000     
   5.3846153846153844E-003   1.5384615384615385E-003   1330.0309952940995        1.0000000000000000     
   5.3846153846153844E-003   1.9230769230769232E-003   1329.9792885975853        1.0000000000000000     
   5.3846153846153844E-003   2.3076923076923075E-003   1329.9332518775789        1.0000000000000000     
   5.3846153846153844E-003   2.6923076923076922E-003   1329.8933109082823        1.0000000000000000     
   5.3846153846153844E-003   3.0769230769230769E-003   1329.8595311794818        1.0000000000000000     
   5.3846153846153844E-003   3.4615384615384616E-003   1329.8319027714554        1.0000000000000000     
   5.3846153846153844E-003   3.8461538461538464E-003   1329.8104200712039        1.0000000000000000     
   5.3846153846153844E-003   4.2307692307692307E-003   1329.7950785771784        1.0000000000000000     
   5.3846153846153844E-003   4.6153846153846149E-003   1329.7858750092776        1.0000000000000000     
   5.3846153846153844E-003   5.0000000000000001E-003   1329.7828073758419        1.0000000000000000     
   5.3846153846153844E-003   5.3846153846153844E-003   1329.7858750092769        1.0000000000000000     
   5.3846153846153844E-003   5.7692307692307696E-003   1329.7950785771777        1.0000000000000000     
   5.3846153846153844E-003   6.1538461538461538E-003   1329.8104200712039        1.0000000000000000     
   5.3846153846153844E-003   6.5384615384615381E-003   1329.8319027714560        1.0000000000000000     
   5.3846153846153844E-003   6.9230769230769233E-003   1329.8595311794832        1.0000000000000000     
   5.3846153846153844E-003   7.3076923076923076E-003   1329.8933109082832        1.0000000000000000     
   5.3846153846153844E-003   7.6923076923076927E-003   1329.9332518775796        1.0000000000000000     
   5.3846153846153844E-003   8.0769230769230770E-003   1329.9792885975869        1.0000000000000000     
   5.3846153846153844E-003   8.4615384615384613E-003   1330.0309952941004        1.0000000000000000     
   5.3846153846153844E-003   8.8461538461538456E-003   1330.0883088757250        1.0000000000000000     
   5.3846153846153844E-003   9.2307692307692299E-003   1330.1518279189436        1.0000000000000000     
   5.3846153846153844E-003   9.6153846153846159E-003   1330.2212825334257        1.0000000000000000     

   5.7692307692307696E-003   3.8461538461538462E-004   1354.1738834808332        1.0000000000000000     
   5.7692307692307696E-003   7.6923076923076923E-004   1354.1015287404316        1.0000000000000000     
   5.7692307692307696E-003   1.1538461538461537E-003   1354.0353635227029        1.0000000000000000     
   5.7692307692307696E-003   1.5384615384615385E-003   1353.9756616408065        1.0000000000000000     
   5.7692307692307696E-003   1.9230769230769232E-003   1353.9218126615351        1.0000000000000000     
   5.7692307692307696E-003   2.3076923076923075E-003   1353.8738797826063        1.0000000000000000     
   5.7692307692307696E-003   2.6923076923076922E-003   1353.8322956610255        1.0000000000000000     
   5.7692307692307696E-003   3.0769230769230769E-003   1353.7971264086052        1.0000000000000000     
   5.7692307692307696E-003   3.4615384615384616E-003   1353.7683615612843        1.0000000000000000     
   5.7692307692307696E-003   3.8461538461538464E-003   1353.7459951902649        1.0000000000000000     
   5.7692307692307696E-003   4.2307692307692307E-003   1353.7300226027678        1.0000000000000000     
   5.7692307692307696E-003   4.6153846153846149E-003   1353.7204404125466        1.0000000000000000     
   5.7692307692307696E-003   5.0000000000000001E-003   1353.7172465766730        1.0000000000000000     
   5.7692307692307696E-003   5.3846153846153844E-003   1353.7204404125464        1.0000000000000000     
   5.7692307692307696E-003   5.7692307692307696E-003   1353.7300226027673        1.0000000000000000     
   5.7692307692307696E-003   6.1538461538461538E-003   1353.7459951902642        1.0000000000000000     
   5.7692307692307696E-003   6.5384615384615381E-003   1353.7683615612843        1.0000000000000000     
   5.7692307692307696E-003   6.9230769230769233E-003   1353.7971264086059        1.0000000000000000     
   5.7692307692307696E-003   7.3076923076923076E-003   1353.8322956610264        1.0000000000000000     
   5.7692307692307696E-003   7.6923076923076927E-003   1353.8738797826074        1.0000000000000000     
   5.7692307692307696E-003   8.0769230769230770E-003   1353.9218126615353        1.0000000000000000     
   5.7692307692307696E-003   8.4615384615384613E-003   1353.9756616408079        1.0000000000000000     
   5.7692307692307696E-003   8.8461538461538456E-003   1354.0353635227029        1.0000000000000000     
   5.7692307692307696E-003   9.2307692307692299E-003   1354.1015287404316        1.0000000000000000     
   5.7692307692307696E-003   9.6153846153846159E-003   1354.1738834808334        1.0000000000000000     

   6.1538461538461538E-003   3.8461538461538462E-004   1376.1915191386786        1.0000000000000000     
   6.1538461538461538E-003   7.6923076923076923E-004   1376.1165766361344        1.0000000000000000     
   6.1538461538461538E-003   1.1538461538461537E-003   1376.0480528645546        1.0000000000000000     
   6.1538461538461538E-003   1.5384615384615385E-003   1375.9862243683633        1.0000000000000000     
   6.1538461538461538E-003   1.9230769230769232E-003   1375.9304689667401        1.0000000000000000     
   6.1538461538461538E-003   2.3076923076923075E-003   1375.8808492794974        1.0000000000000000     
   6.1538461538461538E-003   2.6923076923076922E-003   1375.8378038183669        1.0000000000000000     
   6.1538461538461538E-003   3.0769230769230769E-003   1375.8013989776973        1.0000000000000000     
   6.1538461538461538E-003   3.4615384615384616E-003   1375.7716236427175        1.0000000000000000     
   6.1538461538461538E-003   3.8461538461538464E-003   1375.7484715358494        1.0000000000000000     
   6.1538461538461538E-003   4.2307692307692307E-003   1375.7319377817580        1.0000000000000000     
   6.1538461538461538E-003   4.6153846153846149E-003   1375.7220189114594        1.0000000000000000     
   6.1538461538461538E-003   5.0000000000000001E-003   1375.7187128512714        1.0000000000000000     
   6.1538461538461538E-003   5.3846153846153844E-003   1375.7220189114594        1.0000000000000000     
   6.1538461538461538E-003   5.7692307692307696E-003   1375.7319377817580        1.0000000000000000     
   6.1538461538461538E-003   6.1538461538461538E-003   1375.7484715358491        1.0000000000000000     
   6.1538461538461538E-003   6.5384615384615381E-003   1375.7716236427175        1.0000000000000000     
   6.1538461538461538E-003   6.9230769230769233E-003   1375.8013989776975        1.0000000000000000     
   6.1538461538461538E-003   7.3076923076923076E-003   1375.8378038183675        1.0000000000000000     
   6.1538461538461538E-003   7.6923076923076927E-003   1375.8808492794988        1.0000000000000000     
   6.1538461538461538E-003   8.0769230769230770E-003   1375.9304689667410        1.0000000000000000     
   6.1538461538461538E-003   8.4615384615384613E-003   1375.9862243683638        1.0000000000000000     
   6.1538461538461538E-003   8.8461538461538456E-003   1376.0480528645548        1.0000000000000000     
   6.1538461538461538E-003   9.2307692307692299E-003   1376.1165766361344        1.0000000000000000     
   6.1538461538461538E-003   9.6153846153846159E-003   1376.1915191386779        1.0000000000000000     

   6.5384615384615381E-003   3.8461538461538462E-004   1396.2047979257113        1.0000000000000000     
   6.5384615384615381E-003   7.6923076923076923E-004   1396.1275734124049        1.0000000000000000     
   6.5384615384615381E-003   1.1538461538461537E-003   1396.0569734052219        1.0000000000000000     
   6.5384615384615381E-003   1.5384615384615385E-003   1395.9932754277545        1.0000000000000000     
   6.5384615384615381E-003   1.9230769230769232E-003   1395.9358453600814        1.0000000000000000     
   6.5384615384615381E-003   2.3076923076923075E-003   1395.8847444237447        1.0000000000000000     
   6.5384615384615381E-003   2.6923076923076922E-003   1395.8404159304732        1.0000000000000000     
   6.5384615384615381E-003   3.0769230769230769E-003   1395.8029262757477        1.0000000000000000     
   6.5384615384615381E-003   3.4615384615384616E-003   1395.7722636733783        1.0000000000000000     
   6.5384615384615381E-003   3.8461538461538464E-003   1395.7484215480206        1.0000000000000000     
   6.5384615384615381E-003   4.2307692307692307E-003   1395.7313949201239        1.0000000000000000     
   6.5384615384615381E-003   4.6153846153846149E-003   1395.7211803116513        1.0000000000000000     
   6.5384615384615381E-003   5.0000000000000001E-003   1395.7177756685428        1.0000000000000000     
   6.5384615384615381E-003   5.3846153846153844E-003   1395.7211803116511        1.0000000000000000     
   6.5384615384615381E-003   5.7692307692307696E-003   1395.7313949201239        1.0000000000000000     
   6.5384615384615381E-003   6.1538461538461538E-003   1395.7484215480208        1.0000000000000000     
   6.5384615384615381E-003   6.5384615384615381E-003   1395.7722636733783        1.0000000000000000     
   6.5384615384615381E-003   6.9230769230769233E-003   1395.8029262757486        1.0000000000000000     
   6.5384615384615381E-003   7.3076923076923076E-003   1395.8404159304755        1.0000000000000000     
   6.5384615384615381E-003   7.6923076923076927E-003   1395.8847444237456        1.0000000000000000     
   6.5384615384615381E-003   8.0769230769230770E-003   1395.9358453600828        1.0000000000000000     
   6.5384615384615381E-003   8.4615384615384613E-003   1395.9932754277552        1.0000000000000000     
   6.5384615384615381E-003   8.8461538461538456E-003   1396.0569734052224        1.0000000000000000     
   6.5384615384615381E-003   9.2307692307692299E-003   1396.1275734124049        1.0000000000000000     
   6.5384615384615381E-003   9.6153846153846159E-003   1396.2047979257115        1.0000000000000000     

   6.9230769230769233E-003   3.8461538461538462E-004   1414.1524013948836        1.0000000000000000     
   6.9230769230769233E-003   7.6923076923076923E-004   1414.0731933474283        1.0000000000000000     
   6.9230769230769233E-003   1.1538461538461537E-003   1414.0007938438448        1.0000000000000000     
   6.9230769230769233E-003   1.5384615384615385E-003   1413.9354785924695        1.0000000000000000     
   6.9230769230769233E-003   1.9230769230769232E-003   1413.8766009248054        1.0000000000000000     
   6.9230769230769233E-003   2.3076923076923075E-003   1413.8242197539107        1.0000000000000000     
   6.9230769230769233E-003   2.6923076923076922E-003   1413.7787822006333        1.0000000000000000     
   6.9230769230769233E-003   3.0769230769230769E-003   1413.7403545242357        1.0000000000000000     
   6.9230769230769233E-003   3.4615384615384616E-003   1413.7089244007639        1.0000000000000000     
   6.9230769230769233E-003   3.8461538461538464E-003   1413.6844851411065        1.0000000000000000     
   6.9230769230769233E-003   4.2307692307692307E-003   1413.6670318410333        1.0000000000000000     
   6.9230769230769233E-003   4.6153846153846149E-003   1413.6565611556941        1.0000000000000000     
   6.9230769230769233E-003   5.0000000000000001E-003   1413.6530711400032        1.0000000000000000     
   6.9230769230769233E-003   5.3846153846153844E-003   1413.6565611556950        1.0000000000000000     
   6.9230769230769233E-003   5.7692307692307696E-003   1413.6670318410333        1.0000000000000000     
   6.9230769230769233E-003   6.1538461538461538E-003   1413.6844851411070        1.0000000000000000     
   6.9230769230769233E-003   6.5384615384615381E-003   1413.7089244007639        1.0000000000000000     
   6.9230769230769233E-003   6.9230769230769233E-003   1413.7403545242373        1.0000000000000000     
   6.9230769230769233E-003   7.3076923076923076E-003   1413.7787822006349        1.0000000000000000     
   6.9230769230769233E-003   7.6923076923076927E-003   1413.8242197539128        1.0000000000000000     
   6.9230769230769233E-003   8.0769230769230770E-003   1413.8766009248059        1.0000000000000000     
   6.9230769230769233E-003   8.4615384615384613E-003   1413.9354785924702        1.0000000000000000     
   6.9230769230769233E-003   8.8461538461538456E-003   1414.0007938438453        1.0000000000000000     
   6.9230769230769233E-003   9.2307692307692299E-003   1414.0731933474287        1.0000000000000000     
   6.9230769230769233E-003   9.6153846153846159E-003   1414.1524013948836        1.0000000000000000     

   7.3076923076923076E-003   3.8461538461538462E-004   1429.9808263393770        1.0000000000000000     
   7.3076923076923076E-003   7.6923076923076923E-004   1429.8999273609159        1.0000000000000000     
   7.3076923076923076E-003   1.1538461538461537E-003   1429.8260008677214        1.0000000000000000     
   7.3076923076923076E-003   1.5384615384615385E-003   1429.7593162280602        1.0000000000000000     
   7.3076923076923076E-003   1.9230769230769232E-003   1429.6992133136384        1.0000000000000000     
   7.3076923076923076E-003   2.3076923076923075E-003   1429.6457479626483        1.0000000000000000     
   7.3076923076923076E-003   2.6923076923076922E-003   1429.5993703749577        1.0000000000000000     
   7.3076923076923076E-003   3.0769230769230769E-003   1429.5601468228242        1.0000000000000000     
   7.3076923076923076E-003   3.4615384615384616E-003   1429.5280648290477        1.0000000000000000     
   7.3076923076923076E-003   3.8461538461538464E-003   1429.5031179670998        1.0000000000000000     
   7.3076923076923076E-003   4.2307692307692307E-003   1429.4853017210669        1.0000000000000000     
   7.3076923076923076E-003   4.6153846153846149E-003   1429.4746131052073        1.0000000000000000     
   7.3076923076923076E-003   5.0000000000000001E-003   1429.4710504176162        1.0000000000000000     
   7.3076923076923076E-003   5.3846153846153844E-003   1429.4746131052075        1.0000000000000000     
   7.3076923076923076E-003   5.7692307692307696E-003   1429.4853017210678        1.0000000000000000     
   7.3076923076923076E-003   6.1538461538461538E-003   1429.5031179671007        1.0000000000000000     
   7.3076923076923076E-003   6.5384615384615381E-003   1429.5280648290477        1.0000000000000000     
   7.3076923076923076E-003   6.9230769230769233E-003   1429.5601468228249        1.0000000000000000     
   7.3076923076923076E-003   7.3076923076923076E-003   1429.5993703749596        1.0000000000000000     
   7.3076923076923076E-003   7.6923076923076927E-003   1429.6457479626499        1.0000000000000000     
   7.3076923076923076E-003   8.0769230769230770E-003   1429.6992133136396        1.0000000000000000     
   7.3076923076923076E-003   8.4615384615384613E-003   1429.7593162280602        1.0000000000000000     
   7.3076923076923076E-003   8.8461538461538456E-003   1429.8260008677212        1.0000000000000000     
   7.3076923076923076E-003   9.2307692307692299E-003   1429.8999273609156        1.0000000000000000     
   7.3076923076923076E-003   9.6153846153846159E-003   1429.9808263393763        1.0000000000000000     

   7.6923076923076927E-003   3.8461538461538462E-004   1443.6440983690602        1.0000000000000000     
   7.6923076923076927E-003   7.6923076923076923E-004   1443.5618013387857        1.0000000000000000     
   7.6923076923076927E-003   1.1538461538461537E-003   1443.4866197686131        1.0000000000000000     
   7.6923076923076927E-003   1.5384615384615385E-003   1443.4188107785160        1.0000000000000000     
   7.6923076923076927E-003   1.9230769230769232E-003   1443.3577005636737        1.0000000000000000     
   7.6923076923076927E-003   2.3076923076923075E-003   1443.3033418572172        1.0000000000000000     
   7.6923076923076927E-003   2.6923076923076922E-003   1443.2561877816345        1.0000000000000000     
   7.6923076923076927E-003   3.0769230769230769E-003   1443.2163052500480        1.0000000000000000     
   7.6923076923076927E-003   3.4615384615384616E-003   1443.1836823832330        1.0000000000000000     
   7.6923076923076927E-003   3.8461538461538464E-003   1443.1583136455758        1.0000000000000000     
   7.6923076923076927E-003   4.2307692307692307E-003   1443.1401953788481        1.0000000000000000     
   7.6923076923076927E-003   4.6153846153846149E-003   1443.1293252701089        1.0000000000000000     
   7.6923076923076927E-003   5.0000000000000001E-003   1443.1257020375438        1.0000000000000000     
   7.6923076923076927E-003   5.3846153846153844E-003   1443.1293252701093        1.0000000000000000     
   7.6923076923076927E-003   5.7692307692307696E-003   1443.1401953788491        1.0000000000000000     
   7.6923076923076927E-003   6.1538461538461538E-003   1443.1583136455761        1.0000000000000000     
   7.6923076923076927E-003   6.5384615384615381E-003   1443.1836823832334        1.0000000000000000     
   7.6923076923076927E-003   6.9230769230769233E-003   1443.2163052500491        1.0000000000000000     
   7.6923076923076927E-003   7.3076923076923076E-003   1443.2561877816358        1.0000000000000000     
   7.6923076923076927E-003   7.6923076923076927E-003   1443.3033418572186        1.0000000000000000     
   7.6923076923076927E-003   8.0769230769230770E-003   1443.3577005636741        1.0000000000000000     
   7.6923076923076927E-003   8.4615384615384613E-003   1443.4188107785167        1.0000000000000000     
   7.6923076923076927E-003   8.8461538461538456E-003   1443.4866197686126        1.0000000000000000     
   7.6923076923076927E-003   9.2307692307692299E-003   1443.5618013387848        1.0000000000000000     
   7.6923076923076927E-003   9.6153846153846159E-003   1443.6440983690602        1.0000000000000000     

   8.0769230769230770E-003   3.8461538461538462E-004   1455.1033485502542        1.0000000000000000     
   8.0769230769230770E-003   7.6923076923076923E-004   1455.0199927703666        1.0000000000000000     
   8.0769230769230770E-003   1.1538461538461537E-003   1454.9438330802541        1.0000000000000000     
   8.0769230769230770E-003   1.5384615384615385E-003   1454.8751432065908        1.0000000000000000     
   8.0769230769230770E-003   1.9230769230769232E-003   1454.8132392849247        1.0000000000000000     
   8.0769230769230770E-003   2.3076923076923075E-003   1454.7581723695509        1.0000000000000000     
   8.0769230769230770E-003   2.6923076923076922E-003   1454.7103992207715        1.0000000000000000     
   8.0769230769230770E-003   3.0769230769230769E-003   1454.6699886927004        1.0000000000000000     
   8.0769230769230770E-003   3.4615384615384616E-003   1454.6369307375239        1.0000000000000000     
   8.0769230769230770E-003   3.8461538461538464E-003   1454.6112216311215        1.0000000000000000     
   8.0769230769230770E-003   4.2307692307692307E-003   1454.5928591944391        1.0000000000000000     
   8.0769230769230770E-003   4.6153846153846149E-003   1454.5818421691758        1.0000000000000000     
   8.0769230769230770E-003   5.0000000000000001E-003   1454.5781698960966        1.0000000000000000     
   8.0769230769230770E-003   5.3846153846153844E-003   1454.5818421691758        1.0000000000000000     
   8.0769230769230770E-003   5.7692307692307696E-003   1454.5928591944401        1.0000000000000000     
   8.0769230769230770E-003   6.1538461538461538E-003   1454.6112216311224        1.0000000000000000     
   8.0769230769230770E-003   6.5384615384615381E-003   1454.6369307375248        1.0000000000000000     
   8.0769230769230770E-003   6.9230769230769233E-003   1454.6699886927015        1.0000000000000000     
   8.0769230769230770E-003   7.3076923076923076E-003   1454.7103992207719        1.0000000000000000     
   8.0769230769230770E-003   7.6923076923076927E-003   1454.7581723695514        1.0000000000000000     
   8.0769230769230770E-003   8.0769230769230770E-003   1454.8132392849254        1.0000000000000000     
   8.0769230769230770E-003   8.4615384615384613E-003   1454.8751432065908        1.0000000000000000     
   8.0769230769230770E-003   8.8461538461538456E-003   1454.9438330802541        1.0000000000000000     
   8.0769230769230770E-003   9.2307692307692299E-003   1455.0199927703668        1.0000000000000000     
   8.0769230769230770E-003   9.6153846153846159E-003   1455.1033485502546        1.0000000000000000     

   8.4615384615384613E-003   3.8461538461538462E-004   1464.3268373708959        1.0000000000000000     
   8.4615384615384613E-003   7.6923076923076923E-004   1464.2421858927662        1.0000000000000000     
   8.4615384615384613E-003   1.1538461538461537E-003   1464.1653799072192        1.0000000000000000     
   8.4615384615384613E-003   1.5384615384615385E-003   1464.0960491148660        1.0000000000000000     
   8.4615384615384613E-003   1.9230769230769232E-003   1464.0335597007800        1.0000000000000000     
   8.4615384615384613E-003   2.3076923076923075E-003   1463.9779631342954        1.0000000000000000     
   8.4615384615384613E-003   2.6923076923076922E-003   1463.9297212094837        1.0000000000000000     
   8.4615384615384613E-003   3.0769230769230769E-003   1463.8889069026825        1.0000000000000000     
   8.4615384615384613E-003   3.4615384615384616E-003   1463.8555138207514        1.0000000000000000     
   8.4615384615384613E-003   3.8461538461538464E-003   1463.8295412541934        1.0000000000000000     
   8.4615384615384613E-003   4.2307692307692307E-003   1463.8109892160733        1.0000000000000000     
   8.4615384615384613E-003   4.6153846153846149E-003   1463.7998578916563        1.0000000000000000     
   8.4615384615384613E-003   5.0000000000000001E-003   1463.7961474320605        1.0000000000000000     
   8.4615384615384613E-003   5.3846153846153844E-003   1463.7998578916574        1.0000000000000000     
   8.4615384615384613E-003   5.7692307692307696E-003   1463.8109892160742        1.0000000000000000     
   8.4615384615384613E-003   6.1538461538461538E-003   1463.8295412541934        1.0000000000000000     
   8.4615384615384613E-003   6.5384615384615381E-003   1463.8555138207521        1.0000000000000000     
   8.4615384615384613E-003   6.9230769230769233E-003   1463.8889069026825        1.0000000000000000     
   8.4615384615384613E-003   7.3076923076923076E-003   1463.9297212094846        1.0000000000000000     
   8.4615384615384613E-003   7.6923076923076927E-003   1463.9779631342954        1.0000000000000000     
   8.4615384615384613E-003   8.0769230769230770E-003   1464.0335597007784        1.0000000000000000     
   8.4615384615384613E-003   8.4615384615384613E-003   1464.0960491148653        1.0000000000000000     
   8.4615384615384613E-003   8.8461538461538456E-003   1464.1653799072189        1.0000000000000000     
   8.4615384615384613E-003   9.2307692307692299E-003   1464.2421858927671        1.0000000000000000     
   8.4615384615384613E-003   9.6153846153846159E-003   1464.3268373708972        1.0000000000000000     

   8.8461538461538456E-003   3.8461538461538462E-004   1471.2891844279343        1.0000000000000000     
   8.8461538461538456E-003   7.6923076923076923E-004   1471.2043440811115        1.0000000000000000     
   8.8461538461538456E-003   1.1538461538461537E-003   1471.1260169637876        1.0000000000000000     
   8.8461538461538456E-003   1.5384615384615385E-003   1471.0563543952449        1.0000000000000000     
   8.8461538461538456E-003   1.9230769230769232E-003   1470.9934811391972        1.0000000000000000     
   8.8461538461538456E-003   2.3076923076923075E-003   1470.9375255292928        1.0000000000000000     
   8.8461538461538456E-003   2.6923076923076922E-003   1470.8889564372500        1.0000000000000000     
   8.8461538461538456E-003   3.0769230769230769E-003   1470.8478545935741        1.0000000000000000     
   8.8461538461538456E-003   3.4615384615384616E-003   1470.8142198226110        1.0000000000000000     
   8.8461538461538456E-003   3.8461538461538464E-003   1470.7880557853837        1.0000000000000000     
   8.8461538461538456E-003   4.2307692307692307E-003   1470.7693653241145        1.0000000000000000     
   8.8461538461538456E-003   4.6153846153846149E-003   1470.7581503399792        1.0000000000000000     
   8.8461538461538456E-003   5.0000000000000001E-003   1470.7544118983274        1.0000000000000000     
   8.8461538461538456E-003   5.3846153846153844E-003   1470.7581503399795        1.0000000000000000     
   8.8461538461538456E-003   5.7692307692307696E-003   1470.7693653241149        1.0000000000000000     
   8.8461538461538456E-003   6.1538461538461538E-003   1470.7880557853841        1.0000000000000000     
   8.8461538461538456E-003   6.5384615384615381E-003   1470.8142198226121        1.0000000000000000     
   8.8461538461538456E-003   6.9230769230769233E-003   1470.8478545935741        1.0000000000000000     
   8.8461538461538456E-003   7.3076923076923076E-003   1470.8889564372496        1.0000000000000000     
   8.8461538461538456E-003   7.6923076923076927E-003   1470.9375255292925        1.0000000000000000     
   8.8461538461538456E-003   8.0769230769230770E-003   1470.9934811391968        1.0000000000000000     
   8.8461538461538456E-003   8.4615384615384613E-003   1471.0563543952439        1.0000000000000000     
   8.8461538461538456E-003   8.8461538461538456E-003   1471.1260169637860        1.0000000000000000     
   8.8461538461538456E-003   9.2307692307692299E-003   1471.2043440811115        1.0000000000000000     
   8.8461538461538456E-003   9.6153846153846159E-003   1471.2891844279345        1.0000000000000000     

   9.2307692307692299E-003   3.8461538461538462E-004   1475.9724926313954        1.0000000000000000     
   9.2307692307692299E-003   7.6923076923076923E-004   1475.8868956057381        1.0000000000000000     
   9.2307692307692299E-003   1.1538461538461537E-003   1475.8089528407675        1.0000000000000000     
   9.2307692307692299E-003   1.5384615384615385E-003   1475.7380232407891        1.0000000000000000     
   9.2307692307692299E-003   1.9230769230769232E-003   1475.6750166659447        1.0000000000000000     
   9.2307692307692299E-003   2.3076923076923075E-003   1475.6188630845886        1.0000000000000000     
   9.2307692307692299E-003   2.6923076923076922E-003   1475.5700969144491        1.0000000000000000     
   9.2307692307692299E-003   3.0769230769230769E-003   1475.5288140749237        1.0000000000000000     
   9.2307692307692299E-003   3.4615384615384616E-003   1475.4950238463412        1.0000000000000000     
   9.2307692307692299E-003   3.8461538461538464E-003   1475.4687352983053        1.0000000000000000     
   9.2307692307692299E-003   4.2307692307692307E-003   1475.4499543061975        1.0000000000000000     
   9.2307692307692299E-003   4.6153846153846149E-003   1475.4386844461021        1.0000000000000000     
   9.2307692307692299E-003   5.0000000000000001E-003   1475.4349276266894        1.0000000000000000     
   9.2307692307692299E-003   5.3846153846153844E-003   1475.4386844461021        1.0000000000000000     
   9.2307692307692299E-003   5.7692307692307696E-003   1475.4499543061975        1.0000000000000000     
   9.2307692307692299E-003   6.1538461538461538E-003   1475.4687352983060        1.0000000000000000     
   9.2307692307692299E-003   6.5384615384615381E-003   1475.4950238463423        1.0000000000000000     
   9.2307692307692299E-003   6.9230769230769233E-003   1475.5288140749242        1.0000000000000000     
   9.2307692307692299E-003   7.3076923076923076E-003   1475.5700969144502        1.0000000000000000     
   9.2307692307692299E-003   7.6923076923076927E-003   1475.6188630845886        1.0000000000000000     
   9.2307692307692299E-003   8.0769230769230770E-003   1475.6750166659442        1.0000000000000000     
   9.2307692307692299E-003   8.4615384615384613E-003   1475.7380232407884        1.0000000000000000     
   9.2307692307692299E-003   8.8461538461538456E-003   1475.8089528407672        1.0000000000000000     
   9.2307692307692299E-003   9.2307692307692299E-003   1475.8868956057386        1.0000000000000000     
   9.2307692307692299E-003   9.6153846153846159E-003   1475.9724926313961        1.0000000000000000     

   9.6153846153846159E-003   3.8461538461538462E-004   1478.3643803986122        1.0000000000000000     
   9.6153846153846159E-003   7.6923076923076923E-004   1478.2780681230035        1.0000000000000000     
   9.6153846153846159E-003   1.1538461538461537E-003   1478.1996179162149        1.0000000000000000     
   9.6153846153846159E-003   1.5384615384615385E-003   1478.1290025734129        1.0000000000000000     
   9.6153846153846159E-003   1.9230769230769232E-003   1478.0654635363876        1.0000000000000000     
   9.6153846153846159E-003   2.3076923076923075E-003   1478.0092841484452        1.0000000000000000     
   9.6153846153846159E-003   2.6923076923076922E-003   1477.9604331970754        1.0000000000000000     
   9.6153846153846159E-003   3.0769230769230769E-003   1477.9190639976746        1.0000000000000000     
   9.6153846153846159E-003   3.4615384615384616E-003   1477.8851971618030        1.0000000000000000     
   9.6153846153846159E-003   3.8461538461538464E-003   1477.8588464972324        1.0000000000000000     
   9.6153846153846159E-003   4.2307692307692307E-003   1477.8400200993219        1.0000000000000000     
   9.6153846153846159E-003   4.6153846153846149E-003   1477.8287226488758        1.0000000000000000     
   9.6153846153846159E-003   5.0000000000000001E-003   1477.8249565804906        1.0000000000000000     
   9.6153846153846159E-003   5.3846153846153844E-003   1477.8287226488760        1.0000000000000000     
   9.6153846153846159E-003   5.7692307692307696E-003   1477.8400200993226        1.0000000000000000     
   9.6153846153846159E-003   6.1538461538461538E-003   1477.8588464972329        1.0000000000000000     
   9.6153846153846159E-003   6.5384615384615381E-003   1477.8851971618037        1.0000000000000000     
   9.6153846153846159E-003   6.9230769230769233E-003   1477.9190639976753        1.0000000000000000     
   9.6153846153846159E-003   7.3076923076923076E-003   1477.9604331970761        1.0000000000000000     
   9.6153846153846159E-003   7.6923076923076927E-003   1478.0092841484459        1.0000000000000000     
   9.6153846153846159E-003   8.0769230769230770E-003   1478.0654635363878        1.0000000000000000     
   9.6153846153846159E-003   8.4615384615384613E-003   1478.1290025734129        1.0000000000000000     
   9.6153846153846159E-003   8.8461538461538456E-003   1478.1996179162154        1.0000000000000000     
   9.6153846153846159E-003   9.2307692307692299E-003   1478.2780681230049        1.0000000000000000     
   9.6153846153846159E-003   9.6153846153846159E-003   1478.3643803986129        1.0000000000000000     

