   3.8461538461538462E-004   3.8461538461538462E-004   888.62525384035052        1.0000000000000000     
   3.8461538461538462E-004   7.6923076923076923E-004   888.61915770247856        1.0000000000000000     
   3.8461538461538462E-004   1.1538461538461537E-003   888.61374097501619        1.0000000000000000     
   3.8461538461538462E-004   1.5384615384615385E-003   888.60899882731621        1.0000000000000000     
   3.8461538461538462E-004   1.9230769230769232E-003   888.60459229479864        1.0000000000000000     
   3.8461538461538462E-004   2.3076923076923075E-003   888.60067422502618        1.0000000000000000     
   3.8461538461538462E-004   2.6923076923076922E-003   888.59723204294050        1.0000000000000000     
   3.8461538461538462E-004   3.0769230769230769E-003   888.59432471066691        1.0000000000000000     
   3.8461538461538462E-004   3.4615384615384616E-003   888.59194813819693        1.0000000000000000     
   3.8461538461538462E-004   3.8461538461538464E-003   888.59010096473935        1.0000000000000000     
   3.8461538461538462E-004   4.2307692307692307E-003   888.58878221065049        1.0000000000000000     
   3.8461538461538462E-004   4.6153846153846149E-003   888.58799121350455        1.0000000000000000     
   3.8461538461538462E-004   5.0000000000000001E-003   888.58772758968098        1.0000000000000000     
   3.8461538461538462E-004   5.3846153846153844E-003   888.58799121350455        1.0000000000000000     
   3.8461538461538462E-004   5.7692307692307696E-003   888.58878221065049        1.0000000000000000     
   3.8461538461538462E-004   6.1538461538461538E-003   888.59010096473935        1.0000000000000000     
   3.8461538461538462E-004   6.5384615384615381E-003   888.59194813819693        1.0000000000000000     
   3.8461538461538462E-004   6.9230769230769233E-003   888.59432471066691        1.0000000000000000     
   3.8461538461538462E-004   7.3076923076923076E-003   888.59723204294062        1.0000000000000000     
   3.8461538461538462E-004   7.6923076923076927E-003   888.60067422502618        1.0000000000000000     
   3.8461538461538462E-004   8.0769230769230770E-003   888.60459229479864        1.0000000000000000     
   3.8461538461538462E-004   8.4615384615384613E-003   888.60899882731576        1.0000000000000000     
   3.8461538461538462E-004   8.8461538461538456E-003   888.61374097501619        1.0000000000000000     
   3.8461538461538462E-004   9.2307692307692299E-003   888.61915770247856        1.0000000000000000     
   3.8461538461538462E-004   9.6153846153846159E-003   888.62525384035098        1.0000000000000000     

   7.6923076923076923E-004   3.8461538461538462E-004   927.09161222930618        1.0000000000000000     
   7.6923076923076923E-004   7.6923076923076923E-004   927.07985537878392        1.0000000000000000     
   7.6923076923076923E-004   1.1538461538461537E-003   927.06922331290036        1.0000000000000000     
   7.6923076923076923E-004   1.5384615384615385E-003   927.05936510941103        1.0000000000000000     
   7.6923076923076923E-004   1.9230769230769232E-003   927.05080037405889        1.0000000000000000     
   7.6923076923076923E-004   2.3076923076923075E-003   927.04292470167752        1.0000000000000000     
   7.6923076923076923E-004   2.6923076923076922E-003   927.03606655947260        1.0000000000000000     
   7.6923076923076923E-004   3.0769230769230769E-003   927.03027197783763        1.0000000000000000     
   7.6923076923076923E-004   3.4615384615384616E-003   927.02553510524103        1.0000000000000000     
   7.6923076923076923E-004   3.8461538461538464E-003   927.02185332969930        1.0000000000000000     
   7.6923076923076923E-004   4.2307692307692307E-003   927.01922475982872        1.0000000000000000     
   7.6923076923076923E-004   4.6153846153846149E-003   927.01764811312853        1.0000000000000000     
   7.6923076923076923E-004   5.0000000000000001E-003   927.01712264554772        1.0000000000000000     
   7.6923076923076923E-004   5.3846153846153844E-003   927.01764811312842        1.0000000000000000     
   7.6923076923076923E-004   5.7692307692307696E-003   927.01922475982860        1.0000000000000000     
   7.6923076923076923E-004   6.1538461538461538E-003   927.02185332969930        1.0000000000000000     
   7.6923076923076923E-004   6.5384615384615381E-003   927.02553510524092        1.0000000000000000     
   7.6923076923076923E-004   6.9230769230769233E-003   927.03027197783808        1.0000000000000000     
   7.6923076923076923E-004   7.3076923076923076E-003   927.03606655947260        1.0000000000000000     
   7.6923076923076923E-004   7.6923076923076927E-003   927.04292470167752        1.0000000000000000     
   7.6923076923076923E-004   8.0769230769230770E-003   927.05080037405821        1.0000000000000000     
   7.6923076923076923E-004   8.4615384615384613E-003   927.05936510941035        1.0000000000000000     
   7.6923076923076923E-004   8.8461538461538456E-003   927.06922331290059        1.0000000000000000     
   7.6923076923076923E-004   9.2307692307692299E-003   927.07985537878471        1.0000000000000000     
   7.6923076923076923E-004   9.6153846153846159E-003   927.09161222930618        1.0000000000000000     

   1.1538461538461537E-003   3.8461538461538462E-004   965.24201864966676        1.0000000000000000     
   1.1538461538461537E-003   7.6923076923076923E-004   965.22460207571885        1.0000000000000000     
   1.1538461538461537E-003   1.1538461538461537E-003   965.20819165880823        1.0000000000000000     
   1.1538461538461537E-003   1.5384615384615385E-003   965.19404838980574        1.0000000000000000     
   1.1538461538461537E-003   1.9230769230769232E-003   965.18105171843968        1.0000000000000000     
   1.1538461538461537E-003   2.3076923076923075E-003   965.16928682688581        1.0000000000000000     
   1.1538461538461537E-003   2.6923076923076922E-003   965.15906013084668        1.0000000000000000     
   1.1538461538461537E-003   3.0769230769230769E-003   965.15041795321281        1.0000000000000000     
   1.1538461538461537E-003   3.4615384615384616E-003   965.14335295037029        1.0000000000000000     
   1.1538461538461537E-003   3.8461538461538464E-003   965.13786143919174        1.0000000000000000     
   1.1538461538461537E-003   4.2307692307692307E-003   965.13394073933136        1.0000000000000000     
   1.1538461538461537E-003   4.6153846153846149E-003   965.13158902596388        1.0000000000000000     
   1.1538461538461537E-003   5.0000000000000001E-003   965.13080523766268        1.0000000000000000     
   1.1538461538461537E-003   5.3846153846153844E-003   965.13158902596365        1.0000000000000000     
   1.1538461538461537E-003   5.7692307692307696E-003   965.13394073933136        1.0000000000000000     
   1.1538461538461537E-003   6.1538461538461538E-003   965.13786143919231        1.0000000000000000     
   1.1538461538461537E-003   6.5384615384615381E-003   965.14335295037097        1.0000000000000000     
   1.1538461538461537E-003   6.9230769230769233E-003   965.15041795321360        1.0000000000000000     
   1.1538461538461537E-003   7.3076923076923076E-003   965.15906013084680        1.0000000000000000     
   1.1538461538461537E-003   7.6923076923076927E-003   965.16928682688592        1.0000000000000000     
   1.1538461538461537E-003   8.0769230769230770E-003   965.18105171843933        1.0000000000000000     
   1.1538461538461537E-003   8.4615384615384613E-003   965.19404838980483        1.0000000000000000     
   1.1538461538461537E-003   8.8461538461538456E-003   965.20819165880835        1.0000000000000000     
   1.1538461538461537E-003   9.2307692307692299E-003   965.22460207571896        1.0000000000000000     
   1.1538461538461537E-003   9.6153846153846159E-003   965.24201864966699        1.0000000000000000     

   1.5384615384615385E-003   3.8461538461538462E-004   1002.9209468426535        1.0000000000000000     
   1.5384615384615385E-003   7.6923076923076923E-004   1002.8975313591959        1.0000000000000000     
   1.5384615384615385E-003   1.1538461538461537E-003   1002.8764167988805        1.0000000000000000     
   1.5384615384615385E-003   1.5384615384615385E-003   1002.8574240701129        1.0000000000000000     
   1.5384615384615385E-003   1.9230769230769232E-003   1002.8401208118519        1.0000000000000000     
   1.5384615384615385E-003   2.3076923076923075E-003   1002.8245479888725        1.0000000000000000     
   1.5384615384615385E-003   2.6923076923076922E-003   1002.8110223483216        1.0000000000000000     
   1.5384615384615385E-003   3.0769230769230769E-003   1002.7995908978348        1.0000000000000000     
   1.5384615384615385E-003   3.4615384615384616E-003   1002.7902451224032        1.0000000000000000     
   1.5384615384615385E-003   3.8461538461538464E-003   1002.7829805053279        1.0000000000000000     
   1.5384615384615385E-003   4.2307692307692307E-003   1002.7777937384687        1.0000000000000000     
   1.5384615384615385E-003   4.6153846153846149E-003   1002.7746825580845        1.0000000000000000     
   1.5384615384615385E-003   5.0000000000000001E-003   1002.7736456428142        1.0000000000000000     
   1.5384615384615385E-003   5.3846153846153844E-003   1002.7746825580847        1.0000000000000000     
   1.5384615384615385E-003   5.7692307692307696E-003   1002.7777937384686        1.0000000000000000     
   1.5384615384615385E-003   6.1538461538461538E-003   1002.7829805053282        1.0000000000000000     
   1.5384615384615385E-003   6.5384615384615381E-003   1002.7902451224036        1.0000000000000000     
   1.5384615384615385E-003   6.9230769230769233E-003   1002.7995908978356        1.0000000000000000     
   1.5384615384615385E-003   7.3076923076923076E-003   1002.8110223483217        1.0000000000000000     
   1.5384615384615385E-003   7.6923076923076927E-003   1002.8245479888725        1.0000000000000000     
   1.5384615384615385E-003   8.0769230769230770E-003   1002.8401208118526        1.0000000000000000     
   1.5384615384615385E-003   8.4615384615384613E-003   1002.8574240701132        1.0000000000000000     
   1.5384615384615385E-003   8.8461538461538456E-003   1002.8764167988807        1.0000000000000000     
   1.5384615384615385E-003   9.2307692307692299E-003   1002.8975313591959        1.0000000000000000     
   1.5384615384615385E-003   9.6153846153846159E-003   1002.9209468426535        1.0000000000000000     

   1.9230769230769232E-003   3.8461538461538462E-004   1039.9754448119720        1.0000000000000000     
   1.9230769230769232E-003   7.6923076923076923E-004   1039.9466769070073        1.0000000000000000     
   1.9230769230769232E-003   1.1538461538461537E-003   1039.9203631903529        1.0000000000000000     
   1.9230769230769232E-003   1.5384615384615385E-003   1039.8967032839901        1.0000000000000000     
   1.9230769230769232E-003   1.9230769230769232E-003   1039.8752148636800        1.0000000000000000     
   1.9230769230769232E-003   2.3076923076923075E-003   1039.8559395745206        1.0000000000000000     
   1.9230769230769232E-003   2.6923076923076922E-003   1039.8392053029095        1.0000000000000000     
   1.9230769230769232E-003   3.0769230769230769E-003   1039.8250603014869        1.0000000000000000     
   1.9230769230769232E-003   3.4615384615384616E-003   1039.8134952939415        1.0000000000000000     
   1.9230769230769232E-003   3.8461538461538464E-003   1039.8045052040102        1.0000000000000000     
   1.9230769230769232E-003   4.2307692307692307E-003   1039.7980862794766        1.0000000000000000     
   1.9230769230769232E-003   4.6153846153846149E-003   1039.7942359345982        1.0000000000000000     
   1.9230769230769232E-003   5.0000000000000001E-003   1039.7929526529399        1.0000000000000000     
   1.9230769230769232E-003   5.3846153846153844E-003   1039.7942359345982        1.0000000000000000     
   1.9230769230769232E-003   5.7692307692307696E-003   1039.7980862794766        1.0000000000000000     
   1.9230769230769232E-003   6.1538461538461538E-003   1039.8045052040109        1.0000000000000000     
   1.9230769230769232E-003   6.5384615384615381E-003   1039.8134952939424        1.0000000000000000     
   1.9230769230769232E-003   6.9230769230769233E-003   1039.8250603014874        1.0000000000000000     
   1.9230769230769232E-003   7.3076923076923076E-003   1039.8392053029088        1.0000000000000000     
   1.9230769230769232E-003   7.6923076923076927E-003   1039.8559395745203        1.0000000000000000     
   1.9230769230769232E-003   8.0769230769230770E-003   1039.8752148636800        1.0000000000000000     
   1.9230769230769232E-003   8.4615384615384613E-003   1039.8967032839905        1.0000000000000000     
   1.9230769230769232E-003   8.8461538461538456E-003   1039.9203631903529        1.0000000000000000     
   1.9230769230769232E-003   9.2307692307692299E-003   1039.9466769070073        1.0000000000000000     
   1.9230769230769232E-003   9.6153846153846159E-003   1039.9754448119720        1.0000000000000000     

   2.3076923076923075E-003   3.8461538461538462E-004   1076.2570805384014        1.0000000000000000     
   2.3076923076923075E-003   7.6923076923076923E-004   1076.2228598857155        1.0000000000000000     
   2.3076923076923075E-003   1.1538461538461537E-003   1076.1915699481613        1.0000000000000000     
   2.3076923076923075E-003   1.5384615384615385E-003   1076.1634094165845        1.0000000000000000     
   2.3076923076923075E-003   1.9230769230769232E-003   1076.1378817154625        1.0000000000000000     
   2.3076923076923075E-003   2.3076923076923075E-003   1076.1150309957318        1.0000000000000000     
   2.3076923076923075E-003   2.6923076923076922E-003   1076.0951970643562        1.0000000000000000     
   2.3076923076923075E-003   3.0769230769230769E-003   1076.0784300208527        1.0000000000000000     
   2.3076923076923075E-003   3.4615384615384616E-003   1076.0647202404234        1.0000000000000000     
   2.3076923076923075E-003   3.8461538461538464E-003   1076.0540623610523        1.0000000000000000     
   2.3076923076923075E-003   4.2307692307692307E-003   1076.0464523682137        1.0000000000000000     
   2.3076923076923075E-003   4.6153846153846149E-003   1076.0418874697871        1.0000000000000000     
   2.3076923076923075E-003   5.0000000000000001E-003   1076.0403660185161        1.0000000000000000     
   2.3076923076923075E-003   5.3846153846153844E-003   1076.0418874697868        1.0000000000000000     
   2.3076923076923075E-003   5.7692307692307696E-003   1076.0464523682147        1.0000000000000000     
   2.3076923076923075E-003   6.1538461538461538E-003   1076.0540623610523        1.0000000000000000     
   2.3076923076923075E-003   6.5384615384615381E-003   1076.0647202404234        1.0000000000000000     
   2.3076923076923075E-003   6.9230769230769233E-003   1076.0784300208538        1.0000000000000000     
   2.3076923076923075E-003   7.3076923076923076E-003   1076.0951970643564        1.0000000000000000     
   2.3076923076923075E-003   7.6923076923076927E-003   1076.1150309957320        1.0000000000000000     
   2.3076923076923075E-003   8.0769230769230770E-003   1076.1378817154616        1.0000000000000000     
   2.3076923076923075E-003   8.4615384615384613E-003   1076.1634094165845        1.0000000000000000     
   2.3076923076923075E-003   8.8461538461538456E-003   1076.1915699481613        1.0000000000000000     
   2.3076923076923075E-003   9.2307692307692299E-003   1076.2228598857155        1.0000000000000000     
   2.3076923076923075E-003   9.6153846153846159E-003   1076.2570805384014        1.0000000000000000     

   2.6923076923076922E-003   3.8461538461538462E-004   1111.6220118263682        1.0000000000000000     
   2.6923076923076922E-003   7.6923076923076923E-004   1111.5825917039579        1.0000000000000000     
   2.6923076923076922E-003   1.1538461538461537E-003   1111.5465379180482        1.0000000000000000     
   2.6923076923076922E-003   1.5384615384615385E-003   1111.5140649120963        1.0000000000000000     
   2.6923076923076922E-003   1.9230769230769232E-003   1111.4846642405037        1.0000000000000000     
   2.6923076923076922E-003   2.3076923076923075E-003   1111.4583836674844        1.0000000000000000     
   2.6923076923076922E-003   2.6923076923076922E-003   1111.4355753682012        1.0000000000000000     
   2.6923076923076922E-003   3.0769230769230769E-003   1111.4162917250017        1.0000000000000000     
   2.6923076923076922E-003   3.4615384615384616E-003   1111.4005230973360        1.0000000000000000     
   2.6923076923076922E-003   3.8461538461538464E-003   1111.3882640640570        1.0000000000000000     
   2.6923076923076922E-003   4.2307692307692307E-003   1111.3795105021647        1.0000000000000000     
   2.6923076923076922E-003   4.6153846153846149E-003   1111.3742595126046        1.0000000000000000     
   2.6923076923076922E-003   5.0000000000000001E-003   1111.3725093731848        1.0000000000000000     
   2.6923076923076922E-003   5.3846153846153844E-003   1111.3742595126046        1.0000000000000000     
   2.6923076923076922E-003   5.7692307692307696E-003   1111.3795105021650        1.0000000000000000     
   2.6923076923076922E-003   6.1538461538461538E-003   1111.3882640640575        1.0000000000000000     
   2.6923076923076922E-003   6.5384615384615381E-003   1111.4005230973360        1.0000000000000000     
   2.6923076923076922E-003   6.9230769230769233E-003   1111.4162917250021        1.0000000000000000     
   2.6923076923076922E-003   7.3076923076923076E-003   1111.4355753682016        1.0000000000000000     
   2.6923076923076922E-003   7.6923076923076927E-003   1111.4583836674847        1.0000000000000000     
   2.6923076923076922E-003   8.0769230769230770E-003   1111.4846642405037        1.0000000000000000     
   2.6923076923076922E-003   8.4615384615384613E-003   1111.5140649120963        1.0000000000000000     
   2.6923076923076922E-003   8.8461538461538456E-003   1111.5465379180482        1.0000000000000000     
   2.6923076923076922E-003   9.2307692307692299E-003   1111.5825917039570        1.0000000000000000     
   2.6923076923076922E-003   9.6153846153846159E-003   1111.6220118263686        1.0000000000000000     

   3.0769230769230769E-003   3.8461538461538462E-004   1145.9320423308907        1.0000000000000000     
   3.0769230769230769E-003   7.6923076923076923E-004   1145.8876682607499        1.0000000000000000     
   3.0769230769230769E-003   1.1538461538461537E-003   1145.8470775581773        1.0000000000000000     
   3.0769230769230769E-003   1.5384615384615385E-003   1145.8104970912752        1.0000000000000000     
   3.0769230769230769E-003   1.9230769230769232E-003   1145.7774064928697        1.0000000000000000     
   3.0769230769230769E-003   2.3076923076923075E-003   1145.7478572304406        1.0000000000000000     
   3.0769230769230769E-003   2.6923076923076922E-003   1145.7222137617009        1.0000000000000000     
   3.0769230769230769E-003   3.0769230769230769E-003   1145.7005309356728        1.0000000000000000     
   3.0769230769230769E-003   3.4615384615384616E-003   1145.6827992939402        1.0000000000000000     
   3.0769230769230769E-003   3.8461538461538464E-003   1145.6690135045417        1.0000000000000000     
   3.0769230769230769E-003   4.2307692307692307E-003   1145.6591694433703        1.0000000000000000     
   3.0769230769230769E-003   4.6153846153846149E-003   1145.6532641767965        1.0000000000000000     
   3.0769230769230769E-003   5.0000000000000001E-003   1145.6512959493934        1.0000000000000000     
   3.0769230769230769E-003   5.3846153846153844E-003   1145.6532641767967        1.0000000000000000     
   3.0769230769230769E-003   5.7692307692307696E-003   1145.6591694433703        1.0000000000000000     
   3.0769230769230769E-003   6.1538461538461538E-003   1145.6690135045424        1.0000000000000000     
   3.0769230769230769E-003   6.5384615384615381E-003   1145.6827992939404        1.0000000000000000     
   3.0769230769230769E-003   6.9230769230769233E-003   1145.7005309356718        1.0000000000000000     
   3.0769230769230769E-003   7.3076923076923076E-003   1145.7222137617002        1.0000000000000000     
   3.0769230769230769E-003   7.6923076923076927E-003   1145.7478572304406        1.0000000000000000     
   3.0769230769230769E-003   8.0769230769230770E-003   1145.7774064928697        1.0000000000000000     
   3.0769230769230769E-003   8.4615384615384613E-003   1145.8104970912748        1.0000000000000000     
   3.0769230769230769E-003   8.8461538461538456E-003   1145.8470775581777        1.0000000000000000     
   3.0769230769230769E-003   9.2307692307692299E-003   1145.8876682607518        1.0000000000000000     
   3.0769230769230769E-003   9.6153846153846159E-003   1145.9320423308911        1.0000000000000000     

   3.4615384615384616E-003   3.8461538461538462E-004   1179.0551175661644        1.0000000000000000     
   3.4615384615384616E-003   7.6923076923076923E-004   1179.0060501358378        1.0000000000000000     
   3.4615384615384616E-003   1.1538461538461537E-003   1178.9611637655512        1.0000000000000000     
   3.4615384615384616E-003   1.5384615384615385E-003   1178.9206951669730        1.0000000000000000     
   3.4615384615384616E-003   1.9230769230769232E-003   1178.8841115583002        1.0000000000000000     
   3.4615384615384616E-003   2.3076923076923075E-003   1178.8514676863365        1.0000000000000000     
   3.4615384615384616E-003   2.6923076923076922E-003   1178.8231398219698        1.0000000000000000     
   3.4615384615384616E-003   3.0769230769230769E-003   1178.7991852415478        1.0000000000000000     
   3.4615384615384616E-003   3.4615384615384616E-003   1178.7795947321620        1.0000000000000000     
   3.4615384615384616E-003   3.8461538461538464E-003   1178.7643631149147        1.0000000000000000     
   3.4615384615384616E-003   4.2307692307692307E-003   1178.7534863193891        1.0000000000000000     
   3.4615384615384616E-003   4.6153846153846149E-003   1178.7469614181534        1.0000000000000000     
   3.4615384615384616E-003   5.0000000000000001E-003   1178.7447866474361        1.0000000000000000     
   3.4615384615384616E-003   5.3846153846153844E-003   1178.7469614181532        1.0000000000000000     
   3.4615384615384616E-003   5.7692307692307696E-003   1178.7534863193880        1.0000000000000000     
   3.4615384615384616E-003   6.1538461538461538E-003   1178.7643631149142        1.0000000000000000     
   3.4615384615384616E-003   6.5384615384615381E-003   1178.7795947321615        1.0000000000000000     
   3.4615384615384616E-003   6.9230769230769233E-003   1178.7991852415478        1.0000000000000000     
   3.4615384615384616E-003   7.3076923076923076E-003   1178.8231398219698        1.0000000000000000     
   3.4615384615384616E-003   7.6923076923076927E-003   1178.8514676863367        1.0000000000000000     
   3.4615384615384616E-003   8.0769230769230770E-003   1178.8841115583002        1.0000000000000000     
   3.4615384615384616E-003   8.4615384615384613E-003   1178.9206951669735        1.0000000000000000     
   3.4615384615384616E-003   8.8461538461538456E-003   1178.9611637655521        1.0000000000000000     
   3.4615384615384616E-003   9.2307692307692299E-003   1179.0060501358389        1.0000000000000000     
   3.4615384615384616E-003   9.6153846153846159E-003   1179.0551175661660        1.0000000000000000     

   3.8461538461538464E-003   3.8461538461538462E-004   1210.8659755632348        1.0000000000000000     
   3.8461538461538464E-003   7.6923076923076923E-004   1210.8124903644825        1.0000000000000000     
   3.8461538461538464E-003   1.1538461538461537E-003   1210.7635626798365        1.0000000000000000     
   3.8461538461538464E-003   1.5384615384615385E-003   1210.7194374240357        1.0000000000000000     
   3.8461538461538464E-003   1.9230769230769232E-003   1210.6795690968702        1.0000000000000000     
   3.8461538461538464E-003   2.3076923076923075E-003   1210.6440151661202        1.0000000000000000     
   3.8461538461538464E-003   2.6923076923076922E-003   1210.6131630378420        1.0000000000000000     
   3.8461538461538464E-003   3.0769230769230769E-003   1210.5870722285551        1.0000000000000000     
   3.8461538461538464E-003   3.4615384615384616E-003   1210.5657337306766        1.0000000000000000     
   3.8461538461538464E-003   3.8461538461538464E-003   1210.5491425101927        1.0000000000000000     
   3.8461538461538464E-003   4.2307692307692307E-003   1210.5372945573583        1.0000000000000000     
   3.8461538461538464E-003   4.6153846153846149E-003   1210.5301869618620        1.0000000000000000     
   3.8461538461538464E-003   5.0000000000000001E-003   1210.5278179602269        1.0000000000000000     
   3.8461538461538464E-003   5.3846153846153844E-003   1210.5301869618609        1.0000000000000000     
   3.8461538461538464E-003   5.7692307692307696E-003   1210.5372945573567        1.0000000000000000     
   3.8461538461538464E-003   6.1538461538461538E-003   1210.5491425101923        1.0000000000000000     
   3.8461538461538464E-003   6.5384615384615381E-003   1210.5657337306759        1.0000000000000000     
   3.8461538461538464E-003   6.9230769230769233E-003   1210.5870722285542        1.0000000000000000     
   3.8461538461538464E-003   7.3076923076923076E-003   1210.6131630378420        1.0000000000000000     
   3.8461538461538464E-003   7.6923076923076927E-003   1210.6440151661202        1.0000000000000000     
   3.8461538461538464E-003   8.0769230769230770E-003   1210.6795690968702        1.0000000000000000     
   3.8461538461538464E-003   8.4615384615384613E-003   1210.7194374240364        1.0000000000000000     
   3.8461538461538464E-003   8.8461538461538456E-003   1210.7635626798372        1.0000000000000000     
   3.8461538461538464E-003   9.2307692307692299E-003   1210.8124903644830        1.0000000000000000     
   3.8461538461538464E-003   9.6153846153846159E-003   1210.8659755632355        1.0000000000000000     

   4.2307692307692307E-003   3.8461538461538462E-004   1241.2466216014943        1.0000000000000000     
   4.2307692307692307E-003   7.6923076923076923E-004   1241.1890067376908        1.0000000000000000     
   4.2307692307692307E-003   1.1538461538461537E-003   1241.1363029664562        1.0000000000000000     
   4.2307692307692307E-003   1.5384615384615385E-003   1241.0887623080932        1.0000000000000000     
   4.2307692307692307E-003   1.9230769230769232E-003   1241.0458265126540        1.0000000000000000     
   4.2307692307692307E-003   2.3076923076923075E-003   1241.0075552238707        1.0000000000000000     
   4.2307692307692307E-003   2.6923076923076922E-003   1240.9743462069725        1.0000000000000000     
   4.2307692307692307E-003   3.0769230769230769E-003   1240.9462609489178        1.0000000000000000     
   4.2307692307692307E-003   3.4615384615384616E-003   1240.9232905399185        1.0000000000000000     
   4.2307692307692307E-003   3.8461538461538464E-003   1240.9054300305349        1.0000000000000000     
   4.2307692307692307E-003   4.2307692307692307E-003   1240.8926754418917        1.0000000000000000     
   4.2307692307692307E-003   4.6153846153846149E-003   1240.8850238679531        1.0000000000000000     
   4.2307692307692307E-003   5.0000000000000001E-003   1240.8824735410058        1.0000000000000000     
   4.2307692307692307E-003   5.3846153846153844E-003   1240.8850238679527        1.0000000000000000     
   4.2307692307692307E-003   5.7692307692307696E-003   1240.8926754418912        1.0000000000000000     
   4.2307692307692307E-003   6.1538461538461538E-003   1240.9054300305338        1.0000000000000000     
   4.2307692307692307E-003   6.5384615384615381E-003   1240.9232905399178        1.0000000000000000     
   4.2307692307692307E-003   6.9230769230769233E-003   1240.9462609489171        1.0000000000000000     
   4.2307692307692307E-003   7.3076923076923076E-003   1240.9743462069725        1.0000000000000000     
   4.2307692307692307E-003   7.6923076923076927E-003   1241.0075552238716        1.0000000000000000     
   4.2307692307692307E-003   8.0769230769230770E-003   1241.0458265126540        1.0000000000000000     
   4.2307692307692307E-003   8.4615384615384613E-003   1241.0887623080937        1.0000000000000000     
   4.2307692307692307E-003   8.8461538461538456E-003   1241.1363029664572        1.0000000000000000     
   4.2307692307692307E-003   9.2307692307692299E-003   1241.1890067376912        1.0000000000000000     
   4.2307692307692307E-003   9.6153846153846159E-003   1241.2466216014939        1.0000000000000000     

   4.6153846153846149E-003   3.8461538461538462E-004   1270.0866976905556        1.0000000000000000     
   4.6153846153846149E-003   7.6923076923076923E-004   1270.0252505274639        1.0000000000000000     
   4.6153846153846149E-003   1.1538461538461537E-003   1269.9690440159147        1.0000000000000000     
   4.6153846153846149E-003   1.5384615384615385E-003   1269.9183364454800        1.0000000000000000     
   4.6153846153846149E-003   1.9230769230769232E-003   1269.8725569894220        1.0000000000000000     
   4.6153846153846149E-003   2.3076923076923075E-003   1269.8317669629114        1.0000000000000000     
   4.6153846153846149E-003   2.6923076923076922E-003   1269.7963736647482        1.0000000000000000     
   4.6153846153846149E-003   3.0769230769230769E-003   1269.7664402402834        1.0000000000000000     
   4.6153846153846149E-003   3.4615384615384616E-003   1269.7419577318185        1.0000000000000000     
   4.6153846153846149E-003   3.8461538461538464E-003   1269.7229211821293        1.0000000000000000     
   4.6153846153846149E-003   4.2307692307692307E-003   1269.7093265900221        1.0000000000000000     
   4.6153846153846149E-003   4.6153846153846149E-003   1269.7011710255842        1.0000000000000000     
   4.6153846153846149E-003   5.0000000000000001E-003   1269.6984527038719        1.0000000000000000     
   4.6153846153846149E-003   5.3846153846153844E-003   1269.7011710255840        1.0000000000000000     
   4.6153846153846149E-003   5.7692307692307696E-003   1269.7093265900210        1.0000000000000000     
   4.6153846153846149E-003   6.1538461538461538E-003   1269.7229211821282        1.0000000000000000     
   4.6153846153846149E-003   6.5384615384615381E-003   1269.7419577318169        1.0000000000000000     
   4.6153846153846149E-003   6.9230769230769233E-003   1269.7664402402829        1.0000000000000000     
   4.6153846153846149E-003   7.3076923076923076E-003   1269.7963736647478        1.0000000000000000     
   4.6153846153846149E-003   7.6923076923076927E-003   1269.8317669629114        1.0000000000000000     
   4.6153846153846149E-003   8.0769230769230770E-003   1269.8725569894229        1.0000000000000000     
   4.6153846153846149E-003   8.4615384615384613E-003   1269.9183364454809        1.0000000000000000     
   4.6153846153846149E-003   8.8461538461538456E-003   1269.9690440159161        1.0000000000000000     
   4.6153846153846149E-003   9.2307692307692299E-003   1270.0252505274646        1.0000000000000000     
   4.6153846153846149E-003   9.6153846153846159E-003   1270.0866976905552        1.0000000000000000     

   5.0000000000000001E-003   3.8461538461538462E-004   1297.2837467577258        1.0000000000000000     
   5.0000000000000001E-003   7.6923076923076923E-004   1297.2187705340509        1.0000000000000000     
   5.0000000000000001E-003   1.1538461538461537E-003   1297.1593398518141        1.0000000000000000     
   5.0000000000000001E-003   1.5384615384615385E-003   1297.1057185267048        1.0000000000000000     
   5.0000000000000001E-003   1.9230769230769232E-003   1297.0573234445053        1.0000000000000000     
   5.0000000000000001E-003   2.3076923076923075E-003   1297.0142171060681        1.0000000000000000     
   5.0000000000000001E-003   2.6923076923076922E-003   1296.9768154798003        1.0000000000000000     
   5.0000000000000001E-003   3.0769230769230769E-003   1296.9451830349738        1.0000000000000000     
   5.0000000000000001E-003   3.4615384615384616E-003   1296.9193106026764        1.0000000000000000     
   5.0000000000000001E-003   3.8461538461538464E-003   1296.8991931113892        1.0000000000000000     
   5.0000000000000001E-003   4.2307692307692307E-003   1296.8848264749138        1.0000000000000000     
   5.0000000000000001E-003   4.6153846153846149E-003   1296.8762077057745        1.0000000000000000     
   5.0000000000000001E-003   5.0000000000000001E-003   1296.8733349860609        1.0000000000000000     
   5.0000000000000001E-003   5.3846153846153844E-003   1296.8762077057740        1.0000000000000000     
   5.0000000000000001E-003   5.7692307692307696E-003   1296.8848264749131        1.0000000000000000     
   5.0000000000000001E-003   6.1538461538461538E-003   1296.8991931113874        1.0000000000000000     
   5.0000000000000001E-003   6.5384615384615381E-003   1296.9193106026746        1.0000000000000000     
   5.0000000000000001E-003   6.9230769230769233E-003   1296.9451830349728        1.0000000000000000     
   5.0000000000000001E-003   7.3076923076923076E-003   1296.9768154797998        1.0000000000000000     
   5.0000000000000001E-003   7.6923076923076927E-003   1297.0142171060681        1.0000000000000000     
   5.0000000000000001E-003   8.0769230769230770E-003   1297.0573234445055        1.0000000000000000     
   5.0000000000000001E-003   8.4615384615384613E-003   1297.1057185267048        1.0000000000000000     
   5.0000000000000001E-003   8.8461538461538456E-003   1297.1593398518150        1.0000000000000000     
   5.0000000000000001E-003   9.2307692307692299E-003   1297.2187705340509        1.0000000000000000     
   5.0000000000000001E-003   9.6153846153846159E-003   1297.2837467577249        1.0000000000000000     

   5.3846153846153844E-003   3.8461538461538462E-004   1322.7433761013274        1.0000000000000000     
   5.3846153846153844E-003   7.6923076923076923E-004   1322.6751766968944        1.0000000000000000     
   5.3846153846153844E-003   1.1538461538461537E-003   1322.6128028659252        1.0000000000000000     
   5.3846153846153844E-003   1.5384615384615385E-003   1322.5565231862790        1.0000000000000000     
   5.3846153846153844E-003   1.9230769230769232E-003   1322.5057425770337        1.0000000000000000     
   5.3846153846153844E-003   2.3076923076923075E-003   1322.4605242186656        1.0000000000000000     
   5.3846153846153844E-003   2.6923076923076922E-003   1322.4212918408812        1.0000000000000000     
   5.3846153846153844E-003   3.0769230769230769E-003   1322.3881108891512        1.0000000000000000     
   5.3846153846153844E-003   3.4615384615384616E-003   1322.3609718183232        1.0000000000000000     
   5.3846153846153844E-003   3.8461538461538464E-003   1322.3398693387985        1.0000000000000000     
   5.3846153846153844E-003   4.2307692307692307E-003   1322.3247992218373        1.0000000000000000     
   5.3846153846153844E-003   4.6153846153846149E-003   1322.3157583940610        1.0000000000000000     
   5.3846153846153844E-003   5.0000000000000001E-003   1322.3127449927329        1.0000000000000000     
   5.3846153846153844E-003   5.3846153846153844E-003   1322.3157583940604        1.0000000000000000     
   5.3846153846153844E-003   5.7692307692307696E-003   1322.3247992218360        1.0000000000000000     
   5.3846153846153844E-003   6.1538461538461538E-003   1322.3398693387971        1.0000000000000000     
   5.3846153846153844E-003   6.5384615384615381E-003   1322.3609718183213        1.0000000000000000     
   5.3846153846153844E-003   6.9230769230769233E-003   1322.3881108891508        1.0000000000000000     
   5.3846153846153844E-003   7.3076923076923076E-003   1322.4212918408807        1.0000000000000000     
   5.3846153846153844E-003   7.6923076923076927E-003   1322.4605242186656        1.0000000000000000     
   5.3846153846153844E-003   8.0769230769230770E-003   1322.5057425770344        1.0000000000000000     
   5.3846153846153844E-003   8.4615384615384613E-003   1322.5565231862790        1.0000000000000000     
   5.3846153846153844E-003   8.8461538461538456E-003   1322.6128028659250        1.0000000000000000     
   5.3846153846153844E-003   9.2307692307692299E-003   1322.6751766968935        1.0000000000000000     
   5.3846153846153844E-003   9.6153846153846159E-003   1322.7433761013253        1.0000000000000000     

   5.7692307692307696E-003   3.8461538461538462E-004   1346.3793272470680        1.0000000000000000     
   5.7692307692307696E-003   7.6923076923076923E-004   1346.3082103004629        1.0000000000000000     
   5.7692307692307696E-003   1.1538461538461537E-003   1346.2431743478035        1.0000000000000000     
   5.7692307692307696E-003   1.5384615384615385E-003   1346.1844918342968        1.0000000000000000     
   5.7692307692307696E-003   1.9230769230769232E-003   1346.1315559751895        1.0000000000000000     
   5.7692307692307696E-003   2.3076923076923075E-003   1346.0844300590402        1.0000000000000000     
   5.7692307692307696E-003   2.6923076923076922E-003   1346.0435446145325        1.0000000000000000     
   5.7692307692307696E-003   3.0769230769230769E-003   1346.0089657108749        1.0000000000000000     
   5.7692307692307696E-003   3.4615384615384616E-003   1345.9806832772556        1.0000000000000000     
   5.7692307692307696E-003   3.8461538461538464E-003   1345.9586917241306        1.0000000000000000     
   5.7692307692307696E-003   4.2307692307692307E-003   1345.9429866446415        1.0000000000000000     
   5.7692307692307696E-003   4.6153846153846149E-003   1345.9335648690660        1.0000000000000000     
   5.7692307692307696E-003   5.0000000000000001E-003   1345.9304244894572        1.0000000000000000     
   5.7692307692307696E-003   5.3846153846153844E-003   1345.9335648690662        1.0000000000000000     
   5.7692307692307696E-003   5.7692307692307696E-003   1345.9429866446408        1.0000000000000000     
   5.7692307692307696E-003   6.1538461538461538E-003   1345.9586917241290        1.0000000000000000     
   5.7692307692307696E-003   6.5384615384615381E-003   1345.9806832772542        1.0000000000000000     
   5.7692307692307696E-003   6.9230769230769233E-003   1346.0089657108747        1.0000000000000000     
   5.7692307692307696E-003   7.3076923076923076E-003   1346.0435446145325        1.0000000000000000     
   5.7692307692307696E-003   7.6923076923076927E-003   1346.0844300590391        1.0000000000000000     
   5.7692307692307696E-003   8.0769230769230770E-003   1346.1315559751890        1.0000000000000000     
   5.7692307692307696E-003   8.4615384615384613E-003   1346.1844918342956        1.0000000000000000     
   5.7692307692307696E-003   8.8461538461538456E-003   1346.2431743478023        1.0000000000000000     
   5.7692307692307696E-003   9.2307692307692299E-003   1346.3082103004617        1.0000000000000000     
   5.7692307692307696E-003   9.6153846153846159E-003   1346.3793272470671        1.0000000000000000     

   6.1538461538461538E-003   3.8461538461538462E-004   1368.1134617250127        1.0000000000000000     
   6.1538461538461538E-003   7.6923076923076923E-004   1368.0397302673105        1.0000000000000000     
   6.1538461538461538E-003   1.1538461538461537E-003   1367.9723112847159        1.0000000000000000     
   6.1538461538461538E-003   1.5384615384615385E-003   1367.9114799083877        1.0000000000000000     
   6.1538461538461538E-003   1.9230769230769232E-003   1367.8566177469645        1.0000000000000000     
   6.1538461538461538E-003   2.3076923076923075E-003   1367.8077875157619        1.0000000000000000     
   6.1538461538461538E-003   2.6923076923076922E-003   1367.7654255254979        1.0000000000000000     
   6.1538461538461538E-003   3.0769230769230769E-003   1367.7295981309271        1.0000000000000000     
   6.1538461538461538E-003   3.4615384615384616E-003   1367.7002946280099        1.0000000000000000     
   6.1538461538461538E-003   3.8461538461538464E-003   1367.6775090929038        1.0000000000000000     
   6.1538461538461538E-003   4.2307692307692307E-003   1367.6612369479599        1.0000000000000000     
   6.1538461538461538E-003   4.6153846153846149E-003   1367.6514749494249        1.0000000000000000     
   6.1538461538461538E-003   5.0000000000000001E-003   1367.6482211639398        1.0000000000000000     
   6.1538461538461538E-003   5.3846153846153844E-003   1367.6514749494256        1.0000000000000000     
   6.1538461538461538E-003   5.7692307692307696E-003   1367.6612369479599        1.0000000000000000     
   6.1538461538461538E-003   6.1538461538461538E-003   1367.6775090929032        1.0000000000000000     
   6.1538461538461538E-003   6.5384615384615381E-003   1367.7002946280104        1.0000000000000000     
   6.1538461538461538E-003   6.9230769230769233E-003   1367.7295981309269        1.0000000000000000     
   6.1538461538461538E-003   7.3076923076923076E-003   1367.7654255254986        1.0000000000000000     
   6.1538461538461538E-003   7.6923076923076927E-003   1367.8077875157619        1.0000000000000000     
   6.1538461538461538E-003   8.0769230769230770E-003   1367.8566177469640        1.0000000000000000     
   6.1538461538461538E-003   8.4615384615384613E-003   1367.9114799083868        1.0000000000000000     
   6.1538461538461538E-003   8.8461538461538456E-003   1367.9723112847146        1.0000000000000000     
   6.1538461538461538E-003   9.2307692307692299E-003   1368.0397302673098        1.0000000000000000     
   6.1538461538461538E-003   9.6153846153846159E-003   1368.1134617250123        1.0000000000000000     

   6.5384615384615381E-003   3.8461538461538462E-004   1387.8756743061406        1.0000000000000000     
   6.5384615384615381E-003   7.6923076923076923E-004   1387.7996271138688        1.0000000000000000     
   6.5384615384615381E-003   1.1538461538461537E-003   1387.7301010378274        1.0000000000000000     
   6.5384615384615381E-003   1.5384615384615385E-003   1387.6673721567379        1.0000000000000000     
   6.5384615384615381E-003   1.9230769230769232E-003   1387.6108102719754        1.0000000000000000     
   6.5384615384615381E-003   2.3076923076923075E-003   1387.5604767093027        1.0000000000000000     
   6.5384615384615381E-003   2.6923076923076922E-003   1387.5168125179182        1.0000000000000000     
   6.5384615384615381E-003   3.0769230769230769E-003   1387.4798840577755        1.0000000000000000     
   6.5384615384615381E-003   3.4615384615384616E-003   1387.4496799693097        1.0000000000000000     
   6.5384615384615381E-003   3.8461538461538464E-003   1387.4261940435947        1.0000000000000000     
   6.5384615384615381E-003   4.2307692307692307E-003   1387.4094216088254        1.0000000000000000     
   6.5384615384615381E-003   4.6153846153846149E-003   1387.3993594195226        1.0000000000000000     
   6.5384615384615381E-003   5.0000000000000001E-003   1387.3960055664184        1.0000000000000000     
   6.5384615384615381E-003   5.3846153846153844E-003   1387.3993594195231        1.0000000000000000     
   6.5384615384615381E-003   5.7692307692307696E-003   1387.4094216088254        1.0000000000000000     
   6.5384615384615381E-003   6.1538461538461538E-003   1387.4261940435947        1.0000000000000000     
   6.5384615384615381E-003   6.5384615384615381E-003   1387.4496799693100        1.0000000000000000     
   6.5384615384615381E-003   6.9230769230769233E-003   1387.4798840577755        1.0000000000000000     
   6.5384615384615381E-003   7.3076923076923076E-003   1387.5168125179187        1.0000000000000000     
   6.5384615384615381E-003   7.6923076923076927E-003   1387.5604767093034        1.0000000000000000     
   6.5384615384615381E-003   8.0769230769230770E-003   1387.6108102719763        1.0000000000000000     
   6.5384615384615381E-003   8.4615384615384613E-003   1387.6673721567379        1.0000000000000000     
   6.5384615384615381E-003   8.8461538461538456E-003   1387.7301010378264        1.0000000000000000     
   6.5384615384615381E-003   9.2307692307692299E-003   1387.7996271138691        1.0000000000000000     
   6.5384615384615381E-003   9.6153846153846159E-003   1387.8756743061401        1.0000000000000000     

   6.9230769230769233E-003   3.8461538461538462E-004   1405.6037467670155        1.0000000000000000     
   6.9230769230769233E-003   7.6923076923076923E-004   1405.5256777977609        1.0000000000000000     
   6.9230769230769233E-003   1.1538461538461537E-003   1405.4543172204267        1.0000000000000000     
   6.9230769230769233E-003   1.5384615384615385E-003   1405.3899392870155        1.0000000000000000     
   6.9230769230769233E-003   1.9230769230769232E-003   1405.3319013764578        1.0000000000000000     
   6.9230769230769233E-003   2.3076923076923075E-003   1405.2802625196093        1.0000000000000000     
   6.9230769230769233E-003   2.6923076923076922E-003   1405.2354675238626        1.0000000000000000     
   6.9230769230769233E-003   3.0769230769230769E-003   1405.1975826173125        1.0000000000000000     
   6.9230769230769233E-003   3.4615384615384616E-003   1405.1665959161217        1.0000000000000000     
   6.9230769230769233E-003   3.8461538461538464E-003   1405.1425011077633        1.0000000000000000     
   6.9230769230769233E-003   4.2307692307692307E-003   1405.1252936035539        1.0000000000000000     
   6.9230769230769233E-003   4.6153846153846149E-003   1405.1149702967775        1.0000000000000000     
   6.9230769230769233E-003   5.0000000000000001E-003   1405.1115293905104        1.0000000000000000     
   6.9230769230769233E-003   5.3846153846153844E-003   1405.1149702967775        1.0000000000000000     
   6.9230769230769233E-003   5.7692307692307696E-003   1405.1252936035542        1.0000000000000000     
   6.9230769230769233E-003   6.1538461538461538E-003   1405.1425011077633        1.0000000000000000     
   6.9230769230769233E-003   6.5384615384615381E-003   1405.1665959161221        1.0000000000000000     
   6.9230769230769233E-003   6.9230769230769233E-003   1405.1975826173125        1.0000000000000000     
   6.9230769230769233E-003   7.3076923076923076E-003   1405.2354675238626        1.0000000000000000     
   6.9230769230769233E-003   7.6923076923076927E-003   1405.2802625196096        1.0000000000000000     
   6.9230769230769233E-003   8.0769230769230770E-003   1405.3319013764578        1.0000000000000000     
   6.9230769230769233E-003   8.4615384615384613E-003   1405.3899392870157        1.0000000000000000     
   6.9230769230769233E-003   8.8461538461538456E-003   1405.4543172204267        1.0000000000000000     
   6.9230769230769233E-003   9.2307692307692299E-003   1405.5256777977611        1.0000000000000000     
   6.9230769230769233E-003   9.6153846153846159E-003   1405.6037467670164        1.0000000000000000     

   7.3076923076923076E-003   3.8461538461538462E-004   1421.2431561145343        1.0000000000000000     
   7.3076923076923076E-003   7.6923076923076923E-004   1421.1633559088389        1.0000000000000000     
   7.3076923076923076E-003   1.1538461538461537E-003   1421.0904314249892        1.0000000000000000     
   7.3076923076923076E-003   1.5384615384615385E-003   1421.0246505941645        1.0000000000000000     
   7.3076923076923076E-003   1.9230769230769232E-003   1420.9653574585820        1.0000000000000000     
   7.3076923076923076E-003   2.3076923076923075E-003   1420.9126079920227        1.0000000000000000     
   7.3076923076923076E-003   2.6923076923076922E-003   1420.8668500387553        1.0000000000000000     
   7.3076923076923076E-003   3.0769230769230769E-003   1420.8281498428403        1.0000000000000000     
   7.3076923076923076E-003   3.4615384615384616E-003   1420.7964953768933        1.0000000000000000     
   7.3076923076923076E-003   3.8461538461538464E-003   1420.7718805975539        1.0000000000000000     
   7.3076923076923076E-003   4.2307692307692307E-003   1420.7543013092361        1.0000000000000000     
   7.3076923076923076E-003   4.6153846153846149E-003   1420.7437547676966        1.0000000000000000     
   7.3076923076923076E-003   5.0000000000000001E-003   1420.7402394212222        1.0000000000000000     
   7.3076923076923076E-003   5.3846153846153844E-003   1420.7437547676973        1.0000000000000000     
   7.3076923076923076E-003   5.7692307692307696E-003   1420.7543013092370        1.0000000000000000     
   7.3076923076923076E-003   6.1538461538461538E-003   1420.7718805975539        1.0000000000000000     
   7.3076923076923076E-003   6.5384615384615381E-003   1420.7964953768937        1.0000000000000000     
   7.3076923076923076E-003   6.9230769230769233E-003   1420.8281498428403        1.0000000000000000     
   7.3076923076923076E-003   7.3076923076923076E-003   1420.8668500387550        1.0000000000000000     
   7.3076923076923076E-003   7.6923076923076927E-003   1420.9126079920229        1.0000000000000000     
   7.3076923076923076E-003   8.0769230769230770E-003   1420.9653574585816        1.0000000000000000     
   7.3076923076923076E-003   8.4615384615384613E-003   1421.0246505941652        1.0000000000000000     
   7.3076923076923076E-003   8.8461538461538456E-003   1421.0904314249894        1.0000000000000000     
   7.3076923076923076E-003   9.2307692307692299E-003   1421.1633559088391        1.0000000000000000     
   7.3076923076923076E-003   9.6153846153846159E-003   1421.2431561145347        1.0000000000000000     

   7.6923076923076927E-003   3.8461538461538462E-004   1434.7468547003186        1.0000000000000000     
   7.6923076923076927E-003   7.6923076923076923E-004   1434.6656164180677        1.0000000000000000     
   7.6923076923076927E-003   1.1538461538461537E-003   1434.5914001726085        1.0000000000000000     
   7.6923076923076927E-003   1.5384615384615385E-003   1434.5244617048893        1.0000000000000000     
   7.6923076923076927E-003   1.9230769230769232E-003   1434.4641314970797        1.0000000000000000     
   7.6923076923076927E-003   2.3076923076923075E-003   1434.4104624355812        1.0000000000000000     
   7.6923076923076927E-003   2.6923076923076922E-003   1434.3639052501671        1.0000000000000000     
   7.6923076923076927E-003   3.0769230769230769E-003   1434.3245268245369        1.0000000000000000     
   7.6923076923076927E-003   3.4615384615384616E-003   1434.2923157330706        1.0000000000000000     
   7.6923076923076927E-003   3.8461538461538464E-003   1434.2672668248711        1.0000000000000000     
   7.6923076923076927E-003   4.2307692307692307E-003   1434.2493767629264        1.0000000000000000     
   7.6923076923076927E-003   4.6153846153846149E-003   1434.2386434764421        1.0000000000000000     
   7.6923076923076927E-003   5.0000000000000001E-003   1434.2350658342516        1.0000000000000000     
   7.6923076923076927E-003   5.3846153846153844E-003   1434.2386434764426        1.0000000000000000     
   7.6923076923076927E-003   5.7692307692307696E-003   1434.2493767629257        1.0000000000000000     
   7.6923076923076927E-003   6.1538461538461538E-003   1434.2672668248711        1.0000000000000000     
   7.6923076923076927E-003   6.5384615384615381E-003   1434.2923157330713        1.0000000000000000     
   7.6923076923076927E-003   6.9230769230769233E-003   1434.3245268245371        1.0000000000000000     
   7.6923076923076927E-003   7.3076923076923076E-003   1434.3639052501674        1.0000000000000000     
   7.6923076923076927E-003   7.6923076923076927E-003   1434.4104624355812        1.0000000000000000     
   7.6923076923076927E-003   8.0769230769230770E-003   1434.4641314970795        1.0000000000000000     
   7.6923076923076927E-003   8.4615384615384613E-003   1434.5244617048891        1.0000000000000000     
   7.6923076923076927E-003   8.8461538461538456E-003   1434.5914001726082        1.0000000000000000     
   7.6923076923076927E-003   9.2307692307692299E-003   1434.6656164180677        1.0000000000000000     
   7.6923076923076927E-003   9.6153846153846159E-003   1434.7468547003177        1.0000000000000000     

   8.0769230769230770E-003   3.8461538461538462E-004   1446.0749122447294        1.0000000000000000     
   8.0769230769230770E-003   7.6923076923076923E-004   1445.9925773672460        1.0000000000000000     
   8.0769230769230770E-003   1.1538461538461537E-003   1445.9173485167598        1.0000000000000000     
   8.0769230769230770E-003   1.5384615384615385E-003   1445.8494979184416        1.0000000000000000     
   8.0769230769230770E-003   1.9230769230769232E-003   1445.7883460816738        1.0000000000000000     
   8.0769230769230770E-003   2.3076923076923075E-003   1445.7339442229174        1.0000000000000000     
   8.0769230769230770E-003   2.6923076923076922E-003   1445.6867466721937        1.0000000000000000     
   8.0769230769230770E-003   3.0769230769230769E-003   1445.6468222447711        1.0000000000000000     
   8.0769230769230770E-003   3.4615384615384616E-003   1445.6141613415200        1.0000000000000000     
   8.0769230769230770E-003   3.8461538461538464E-003   1445.5887606178537        1.0000000000000000     
   8.0769230769230770E-003   4.2307692307692307E-003   1445.5706182120600        1.0000000000000000     
   8.0769230769230770E-003   4.6153846153846149E-003   1445.5597331055508        1.0000000000000000     
   8.0769230769230770E-003   5.0000000000000001E-003   1445.5561047884726        1.0000000000000000     
   8.0769230769230770E-003   5.3846153846153844E-003   1445.5597331055508        1.0000000000000000     
   8.0769230769230770E-003   5.7692307692307696E-003   1445.5706182120598        1.0000000000000000     
   8.0769230769230770E-003   6.1538461538461538E-003   1445.5887606178544        1.0000000000000000     
   8.0769230769230770E-003   6.5384615384615381E-003   1445.6141613415207        1.0000000000000000     
   8.0769230769230770E-003   6.9230769230769233E-003   1445.6468222447711        1.0000000000000000     
   8.0769230769230770E-003   7.3076923076923076E-003   1445.6867466721928        1.0000000000000000     
   8.0769230769230770E-003   7.6923076923076927E-003   1445.7339442229170        1.0000000000000000     
   8.0769230769230770E-003   8.0769230769230770E-003   1445.7883460816738        1.0000000000000000     
   8.0769230769230770E-003   8.4615384615384613E-003   1445.8494979184413        1.0000000000000000     
   8.0769230769230770E-003   8.8461538461538456E-003   1445.9173485167596        1.0000000000000000     
   8.0769230769230770E-003   9.2307692307692299E-003   1445.9925773672460        1.0000000000000000     
   8.0769230769230770E-003   9.6153846153846159E-003   1446.0749122447287        1.0000000000000000     

   8.4615384615384613E-003   3.8461538461538462E-004   1455.1945981226047        1.0000000000000000     
   8.4615384615384613E-003   7.6923076923076923E-004   1455.1109374845717        1.0000000000000000     
   8.4615384615384613E-003   1.1538461538461537E-003   1455.0350314965845        1.0000000000000000     
   8.4615384615384613E-003   1.5384615384615385E-003   1454.9665124095754        1.0000000000000000     
   8.4615384615384613E-003   1.9230769230769232E-003   1454.9047504860471        1.0000000000000000     
   8.4615384615384613E-003   2.3076923076923075E-003   1454.8497973541284        1.0000000000000000     
   8.4615384615384613E-003   2.6923076923076922E-003   1454.8021123355065        1.0000000000000000     
   8.4615384615384613E-003   3.0769230769230769E-003   1454.7617683448211        1.0000000000000000     
   8.4615384615384613E-003   3.4615384615384616E-003   1454.7287594205052        1.0000000000000000     
   8.4615384615384613E-003   3.8461538461538464E-003   1454.7030852190198        1.0000000000000000     
   8.4615384615384613E-003   4.2307692307692307E-003   1454.6847460616170        1.0000000000000000     
   8.4615384615384613E-003   4.6153846153846149E-003   1454.6737423677473        1.0000000000000000     
   8.4615384615384613E-003   5.0000000000000001E-003   1454.6700744350417        1.0000000000000000     
   8.4615384615384613E-003   5.3846153846153844E-003   1454.6737423677473        1.0000000000000000     
   8.4615384615384613E-003   5.7692307692307696E-003   1454.6847460616177        1.0000000000000000     
   8.4615384615384613E-003   6.1538461538461538E-003   1454.7030852190203        1.0000000000000000     
   8.4615384615384613E-003   6.5384615384615381E-003   1454.7287594205054        1.0000000000000000     
   8.4615384615384613E-003   6.9230769230769233E-003   1454.7617683448209        1.0000000000000000     
   8.4615384615384613E-003   7.3076923076923076E-003   1454.8021123355061        1.0000000000000000     
   8.4615384615384613E-003   7.6923076923076927E-003   1454.8497973541280        1.0000000000000000     
   8.4615384615384613E-003   8.0769230769230770E-003   1454.9047504860464        1.0000000000000000     
   8.4615384615384613E-003   8.4615384615384613E-003   1454.9665124095750        1.0000000000000000     
   8.4615384615384613E-003   8.8461538461538456E-003   1455.0350314965838        1.0000000000000000     
   8.4615384615384613E-003   9.2307692307692299E-003   1455.1109374845707        1.0000000000000000     
   8.4615384615384613E-003   9.6153846153846159E-003   1455.1945981226045        1.0000000000000000     

   8.8461538461538456E-003   3.8461538461538462E-004   1462.0796683773249        1.0000000000000000     
   8.8461538461538456E-003   7.6923076923076923E-004   1461.9957895824239        1.0000000000000000     
   8.8461538461538456E-003   1.1538461538461537E-003   1461.9183443910235        1.0000000000000000     
   8.8461538461538456E-003   1.5384615384615385E-003   1461.8494705667233        1.0000000000000000     
   8.8461538461538456E-003   1.9230769230769232E-003   1461.7873047985588        1.0000000000000000     
   8.8461538461538456E-003   2.3076923076923075E-003   1461.7319750954346        1.0000000000000000     
   8.8461538461538456E-003   2.6923076923076922E-003   1461.6839478063703        1.0000000000000000     
   8.8461538461538456E-003   3.0769230769230769E-003   1461.6433035551422        1.0000000000000000     
   8.8461538461538456E-003   3.4615384615384616E-003   1461.6100425638620        1.0000000000000000     
   8.8461538461538456E-003   3.8461538461538464E-003   1461.5841688366545        1.0000000000000000     
   8.8461538461538456E-003   4.2307692307692307E-003   1461.5656855099844        1.0000000000000000     
   8.8461538461538456E-003   4.6153846153846149E-003   1461.5545947113253        1.0000000000000000     
   8.8461538461538456E-003   5.0000000000000001E-003   1461.5508976486033        1.0000000000000000     
   8.8461538461538456E-003   5.3846153846153844E-003   1461.5545947113258        1.0000000000000000     
   8.8461538461538456E-003   5.7692307692307696E-003   1461.5656855099840        1.0000000000000000     
   8.8461538461538456E-003   6.1538461538461538E-003   1461.5841688366540        1.0000000000000000     
   8.8461538461538456E-003   6.5384615384615381E-003   1461.6100425638620        1.0000000000000000     
   8.8461538461538456E-003   6.9230769230769233E-003   1461.6433035551413        1.0000000000000000     
   8.8461538461538456E-003   7.3076923076923076E-003   1461.6839478063698        1.0000000000000000     
   8.8461538461538456E-003   7.6923076923076927E-003   1461.7319750954343        1.0000000000000000     
   8.8461538461538456E-003   8.0769230769230770E-003   1461.7873047985588        1.0000000000000000     
   8.8461538461538456E-003   8.4615384615384613E-003   1461.8494705667235        1.0000000000000000     
   8.8461538461538456E-003   8.8461538461538456E-003   1461.9183443910231        1.0000000000000000     
   8.8461538461538456E-003   9.2307692307692299E-003   1461.9957895824234        1.0000000000000000     
   8.8461538461538456E-003   9.6153846153846159E-003   1462.0796683773240        1.0000000000000000     

   9.2307692307692299E-003   3.8461538461538462E-004   1466.7115269578535        1.0000000000000000     
   9.2307692307692299E-003   7.6923076923076923E-004   1466.6268752757478        1.0000000000000000     
   9.2307692307692299E-003   1.1538461538461537E-003   1466.5497925046268        1.0000000000000000     
   9.2307692307692299E-003   1.5384615384615385E-003   1466.4796422221548        1.0000000000000000     
   9.2307692307692299E-003   1.9230769230769232E-003   1466.4173283751591        1.0000000000000000     
   9.2307692307692299E-003   2.3076923076923075E-003   1466.3617881715870        1.0000000000000000     
   9.2307692307692299E-003   2.6923076923076922E-003   1466.3135530940738        1.0000000000000000     
   9.2307692307692299E-003   3.0769230769230769E-003   1466.2727188644890        1.0000000000000000     
   9.2307692307692299E-003   3.4615384615384616E-003   1466.2392951061861        1.0000000000000000     
   9.2307692307692299E-003   3.8461538461538464E-003   1466.2132912016305        1.0000000000000000     
   9.2307692307692299E-003   4.2307692307692307E-003   1466.1947133043807        1.0000000000000000     
   9.2307692307692299E-003   4.6153846153846149E-003   1466.1835652085058        1.0000000000000000     
   9.2307692307692299E-003   5.0000000000000001E-003   1466.1798489613225        1.0000000000000000     
   9.2307692307692299E-003   5.3846153846153844E-003   1466.1835652085058        1.0000000000000000     
   9.2307692307692299E-003   5.7692307692307696E-003   1466.1947133043791        1.0000000000000000     
   9.2307692307692299E-003   6.1538461538461538E-003   1466.2132912016289        1.0000000000000000     
   9.2307692307692299E-003   6.5384615384615381E-003   1466.2392951061843        1.0000000000000000     
   9.2307692307692299E-003   6.9230769230769233E-003   1466.2727188644872        1.0000000000000000     
   9.2307692307692299E-003   7.3076923076923076E-003   1466.3135530940726        1.0000000000000000     
   9.2307692307692299E-003   7.6923076923076927E-003   1466.3617881715866        1.0000000000000000     
   9.2307692307692299E-003   8.0769230769230770E-003   1466.4173283751581        1.0000000000000000     
   9.2307692307692299E-003   8.4615384615384613E-003   1466.4796422221539        1.0000000000000000     
   9.2307692307692299E-003   8.8461538461538456E-003   1466.5497925046266        1.0000000000000000     
   9.2307692307692299E-003   9.2307692307692299E-003   1466.6268752757471        1.0000000000000000     
   9.2307692307692299E-003   9.6153846153846159E-003   1466.7115269578530        1.0000000000000000     

   9.6153846153846159E-003   3.8461538461538462E-004   1469.0773050128587        1.0000000000000000     
   9.6153846153846159E-003   7.6923076923076923E-004   1468.9919316940552        1.0000000000000000     
   9.6153846153846159E-003   1.1538461538461537E-003   1468.9143347697725        1.0000000000000000     
   9.6153846153846159E-003   1.5384615384615385E-003   1468.8444875246805        1.0000000000000000     
   9.6153846153846159E-003   1.9230769230769232E-003   1468.7816364593041        1.0000000000000000     
   9.6153846153846159E-003   2.3076923076923075E-003   1468.7260634292275        1.0000000000000000     
   9.6153846153846159E-003   2.6923076923076922E-003   1468.6777378688596        1.0000000000000000     
   9.6153846153846159E-003   3.0769230769230769E-003   1468.6368125401580        1.0000000000000000     
   9.6153846153846159E-003   3.4615384615384616E-003   1468.6033083300485        1.0000000000000000     
   9.6153846153846159E-003   3.8461538461538464E-003   1468.5772393319885        1.0000000000000000     
   9.6153846153846159E-003   4.2307692307692307E-003   1468.5586139075683        1.0000000000000000     
   9.6153846153846159E-003   4.6153846153846149E-003   1468.5474369501014        1.0000000000000000     
   9.6153846153846159E-003   5.0000000000000001E-003   1468.5437110304238        1.0000000000000000     
   9.6153846153846159E-003   5.3846153846153844E-003   1468.5474369501014        1.0000000000000000     
   9.6153846153846159E-003   5.7692307692307696E-003   1468.5586139075676        1.0000000000000000     
   9.6153846153846159E-003   6.1538461538461538E-003   1468.5772393319874        1.0000000000000000     
   9.6153846153846159E-003   6.5384615384615381E-003   1468.6033083300481        1.0000000000000000     
   9.6153846153846159E-003   6.9230769230769233E-003   1468.6368125401575        1.0000000000000000     
   9.6153846153846159E-003   7.3076923076923076E-003   1468.6777378688587        1.0000000000000000     
   9.6153846153846159E-003   7.6923076923076927E-003   1468.7260634292265        1.0000000000000000     
   9.6153846153846159E-003   8.0769230769230770E-003   1468.7816364593039        1.0000000000000000     
   9.6153846153846159E-003   8.4615384615384613E-003   1468.8444875246801        1.0000000000000000     
   9.6153846153846159E-003   8.8461538461538456E-003   1468.9143347697720        1.0000000000000000     
   9.6153846153846159E-003   9.2307692307692299E-003   1468.9919316940545        1.0000000000000000     
   9.6153846153846159E-003   9.6153846153846159E-003   1469.0773050128587        1.0000000000000000     

