   3.8461538461538462E-004   3.8461538461538462E-004   887.98919175148694        1.0000000000000000     
   3.8461538461538462E-004   7.6923076923076923E-004   887.98324588080470        1.0000000000000000     
   3.8461538461538462E-004   1.1538461538461537E-003   887.97796623401462        1.0000000000000000     
   3.8461538461538462E-004   1.5384615384615385E-003   887.97334793696609        1.0000000000000000     
   3.8461538461538462E-004   1.9230769230769232E-003   887.96905233864186        1.0000000000000000     
   3.8461538461538462E-004   2.3076923076923075E-003   887.96523225837961        1.0000000000000000     
   3.8461538461538462E-004   2.6923076923076922E-003   887.96187496475409        1.0000000000000000     
   3.8461538461538462E-004   3.0769230769230769E-003   887.95903940795279        1.0000000000000000     
   3.8461538461538462E-004   3.4615384615384616E-003   887.95672152323982        1.0000000000000000     
   3.8461538461538462E-004   3.8461538461538464E-003   887.95491997118233        1.0000000000000000     
   3.8461538461538462E-004   4.2307692307692307E-003   887.95363379008575        1.0000000000000000     
   3.8461538461538462E-004   4.6153846153846149E-003   887.95286233109232        1.0000000000000000     
   3.8461538461538462E-004   5.0000000000000001E-003   887.95260521902958        1.0000000000000000     
   3.8461538461538462E-004   5.3846153846153844E-003   887.95286233109221        1.0000000000000000     
   3.8461538461538462E-004   5.7692307692307696E-003   887.95363379008563        1.0000000000000000     
   3.8461538461538462E-004   6.1538461538461538E-003   887.95491997118233        1.0000000000000000     
   3.8461538461538462E-004   6.5384615384615381E-003   887.95672152324028        1.0000000000000000     
   3.8461538461538462E-004   6.9230769230769233E-003   887.95903940795347        1.0000000000000000     
   3.8461538461538462E-004   7.3076923076923076E-003   887.96187496475409        1.0000000000000000     
   3.8461538461538462E-004   7.6923076923076927E-003   887.96523225837973        1.0000000000000000     
   3.8461538461538462E-004   8.0769230769230770E-003   887.96905233864186        1.0000000000000000     
   3.8461538461538462E-004   8.4615384615384613E-003   887.97334793696632        1.0000000000000000     
   3.8461538461538462E-004   8.8461538461538456E-003   887.97796623401462        1.0000000000000000     
   3.8461538461538462E-004   9.2307692307692299E-003   887.98324588080470        1.0000000000000000     
   3.8461538461538462E-004   9.6153846153846159E-003   887.98919175148717        1.0000000000000000     

   7.6923076923076923E-004   3.8461538461538462E-004   925.82350844449127        1.0000000000000000     
   7.6923076923076923E-004   7.6923076923076923E-004   925.81204938396149        1.0000000000000000     
   7.6923076923076923E-004   1.1538461538461537E-003   925.80168900587330        1.0000000000000000     
   7.6923076923076923E-004   1.5384615384615385E-003   925.79207642144331        1.0000000000000000     
   7.6923076923076923E-004   1.9230769230769232E-003   925.78373158834324        1.0000000000000000     
   7.6923076923076923E-004   2.3076923076923075E-003   925.77605018788040        1.0000000000000000     
   7.6923076923076923E-004   2.6923076923076922E-003   925.76936034177879        1.0000000000000000     
   7.6923076923076923E-004   3.0769230769230769E-003   925.76370805844158        1.0000000000000000     
   7.6923076923076923E-004   3.4615384615384616E-003   925.75908753668489        1.0000000000000000     
   7.6923076923076923E-004   3.8461538461538464E-003   925.75549620711524        1.0000000000000000     
   7.6923076923076923E-004   4.2307692307692307E-003   925.75293221414222        1.0000000000000000     
   7.6923076923076923E-004   4.6153846153846149E-003   925.75139430232525        1.0000000000000000     
   7.6923076923076923E-004   5.0000000000000001E-003   925.75088174446444        1.0000000000000000     
   7.6923076923076923E-004   5.3846153846153844E-003   925.75139430232514        1.0000000000000000     
   7.6923076923076923E-004   5.7692307692307696E-003   925.75293221414165        1.0000000000000000     
   7.6923076923076923E-004   6.1538461538461538E-003   925.75549620711536        1.0000000000000000     
   7.6923076923076923E-004   6.5384615384615381E-003   925.75908753668534        1.0000000000000000     
   7.6923076923076923E-004   6.9230769230769233E-003   925.76370805844169        1.0000000000000000     
   7.6923076923076923E-004   7.3076923076923076E-003   925.76936034177902        1.0000000000000000     
   7.6923076923076923E-004   7.6923076923076927E-003   925.77605018788051        1.0000000000000000     
   7.6923076923076923E-004   8.0769230769230770E-003   925.78373158834324        1.0000000000000000     
   7.6923076923076923E-004   8.4615384615384613E-003   925.79207642144331        1.0000000000000000     
   7.6923076923076923E-004   8.8461538461538456E-003   925.80168900587330        1.0000000000000000     
   7.6923076923076923E-004   9.2307692307692299E-003   925.81204938396081        1.0000000000000000     
   7.6923076923076923E-004   9.6153846153846159E-003   925.82350844449172        1.0000000000000000     

   1.1538461538461537E-003   3.8461538461538462E-004   963.34984342260907        1.0000000000000000     
   1.1538461538461537E-003   7.6923076923076923E-004   963.33286696618734        1.0000000000000000     
   1.1538461538461537E-003   1.1538461538461537E-003   963.31685834108407        1.0000000000000000     
   1.1538461538461537E-003   1.5384615384615385E-003   963.30307808265820        1.0000000000000000     
   1.1538461538461537E-003   1.9230769230769232E-003   963.29040647828094        1.0000000000000000     
   1.1538461538461537E-003   2.3076923076923075E-003   963.27892877537295        1.0000000000000000     
   1.1538461538461537E-003   2.6923076923076922E-003   963.26895086673301        1.0000000000000000     
   1.1538461538461537E-003   3.0769230769230769E-003   963.26051904316512        1.0000000000000000     
   1.1538461538461537E-003   3.4615384615384616E-003   963.25362603616895        1.0000000000000000     
   1.1538461538461537E-003   3.8461538461538464E-003   963.24826822619275        1.0000000000000000     
   1.1538461538461537E-003   4.2307692307692307E-003   963.24444298632761        1.0000000000000000     
   1.1538461538461537E-003   4.6153846153846149E-003   963.24214853215108        1.0000000000000000     
   1.1538461538461537E-003   5.0000000000000001E-003   963.24138382739966        1.0000000000000000     
   1.1538461538461537E-003   5.3846153846153844E-003   963.24214853215108        1.0000000000000000     
   1.1538461538461537E-003   5.7692307692307696E-003   963.24444298632750        1.0000000000000000     
   1.1538461538461537E-003   6.1538461538461538E-003   963.24826822619275        1.0000000000000000     
   1.1538461538461537E-003   6.5384615384615381E-003   963.25362603616895        1.0000000000000000     
   1.1538461538461537E-003   6.9230769230769233E-003   963.26051904316535        1.0000000000000000     
   1.1538461538461537E-003   7.3076923076923076E-003   963.26895086673346        1.0000000000000000     
   1.1538461538461537E-003   7.6923076923076927E-003   963.27892877537306        1.0000000000000000     
   1.1538461538461537E-003   8.0769230769230770E-003   963.29040647828117        1.0000000000000000     
   1.1538461538461537E-003   8.4615384615384613E-003   963.30307808265854        1.0000000000000000     
   1.1538461538461537E-003   8.8461538461538456E-003   963.31685834108396        1.0000000000000000     
   1.1538461538461537E-003   9.2307692307692299E-003   963.33286696618688        1.0000000000000000     
   1.1538461538461537E-003   9.6153846153846159E-003   963.34984342260907        1.0000000000000000     

   1.5384615384615385E-003   3.8461538461538462E-004   1000.4164823915120        1.0000000000000000     
   1.5384615384615385E-003   7.6923076923076923E-004   1000.3936419644637        1.0000000000000000     
   1.5384615384615385E-003   1.1538461538461537E-003   1000.3730522438748        1.0000000000000000     
   1.5384615384615385E-003   1.5384615384615385E-003   1000.3545337093927        1.0000000000000000     
   1.5384615384615385E-003   1.9230769230769232E-003   1000.3376551096320        1.0000000000000000     
   1.5384615384615385E-003   2.3076923076923075E-003   1000.3224574724026        1.0000000000000000     
   1.5384615384615385E-003   2.6923076923076922E-003   1000.3092568474580        1.0000000000000000     
   1.5384615384615385E-003   3.0769230769230769E-003   1000.2981002004714        1.0000000000000000     
   1.5384615384615385E-003   3.4615384615384616E-003   1000.2889791158792        1.0000000000000000     
   1.5384615384615385E-003   3.8461538461538464E-003   1000.2818891611838        1.0000000000000000     
   1.5384615384615385E-003   4.2307692307692307E-003   1000.2768270990308        1.0000000000000000     
   1.5384615384615385E-003   4.6153846153846149E-003   1000.2737907192039        1.0000000000000000     
   1.5384615384615385E-003   5.0000000000000001E-003   1000.2727787336795        1.0000000000000000     
   1.5384615384615385E-003   5.3846153846153844E-003   1000.2737907192040        1.0000000000000000     
   1.5384615384615385E-003   5.7692307692307696E-003   1000.2768270990312        1.0000000000000000     
   1.5384615384615385E-003   6.1538461538461538E-003   1000.2818891611845        1.0000000000000000     
   1.5384615384615385E-003   6.5384615384615381E-003   1000.2889791158794        1.0000000000000000     
   1.5384615384615385E-003   6.9230769230769233E-003   1000.2981002004720        1.0000000000000000     
   1.5384615384615385E-003   7.3076923076923076E-003   1000.3092568474588        1.0000000000000000     
   1.5384615384615385E-003   7.6923076923076927E-003   1000.3224574724026        1.0000000000000000     
   1.5384615384615385E-003   8.0769230769230770E-003   1000.3376551096325        1.0000000000000000     
   1.5384615384615385E-003   8.4615384615384613E-003   1000.3545337093927        1.0000000000000000     
   1.5384615384615385E-003   8.8461538461538456E-003   1000.3730522438750        1.0000000000000000     
   1.5384615384615385E-003   9.2307692307692299E-003   1000.3936419644633        1.0000000000000000     
   1.5384615384615385E-003   9.6153846153846159E-003   1000.4164823915125        1.0000000000000000     

   1.9230769230769232E-003   3.8461538461538462E-004   1036.8740832670092        1.0000000000000000     
   1.9230769230769232E-003   7.6923076923076923E-004   1036.8460155504915        1.0000000000000000     
   1.9230769230769232E-003   1.1538461538461537E-003   1036.8203408878117        1.0000000000000000     
   1.9230769230769232E-003   1.5384615384615385E-003   1036.7972583548012        1.0000000000000000     
   1.9230769230769232E-003   1.9230769230769232E-003   1036.7762870203344        1.0000000000000000     
   1.9230769230769232E-003   2.3076923076923075E-003   1036.7574685895454        1.0000000000000000     
   1.9230769230769232E-003   2.6923076923076922E-003   1036.7411300813044        1.0000000000000000     
   1.9230769230769232E-003   3.0769230769230769E-003   1036.7273196966880        1.0000000000000000     
   1.9230769230769232E-003   3.4615384615384616E-003   1036.7160282825960        1.0000000000000000     
   1.9230769230769232E-003   3.8461538461538464E-003   1036.7072508671165        1.0000000000000000     
   1.9230769230769232E-003   4.2307692307692307E-003   1036.7009837857852        1.0000000000000000     
   1.9230769230769232E-003   4.6153846153846149E-003   1036.6972245192185        1.0000000000000000     
   1.9230769230769232E-003   5.0000000000000001E-003   1036.6959715923185        1.0000000000000000     
   1.9230769230769232E-003   5.3846153846153844E-003   1036.6972245192183        1.0000000000000000     
   1.9230769230769232E-003   5.7692307692307696E-003   1036.7009837857852        1.0000000000000000     
   1.9230769230769232E-003   6.1538461538461538E-003   1036.7072508671170        1.0000000000000000     
   1.9230769230769232E-003   6.5384615384615381E-003   1036.7160282825964        1.0000000000000000     
   1.9230769230769232E-003   6.9230769230769233E-003   1036.7273196966892        1.0000000000000000     
   1.9230769230769232E-003   7.3076923076923076E-003   1036.7411300813042        1.0000000000000000     
   1.9230769230769232E-003   7.6923076923076927E-003   1036.7574685895454        1.0000000000000000     
   1.9230769230769232E-003   8.0769230769230770E-003   1036.7762870203344        1.0000000000000000     
   1.9230769230769232E-003   8.4615384615384613E-003   1036.7972583548008        1.0000000000000000     
   1.9230769230769232E-003   8.8461538461538456E-003   1036.8203408878112        1.0000000000000000     
   1.9230769230769232E-003   9.2307692307692299E-003   1036.8460155504908        1.0000000000000000     
   1.9230769230769232E-003   9.6153846153846159E-003   1036.8740832670092        1.0000000000000000     

   2.3076923076923075E-003   3.8461538461538462E-004   1072.5775642365702        1.0000000000000000     
   2.3076923076923075E-003   7.6923076923076923E-004   1072.5441573584158        1.0000000000000000     
   2.3076923076923075E-003   1.1538461538461537E-003   1072.5136101386979        1.0000000000000000     
   2.3076923076923075E-003   1.5384615384615385E-003   1072.4861206194639        1.0000000000000000     
   2.3076923076923075E-003   1.9230769230769232E-003   1072.4611938924722        1.0000000000000000     
   2.3076923076923075E-003   2.3076923076923075E-003   1072.4388741654761        1.0000000000000000     
   2.3076923076923075E-003   2.6923076923076922E-003   1072.4195002130443        1.0000000000000000     
   2.3076923076923075E-003   3.0769230769230769E-003   1072.4031220738518        1.0000000000000000     
   2.3076923076923075E-003   3.4615384615384616E-003   1072.3897302693665        1.0000000000000000     
   2.3076923076923075E-003   3.8461538461538464E-003   1072.3793195615101        1.0000000000000000     
   2.3076923076923075E-003   4.2307692307692307E-003   1072.3718860399961        1.0000000000000000     
   2.3076923076923075E-003   4.6153846153846149E-003   1072.3674269915534        1.0000000000000000     
   2.3076923076923075E-003   5.0000000000000001E-003   1072.3659408180495        1.0000000000000000     
   2.3076923076923075E-003   5.3846153846153844E-003   1072.3674269915525        1.0000000000000000     
   2.3076923076923075E-003   5.7692307692307696E-003   1072.3718860399956        1.0000000000000000     
   2.3076923076923075E-003   6.1538461538461538E-003   1072.3793195615099        1.0000000000000000     
   2.3076923076923075E-003   6.5384615384615381E-003   1072.3897302693676        1.0000000000000000     
   2.3076923076923075E-003   6.9230769230769233E-003   1072.4031220738523        1.0000000000000000     
   2.3076923076923075E-003   7.3076923076923076E-003   1072.4195002130448        1.0000000000000000     
   2.3076923076923075E-003   7.6923076923076927E-003   1072.4388741654757        1.0000000000000000     
   2.3076923076923075E-003   8.0769230769230770E-003   1072.4611938924725        1.0000000000000000     
   2.3076923076923075E-003   8.4615384615384613E-003   1072.4861206194639        1.0000000000000000     
   2.3076923076923075E-003   8.8461538461538456E-003   1072.5136101386979        1.0000000000000000     
   2.3076923076923075E-003   9.2307692307692299E-003   1072.5441573584158        1.0000000000000000     
   2.3076923076923075E-003   9.6153846153846159E-003   1072.5775642365700        1.0000000000000000     

   2.6923076923076922E-003   3.8461538461538462E-004   1107.3861239100074        1.0000000000000000     
   2.6923076923076922E-003   7.6923076923076923E-004   1107.3476180741311        1.0000000000000000     
   2.6923076923076922E-003   1.1538461538461537E-003   1107.3123987368051        1.0000000000000000     
   2.6923076923076922E-003   1.5384615384615385E-003   1107.2806795924168        1.0000000000000000     
   2.6923076923076922E-003   1.9230769230769232E-003   1107.2519541257782        1.0000000000000000     
   2.6923076923076922E-003   2.3076923076923075E-003   1107.2262701542440        1.0000000000000000     
   2.6923076923076922E-003   2.6923076923076922E-003   1107.2039786617618        1.0000000000000000     
   2.6923076923076922E-003   3.0769230769230769E-003   1107.1851319608988        1.0000000000000000     
   2.6923076923076922E-003   3.4615384615384616E-003   1107.1697205796074        1.0000000000000000     
   2.6923076923076922E-003   3.8461538461538464E-003   1107.1577392395893        1.0000000000000000     
   2.6923076923076922E-003   4.2307692307692307E-003   1107.1491839380383        1.0000000000000000     
   2.6923076923076922E-003   4.6153846153846149E-003   1107.1440518668385        1.0000000000000000     
   2.6923076923076922E-003   5.0000000000000001E-003   1107.1423413604577        1.0000000000000000     
   2.6923076923076922E-003   5.3846153846153844E-003   1107.1440518668383        1.0000000000000000     
   2.6923076923076922E-003   5.7692307692307696E-003   1107.1491839380374        1.0000000000000000     
   2.6923076923076922E-003   6.1538461538461538E-003   1107.1577392395893        1.0000000000000000     
   2.6923076923076922E-003   6.5384615384615381E-003   1107.1697205796072        1.0000000000000000     
   2.6923076923076922E-003   6.9230769230769233E-003   1107.1851319608988        1.0000000000000000     
   2.6923076923076922E-003   7.3076923076923076E-003   1107.2039786617622        1.0000000000000000     
   2.6923076923076922E-003   7.6923076923076927E-003   1107.2262701542440        1.0000000000000000     
   2.6923076923076922E-003   8.0769230769230770E-003   1107.2519541257782        1.0000000000000000     
   2.6923076923076922E-003   8.4615384615384613E-003   1107.2806795924168        1.0000000000000000     
   2.6923076923076922E-003   8.8461538461538456E-003   1107.3123987368044        1.0000000000000000     
   2.6923076923076922E-003   9.2307692307692299E-003   1107.3476180741318        1.0000000000000000     
   2.6923076923076922E-003   9.6153846153846159E-003   1107.3861239100072        1.0000000000000000     

   3.0769230769230769E-003   3.8461538461538462E-004   1141.1642567576134        1.0000000000000000     
   3.0769230769230769E-003   7.6923076923076923E-004   1141.1208832877194        1.0000000000000000     
   3.0769230769230769E-003   1.1538461538461537E-003   1141.0812058050235        1.0000000000000000     
   3.0769230769230769E-003   1.5384615384615385E-003   1141.0454503314895        1.0000000000000000     
   3.0769230769230769E-003   1.9230769230769232E-003   1141.0130986810123        1.0000000000000000     
   3.0769230769230769E-003   2.3076923076923075E-003   1140.9842023699728        1.0000000000000000     
   3.0769230769230769E-003   2.6923076923076922E-003   1140.9591245128283        1.0000000000000000     
   3.0769230769230769E-003   3.0769230769230769E-003   1140.9379198802712        1.0000000000000000     
   3.0769230769230769E-003   3.4615384615384616E-003   1140.9205792037008        1.0000000000000000     
   3.0769230769230769E-003   3.8461538461538464E-003   1140.9070973121854        1.0000000000000000     
   3.0769230769230769E-003   4.2307692307692307E-003   1140.8974702171611        1.0000000000000000     
   3.0769230769230769E-003   4.6153846153846149E-003   1140.8916950875800        1.0000000000000000     
   3.0769230769230769E-003   5.0000000000000001E-003   1140.8897702319380        1.0000000000000000     
   3.0769230769230769E-003   5.3846153846153844E-003   1140.8916950875807        1.0000000000000000     
   3.0769230769230769E-003   5.7692307692307696E-003   1140.8974702171615        1.0000000000000000     
   3.0769230769230769E-003   6.1538461538461538E-003   1140.9070973121854        1.0000000000000000     
   3.0769230769230769E-003   6.5384615384615381E-003   1140.9205792037001        1.0000000000000000     
   3.0769230769230769E-003   6.9230769230769233E-003   1140.9379198802703        1.0000000000000000     
   3.0769230769230769E-003   7.3076923076923076E-003   1140.9591245128279        1.0000000000000000     
   3.0769230769230769E-003   7.6923076923076927E-003   1140.9842023699728        1.0000000000000000     
   3.0769230769230769E-003   8.0769230769230770E-003   1141.0130986810127        1.0000000000000000     
   3.0769230769230769E-003   8.4615384615384613E-003   1141.0454503314888        1.0000000000000000     
   3.0769230769230769E-003   8.8461538461538456E-003   1141.0812058050226        1.0000000000000000     
   3.0769230769230769E-003   9.2307692307692299E-003   1141.1208832877198        1.0000000000000000     
   3.0769230769230769E-003   9.6153846153846159E-003   1141.1642567576134        1.0000000000000000     

   3.4615384615384616E-003   3.8461538461538462E-004   1173.7822191050855        1.0000000000000000     
   3.4615384615384616E-003   7.6923076923076923E-004   1173.7342236864706        1.0000000000000000     
   3.4615384615384616E-003   1.1538461538461537E-003   1173.6903157049185        1.0000000000000000     
   3.4615384615384616E-003   1.5384615384615385E-003   1173.6507309327626        1.0000000000000000     
   3.4615384615384616E-003   1.9230769230769232E-003   1173.6149390064404        1.0000000000000000     
   3.4615384615384616E-003   2.3076923076923075E-003   1173.5829947168995        1.0000000000000000     
   3.4615384615384616E-003   2.6923076923076922E-003   1173.5552728472071        1.0000000000000000     
   3.4615384615384616E-003   3.0769230769230769E-003   1173.5318305872954        1.0000000000000000     
   3.4615384615384616E-003   3.4615384615384616E-003   1173.5126589344159        1.0000000000000000     
   3.4615384615384616E-003   3.8461538461538464E-003   1173.4977528880959        1.0000000000000000     
   3.4615384615384616E-003   4.2307692307692307E-003   1173.4871085281668        1.0000000000000000     
   3.4615384615384616E-003   4.6153846153846149E-003   1173.4807230409401        1.0000000000000000     
   3.4615384615384616E-003   5.0000000000000001E-003   1173.4785947335326        1.0000000000000000     
   3.4615384615384616E-003   5.3846153846153844E-003   1173.4807230409410        1.0000000000000000     
   3.4615384615384616E-003   5.7692307692307696E-003   1173.4871085281673        1.0000000000000000     
   3.4615384615384616E-003   6.1538461538461538E-003   1173.4977528880959        1.0000000000000000     
   3.4615384615384616E-003   6.5384615384615381E-003   1173.5126589344159        1.0000000000000000     
   3.4615384615384616E-003   6.9230769230769233E-003   1173.5318305872961        1.0000000000000000     
   3.4615384615384616E-003   7.3076923076923076E-003   1173.5552728472071        1.0000000000000000     
   3.4615384615384616E-003   7.6923076923076927E-003   1173.5829947168986        1.0000000000000000     
   3.4615384615384616E-003   8.0769230769230770E-003   1173.6149390064404        1.0000000000000000     
   3.4615384615384616E-003   8.4615384615384613E-003   1173.6507309327628        1.0000000000000000     
   3.4615384615384616E-003   8.8461538461538456E-003   1173.6903157049182        1.0000000000000000     
   3.4615384615384616E-003   9.2307692307692299E-003   1173.7342236864706        1.0000000000000000     
   3.4615384615384616E-003   9.6153846153846159E-003   1173.7822191050852        1.0000000000000000     

   3.8461538461538464E-003   3.8461538461538462E-004   1205.1166609756756        1.0000000000000000     
   3.8461538461538464E-003   7.6923076923076923E-004   1205.0643040288801        1.0000000000000000     
   3.8461538461538464E-003   1.1538461538461537E-003   1205.0164060532893        1.0000000000000000     
   3.8461538461538464E-003   1.5384615384615385E-003   1204.9732109355793        1.0000000000000000     
   3.8461538461538464E-003   1.9230769230769232E-003   1204.9341758167322        1.0000000000000000     
   3.8461538461538464E-003   2.3076923076923075E-003   1204.8993582035603        1.0000000000000000     
   3.8461538461538464E-003   2.6923076923076922E-003   1204.8691438778615        1.0000000000000000     
   3.8461538461538464E-003   3.0769230769230769E-003   1204.8435922622341        1.0000000000000000     
   3.8461538461538464E-003   3.4615384615384616E-003   1204.8226945786143        1.0000000000000000     
   3.8461538461538464E-003   3.8461538461538464E-003   1204.8064459880050        1.0000000000000000     
   3.8461538461538464E-003   4.2307692307692307E-003   1204.7948426449461        1.0000000000000000     
   3.8461538461538464E-003   4.6153846153846149E-003   1204.7878817635221        1.0000000000000000     
   3.8461538461538464E-003   5.0000000000000001E-003   1204.7855616577988        1.0000000000000000     
   3.8461538461538464E-003   5.3846153846153844E-003   1204.7878817635224        1.0000000000000000     
   3.8461538461538464E-003   5.7692307692307696E-003   1204.7948426449466        1.0000000000000000     
   3.8461538461538464E-003   6.1538461538461538E-003   1204.8064459880052        1.0000000000000000     
   3.8461538461538464E-003   6.5384615384615381E-003   1204.8226945786146        1.0000000000000000     
   3.8461538461538464E-003   6.9230769230769233E-003   1204.8435922622346        1.0000000000000000     
   3.8461538461538464E-003   7.3076923076923076E-003   1204.8691438778612        1.0000000000000000     
   3.8461538461538464E-003   7.6923076923076927E-003   1204.8993582035596        1.0000000000000000     
   3.8461538461538464E-003   8.0769230769230770E-003   1204.9341758167325        1.0000000000000000     
   3.8461538461538464E-003   8.4615384615384613E-003   1204.9732109355796        1.0000000000000000     
   3.8461538461538464E-003   8.8461538461538456E-003   1205.0164060532891        1.0000000000000000     
   3.8461538461538464E-003   9.2307692307692299E-003   1205.0643040288799        1.0000000000000000     
   3.8461538461538464E-003   9.6153846153846159E-003   1205.1166609756754        1.0000000000000000     

   4.2307692307692307E-003   3.8461538461538462E-004   1235.0510936428695        1.0000000000000000     
   4.2307692307692307E-003   7.6923076923076923E-004   1234.9946482663322        1.0000000000000000     
   4.2307692307692307E-003   1.1538461538461537E-003   1234.9430118269809        1.0000000000000000     
   4.2307692307692307E-003   1.5384615384615385E-003   1234.8964352333287        1.0000000000000000     
   4.2307692307692307E-003   1.9230769230769232E-003   1234.8543630849117        1.0000000000000000     
   4.2307692307692307E-003   2.3076923076923075E-003   1234.8168550592566        1.0000000000000000     
   4.2307692307692307E-003   2.6923076923076922E-003   1234.7843071696375        1.0000000000000000     
   4.2307692307692307E-003   3.0769230769230769E-003   1234.7567808023150        1.0000000000000000     
   4.2307692307692307E-003   3.4615384615384616E-003   1234.7342672954255        1.0000000000000000     
   4.2307692307692307E-003   3.8461538461538464E-003   1234.7167619103284        1.0000000000000000     
   4.2307692307692307E-003   4.2307692307692307E-003   1234.7042608457905        1.0000000000000000     
   4.2307692307692307E-003   4.6153846153846149E-003   1234.6967613302972        1.0000000000000000     
   4.2307692307692307E-003   5.0000000000000001E-003   1234.6942616800031        1.0000000000000000     
   4.2307692307692307E-003   5.3846153846153844E-003   1234.6967613302975        1.0000000000000000     
   4.2307692307692307E-003   5.7692307692307696E-003   1234.7042608457912        1.0000000000000000     
   4.2307692307692307E-003   6.1538461538461538E-003   1234.7167619103291        1.0000000000000000     
   4.2307692307692307E-003   6.5384615384615381E-003   1234.7342672954260        1.0000000000000000     
   4.2307692307692307E-003   6.9230769230769233E-003   1234.7567808023155        1.0000000000000000     
   4.2307692307692307E-003   7.3076923076923076E-003   1234.7843071696375        1.0000000000000000     
   4.2307692307692307E-003   7.6923076923076927E-003   1234.8168550592561        1.0000000000000000     
   4.2307692307692307E-003   8.0769230769230770E-003   1234.8543630849117        1.0000000000000000     
   4.2307692307692307E-003   8.4615384615384613E-003   1234.8964352333287        1.0000000000000000     
   4.2307692307692307E-003   8.8461538461538456E-003   1234.9430118269813        1.0000000000000000     
   4.2307692307692307E-003   9.2307692307692299E-003   1234.9946482663327        1.0000000000000000     
   4.2307692307692307E-003   9.6153846153846159E-003   1235.0510936428691        1.0000000000000000     

   4.6153846153846149E-003   3.8461538461538462E-004   1263.4762635827651        1.0000000000000000     
   4.6153846153846149E-003   7.6923076923076923E-004   1263.4160127247117        1.0000000000000000     
   4.6153846153846149E-003   1.1538461538461537E-003   1263.3608980055953        1.0000000000000000     
   4.6153846153846149E-003   1.5384615384615385E-003   1263.3111765250110        1.0000000000000000     
   4.6153846153846149E-003   1.9230769230769232E-003   1263.2662804991724        1.0000000000000000     
   4.6153846153846149E-003   2.3076923076923075E-003   1263.2262712720367        1.0000000000000000     
   4.6153846153846149E-003   2.6923076923076922E-003   1263.1915542720437        1.0000000000000000     
   4.6153846153846149E-003   3.0769230769230769E-003   1263.1621925379875        1.0000000000000000     
   4.6153846153846149E-003   3.4615384615384616E-003   1263.1381773775952        1.0000000000000000     
   4.6153846153846149E-003   3.8461538461538464E-003   1263.1195040594421        1.0000000000000000     
   4.6153846153846149E-003   4.2307692307692307E-003   1263.1061687726351        1.0000000000000000     
   4.6153846153846149E-003   4.6153846153846149E-003   1263.0981687313681        1.0000000000000000     
   4.6153846153846149E-003   5.0000000000000001E-003   1263.0955022405406        1.0000000000000000     
   4.6153846153846149E-003   5.3846153846153844E-003   1263.0981687313690        1.0000000000000000     
   4.6153846153846149E-003   5.7692307692307696E-003   1263.1061687726351        1.0000000000000000     
   4.6153846153846149E-003   6.1538461538461538E-003   1263.1195040594423        1.0000000000000000     
   4.6153846153846149E-003   6.5384615384615381E-003   1263.1381773775945        1.0000000000000000     
   4.6153846153846149E-003   6.9230769230769233E-003   1263.1621925379877        1.0000000000000000     
   4.6153846153846149E-003   7.3076923076923076E-003   1263.1915542720428        1.0000000000000000     
   4.6153846153846149E-003   7.6923076923076927E-003   1263.2262712720358        1.0000000000000000     
   4.6153846153846149E-003   8.0769230769230770E-003   1263.2662804991710        1.0000000000000000     
   4.6153846153846149E-003   8.4615384615384613E-003   1263.3111765250112        1.0000000000000000     
   4.6153846153846149E-003   8.8461538461538456E-003   1263.3608980055953        1.0000000000000000     
   4.6153846153846149E-003   9.2307692307692299E-003   1263.4160127247110        1.0000000000000000     
   4.6153846153846149E-003   9.6153846153846159E-003   1263.4762635827640        1.0000000000000000     

   5.0000000000000001E-003   3.8461538461538462E-004   1290.2904324070289        1.0000000000000000     
   5.0000000000000001E-003   7.6923076923076923E-004   1290.2266658690041        1.0000000000000000     
   5.0000000000000001E-003   1.1538461538461537E-003   1290.1683391710728        1.0000000000000000     
   5.0000000000000001E-003   1.5384615384615385E-003   1290.1157148669015        1.0000000000000000     
   5.0000000000000001E-003   1.9230769230769232E-003   1290.0682130640516        1.0000000000000000     
   5.0000000000000001E-003   2.3076923076923075E-003   1290.0258962878461        1.0000000000000000     
   5.0000000000000001E-003   2.6923076923076922E-003   1289.9891785277400        1.0000000000000000     
   5.0000000000000001E-003   3.0769230769230769E-003   1289.9581241417129        1.0000000000000000     
   5.0000000000000001E-003   3.4615384615384616E-003   1289.9327242429524        1.0000000000000000     
   5.0000000000000001E-003   3.8461538461538464E-003   1289.9129739999687        1.0000000000000000     
   5.0000000000000001E-003   4.2307692307692307E-003   1289.8988695287999        1.0000000000000000     
   5.0000000000000001E-003   4.6153846153846149E-003   1289.8904079950955        1.0000000000000000     
   5.0000000000000001E-003   5.0000000000000001E-003   1289.8875876763873        1.0000000000000000     
   5.0000000000000001E-003   5.3846153846153844E-003   1289.8904079950953        1.0000000000000000     
   5.0000000000000001E-003   5.7692307692307696E-003   1289.8988695287994        1.0000000000000000     
   5.0000000000000001E-003   6.1538461538461538E-003   1289.9129739999685        1.0000000000000000     
   5.0000000000000001E-003   6.5384615384615381E-003   1289.9327242429524        1.0000000000000000     
   5.0000000000000001E-003   6.9230769230769233E-003   1289.9581241417122        1.0000000000000000     
   5.0000000000000001E-003   7.3076923076923076E-003   1289.9891785277393        1.0000000000000000     
   5.0000000000000001E-003   7.6923076923076927E-003   1290.0258962878449        1.0000000000000000     
   5.0000000000000001E-003   8.0769230769230770E-003   1290.0682130640510        1.0000000000000000     
   5.0000000000000001E-003   8.4615384615384613E-003   1290.1157148669001        1.0000000000000000     
   5.0000000000000001E-003   8.8461538461538456E-003   1290.1683391710717        1.0000000000000000     
   5.0000000000000001E-003   9.2307692307692299E-003   1290.2266658690028        1.0000000000000000     
   5.0000000000000001E-003   9.6153846153846159E-003   1290.2904324070273        1.0000000000000000     

   5.3846153846153844E-003   3.8461538461538462E-004   1315.3995665881578        1.0000000000000000     
   5.3846153846153844E-003   7.6923076923076923E-004   1315.3325781450337        1.0000000000000000     
   5.3846153846153844E-003   1.1538461538461537E-003   1315.2713094358262        1.0000000000000000     
   5.3846153846153844E-003   1.5384615384615385E-003   1315.2160277112787        1.0000000000000000     
   5.3846153846153844E-003   1.9230769230769232E-003   1315.1661412770079        1.0000000000000000     
   5.3846153846153844E-003   2.3076923076923075E-003   1315.1217133349562        1.0000000000000000     
   5.3846153846153844E-003   2.6923076923076922E-003   1315.0831655375973        1.0000000000000000     
   5.3846153846153844E-003   3.0769230769230769E-003   1315.0505632157026        1.0000000000000000     
   5.3846153846153844E-003   3.4615384615384616E-003   1315.0238971221349        1.0000000000000000     
   5.3846153846153844E-003   3.8461538461538464E-003   1315.0031622207625        1.0000000000000000     
   5.3846153846153844E-003   4.2307692307692307E-003   1314.9883544962554        1.0000000000000000     
   5.3846153846153844E-003   4.6153846153846149E-003   1314.9794710367398        1.0000000000000000     
   5.3846153846153844E-003   5.0000000000000001E-003   1314.9765100801069        1.0000000000000000     
   5.3846153846153844E-003   5.3846153846153844E-003   1314.9794710367398        1.0000000000000000     
   5.3846153846153844E-003   5.7692307692307696E-003   1314.9883544962552        1.0000000000000000     
   5.3846153846153844E-003   6.1538461538461538E-003   1315.0031622207628        1.0000000000000000     
   5.3846153846153844E-003   6.5384615384615381E-003   1315.0238971221347        1.0000000000000000     
   5.3846153846153844E-003   6.9230769230769233E-003   1315.0505632157024        1.0000000000000000     
   5.3846153846153844E-003   7.3076923076923076E-003   1315.0831655375966        1.0000000000000000     
   5.3846153846153844E-003   7.6923076923076927E-003   1315.1217133349555        1.0000000000000000     
   5.3846153846153844E-003   8.0769230769230770E-003   1315.1661412770068        1.0000000000000000     
   5.3846153846153844E-003   8.4615384615384613E-003   1315.2160277112775        1.0000000000000000     
   5.3846153846153844E-003   8.8461538461538456E-003   1315.2713094358253        1.0000000000000000     
   5.3846153846153844E-003   9.2307692307692299E-003   1315.3325781450321        1.0000000000000000     
   5.3846153846153844E-003   9.6153846153846159E-003   1315.3995665881564        1.0000000000000000     

   5.7692307692307696E-003   3.8461538461538462E-004   1338.7174430191540        1.0000000000000000     
   5.7692307692307696E-003   7.6923076923076923E-004   1338.6475278357884        1.0000000000000000     
   5.7692307692307696E-003   1.1538461538461537E-003   1338.5835885744293        1.0000000000000000     
   5.7692307692307696E-003   1.5384615384615385E-003   1338.5258962962125        1.0000000000000000     
   5.7692307692307696E-003   1.9230769230769232E-003   1338.4738477547066        1.0000000000000000     
   5.7692307692307696E-003   2.3076923076923075E-003   1338.4275062590596        1.0000000000000000     
   5.7692307692307696E-003   2.6923076923076922E-003   1338.3873001732018        1.0000000000000000     
   5.7692307692307696E-003   3.0769230769230769E-003   1338.3532954497464        1.0000000000000000     
   5.7692307692307696E-003   3.4615384615384616E-003   1338.3254823310535        1.0000000000000000     
   5.7692307692307696E-003   3.8461538461538464E-003   1338.3038554936065        1.0000000000000000     
   5.7692307692307696E-003   4.2307692307692307E-003   1338.2884107542523        1.0000000000000000     
   5.7692307692307696E-003   4.6153846153846149E-003   1338.2791451124078        1.0000000000000000     
   5.7692307692307696E-003   5.0000000000000001E-003   1338.2760567654557        1.0000000000000000     
   5.7692307692307696E-003   5.3846153846153844E-003   1338.2791451124078        1.0000000000000000     
   5.7692307692307696E-003   5.7692307692307696E-003   1338.2884107542525        1.0000000000000000     
   5.7692307692307696E-003   6.1538461538461538E-003   1338.3038554936070        1.0000000000000000     
   5.7692307692307696E-003   6.5384615384615381E-003   1338.3254823310526        1.0000000000000000     
   5.7692307692307696E-003   6.9230769230769233E-003   1338.3532954497452        1.0000000000000000     
   5.7692307692307696E-003   7.3076923076923076E-003   1338.3873001732015        1.0000000000000000     
   5.7692307692307696E-003   7.6923076923076927E-003   1338.4275062590584        1.0000000000000000     
   5.7692307692307696E-003   8.0769230769230770E-003   1338.4738477547053        1.0000000000000000     
   5.7692307692307696E-003   8.4615384615384613E-003   1338.5258962962118        1.0000000000000000     
   5.7692307692307696E-003   8.8461538461538456E-003   1338.5835885744291        1.0000000000000000     
   5.7692307692307696E-003   9.2307692307692299E-003   1338.6475278357875        1.0000000000000000     
   5.7692307692307696E-003   9.6153846153846159E-003   1338.7174430191508        1.0000000000000000     

   6.1538461538461538E-003   3.8461538461538462E-004   1360.1656785226241        1.0000000000000000     
   6.1538461538461538E-003   7.6923076923076923E-004   1360.0931310238213        1.0000000000000000     
   6.1538461538461538E-003   1.1538461538461537E-003   1360.0267924352061        1.0000000000000000     
   6.1538461538461538E-003   1.5384615384615385E-003   1359.9669364570395        1.0000000000000000     
   6.1538461538461538E-003   1.9230769230769232E-003   1359.9129483768247        1.0000000000000000     
   6.1538461538461538E-003   2.3076923076923075E-003   1359.8648909327530        1.0000000000000000     
   6.1538461538461538E-003   2.6923076923076922E-003   1359.8231981943873        1.0000000000000000     
   6.1538461538461538E-003   3.0769230769230769E-003   1359.7879363995489        1.0000000000000000     
   6.1538461538461538E-003   3.4615384615384616E-003   1359.7590951716393        1.0000000000000000     
   6.1538461538461538E-003   3.8461538461538464E-003   1359.7366688643169        1.0000000000000000     
   6.1538461538461538E-003   4.2307692307692307E-003   1359.7206531328272        1.0000000000000000     
   6.1538461538461538E-003   4.6153846153846149E-003   1359.7110449092775        1.0000000000000000     
   6.1538461538461538E-003   5.0000000000000001E-003   1359.7078423697405        1.0000000000000000     
   6.1538461538461538E-003   5.3846153846153844E-003   1359.7110449092775        1.0000000000000000     
   6.1538461538461538E-003   5.7692307692307696E-003   1359.7206531328279        1.0000000000000000     
   6.1538461538461538E-003   6.1538461538461538E-003   1359.7366688643169        1.0000000000000000     
   6.1538461538461538E-003   6.5384615384615381E-003   1359.7590951716388        1.0000000000000000     
   6.1538461538461538E-003   6.9230769230769233E-003   1359.7879363995480        1.0000000000000000     
   6.1538461538461538E-003   7.3076923076923076E-003   1359.8231981943866        1.0000000000000000     
   6.1538461538461538E-003   7.6923076923076927E-003   1359.8648909327517        1.0000000000000000     
   6.1538461538461538E-003   8.0769230769230770E-003   1359.9129483768236        1.0000000000000000     
   6.1538461538461538E-003   8.4615384615384613E-003   1359.9669364570386        1.0000000000000000     
   6.1538461538461538E-003   8.8461538461538456E-003   1360.0267924352045        1.0000000000000000     
   6.1538461538461538E-003   9.2307692307692299E-003   1360.0931310238191        1.0000000000000000     
   6.1538461538461538E-003   9.6153846153846159E-003   1360.1656785226223        1.0000000000000000     

   6.5384615384615381E-003   3.8461538461538462E-004   1379.6736931878152        1.0000000000000000     
   6.5384615384615381E-003   7.6923076923076923E-004   1379.5988055764458        1.0000000000000000     
   6.5384615384615381E-003   1.1538461538461537E-003   1379.5303375804920        1.0000000000000000     
   6.5384615384615381E-003   1.5384615384615385E-003   1379.4685638146104        1.0000000000000000     
   6.5384615384615381E-003   1.9230769230769232E-003   1379.4128578909163        1.0000000000000000     
   6.5384615384615381E-003   2.3076923076923075E-003   1379.3632811646121        1.0000000000000000     
   6.5384615384615381E-003   2.6923076923076922E-003   1379.3202723785705        1.0000000000000000     
   6.5384615384615381E-003   3.0769230769230769E-003   1379.2838977768067        1.0000000000000000     
   6.5384615384615381E-003   3.4615384615384616E-003   1379.2541463401860        1.0000000000000000     
   6.5384615384615381E-003   3.8461538461538464E-003   1379.2310121472510        1.0000000000000000     
   6.5384615384615381E-003   4.2307692307692307E-003   1379.2144907668180        1.0000000000000000     
   6.5384615384615381E-003   4.6153846153846149E-003   1379.2045791348030        1.0000000000000000     
   6.5384615384615381E-003   5.0000000000000001E-003   1379.2012754547075        1.0000000000000000     
   6.5384615384615381E-003   5.3846153846153844E-003   1379.2045791348023        1.0000000000000000     
   6.5384615384615381E-003   5.7692307692307696E-003   1379.2144907668180        1.0000000000000000     
   6.5384615384615381E-003   6.1538461538461538E-003   1379.2310121472517        1.0000000000000000     
   6.5384615384615381E-003   6.5384615384615381E-003   1379.2541463401853        1.0000000000000000     
   6.5384615384615381E-003   6.9230769230769233E-003   1379.2838977768063        1.0000000000000000     
   6.5384615384615381E-003   7.3076923076923076E-003   1379.3202723785701        1.0000000000000000     
   6.5384615384615381E-003   7.6923076923076927E-003   1379.3632811646116        1.0000000000000000     
   6.5384615384615381E-003   8.0769230769230770E-003   1379.4128578909156        1.0000000000000000     
   6.5384615384615381E-003   8.4615384615384613E-003   1379.4685638146095        1.0000000000000000     
   6.5384615384615381E-003   8.8461538461538456E-003   1379.5303375804915        1.0000000000000000     
   6.5384615384615381E-003   9.2307692307692299E-003   1379.5988055764449        1.0000000000000000     
   6.5384615384615381E-003   9.6153846153846159E-003   1379.6736931878138        1.0000000000000000     

   6.9230769230769233E-003   3.8461538461538462E-004   1397.1786187436844        1.0000000000000000     
   6.9230769230769233E-003   7.6923076923076923E-004   1397.1016805234051        1.0000000000000000     
   6.9230769230769233E-003   1.1538461538461537E-003   1397.0313516236633        1.0000000000000000     
   6.9230769230769233E-003   1.5384615384615385E-003   1396.9679048192872        1.0000000000000000     
   6.9230769230769233E-003   1.9230769230769232E-003   1396.9107014264227        1.0000000000000000     
   6.9230769230769233E-003   2.3076923076923075E-003   1396.8598005170149        1.0000000000000000     
   6.9230769230769233E-003   2.6923076923076922E-003   1396.8156445376796        1.0000000000000000     
   6.9230769230769233E-003   3.0769230769230769E-003   1396.7782996021456        1.0000000000000000     
   6.9230769230769233E-003   3.4615384615384616E-003   1396.7477541779069        1.0000000000000000     
   6.9230769230769233E-003   3.8461538461538464E-003   1396.7240022476603        1.0000000000000000     
   6.9230769230769233E-003   4.2307692307692307E-003   1396.7070394690550        1.0000000000000000     
   6.9230769230769233E-003   4.6153846153846149E-003   1396.6968629207497        1.0000000000000000     
   6.9230769230769233E-003   5.0000000000000001E-003   1396.6934709209581        1.0000000000000000     
   6.9230769230769233E-003   5.3846153846153844E-003   1396.6968629207499        1.0000000000000000     
   6.9230769230769233E-003   5.7692307692307696E-003   1396.7070394690550        1.0000000000000000     
   6.9230769230769233E-003   6.1538461538461538E-003   1396.7240022476601        1.0000000000000000     
   6.9230769230769233E-003   6.5384615384615381E-003   1396.7477541779062        1.0000000000000000     
   6.9230769230769233E-003   6.9230769230769233E-003   1396.7782996021449        1.0000000000000000     
   6.9230769230769233E-003   7.3076923076923076E-003   1396.8156445376794        1.0000000000000000     
   6.9230769230769233E-003   7.6923076923076927E-003   1396.8598005170145        1.0000000000000000     
   6.9230769230769233E-003   8.0769230769230770E-003   1396.9107014264230        1.0000000000000000     
   6.9230769230769233E-003   8.4615384615384613E-003   1396.9679048192877        1.0000000000000000     
   6.9230769230769233E-003   8.8461538461538456E-003   1397.0313516236638        1.0000000000000000     
   6.9230769230769233E-003   9.2307692307692299E-003   1397.1016805234058        1.0000000000000000     
   6.9230769230769233E-003   9.6153846153846159E-003   1397.1786187436853        1.0000000000000000     

   7.3076923076923076E-003   3.8461538461538462E-004   1412.6251639050743        1.0000000000000000     
   7.3076923076923076E-003   7.6923076923076923E-004   1412.5464632834680        1.0000000000000000     
   7.3076923076923076E-003   1.1538461538461537E-003   1412.4745419149970        1.0000000000000000     
   7.3076923076923076E-003   1.5384615384615385E-003   1412.4096662710754        1.0000000000000000     
   7.3076923076923076E-003   1.9230769230769232E-003   1412.3511844547554        1.0000000000000000     
   7.3076923076923076E-003   2.3076923076923075E-003   1412.2991524969634        1.0000000000000000     
   7.3076923076923076E-003   2.6923076923076922E-003   1412.2540158357306        1.0000000000000000     
   7.3076923076923076E-003   3.0769230769230769E-003   1412.2158406012534        1.0000000000000000     
   7.3076923076923076E-003   3.4615384615384616E-003   1412.1846151249190        1.0000000000000000     
   7.3076923076923076E-003   3.8461538461538464E-003   1412.1603336630537        1.0000000000000000     
   7.3076923076923076E-003   4.2307692307692307E-003   1412.1429922693696        1.0000000000000000     
   7.3076923076923076E-003   4.6153846153846149E-003   1412.1325883869545        1.0000000000000000     
   7.3076923076923076E-003   5.0000000000000001E-003   1412.1291205803795        1.0000000000000000     
   7.3076923076923076E-003   5.3846153846153844E-003   1412.1325883869542        1.0000000000000000     
   7.3076923076923076E-003   5.7692307692307696E-003   1412.1429922693692        1.0000000000000000     
   7.3076923076923076E-003   6.1538461538461538E-003   1412.1603336630540        1.0000000000000000     
   7.3076923076923076E-003   6.5384615384615381E-003   1412.1846151249197        1.0000000000000000     
   7.3076923076923076E-003   6.9230769230769233E-003   1412.2158406012531        1.0000000000000000     
   7.3076923076923076E-003   7.3076923076923076E-003   1412.2540158357303        1.0000000000000000     
   7.3076923076923076E-003   7.6923076923076927E-003   1412.2991524969643        1.0000000000000000     
   7.3076923076923076E-003   8.0769230769230770E-003   1412.3511844547561        1.0000000000000000     
   7.3076923076923076E-003   8.4615384615384613E-003   1412.4096662710747        1.0000000000000000     
   7.3076923076923076E-003   8.8461538461538456E-003   1412.4745419149961        1.0000000000000000     
   7.3076923076923076E-003   9.2307692307692299E-003   1412.5464632834678        1.0000000000000000     
   7.3076923076923076E-003   9.6153846153846159E-003   1412.6251639050752        1.0000000000000000     

   7.6923076923076927E-003   3.8461538461538462E-004   1425.9654520403644        1.0000000000000000     
   7.6923076923076927E-003   7.6923076923076923E-004   1425.8852818644214        1.0000000000000000     
   7.6923076923076927E-003   1.1538461538461537E-003   1425.8120398615595        1.0000000000000000     
   7.6923076923076927E-003   1.5384615384615385E-003   1425.7459803689737        1.0000000000000000     
   7.6923076923076927E-003   1.9230769230769232E-003   1425.6864380467530        1.0000000000000000     
   7.6923076923076927E-003   2.3076923076923075E-003   1425.6334658546218        1.0000000000000000     
   7.6923076923076927E-003   2.6923076923076922E-003   1425.5875120760038        1.0000000000000000     
   7.6923076923076927E-003   3.0769230769230769E-003   1425.5486434773723        1.0000000000000000     
   7.6923076923076927E-003   3.4615384615384616E-003   1425.5168489937694        1.0000000000000000     
   7.6923076923076927E-003   3.8461538461538464E-003   1425.4921237737292        1.0000000000000000     
   7.6923076923076927E-003   4.2307692307692307E-003   1425.4744647288737        1.0000000000000000     
   7.6923076923076927E-003   4.6153846153846149E-003   1425.4638699751922        1.0000000000000000     
   7.6923076923076927E-003   5.0000000000000001E-003   1425.4603384974903        1.0000000000000000     
   7.6923076923076927E-003   5.3846153846153844E-003   1425.4638699751920        1.0000000000000000     
   7.6923076923076927E-003   5.7692307692307696E-003   1425.4744647288728        1.0000000000000000     
   7.6923076923076927E-003   6.1538461538461538E-003   1425.4921237737292        1.0000000000000000     
   7.6923076923076927E-003   6.5384615384615381E-003   1425.5168489937694        1.0000000000000000     
   7.6923076923076927E-003   6.9230769230769233E-003   1425.5486434773720        1.0000000000000000     
   7.6923076923076927E-003   7.3076923076923076E-003   1425.5875120760036        1.0000000000000000     
   7.6923076923076927E-003   7.6923076923076927E-003   1425.6334658546218        1.0000000000000000     
   7.6923076923076927E-003   8.0769230769230770E-003   1425.6864380467530        1.0000000000000000     
   7.6923076923076927E-003   8.4615384615384613E-003   1425.7459803689728        1.0000000000000000     
   7.6923076923076927E-003   8.8461538461538456E-003   1425.8120398615590        1.0000000000000000     
   7.6923076923076927E-003   9.2307692307692299E-003   1425.8852818644214        1.0000000000000000     
   7.6923076923076927E-003   9.6153846153846159E-003   1425.9654520403635        1.0000000000000000     

   8.0769230769230770E-003   3.8461538461538462E-004   1437.1587199016624        1.0000000000000000     
   8.0769230769230770E-003   7.6923076923076923E-004   1437.0774229408501        1.0000000000000000     
   8.0769230769230770E-003   1.1538461538461537E-003   1437.0031408428135        1.0000000000000000     
   8.0769230769230770E-003   1.5384615384615385E-003   1436.9361443066941        1.0000000000000000     
   8.0769230769230770E-003   1.9230769230769232E-003   1436.8757581074410        1.0000000000000000     
   8.0769230769230770E-003   2.3076923076923075E-003   1436.8220335425385        1.0000000000000000     
   8.0769230769230770E-003   2.6923076923076922E-003   1436.7754224555285        1.0000000000000000     
   8.0769230769230770E-003   3.0769230769230769E-003   1436.7359935332997        1.0000000000000000     
   8.0769230769230770E-003   3.4615384615384616E-003   1436.7037375309203        1.0000000000000000     
   8.0769230769230770E-003   3.8461538461538464E-003   1436.6786513965912        1.0000000000000000     
   8.0769230769230770E-003   4.2307692307692307E-003   1436.6607335120705        1.0000000000000000     
   8.0769230769230770E-003   4.6153846153846149E-003   1436.6499830421299        1.0000000000000000     
   8.0769230769230770E-003   5.0000000000000001E-003   1436.6463995909960        1.0000000000000000     
   8.0769230769230770E-003   5.3846153846153844E-003   1436.6499830421299        1.0000000000000000     
   8.0769230769230770E-003   5.7692307692307696E-003   1436.6607335120700        1.0000000000000000     
   8.0769230769230770E-003   6.1538461538461538E-003   1436.6786513965908        1.0000000000000000     
   8.0769230769230770E-003   6.5384615384615381E-003   1436.7037375309203        1.0000000000000000     
   8.0769230769230770E-003   6.9230769230769233E-003   1436.7359935333002        1.0000000000000000     
   8.0769230769230770E-003   7.3076923076923076E-003   1436.7754224555279        1.0000000000000000     
   8.0769230769230770E-003   7.6923076923076927E-003   1436.8220335425378        1.0000000000000000     
   8.0769230769230770E-003   8.0769230769230770E-003   1436.8757581074410        1.0000000000000000     
   8.0769230769230770E-003   8.4615384615384613E-003   1436.9361443066937        1.0000000000000000     
   8.0769230769230770E-003   8.8461538461538456E-003   1437.0031408428126        1.0000000000000000     
   8.0769230769230770E-003   9.2307692307692299E-003   1437.0774229408494        1.0000000000000000     
   8.0769230769230770E-003   9.6153846153846159E-003   1437.1587199016622        1.0000000000000000     

   8.4615384615384613E-003   3.8461538461538462E-004   1446.1714501931979        1.0000000000000000     
   8.4615384615384613E-003   7.6923076923076923E-004   1446.0888038649332        1.0000000000000000     
   8.4615384615384613E-003   1.1538461538461537E-003   1446.0138197246044        1.0000000000000000     
   8.4615384615384613E-003   1.5384615384615385E-003   1445.9461325018603        1.0000000000000000     
   8.4615384615384613E-003   1.9230769230769232E-003   1445.8851164332082        1.0000000000000000     
   8.4615384615384613E-003   2.3076923076923075E-003   1445.8308232235586        1.0000000000000000     
   8.4615384615384613E-003   2.6923076923076922E-003   1445.7837096639796        1.0000000000000000     
   8.4615384615384613E-003   3.0769230769230769E-003   1445.7438485166010        1.0000000000000000     
   8.4615384615384613E-003   3.4615384615384616E-003   1445.7112341557947        1.0000000000000000     
   8.4615384615384613E-003   3.8461538461538464E-003   1445.6858665161265        1.0000000000000000     
   8.4615384615384613E-003   4.2307692307692307E-003   1445.6677461521610        1.0000000000000000     
   8.4615384615384613E-003   4.6153846153846149E-003   1445.6568736603890        1.0000000000000000     
   8.4615384615384613E-003   5.0000000000000001E-003   1445.6532494491541        1.0000000000000000     
   8.4615384615384613E-003   5.3846153846153844E-003   1445.6568736603890        1.0000000000000000     
   8.4615384615384613E-003   5.7692307692307696E-003   1445.6677461521608        1.0000000000000000     
   8.4615384615384613E-003   6.1538461538461538E-003   1445.6858665161265        1.0000000000000000     
   8.4615384615384613E-003   6.5384615384615381E-003   1445.7112341557954        1.0000000000000000     
   8.4615384615384613E-003   6.9230769230769233E-003   1445.7438485166010        1.0000000000000000     
   8.4615384615384613E-003   7.3076923076923076E-003   1445.7837096639805        1.0000000000000000     
   8.4615384615384613E-003   7.6923076923076927E-003   1445.8308232235581        1.0000000000000000     
   8.4615384615384613E-003   8.0769230769230770E-003   1445.8851164332073        1.0000000000000000     
   8.4615384615384613E-003   8.4615384615384613E-003   1445.9461325018597        1.0000000000000000     
   8.4615384615384613E-003   8.8461538461538456E-003   1446.0138197246035        1.0000000000000000     
   8.4615384615384613E-003   9.2307692307692299E-003   1446.0888038649325        1.0000000000000000     
   8.4615384615384613E-003   9.6153846153846159E-003   1446.1714501931972        1.0000000000000000     

   8.8461538461538456E-003   3.8461538461538462E-004   1452.9767086805271        1.0000000000000000     
   8.8461538461538456E-003   7.6923076923076923E-004   1452.8938200409327        1.0000000000000000     
   8.8461538461538456E-003   1.1538461538461537E-003   1452.8172832123860        1.0000000000000000     
   8.8461538461538456E-003   1.5384615384615385E-003   1452.7492225194128        1.0000000000000000     
   8.8461538461538456E-003   1.9230769230769232E-003   1452.6877863851701        1.0000000000000000     
   8.8461538461538456E-003   2.3076923076923075E-003   1452.6331024165581        1.0000000000000000     
   8.8461538461538456E-003   2.6923076923076922E-003   1452.5856343802309        1.0000000000000000     
   8.8461538461538456E-003   3.0769230769230769E-003   1452.5454627016920        1.0000000000000000     
   8.8461538461538456E-003   3.4615384615384616E-003   1452.5125879045047        1.0000000000000000     
   8.8461538461538456E-003   3.8461538461538464E-003   1452.4870142472716        1.0000000000000000     
   8.8461538461538456E-003   4.2307692307692307E-003   1452.4687450851061        1.0000000000000000     
   8.8461538461538456E-003   4.6153846153846149E-003   1452.4577827140454        1.0000000000000000     
   8.8461538461538456E-003   5.0000000000000001E-003   1452.4541284484010        1.0000000000000000     
   8.8461538461538456E-003   5.3846153846153844E-003   1452.4577827140454        1.0000000000000000     
   8.8461538461538456E-003   5.7692307692307696E-003   1452.4687450851072        1.0000000000000000     
   8.8461538461538456E-003   6.1538461538461538E-003   1452.4870142472723        1.0000000000000000     
   8.8461538461538456E-003   6.5384615384615381E-003   1452.5125879045047        1.0000000000000000     
   8.8461538461538456E-003   6.9230769230769233E-003   1452.5454627016916        1.0000000000000000     
   8.8461538461538456E-003   7.3076923076923076E-003   1452.5856343802309        1.0000000000000000     
   8.8461538461538456E-003   7.6923076923076927E-003   1452.6331024165581        1.0000000000000000     
   8.8461538461538456E-003   8.0769230769230770E-003   1452.6877863851701        1.0000000000000000     
   8.8461538461538456E-003   8.4615384615384613E-003   1452.7492225194135        1.0000000000000000     
   8.8461538461538456E-003   8.8461538461538456E-003   1452.8172832123855        1.0000000000000000     
   8.8461538461538456E-003   9.2307692307692299E-003   1452.8938200409320        1.0000000000000000     
   8.8461538461538456E-003   9.6153846153846159E-003   1452.9767086805257        1.0000000000000000     

   9.2307692307692299E-003   3.8461538461538462E-004   1457.5553364933796        1.0000000000000000     
   9.2307692307692299E-003   7.6923076923076923E-004   1457.4716622505307        1.0000000000000000     
   9.2307692307692299E-003   1.1538461538461537E-003   1457.3954691964357        1.0000000000000000     
   9.2307692307692299E-003   1.5384615384615385E-003   1457.3261254675851        1.0000000000000000     
   9.2307692307692299E-003   1.9230769230769232E-003   1457.2645291187825        1.0000000000000000     
   9.2307692307692299E-003   2.3076923076923075E-003   1457.2096244341469        1.0000000000000000     
   9.2307692307692299E-003   2.6923076923076922E-003   1457.1619399047293        1.0000000000000000     
   9.2307692307692299E-003   3.0769230769230769E-003   1457.1215709634146        1.0000000000000000     
   9.2307692307692299E-003   3.4615384615384616E-003   1457.0885274800701        1.0000000000000000     
   9.2307692307692299E-003   3.8461538461538464E-003   1457.0628190609734        1.0000000000000000     
   9.2307692307692299E-003   4.2307692307692307E-003   1457.0444520617887        1.0000000000000000     
   9.2307692307692299E-003   4.6153846153846149E-003   1457.0334304364219        1.0000000000000000     
   9.2307692307692299E-003   5.0000000000000001E-003   1457.0297563343695        1.0000000000000000     
   9.2307692307692299E-003   5.3846153846153844E-003   1457.0334304364217        1.0000000000000000     
   9.2307692307692299E-003   5.7692307692307696E-003   1457.0444520617891        1.0000000000000000     
   9.2307692307692299E-003   6.1538461538461538E-003   1457.0628190609737        1.0000000000000000     
   9.2307692307692299E-003   6.5384615384615381E-003   1457.0885274800703        1.0000000000000000     
   9.2307692307692299E-003   6.9230769230769233E-003   1457.1215709634153        1.0000000000000000     
   9.2307692307692299E-003   7.3076923076923076E-003   1457.1619399047293        1.0000000000000000     
   9.2307692307692299E-003   7.6923076923076927E-003   1457.2096244341474        1.0000000000000000     
   9.2307692307692299E-003   8.0769230769230770E-003   1457.2645291187825        1.0000000000000000     
   9.2307692307692299E-003   8.4615384615384613E-003   1457.3261254675856        1.0000000000000000     
   9.2307692307692299E-003   8.8461538461538456E-003   1457.3954691964352        1.0000000000000000     
   9.2307692307692299E-003   9.2307692307692299E-003   1457.4716622505293        1.0000000000000000     
   9.2307692307692299E-003   9.6153846153846159E-003   1457.5553364933778        1.0000000000000000     

   9.6153846153846159E-003   3.8461538461538462E-004   1459.8940716403906        1.0000000000000000     
   9.6153846153846159E-003   7.6923076923076923E-004   1459.8096711623575        1.0000000000000000     
   9.6153846153846159E-003   1.1538461538461537E-003   1459.7329588864811        1.0000000000000000     
   9.6153846153846159E-003   1.5384615384615385E-003   1459.6639085324855        1.0000000000000000     
   9.6153846153846159E-003   1.9230769230769232E-003   1459.6017715391154        1.0000000000000000     
   9.6153846153846159E-003   2.3076923076923075E-003   1459.5468282159998        1.0000000000000000     
   9.6153846153846159E-003   2.6923076923076922E-003   1459.4990485463120        1.0000000000000000     
   9.6153846153846159E-003   3.0769230769230769E-003   1459.4585846504658        1.0000000000000000     
   9.6153846153846159E-003   3.4615384615384616E-003   1459.4254575944592        1.0000000000000000     
   9.6153846153846159E-003   3.8461538461538464E-003   1459.3996816681870        1.0000000000000000     
   9.6153846153846159E-003   4.2307692307692307E-003   1459.3812654230987        1.0000000000000000     
   9.6153846153846159E-003   4.6153846153846149E-003   1459.3702139065992        1.0000000000000000     
   9.6153846153846159E-003   5.0000000000000001E-003   1459.3665297891202        1.0000000000000000     
   9.6153846153846159E-003   5.3846153846153844E-003   1459.3702139065988        1.0000000000000000     
   9.6153846153846159E-003   5.7692307692307696E-003   1459.3812654230987        1.0000000000000000     
   9.6153846153846159E-003   6.1538461538461538E-003   1459.3996816681870        1.0000000000000000     
   9.6153846153846159E-003   6.5384615384615381E-003   1459.4254575944603        1.0000000000000000     
   9.6153846153846159E-003   6.9230769230769233E-003   1459.4585846504665        1.0000000000000000     
   9.6153846153846159E-003   7.3076923076923076E-003   1459.4990485463122        1.0000000000000000     
   9.6153846153846159E-003   7.6923076923076927E-003   1459.5468282160004        1.0000000000000000     
   9.6153846153846159E-003   8.0769230769230770E-003   1459.6017715391154        1.0000000000000000     
   9.6153846153846159E-003   8.4615384615384613E-003   1459.6639085324853        1.0000000000000000     
   9.6153846153846159E-003   8.8461538461538456E-003   1459.7329588864811        1.0000000000000000     
   9.6153846153846159E-003   9.2307692307692299E-003   1459.8096711623575        1.0000000000000000     
   9.6153846153846159E-003   9.6153846153846159E-003   1459.8940716403904        1.0000000000000000     

