   3.8461538461538462E-004   3.8461538461538462E-004   1622.0284403646406        1.0000000000000000     
   3.8461538461538462E-004   7.6923076923076923E-004   1622.2476074513843        1.0000000000000000     
   3.8461538461538462E-004   1.1538461538461537E-003   1622.4545875499407        1.0000000000000000     
   3.8461538461538462E-004   1.5384615384615385E-003   1622.6496180097099        1.0000000000000000     
   3.8461538461538462E-004   1.9230769230769232E-003   1622.8330463549851        1.0000000000000000     
   3.8461538461538462E-004   2.3076923076923075E-003   1623.0053193415597        1.0000000000000000     
   3.8461538461538462E-004   2.6923076923076922E-003   1623.1669692529742        1.0000000000000000     
   3.8461538461538462E-004   3.0769230769230769E-003   1623.3185981492320        1.0000000000000000     
   3.8461538461538462E-004   3.4615384615384616E-003   1623.4608608864494        1.0000000000000000     
   3.8461538461538462E-004   3.8461538461538464E-003   1623.5944477976464        1.0000000000000000     
   3.8461538461538462E-004   4.2307692307692307E-003   1623.7200679623070        1.0000000000000000     
   3.8461538461538462E-004   4.6153846153846149E-003   1623.8384340043478        1.0000000000000000     
   3.8461538461538462E-004   5.0000000000000001E-003   1623.9502493628192        1.0000000000000000     
   3.8461538461538462E-004   5.3846153846153844E-003   1624.0561990107519        1.0000000000000000     
   3.8461538461538462E-004   5.7692307692307696E-003   1624.1569447167362        1.0000000000000000     
   3.8461538461538462E-004   6.1538461538461538E-003   1624.2531262705977        1.0000000000000000     
   3.8461538461538462E-004   6.5384615384615381E-003   1624.3453708760003        1.0000000000000000     
   3.8461538461538462E-004   6.9230769230769233E-003   1624.4343147037705        1.0000000000000000     
   3.8461538461538462E-004   7.3076923076923076E-003   1624.5206447538314        1.0000000000000000     
   3.8461538461538462E-004   7.6923076923076927E-003   1624.6051792926135        1.0000000000000000     
   3.8461538461538462E-004   8.0769230769230770E-003   1624.6890316766237        1.0000000000000000     
   3.8461538461538462E-004   8.4615384615384613E-003   1624.7739784720902        1.0000000000000000     
   3.8461538461538462E-004   8.8461538461538456E-003   1624.8633924003561        1.0000000000000000     
   3.8461538461538462E-004   9.2307692307692299E-003   1624.9649263403228        1.0000000000000000     
   3.8461538461538462E-004   9.6153846153846159E-003   1625.0992189213027        1.0000000000000000     

   7.6923076923076923E-004   3.8461538461538462E-004   1622.2400454934125        1.0000000000000000     
   7.6923076923076923E-004   7.6923076923076923E-004   1622.4592488538858        1.0000000000000000     
   7.6923076923076923E-004   1.1538461538461537E-003   1622.6662643467066        1.0000000000000000     
   7.6923076923076923E-004   1.5384615384615385E-003   1622.8613289978834        1.0000000000000000     
   7.6923076923076923E-004   1.9230769230769232E-003   1623.0447898374466        1.0000000000000000     
   7.6923076923076923E-004   2.3076923076923075E-003   1623.2170929423278        1.0000000000000000     
   7.6923076923076923E-004   2.6923076923076922E-003   1623.3787697094888        1.0000000000000000     
   7.6923076923076923E-004   3.0769230769230769E-003   1623.5304210669735        1.0000000000000000     
   7.6923076923076923E-004   3.4615384615384616E-003   1623.6727004331897        1.0000000000000000     
   7.6923076923076923E-004   3.8461538461538464E-003   1623.8062963016375        1.0000000000000000     
   7.6923076923076923E-004   4.2307692307692307E-003   1623.9319153574195        1.0000000000000000     
   7.6923076923076923E-004   4.6153846153846149E-003   1624.0502670290514        1.0000000000000000     
   7.6923076923076923E-004   5.0000000000000001E-003   1624.1620503561949        1.0000000000000000     
   7.6923076923076923E-004   5.3846153846153844E-003   1624.2679440314726        1.0000000000000000     
   7.6923076923076923E-004   5.7692307692307696E-003   1624.3686004843173        1.0000000000000000     
   7.6923076923076923E-004   6.1538461538461538E-003   1624.4646449655063        1.0000000000000000     
   7.6923076923076923E-004   6.5384615384615381E-003   1624.5566808294391        1.0000000000000000     
   7.6923076923076923E-004   6.9230769230769233E-003   1624.6453026598986        1.0000000000000000     
   7.6923076923076923E-004   7.3076923076923076E-003   1624.7311194482356        1.0000000000000000     
   7.6923076923076923E-004   7.6923076923076927E-003   1624.8147897019976        1.0000000000000000     
   7.6923076923076923E-004   8.0769230769230770E-003   1624.8970637858074        1.0000000000000000     
   7.6923076923076923E-004   8.4615384615384613E-003   1624.9787909461081        1.0000000000000000     
   7.6923076923076923E-004   8.8461538461538456E-003   1625.0606655686320        1.0000000000000000     
   7.6923076923076923E-004   9.2307692307692299E-003   1625.1416405311088        1.0000000000000000     
   7.6923076923076923E-004   9.6153846153846159E-003   1625.2110260671786        1.0000000000000000     

   1.1538461538461537E-003   3.8461538461538462E-004   1622.4319920472062        1.0000000000000000     
   1.1538461538461537E-003   7.6923076923076923E-004   1622.6512297010343        1.0000000000000000     
   1.1538461538461537E-003   1.1538461538461537E-003   1622.8582798914777        1.0000000000000000     
   1.1538461538461537E-003   1.5384615384615385E-003   1623.0533789720080        1.0000000000000000     
   1.1538461538461537E-003   1.9230769230769232E-003   1623.2368729488649        1.0000000000000000     
   1.1538461538461537E-003   2.3076923076923075E-003   1623.4092065010916        1.0000000000000000     
   1.1538461538461537E-003   2.6923076923076922E-003   1623.5709092143406        1.0000000000000000     
   1.1538461538461537E-003   3.0769230769230769E-003   1623.7225797267058        1.0000000000000000     
   1.1538461538461537E-003   3.4615384615384616E-003   1623.8648685824087        1.0000000000000000     
   1.1538461538461537E-003   3.8461538461538464E-003   1623.9984606479097        1.0000000000000000     
   1.1538461538461537E-003   4.2307692307692307E-003   1624.1240579605956        1.0000000000000000     
   1.1538461538461537E-003   4.6153846153846149E-003   1624.2423638539040        1.0000000000000000     
   1.1538461538461537E-003   5.0000000000000001E-003   1624.3540691380547        1.0000000000000000     
   1.1538461538461537E-003   5.3846153846153844E-003   1624.4598410156236        1.0000000000000000     
   1.1538461538461537E-003   5.7692307692307696E-003   1624.5603152732206        1.0000000000000000     
   1.1538461538461537E-003   6.1538461538461538E-003   1624.6560920892589        1.0000000000000000     
   1.1538461538461537E-003   6.5384615384615381E-003   1624.7477354421417        1.0000000000000000     
   1.1538461538461537E-003   6.9230769230769233E-003   1624.8357753164623        1.0000000000000000     
   1.1538461538461537E-003   7.3076923076923076E-003   1624.9207098959032        1.0000000000000000     
   1.1538461538461537E-003   7.6923076923076927E-003   1625.0029995103987        1.0000000000000000     
   1.1538461538461537E-003   8.0769230769230770E-003   1625.0830294438599        1.0000000000000000     
   1.1538461538461537E-003   8.4615384615384613E-003   1625.1609806923395        1.0000000000000000     
   1.1538461538461537E-003   8.8461538461538456E-003   1625.2364610720272        1.0000000000000000     
   1.1538461538461537E-003   9.2307692307692299E-003   1625.3076289912017        1.0000000000000000     
   1.1538461538461537E-003   9.6153846153846159E-003   1625.3699333531608        1.0000000000000000     

   1.5384615384615385E-003   3.8461538461538462E-004   1622.6046879631008        1.0000000000000000     
   1.5384615384615385E-003   7.6923076923076923E-004   1622.8239580454283        1.0000000000000000     
   1.5384615384615385E-003   1.1538461538461537E-003   1623.0310424108018        1.0000000000000000     
   1.5384615384615385E-003   1.5384615384615385E-003   1623.2261764209195        1.0000000000000000     
   1.5384615384615385E-003   1.9230769230769232E-003   1623.4097045769336        1.0000000000000000     
   1.5384615384615385E-003   2.3076923076923075E-003   1623.5820695123318        1.0000000000000000     
   1.5384615384615385E-003   2.6923076923076922E-003   1623.7437981791215        1.0000000000000000     
   1.5384615384615385E-003   3.0769230769230769E-003   1623.8954859137268        1.0000000000000000     
   1.5384615384615385E-003   3.4615384615384616E-003   1624.0377791607100        1.0000000000000000     
   1.5384615384615385E-003   3.8461538461538464E-003   1624.1713576821260        1.0000000000000000     
   1.5384615384615385E-003   4.2307692307692307E-003   1624.2969170815338        1.0000000000000000     
   1.5384615384615385E-003   4.6153846153846149E-003   1624.4151524219212        1.0000000000000000     
   1.5384615384615385E-003   5.0000000000000001E-003   1624.5267436130123        1.0000000000000000     
   1.5384615384615385E-003   5.3846153846153844E-003   1624.6323430772152        1.0000000000000000     
   1.5384615384615385E-003   5.7692307692307696E-003   1624.7325659527955        1.0000000000000000     
   1.5384615384615385E-003   6.1538461538461538E-003   1624.8279827018307        1.0000000000000000     
   1.5384615384615385E-003   6.5384615384615381E-003   1624.9191133290201        1.0000000000000000     
   1.5384615384615385E-003   6.9230769230769233E-003   1625.0064211972285        1.0000000000000000     
   1.5384615384615385E-003   7.3076923076923076E-003   1625.0903020452629        1.0000000000000000     
   1.5384615384615385E-003   7.6923076923076927E-003   1625.1710591380843        1.0000000000000000     
   1.5384615384615385E-003   8.0769230769230770E-003   1625.2488468552856        1.0000000000000000     
   1.5384615384615385E-003   8.4615384615384613E-003   1625.3235521639333        1.0000000000000000     
   1.5384615384615385E-003   8.8461538461538456E-003   1625.3945776670732        1.0000000000000000     
   1.5384615384615385E-003   9.2307692307692299E-003   1625.4605518024814        1.0000000000000000     
   1.5384615384615385E-003   9.6153846153846159E-003   1625.5193138575103        1.0000000000000000     

   1.9230769230769232E-003   3.8461538461538462E-004   1622.7587093956770        1.0000000000000000     
   1.9230769230769232E-003   7.6923076923076923E-004   1622.9780101970266        1.0000000000000000     
   1.9230769230769232E-003   1.1538461538461537E-003   1623.1851284442362        1.0000000000000000     
   1.9230769230769232E-003   1.5384615384615385E-003   1623.3802982289974        1.0000000000000000     
   1.9230769230769232E-003   1.9230769230769232E-003   1623.5638621317401        1.0000000000000000     
   1.9230769230769232E-003   2.3076923076923075E-003   1623.7362601889643        1.0000000000000000     
   1.9230769230769232E-003   2.6923076923076922E-003   1623.8980160330580        1.0000000000000000     
   1.9230769230769232E-003   3.0769230769230769E-003   1624.0497208787183        1.0000000000000000     
   1.9230769230769232E-003   3.4615384615384616E-003   1624.1920161164230        1.0000000000000000     
   1.9230769230769232E-003   3.8461538461538464E-003   1624.3255753153110        1.0000000000000000     
   1.9230769230769232E-003   4.2307692307692307E-003   1624.4510864276644        1.0000000000000000     
   1.9230769230769232E-003   4.6153846153846149E-003   1624.5692349205697        1.0000000000000000     
   1.9230769230769232E-003   5.0000000000000001E-003   1624.6806884314503        1.0000000000000000     
   1.9230769230769232E-003   5.3846153846153844E-003   1624.7860833422631        1.0000000000000000     
   1.9230769230769232E-003   5.7692307692307696E-003   1624.8860133694322        1.0000000000000000     
   1.9230769230769232E-003   6.1538461538461538E-003   1624.9810198270131        1.0000000000000000     
   1.9230769230769232E-003   6.5384615384615381E-003   1625.0715825528303        1.0000000000000000     
   1.9230769230769232E-003   6.9230769230769233E-003   1625.1581094464902        1.0000000000000000     
   1.9230769230769232E-003   7.3076923076923076E-003   1625.2409209609893        1.0000000000000000     
   1.9230769230769232E-003   7.6923076923076927E-003   1625.3202236229163        1.0000000000000000     
   1.9230769230769232E-003   8.0769230769230770E-003   1625.3960643614366        1.0000000000000000     
   1.9230769230769232E-003   8.4615384615384613E-003   1625.4682583869151        1.0000000000000000     
   1.9230769230769232E-003   8.8461538461538456E-003   1625.5362980087089        1.0000000000000000     
   1.9230769230769232E-003   9.2307692307692299E-003   1625.5993010609752        1.0000000000000000     
   1.9230769230769232E-003   9.6153846153846159E-003   1625.6561631698057        1.0000000000000000     

   2.3076923076923075E-003   3.8461538461538462E-004   1622.8947584447153        1.0000000000000000     
   2.3076923076923075E-003   7.6923076923076923E-004   1623.1140884314582        1.0000000000000000     
   2.3076923076923075E-003   1.1538461538461537E-003   1623.3212405194979        1.0000000000000000     
   2.3076923076923075E-003   1.5384615384615385E-003   1623.5164473005229        1.0000000000000000     
   2.3076923076923075E-003   1.9230769230769232E-003   1623.7000490951593        1.0000000000000000     
   2.3076923076923075E-003   2.3076923076923075E-003   1623.8724829021980        1.0000000000000000     
   2.3076923076923075E-003   2.6923076923076922E-003   1624.0342685025903        1.0000000000000000     
   2.3076923076923075E-003   3.0769230769230769E-003   1624.1859923811858        1.0000000000000000     
   2.3076923076923075E-003   3.4615384615384616E-003   1624.3282902115202        1.0000000000000000     
   2.3076923076923075E-003   3.8461538461538464E-003   1624.4618286857271        1.0000000000000000     
   2.3076923076923075E-003   4.2307692307692307E-003   1624.5872874549923        1.0000000000000000     
   2.3076923076923075E-003   4.6153846153846149E-003   1624.7053418715254        1.0000000000000000     
   2.3076923076923075E-003   5.0000000000000001E-003   1624.8166470859535        1.0000000000000000     
   2.3076923076923075E-003   5.3846153846153844E-003   1624.9218238473220        1.0000000000000000     
   2.3076923076923075E-003   5.7692307692307696E-003   1625.0214460639900        1.0000000000000000     
   2.3076923076923075E-003   6.1538461538461538E-003   1625.1160297929678        1.0000000000000000     
   2.3076923076923075E-003   6.5384615384615381E-003   1625.2060228075345        1.0000000000000000     
   2.3076923076923075E-003   6.9230769230769233E-003   1625.2917932357739        1.0000000000000000     
   2.3076923076923075E-003   7.3076923076923076E-003   1625.3736150319066        1.0000000000000000     
   2.3076923076923075E-003   7.6923076923076927E-003   1625.4516475611356        1.0000000000000000     
   2.3076923076923075E-003   8.0769230769230770E-003   1625.5259073364750        1.0000000000000000     
   2.3076923076923075E-003   8.4615384615384613E-003   1625.5962342976720        1.0000000000000000     
   2.3076923076923075E-003   8.8461538461538456E-003   1625.6622671330581        1.0000000000000000     
   2.3076923076923075E-003   9.2307692307692299E-003   1625.7234651634144        1.0000000000000000     
   2.3076923076923075E-003   9.6153846153846159E-003   1625.7792356027344        1.0000000000000000     

   2.6923076923076922E-003   3.8461538461538462E-004   1623.0136111523420        1.0000000000000000     
   2.6923076923076922E-003   7.6923076923076923E-004   1623.2329689648238        1.0000000000000000     
   2.6923076923076922E-003   1.1538461538461537E-003   1623.4401550898028        1.0000000000000000     
   2.6923076923076922E-003   1.5384615384615385E-003   1623.6354004404245        1.0000000000000000     
   2.6923076923076922E-003   1.9230769230769232E-003   1623.8190428191447        1.0000000000000000     
   2.6923076923076922E-003   2.3076923076923075E-003   1623.9915158611539        1.0000000000000000     
   2.6923076923076922E-003   2.6923076923076922E-003   1624.1533351205280        1.0000000000000000     
   2.6923076923076922E-003   3.0769230769230769E-003   1624.3050819530915        1.0000000000000000     
   2.6923076923076922E-003   3.4615384615384616E-003   1624.4473859299944        1.0000000000000000     
   2.6923076923076922E-003   3.8461538461538464E-003   1624.5809065505259        1.0000000000000000     
   2.6923076923076922E-003   4.2307692307692307E-003   1624.7063150044389        1.0000000000000000     
   2.6923076923076922E-003   4.6153846153846149E-003   1624.8242766598660        1.0000000000000000     
   2.6923076923076922E-003   5.0000000000000001E-003   1624.9354348207573        1.0000000000000000     
   2.6923076923076922E-003   5.3846153846153844E-003   1625.0403961066920        1.0000000000000000     
   2.6923076923076922E-003   5.7692307692307696E-003   1625.1397175574702        1.0000000000000000     
   2.6923076923076922E-003   6.1538461538461538E-003   1625.2338952591199        1.0000000000000000     
   2.6923076923076922E-003   6.5384615384615381E-003   1625.3233539438538        1.0000000000000000     
   2.6923076923076922E-003   6.9230769230769233E-003   1625.4084366883490        1.0000000000000000     
   2.6923076923076922E-003   7.3076923076923076E-003   1625.4893936669682        1.0000000000000000     
   2.6923076923076922E-003   7.6923076923076927E-003   1625.5663692402359        1.0000000000000000     
   2.6923076923076922E-003   8.0769230769230770E-003   1625.6393881201159        1.0000000000000000     
   2.6923076923076922E-003   8.4615384615384613E-003   1625.7083449349575        1.0000000000000000     
   2.6923076923076922E-003   8.8461538461538456E-003   1625.7730079418677        1.0000000000000000     
   2.6923076923076922E-003   9.2307692307692299E-003   1625.8330550194219        1.0000000000000000     
   2.6923076923076922E-003   9.6153846153846159E-003   1625.8881589384705        1.0000000000000000     

   3.0769230769230769E-003   3.8461538461538462E-004   1623.1160591644543        1.0000000000000000     
   3.0769230769230769E-003   7.6923076923076923E-004   1623.3354435920799        1.0000000000000000     
   3.0769230769230769E-003   1.1538461538461537E-003   1623.5426641346739        1.0000000000000000     
   3.0769230769230769E-003   1.5384615384615385E-003   1623.7379498993414        1.0000000000000000     
   3.0769230769230769E-003   1.9230769230769232E-003   1623.9216359910286        1.0000000000000000     
   3.0769230769230769E-003   2.3076923076923075E-003   1624.0941524656082        1.0000000000000000     
   3.0769230769230769E-003   2.6923076923076922E-003   1624.2560104208778        1.0000000000000000     
   3.0769230769230769E-003   3.0769230769230769E-003   1624.4077858728376        1.0000000000000000     
   3.0769230769230769E-003   3.4615384615384616E-003   1624.5501021439468        1.0000000000000000     
   3.0769230769230769E-003   3.8461538461538464E-003   1624.6836115247036        1.0000000000000000     
   3.0769230769230769E-003   4.2307692307692307E-003   1624.8089769537453        1.0000000000000000     
   3.0769230769230769E-003   4.6153846153846149E-003   1624.9268543929015        1.0000000000000000     
   3.0769230769230769E-003   5.0000000000000001E-003   1625.0378764536138        1.0000000000000000     
   3.0769230769230769E-003   5.3846153846153844E-003   1625.1426376637291        1.0000000000000000     
   3.0769230769230769E-003   5.7692307692307696E-003   1625.2416815578281        1.0000000000000000     
   3.0769230769230769E-003   6.1538461538461538E-003   1625.3354895471332        1.0000000000000000     
   3.0769230769230769E-003   6.5384615384615381E-003   1625.4244713114947        1.0000000000000000     
   3.0769230769230769E-003   6.9230769230769233E-003   1625.5089563233632        1.0000000000000000     
   3.0769230769230769E-003   7.3076923076923076E-003   1625.5891861879059        1.0000000000000000     
   3.0769230769230769E-003   7.6923076923076927E-003   1625.6653079738151        1.0000000000000000     
   3.0769230769230769E-003   8.0769230769230770E-003   1625.7373698982160        1.0000000000000000     
   3.0769230769230769E-003   8.4615384615384613E-003   1625.8053228196309        1.0000000000000000     
   3.0769230769230769E-003   8.8461538461538456E-003   1625.8690336165544        1.0000000000000000     
   3.0769230769230769E-003   9.2307692307692299E-003   1625.9283177599364        1.0000000000000000     
   3.0769230769230769E-003   9.6153846153846159E-003   1625.9829938964665        1.0000000000000000     

   3.4615384615384616E-003   3.8461538461538462E-004   1623.2028488730941        1.0000000000000000     
   3.4615384615384616E-003   7.6923076923076923E-004   1623.4222588078262        1.0000000000000000     
   3.4615384615384616E-003   1.1538461538461537E-003   1623.6295142468057        1.0000000000000000     
   3.4615384615384616E-003   1.5384615384615385E-003   1623.8248424114754        1.0000000000000000     
   3.4615384615384616E-003   1.9230769230769232E-003   1624.0085756028200        1.0000000000000000     
   3.4615384615384616E-003   2.3076923076923075E-003   1624.1811401809675        1.0000000000000000     
   3.4615384615384616E-003   2.6923076923076922E-003   1624.3430426854600        1.0000000000000000     
   3.4615384615384616E-003   3.0769230769230769E-003   1624.4948537391372        1.0000000000000000     
   3.4615384615384616E-003   3.4615384615384616E-003   1624.6371904582968        1.0000000000000000     
   3.4615384615384616E-003   3.8461538461538464E-003   1624.7706981282261        1.0000000000000000     
   3.4615384615384616E-003   4.2307692307692307E-003   1624.8960318910188        1.0000000000000000     
   3.4615384615384616E-003   4.6153846153846149E-003   1625.0138391316427        1.0000000000000000     
   3.4615384615384616E-003   5.0000000000000001E-003   1625.1247431419292        1.0000000000000000     
   3.4615384615384616E-003   5.3846153846153844E-003   1625.2293284978211        1.0000000000000000     
   3.4615384615384616E-003   5.7692307692307696E-003   1625.3281284161453        1.0000000000000000     
   3.4615384615384616E-003   6.1538461538461538E-003   1625.4216141851039        1.0000000000000000     
   3.4615384615384616E-003   6.5384615384615381E-003   1625.5101866230284        1.0000000000000000     
   3.4615384615384616E-003   6.9230769230769233E-003   1625.5941694682037        1.0000000000000000     
   3.4615384615384616E-003   7.3076923076923076E-003   1625.6738047192184        1.0000000000000000     
   3.4615384615384616E-003   7.6923076923076927E-003   1625.7492503283738        1.0000000000000000     
   3.4615384615384616E-003   8.0769230769230770E-003   1625.8205813700076        1.0000000000000000     
   3.4615384615384616E-003   8.4615384615384613E-003   1625.8877967776268        1.0000000000000000     
   3.4615384615384616E-003   8.8461538461538456E-003   1625.9508344928138        1.0000000000000000     
   3.4615384615384616E-003   9.2307692307692299E-003   1626.0095972729148        1.0000000000000000     
   3.4615384615384616E-003   9.6153846153846159E-003   1626.0639878996317        1.0000000000000000     

   3.8461538461538464E-003   3.8461538461538462E-004   1623.2746220387646        1.0000000000000000     
   3.8461538461538464E-003   7.6923076923076923E-004   1623.4940564102371        1.0000000000000000     
   3.8461538461538464E-003   1.1538461538461537E-003   1623.7013472087435        1.0000000000000000     
   3.8461538461538464E-003   1.5384615384615385E-003   1623.8967197332606        1.0000000000000000     
   3.8461538461538464E-003   1.9230769230769232E-003   1624.0805034384257        1.0000000000000000     
   3.8461538461538464E-003   2.3076923076923075E-003   1624.2531209571389        1.0000000000000000     
   3.8461538461538464E-003   2.6923076923076922E-003   1624.4150742736531        1.0000000000000000     
   3.8461538461538464E-003   3.0769230769230769E-003   1624.5669286873044        1.0000000000000000     
   3.8461538461538464E-003   3.4615384615384616E-003   1624.7092952877406        1.0000000000000000     
   3.8461538461538464E-003   3.8461538461538464E-003   1624.8428127014236        1.0000000000000000     
   3.8461538461538464E-003   4.2307692307692307E-003   1624.9681288615436        1.0000000000000000     
   3.8461538461538464E-003   4.6153846153846149E-003   1625.0858835002962        1.0000000000000000     
   3.8461538461538464E-003   5.0000000000000001E-003   1625.1966919682202        1.0000000000000000     
   3.8461538461538464E-003   5.3846153846153844E-003   1625.3011308588793        1.0000000000000000     
   3.8461538461538464E-003   5.7692307692307696E-003   1625.3997257726887        1.0000000000000000     
   3.8461538461538464E-003   6.1538461538461538E-003   1625.4929414118747        1.0000000000000000     
   3.8461538461538464E-003   6.5384615384615381E-003   1625.5811740885299        1.0000000000000000     
   3.8461538461538464E-003   6.9230769230769233E-003   1625.6647466870049        1.0000000000000000     
   3.8461538461538464E-003   7.3076923076923076E-003   1625.7439061928042        1.0000000000000000     
   3.8461538461538464E-003   7.6923076923076927E-003   1625.8188241141015        1.0000000000000000     
   3.8461538461538464E-003   8.0769230769230770E-003   1625.8896004615540        1.0000000000000000     
   3.8461538461538464E-003   8.4615384615384613E-003   1625.9562722847825        1.0000000000000000     
   3.8461538461538464E-003   8.8461538461538456E-003   1626.0188277613765        1.0000000000000000     
   3.8461538461538464E-003   9.2307692307692299E-003   1626.0772259741448        1.0000000000000000     
   3.8461538461538464E-003   9.6153846153846159E-003   1626.1314203577890        1.0000000000000000     

   4.2307692307692307E-003   3.8461538461538462E-004   1623.3318618198732        1.0000000000000000     
   4.2307692307692307E-003   7.6923076923076923E-004   1623.5513195166707        1.0000000000000000     
   4.2307692307692307E-003   1.1538461538461537E-003   1623.7586459897848        1.0000000000000000     
   4.2307692307692307E-003   1.5384615384615385E-003   1623.9540646158191        1.0000000000000000     
   4.2307692307692307E-003   1.9230769230769232E-003   1624.1379020148006        1.0000000000000000     
   4.2307692307692307E-003   2.3076923076923075E-003   1624.3105771305272        1.0000000000000000     
   4.2307692307692307E-003   2.6923076923076922E-003   1624.4725874771659        1.0000000000000000     
   4.2307692307692307E-003   3.0769230769230769E-003   1624.6244931904512        1.0000000000000000     
   4.2307692307692307E-003   3.4615384615384616E-003   1624.7668996036741        1.0000000000000000     
   4.2307692307692307E-003   3.8461538461538464E-003   1624.9004391100705        1.0000000000000000     
   4.2307692307692307E-003   4.2307692307692307E-003   1625.0257530697543        1.0000000000000000     
   4.2307692307692307E-003   4.6153846153846149E-003   1625.1434744725213        1.0000000000000000     
   4.2307692307692307E-003   5.0000000000000001E-003   1625.2542119825814        1.0000000000000000     
   4.2307692307692307E-003   5.3846153846153844E-003   1625.3585358765533        1.0000000000000000     
   4.2307692307692307E-003   5.7692307692307696E-003   1625.4569662549218        1.0000000000000000     
   4.2307692307692307E-003   6.1538461538461538E-003   1625.5499637772652        1.0000000000000000     
   4.2307692307692307E-003   6.5384615384615381E-003   1625.6379230644011        1.0000000000000000     
   4.2307692307692307E-003   6.9230769230769233E-003   1625.7211688493637        1.0000000000000000     
   4.2307692307692307E-003   7.3076923076923076E-003   1625.7999549627664        1.0000000000000000     
   4.2307692307692307E-003   7.6923076923076927E-003   1625.8744663080706        1.0000000000000000     
   4.2307692307692307E-003   8.0769230769230770E-003   1625.9448240811573        1.0000000000000000     
   4.2307692307692307E-003   8.4615384615384613E-003   1626.0110945131646        1.0000000000000000     
   4.2307692307692307E-003   8.8461538461538456E-003   1626.0733011855066        1.0000000000000000     
   4.2307692307692307E-003   9.2307692307692299E-003   1626.1314402762257        1.0000000000000000     
   4.2307692307692307E-003   9.6153846153846159E-003   1626.1854968933728        1.0000000000000000     

   4.6153846153846149E-003   3.8461538461538462E-004   1623.3748478149789        1.0000000000000000     
   4.6153846153846149E-003   7.6923076923076923E-004   1623.5943275974194        1.0000000000000000     
   4.6153846153846149E-003   1.1538461538461537E-003   1623.8016897704877        1.0000000000000000     
   4.6153846153846149E-003   1.5384615384615385E-003   1623.9971558193965        1.0000000000000000     
   4.6153846153846149E-003   1.9230769230769232E-003   1624.1810495856571        1.0000000000000000     
   4.6153846153846149E-003   2.3076923076923075E-003   1624.3537864172249        1.0000000000000000     
   4.6153846153846149E-003   2.6923076923076922E-003   1624.5158595052335        1.0000000000000000     
   4.6153846153846149E-003   3.0769230769230769E-003   1624.6678240441665        1.0000000000000000     
   4.6153846153846149E-003   3.4615384615384616E-003   1624.8102799353110        1.0000000000000000     
   4.6153846153846149E-003   3.8461538461538464E-003   1624.9438537967442        1.0000000000000000     
   4.6153846153846149E-003   4.2307692307692307E-003   1625.0691810429876        1.0000000000000000     
   4.6153846153846149E-003   4.6153846153846149E-003   1625.1868887551702        1.0000000000000000     
   4.6153846153846149E-003   5.0000000000000001E-003   1625.2975799831136        1.0000000000000000     
   4.6153846153846149E-003   5.3846153846153844E-003   1625.4018200123335        1.0000000000000000     
   4.6153846153846149E-003   5.7692307692307696E-003   1625.5001250031314        1.0000000000000000     
   4.6153846153846149E-003   6.1538461538461538E-003   1625.5929532799089        1.0000000000000000     
   4.6153846153846149E-003   6.5384615384615381E-003   1625.6806994322599        1.0000000000000000     
   4.6153846153846149E-003   6.9230769230769233E-003   1625.7636912993844        1.0000000000000000     
   4.6153846153846149E-003   7.3076923076923076E-003   1625.8421898536901        1.0000000000000000     
   4.6153846153846149E-003   7.6923076923076927E-003   1625.9163919710661        1.0000000000000000     
   4.6153846153846149E-003   8.0769230769230770E-003   1625.9864360426582        1.0000000000000000     
   4.6153846153846149E-003   8.4615384615384613E-003   1626.0524102832367        1.0000000000000000     
   4.6153846153846149E-003   8.8461538461538456E-003   1626.1143633395761        1.0000000000000000     
   4.6153846153846149E-003   9.2307692307692299E-003   1626.1723163355894        1.0000000000000000     
   4.6153846153846149E-003   9.6153846153846159E-003   1626.2262748555879        1.0000000000000000     

   5.0000000000000001E-003   3.8461538461538462E-004   1623.4036231723462        1.0000000000000000     
   5.0000000000000001E-003   7.6923076923076923E-004   1623.6231235823811        1.0000000000000000     
   5.0000000000000001E-003   1.1538461538461537E-003   1623.8305210495298        1.0000000000000000     
   5.0000000000000001E-003   1.5384615384615385E-003   1624.0260352239527        1.0000000000000000     
   5.0000000000000001E-003   1.9230769230769232E-003   1624.2099872603455        1.0000000000000000     
   5.0000000000000001E-003   2.3076923076923075E-003   1624.3827890467871        1.0000000000000000     
   5.0000000000000001E-003   2.6923076923076922E-003   1624.5449296435597        1.0000000000000000     
   5.0000000000000001E-003   3.0769230769230769E-003   1624.6969595672711        1.0000000000000000     
   5.0000000000000001E-003   3.4615384615384616E-003   1624.8394736393641        1.0000000000000000     
   5.0000000000000001E-003   3.8461538461538464E-003   1624.9730931630377        1.0000000000000000     
   5.0000000000000001E-003   4.2307692307692307E-003   1625.0984481946887        1.0000000000000000     
   5.0000000000000001E-003   4.6153846153846149E-003   1625.2161606366535        1.0000000000000000     
   5.0000000000000001E-003   5.0000000000000001E-003   1625.3268288016823        1.0000000000000000     
   5.0000000000000001E-003   5.3846153846153844E-003   1625.4310139938175        1.0000000000000000     
   5.0000000000000001E-003   5.7692307692307696E-003   1625.5292295248985        1.0000000000000000     
   5.0000000000000001E-003   6.1538461538461538E-003   1625.6219324526169        1.0000000000000000     
   5.0000000000000001E-003   6.5384615384615381E-003   1625.7095181965810        1.0000000000000000     
   5.0000000000000001E-003   6.9230769230769233E-003   1625.7923180729013        1.0000000000000000     
   5.0000000000000001E-003   7.3076923076923076E-003   1625.8705996893239        1.0000000000000000     
   5.0000000000000001E-003   7.6923076923076927E-003   1625.9445700557358        1.0000000000000000     
   5.0000000000000001E-003   8.0769230769230770E-003   1626.0143811694952        1.0000000000000000     
   5.0000000000000001E-003   8.4615384615384613E-003   1626.0801376992781        1.0000000000000000     
   5.0000000000000001E-003   8.8461538461538456E-003   1626.1419061817389        1.0000000000000000     
   5.0000000000000001E-003   9.2307692307692299E-003   1626.1997248541095        1.0000000000000000     
   5.0000000000000001E-003   9.6153846153846159E-003   1626.2536129284392        1.0000000000000000     

   5.3846153846153844E-003   3.8461538461538462E-004   1623.4179760747047        1.0000000000000000     
   5.3846153846153844E-003   7.6923076923076923E-004   1623.6374953484799        1.0000000000000000     
   5.3846153846153844E-003   1.1538461538461537E-003   1623.8449271400459        1.0000000000000000     
   5.3846153846153844E-003   1.5384615384615385E-003   1624.0404893414702        1.0000000000000000     
   5.3846153846153844E-003   1.9230769230769232E-003   1624.2245005406730        1.0000000000000000     
   5.3846153846153844E-003   2.3076923076923075E-003   1624.3973693346020        1.0000000000000000     
   5.3846153846153844E-003   2.6923076923076922E-003   1624.5595808774121        1.0000000000000000     
   5.3846153846153844E-003   3.0769230769230769E-003   1624.7116812971885        1.0000000000000000     
   5.3846153846153844E-003   3.4615384615384616E-003   1624.8542606988456        1.0000000000000000     
   5.3846153846153844E-003   3.8461538461538464E-003   1624.9879355167393        1.0000000000000000     
   5.3846153846153844E-003   4.2307692307692307E-003   1625.1133309839138        1.0000000000000000     
   5.3846153846153844E-003   4.6153846153846149E-003   1625.2310644471402        1.0000000000000000     
   5.3846153846153844E-003   5.0000000000000001E-003   1625.3417301818929        1.0000000000000000     
   5.3846153846153844E-003   5.3846153846153844E-003   1625.4458862559400        1.0000000000000000     
   5.3846153846153844E-003   5.7692307692307696E-003   1625.5440438628914        1.0000000000000000     
   5.3846153846153844E-003   6.1538461538461538E-003   1625.6366594079373        1.0000000000000000     
   5.3846153846153844E-003   6.5384615384615381E-003   1625.7241294867479        1.0000000000000000     
   5.3846153846153844E-003   6.9230769230769233E-003   1625.8067887630871        1.0000000000000000     
   5.3846153846153844E-003   7.3076923076923076E-003   1625.8849106249399        1.0000000000000000     
   5.3846153846153844E-003   7.6923076923076927E-003   1625.9587103803901        1.0000000000000000     
   5.3846153846153844E-003   8.0769230769230770E-003   1626.0283506343335        1.0000000000000000     
   5.3846153846153844E-003   8.4615384615384613E-003   1626.0939483522541        1.0000000000000000     
   5.3846153846153844E-003   8.8461538461538456E-003   1626.1555829589695        1.0000000000000000     
   5.3846153846153844E-003   9.2307692307692299E-003   1626.2133046477657        1.0000000000000000     
   5.3846153846153844E-003   9.6153846153846159E-003   1626.2671419309281        1.0000000000000000     

   5.7692307692307696E-003   3.8461538461538462E-004   1623.4174370119915        1.0000000000000000     
   5.7692307692307696E-003   7.6923076923076923E-004   1623.6369730001938        1.0000000000000000     
   5.7692307692307696E-003   1.1538461538461537E-003   1623.8444374666087        1.0000000000000000     
   5.7692307692307696E-003   1.5384615384615385E-003   1624.0400466389685        1.0000000000000000     
   5.7692307692307696E-003   1.9230769230769232E-003   1624.2241166811448        1.0000000000000000     
   5.7692307692307696E-003   2.3076923076923075E-003   1624.3970530930944        1.0000000000000000     
   5.7692307692307696E-003   2.6923076923076922E-003   1624.5593373713418        1.0000000000000000     
   5.7692307692307696E-003   3.0769230769230769E-003   1624.7115115613053        1.0000000000000000     
   5.7692307692307696E-003   3.4615384615384616E-003   1624.8541614169212        1.0000000000000000     
   5.7692307692307696E-003   3.8461538461538464E-003   1624.9878989293186        1.0000000000000000     
   5.7692307692307696E-003   4.2307692307692307E-003   1625.1133449903259        1.0000000000000000     
   5.7692307692307696E-003   4.6153846153846149E-003   1625.2311129194513        1.0000000000000000     
   5.7692307692307696E-003   5.0000000000000001E-003   1625.3417935081145        1.0000000000000000     
   5.7692307692307696E-003   5.3846153846153844E-003   1625.4459421287527        1.0000000000000000     
   5.7692307692307696E-003   5.7692307692307696E-003   1625.5440683263428        1.0000000000000000     
   5.7692307692307696E-003   6.1538461538461538E-003   1625.6366281654693        1.0000000000000000     
   5.7692307692307696E-003   6.5384615384615381E-003   1625.7240194556712        1.0000000000000000     
   5.7692307692307696E-003   6.9230769230769233E-003   1625.8065798294963        1.0000000000000000     
   5.7692307692307696E-003   7.3076923076923076E-003   1625.8845875061768        1.0000000000000000     
   5.7692307692307696E-003   7.6923076923076927E-003   1625.9582644408665        1.0000000000000000     
   5.7692307692307696E-003   8.0769230769230770E-003   1626.0277814332001        1.0000000000000000     
   5.7692307692307696E-003   8.4615384615384613E-003   1626.0932646472031        1.0000000000000000     
   5.7692307692307696E-003   8.8461538461538456E-003   1626.1548028788459        1.0000000000000000     
   5.7692307692307696E-003   9.2307692307692299E-003   1626.2124548102192        1.0000000000000000     
   5.7692307692307696E-003   9.6153846153846159E-003   1626.2662554378398        1.0000000000000000     

   6.1538461538461538E-003   3.8461538461538462E-004   1623.4012922669679        1.0000000000000000     
   6.1538461538461538E-003   7.6923076923076923E-004   1623.6208423674045        1.0000000000000000     
   6.1538461538461538E-003   1.1538461538461537E-003   1623.8283370856002        1.0000000000000000     
   6.1538461538461538E-003   1.5384615384615385E-003   1624.0239910925923        1.0000000000000000     
   6.1538461538461538E-003   1.9230769230769232E-003   1624.2081182894210        1.0000000000000000     
   6.1538461538461538E-003   2.3076923076923075E-003   1624.3811212934258        1.0000000000000000     
   6.1538461538461538E-003   2.6923076923076922E-003   1624.5434782101722        1.0000000000000000     
   6.1538461538461538E-003   3.0769230769230769E-003   1624.6957273196253        1.0000000000000000     
   6.1538461538461538E-003   3.4615384615384616E-003   1624.8384503891893        1.0000000000000000     
   6.1538461538461538E-003   3.8461538461538464E-003   1624.9722553725353        1.0000000000000000     
   6.1538461538461538E-003   4.2307692307692307E-003   1625.0977592573190        1.0000000000000000     
   6.1538461538461538E-003   4.6153846153846149E-003   1625.2155717877158        1.0000000000000000     
   6.1538461538461538E-003   5.0000000000000001E-003   1625.3262807126300        1.0000000000000000     
   6.1538461538461538E-003   5.3846153846153844E-003   1625.4304391029434        1.0000000000000000     
   6.1538461538461538E-003   5.7692307692307696E-003   1625.5285551487532        1.0000000000000000     
   6.1538461538461538E-003   6.1538461538461538E-003   1625.6210846988499        1.0000000000000000     
   6.1538461538461538E-003   6.5384615384615381E-003   1625.7084266481265        1.0000000000000000     
   6.1538461538461538E-003   6.9230769230769233E-003   1625.7909211225115        1.0000000000000000     
   6.1538461538461538E-003   7.3076923076923076E-003   1625.8688502616087        1.0000000000000000     
   6.1538461538461538E-003   7.6923076923076927E-003   1625.9424412610240        1.0000000000000000     
   6.1538461538461538E-003   8.0769230769230770E-003   1626.0118712124947        1.0000000000000000     
   6.1538461538461538E-003   8.4615384615384613E-003   1626.0772731729644        1.0000000000000000     
   6.1538461538461538E-003   8.8461538461538456E-003   1626.1387428093642        1.0000000000000000     
   6.1538461538461538E-003   9.2307692307692299E-003   1626.1963449144112        1.0000000000000000     
   6.1538461538461538E-003   9.6153846153846159E-003   1626.2501190871715        1.0000000000000000     

   6.5384615384615381E-003   3.8461538461538462E-004   1623.3686130199881        1.0000000000000000     
   6.5384615384615381E-003   7.6923076923076923E-004   1623.5881741260614        1.0000000000000000     
   6.5384615384615381E-003   1.1538461538461537E-003   1623.7956958329407        1.0000000000000000     
   6.5384615384615381E-003   1.5384615384615385E-003   1623.9913913743198        1.0000000000000000     
   6.5384615384615381E-003   1.9230769230769232E-003   1624.1755725651087        1.0000000000000000     
   6.5384615384615381E-003   2.3076923076923075E-003   1624.3486393712494        1.0000000000000000     
   6.5384615384615381E-003   2.6923076923076922E-003   1624.5110667889630        1.0000000000000000     
   6.5384615384615381E-003   3.0769230769230769E-003   1624.6633896591666        1.0000000000000000     
   6.5384615384615381E-003   3.4615384615384616E-003   1624.8061861263054        1.0000000000000000     
   6.5384615384615381E-003   3.8461538461538464E-003   1624.9400604969176        1.0000000000000000     
   6.5384615384615381E-003   4.2307692307692307E-003   1625.0656262572954        1.0000000000000000     
   6.5384615384615381E-003   4.6153846153846149E-003   1625.1834899721673        1.0000000000000000     
   6.5384615384615381E-003   5.0000000000000001E-003   1625.2942367106873        1.0000000000000000     
   6.5384615384615381E-003   5.3846153846153844E-003   1625.3984175373703        1.0000000000000000     
   6.5384615384615381E-003   5.7692307692307696E-003   1625.4965394713802        1.0000000000000000     
   6.5384615384615381E-003   6.1538461538461538E-003   1625.5890581657879        1.0000000000000000     
   6.5384615384615381E-003   6.5384615384615381E-003   1625.6763733982723        1.0000000000000000     
   6.5384615384615381E-003   6.9230769230769233E-003   1625.7588273043509        1.0000000000000000     
   6.5384615384615381E-003   7.3076923076923076E-003   1625.8367051316347        1.0000000000000000     
   6.5384615384615381E-003   7.6923076923076927E-003   1625.9102381550115        1.0000000000000000     
   6.5384615384615381E-003   8.0769230769230770E-003   1625.9796082737594        1.0000000000000000     
   6.5384615384615381E-003   8.4615384615384613E-003   1626.0449537175623        1.0000000000000000     
   6.5384615384615381E-003   8.8461538461538456E-003   1626.1063752255106        1.0000000000000000     
   6.5384615384615381E-003   9.2307692307692299E-003   1626.1639420384049        1.0000000000000000     
   6.5384615384615381E-003   9.6153846153846159E-003   1626.2176970698035        1.0000000000000000     

   6.9230769230769233E-003   3.8461538461538462E-004   1623.3182984937355        1.0000000000000000     
   6.9230769230769233E-003   7.6923076923076923E-004   1623.5378669615634        1.0000000000000000     
   6.9230769230769233E-003   1.1538461538461537E-003   1623.7454115175015        1.0000000000000000     
   6.9230769230769233E-003   1.5384615384615385E-003   1623.9411440873323        1.0000000000000000     
   6.9230769230769233E-003   1.9230769230769232E-003   1624.1253745899605        1.0000000000000000     
   6.9230769230769233E-003   2.3076923076923075E-003   1624.2985005857875        1.0000000000000000     
   6.9230769230769233E-003   2.6923076923076922E-003   1624.4609942565780        1.0000000000000000     
   6.9230769230769233E-003   3.0769230769230769E-003   1624.6133873394790        1.0000000000000000     
   6.9230769230769233E-003   3.4615384615384616E-003   1624.7562547207697        1.0000000000000000     
   6.9230769230769233E-003   3.8461538461538464E-003   1624.8901974406731        1.0000000000000000     
   6.9230769230769233E-003   4.2307692307692307E-003   1625.0158258642150        1.0000000000000000     
   6.9230769230769233E-003   4.6153846153846149E-003   1625.1337437353875        1.0000000000000000     
   6.9230769230769233E-003   5.0000000000000001E-003   1625.2445337556078        1.0000000000000000     
   6.9230769230769233E-003   5.3846153846153844E-003   1625.3487452179954        1.0000000000000000     
   6.9230769230769233E-003   5.7692307692307696E-003   1625.4468840933405        1.0000000000000000     
   6.9230769230769233E-003   6.1538461538461538E-003   1625.5394058102122        1.0000000000000000     
   6.9230769230769233E-003   6.5384615384615381E-003   1625.6267108093152        1.0000000000000000     
   6.9230769230769233E-003   6.9230769230769233E-003   1625.7091427902319        1.0000000000000000     
   6.9230769230769233E-003   7.3076923076923076E-003   1625.7869894152866        1.0000000000000000     
   6.9230769230769233E-003   7.6923076923076927E-003   1625.8604850984891        1.0000000000000000     
   6.9230769230769233E-003   8.0769230769230770E-003   1625.9298153939369        1.0000000000000000     
   6.9230769230769233E-003   8.4615384615384613E-003   1625.9951224140470        1.0000000000000000     
   6.9230769230769233E-003   8.8461538461538456E-003   1626.0565106595200        1.0000000000000000     
   6.9230769230769233E-003   9.2307692307692299E-003   1626.1140526356262        1.0000000000000000     
   6.9230769230769233E-003   9.6153846153846159E-003   1626.1677936688693        1.0000000000000000     

   7.3076923076923076E-003   3.8461538461538462E-004   1623.2491306683164        1.0000000000000000     
   7.3076923076923076E-003   7.6923076923076923E-004   1623.4687023043164        1.0000000000000000     
   7.3076923076923076E-003   1.1538461538461537E-003   1623.6762646881600        1.0000000000000000     
   7.3076923076923076E-003   1.5384615384615385E-003   1623.8720285760467        1.0000000000000000     
   7.3076923076923076E-003   1.9230769230769232E-003   1624.0563021928783        1.0000000000000000     
   7.3076923076923076E-003   2.3076923076923075E-003   1624.2294809525883        1.0000000000000000     
   7.3076923076923076E-003   2.6923076923076922E-003   1624.3920345298277        1.0000000000000000     
   7.3076923076923076E-003   3.0769230769230769E-003   1624.5444919026165        1.0000000000000000     
   7.3076923076923076E-003   3.4615384615384616E-003   1624.6874250678309        1.0000000000000000     
   7.3076923076923076E-003   3.8461538461538464E-003   1624.8214321766757        1.0000000000000000     
   7.3076923076923076E-003   4.2307692307692307E-003   1624.9471208406551        1.0000000000000000     
   7.3076923076923076E-003   4.6153846153846149E-003   1625.0650923203964        1.0000000000000000     
   7.3076923076923076E-003   5.0000000000000001E-003   1625.1759272329532        1.0000000000000000     
   7.3076923076923076E-003   5.3846153846153844E-003   1625.2801733031988        1.0000000000000000     
   7.3076923076923076E-003   5.7692307692307696E-003   1625.3783355484065        1.0000000000000000     
   7.3076923076923076E-003   6.1538461538461538E-003   1625.4708691308174        1.0000000000000000     
   7.3076923076923076E-003   6.5384615384615381E-003   1625.5581749498299        1.0000000000000000     
   7.3076923076923076E-003   6.9230769230769233E-003   1625.6405978830667        1.0000000000000000     
   7.3076923076923076E-003   7.3076923076923076E-003   1625.7184274328483        1.0000000000000000     
   7.3076923076923076E-003   7.6923076923076927E-003   1625.7919004002360        1.0000000000000000     
   7.3076923076923076E-003   8.0769230769230770E-003   1625.8612050999450        1.0000000000000000     
   7.3076923076923076E-003   8.4615384615384613E-003   1625.9264865528689        1.0000000000000000     
   7.3076923076923076E-003   8.8461538461538456E-003   1625.9878520538180        1.0000000000000000     
   7.3076923076923076E-003   9.2307692307692299E-003   1626.0453765147249        1.0000000000000000     
   7.3076923076923076E-003   9.6153846153846159E-003   1626.0991070305120        1.0000000000000000     

   7.6923076923076927E-003   3.8461538461538462E-004   1623.1598373579197        1.0000000000000000     
   7.6923076923076927E-003   7.6923076923076923E-004   1623.3794074276504        1.0000000000000000     
   7.6923076923076927E-003   1.1538461538461537E-003   1623.5869817633543        1.0000000000000000     
   7.6923076923076927E-003   1.5384615384615385E-003   1623.7827700978494        1.0000000000000000     
   7.6923076923076927E-003   1.9230769230769232E-003   1623.9670791747078        1.0000000000000000     
   7.6923076923076927E-003   2.3076923076923075E-003   1624.1403025325744        1.0000000000000000     
   7.6923076923076927E-003   2.6923076923076922E-003   1624.3029076582729        1.0000000000000000     
   7.6923076923076927E-003   3.0769230769230769E-003   1624.4554211253849        1.0000000000000000     
   7.6923076923076927E-003   3.4615384615384616E-003   1624.5984124165866        1.0000000000000000     
   7.6923076923076927E-003   3.8461538461538464E-003   1624.7324771729204        1.0000000000000000     
   7.6923076923076927E-003   4.2307692307692307E-003   1624.8582206161136        1.0000000000000000     
   7.6923076923076927E-003   4.6153846153846149E-003   1624.9762418516286        1.0000000000000000     
   7.6923076923076927E-003   5.0000000000000001E-003   1625.0871196830803        1.0000000000000000     
   7.6923076923076927E-003   5.3846153846153844E-003   1625.1914004582084        1.0000000000000000     
   7.6923076923076927E-003   5.7692307692307696E-003   1625.2895883298113        1.0000000000000000     
   7.6923076923076927E-003   6.1538461538461538E-003   1625.3821381603098        1.0000000000000000     
   7.6923076923076927E-003   6.5384615384615381E-003   1625.4694511354385        1.0000000000000000     
   7.6923076923076927E-003   6.9230769230769233E-003   1625.5518729904447        1.0000000000000000     
   7.6923076923076927E-003   7.3076923076923076E-003   1625.6296946007333        1.0000000000000000     
   7.6923076923076927E-003   7.6923076923076927E-003   1625.7031545568782        1.0000000000000000     
   7.6923076923076927E-003   8.0769230769230770E-003   1625.7724432389446        1.0000000000000000     
   7.6923076923076927E-003   8.4615384615384613E-003   1625.8377078337408        1.0000000000000000     
   7.6923076923076927E-003   8.8461538461538456E-003   1625.8990577056420        1.0000000000000000     
   7.6923076923076927E-003   9.2307692307692299E-003   1625.9565695400770        1.0000000000000000     
   7.6923076923076927E-003   9.6153846153846159E-003   1626.0102917297722        1.0000000000000000     

   8.0769230769230770E-003   3.8461538461538462E-004   1623.0491598987774        1.0000000000000000     
   8.0769230769230770E-003   7.6923076923076923E-004   1623.2687231569430        1.0000000000000000     
   8.0769230769230770E-003   1.1538461538461537E-003   1623.4763027707027        1.0000000000000000     
   8.0769230769230770E-003   1.5384615384615385E-003   1623.6721076026481        1.0000000000000000     
   8.0769230769230770E-003   1.9230769230769232E-003   1623.8564431372233        1.0000000000000000     
   8.0769230769230770E-003   2.3076923076923075E-003   1624.0297013200270        1.0000000000000000     
   8.0769230769230770E-003   2.6923076923076922E-003   1624.1923477806929        1.0000000000000000     
   8.0769230769230770E-003   3.0769230769230769E-003   1624.3449070534084        1.0000000000000000     
   8.0769230769230770E-003   3.4615384615384616E-003   1624.4879464900687        1.0000000000000000     
   8.0769230769230770E-003   3.8461538461538464E-003   1624.6220596056198        1.0000000000000000     
   8.0769230769230770E-003   4.2307692307692307E-003   1624.7478495977241        1.0000000000000000     
   8.0769230769230770E-003   4.6153846153846149E-003   1624.8659137442455        1.0000000000000000     
   8.0769230769230770E-003   5.0000000000000001E-003   1624.9768293047325        1.0000000000000000     
   8.0769230769230770E-003   5.3846153846153844E-003   1625.0811414415266        1.0000000000000000     
   8.0769230769230770E-003   5.7692307692307696E-003   1625.1793535392094        1.0000000000000000     
   8.0769230769230770E-003   6.1538461538461538E-003   1625.2719201463940        1.0000000000000000     
   8.0769230769230770E-003   6.5384615384615381E-003   1625.3592426009523        1.0000000000000000     
   8.0769230769230770E-003   6.9230769230769233E-003   1625.4416672383893        1.0000000000000000     
   8.0769230769230770E-003   7.3076923076923076E-003   1625.5194859328903        1.0000000000000000     
   8.0769230769230770E-003   7.6923076923076927E-003   1625.5929385906625        1.0000000000000000     
   8.0769230769230770E-003   8.0769230769230770E-003   1625.6622171131944        1.0000000000000000     
   8.0769230769230770E-003   8.4615384615384613E-003   1625.7274702803702        1.0000000000000000     
   8.0769230769230770E-003   8.8461538461538456E-003   1625.7888089743913        1.0000000000000000     
   8.0769230769230770E-003   9.2307692307692299E-003   1625.8463111773301        1.0000000000000000     
   8.0769230769230770E-003   9.6153846153846159E-003   1625.9000262282489        1.0000000000000000     

   8.4615384615384613E-003   3.8461538461538462E-004   1622.9159213890946        1.0000000000000000     
   8.4615384615384613E-003   7.6923076923076923E-004   1623.1354721296564        1.0000000000000000     
   8.4615384615384613E-003   1.1538461538461537E-003   1623.3430496353087        1.0000000000000000     
   8.4615384615384613E-003   1.5384615384615385E-003   1623.5388620575904        1.0000000000000000     
   8.4615384615384613E-003   1.9230769230769232E-003   1623.7232138523457        1.0000000000000000     
   8.4615384615384613E-003   2.3076923076923075E-003   1623.8964956642035        1.0000000000000000     
   8.4615384615384613E-003   2.6923076923076922E-003   1624.0591716066997        1.0000000000000000     
   8.4615384615384613E-003   3.0769230769230769E-003   1624.2117645497729        1.0000000000000000     
   8.4615384615384613E-003   3.4615384615384616E-003   1624.3548401069193        1.0000000000000000     
   8.4615384615384613E-003   3.8461538461538464E-003   1624.4889900583435        1.0000000000000000     
   8.4615384615384613E-003   4.2307692307692307E-003   1624.6148159489746        1.0000000000000000     
   8.4615384615384613E-003   4.6153846153846149E-003   1624.7329135611835        1.0000000000000000     
   8.4615384615384613E-003   5.0000000000000001E-003   1624.8438588847616        1.0000000000000000     
   8.4615384615384613E-003   5.3846153846153844E-003   1624.9481960960877        1.0000000000000000     
   8.4615384615384613E-003   5.7692307692307696E-003   1625.0464279214991        1.0000000000000000     
   8.4615384615384613E-003   6.1538461538461538E-003   1625.1390086054591        1.0000000000000000     
   8.4615384615384613E-003   6.5384615384615381E-003   1625.2263395416041        1.0000000000000000     
   8.4615384615384613E-003   6.9230769230769233E-003   1625.3087674640628        1.0000000000000000     
   8.4615384615384613E-003   7.3076923076923076E-003   1625.3865849475524        1.0000000000000000     
   8.4615384615384613E-003   7.6923076923076927E-003   1625.4600328364334        1.0000000000000000     
   8.4615384615384613E-003   8.0769230769230770E-003   1625.5293041231378        1.0000000000000000     
   8.4615384615384613E-003   8.4615384615384613E-003   1625.5945487312015        1.0000000000000000     
   8.4615384615384613E-003   8.8461538461538456E-003   1625.6558786316352        1.0000000000000000     
   8.4615384615384613E-003   9.2307692307692299E-003   1625.7133727353098        1.0000000000000000     
   8.4615384615384613E-003   9.6153846153846159E-003   1625.7670810581833        1.0000000000000000     

   8.8461538461538456E-003   3.8461538461538462E-004   1622.7590913645006        1.0000000000000000     
   8.8461538461538456E-003   7.6923076923076923E-004   1622.9786234890043        1.0000000000000000     
   8.8461538461538456E-003   1.1538461538461537E-003   1623.1861908985102        1.0000000000000000     
   8.8461538461538456E-003   1.5384615384615385E-003   1623.3820011976711        1.0000000000000000     
   8.8461538461538456E-003   1.9230769230769232E-003   1623.5663580512239        1.0000000000000000     
   8.8461538461538456E-003   2.3076923076923075E-003   1623.7396511032869        1.0000000000000000     
   8.8461538461538456E-003   2.6923076923076922E-003   1623.9023433014709        1.0000000000000000     
   8.8461538461538456E-003   3.0769230769230769E-003   1624.0549562357814        1.0000000000000000     
   8.8461538461538456E-003   3.4615384615384616E-003   1624.1980541823420        1.0000000000000000     
   8.8461538461538456E-003   3.8461538461538464E-003   1624.3322275858618        1.0000000000000000     
   8.8461538461538456E-003   4.2307692307692307E-003   1624.4580767169844        1.0000000000000000     
   8.8461538461538456E-003   4.6153846153846149E-003   1624.5761962016261        1.0000000000000000     
   8.8461538461538456E-003   5.0000000000000001E-003   1624.6871610420144        1.0000000000000000     
   8.8461538461538456E-003   5.3846153846153844E-003   1624.7915146385369        1.0000000000000000     
   8.8461538461538456E-003   5.7692307692307696E-003   1624.8897591847701        1.0000000000000000     
   8.8461538461538456E-003   6.1538461538461538E-003   1624.9823486538303        1.0000000000000000     
   8.8461538461538456E-003   6.5384615384615381E-003   1625.0696844321628        1.0000000000000000     
   8.8461538461538456E-003   6.9230769230769233E-003   1625.1521134968255        1.0000000000000000     
   8.8461538461538456E-003   7.3076923076923076E-003   1625.2299288843994        1.0000000000000000     
   8.8461538461538456E-003   7.6923076923076927E-003   1625.3033720725846        1.0000000000000000     
   8.8461538461538456E-003   8.0769230769230770E-003   1625.3726367972679        1.0000000000000000     
   8.8461538461538456E-003   8.4615384615384613E-003   1625.4378737643433        1.0000000000000000     
   8.8461538461538456E-003   8.8461538461538456E-003   1625.4991956906015        1.0000000000000000     
   8.8461538461538456E-003   9.2307692307692299E-003   1625.5566821231539        1.0000000000000000     
   8.8461538461538456E-003   9.6153846153846159E-003   1625.6103835414826        1.0000000000000000     

   9.2307692307692299E-003   3.8461538461538462E-004   1622.5778429916754        1.0000000000000000     
   9.2307692307692299E-003   7.6923076923076923E-004   1622.7973500931407        1.0000000000000000     
   9.2307692307692299E-003   1.1538461538461537E-003   1623.0048989481347        1.0000000000000000     
   9.2307692307692299E-003   1.5384615384615385E-003   1623.2006967824439        1.0000000000000000     
   9.2307692307692299E-003   1.9230769230769232E-003   1623.3850467126422        1.0000000000000000     
   9.2307692307692299E-003   2.3076923076923075E-003   1623.5583376893796        1.0000000000000000     
   9.2307692307692299E-003   2.6923076923076922E-003   1623.7210318518107        1.0000000000000000     
   9.2307692307692299E-003   3.0769230769230769E-003   1623.8736499018423        1.0000000000000000     
   9.2307692307692299E-003   3.4615384615384616E-003   1624.0167551866862        1.0000000000000000     
   9.2307692307692299E-003   3.8461538461538464E-003   1624.1509372218964        1.0000000000000000     
   9.2307692307692299E-003   4.2307692307692307E-003   1624.2767953891778        1.0000000000000000     
   9.2307692307692299E-003   4.6153846153846149E-003   1624.3949235041350        1.0000000000000000     
   9.2307692307692299E-003   5.0000000000000001E-003   1624.5058958717200        1.0000000000000000     
   9.2307692307692299E-003   5.3846153846153844E-003   1624.6102553366327        1.0000000000000000     
   9.2307692307692299E-003   5.7692307692307696E-003   1624.7085036992269        1.0000000000000000     
   9.2307692307692299E-003   6.1538461538461538E-003   1624.8010947135867        1.0000000000000000     
   9.2307692307692299E-003   6.5384615384615381E-003   1624.8884297226180        1.0000000000000000     
   9.2307692307692299E-003   6.9230769230769233E-003   1624.9708558255566        1.0000000000000000     
   9.2307692307692299E-003   7.3076923076923076E-003   1625.0486663259437        1.0000000000000000     
   9.2307692307692299E-003   7.6923076923076927E-003   1625.1221030819072        1.0000000000000000     
   9.2307692307692299E-003   8.0769230769230770E-003   1625.1913602832512        1.0000000000000000     
   9.2307692307692299E-003   8.4615384615384613E-003   1625.2565891173763        1.0000000000000000     
   9.2307692307692299E-003   8.8461538461538456E-003   1625.3179027619497        1.0000000000000000     
   9.2307692307692299E-003   9.2307692307692299E-003   1625.3753811580789        1.0000000000000000     
   9.2307692307692299E-003   9.6153846153846159E-003   1625.4290750725838        1.0000000000000000     

   9.6153846153846159E-003   3.8461538461538462E-004   1622.3715993026642        1.0000000000000000     
   9.6153846153846159E-003   7.6923076923076923E-004   1622.5910747617495        1.0000000000000000     
   9.6153846153846159E-003   1.1538461538461537E-003   1622.7985962814869        1.0000000000000000     
   9.6153846153846159E-003   1.5384615384615385E-003   1622.9943708794619        1.0000000000000000     
   9.6153846153846159E-003   1.9230769230769232E-003   1623.1787013707378        1.0000000000000000     
   9.6153846153846159E-003   2.3076923076923075E-003   1623.3519763240949        1.0000000000000000     
   9.6153846153846159E-003   2.6923076923076922E-003   1623.5146574327780        1.0000000000000000     
   9.6153846153846159E-003   3.0769230769230769E-003   1623.6672649077771        1.0000000000000000     
   9.6153846153846159E-003   3.4615384615384616E-003   1623.8103615812170        1.0000000000000000     
   9.6153846153846159E-003   3.8461538461538464E-003   1623.9445364511603        1.0000000000000000     
   9.6153846153846159E-003   4.2307692307692307E-003   1624.0703884010427        1.0000000000000000     
   9.6153846153846159E-003   4.6153846153846149E-003   1624.1885107878938        1.0000000000000000     
   9.6153846153846159E-003   5.0000000000000001E-003   1624.2994775161069        1.0000000000000000     
   9.6153846153846159E-003   5.3846153846153844E-003   1624.4038311029487        1.0000000000000000     
   9.6153846153846159E-003   5.7692307692307696E-003   1624.5020731055527        1.0000000000000000     
   9.6153846153846159E-003   6.1538461538461538E-003   1624.5946571252134        1.0000000000000000     
   9.6153846153846159E-003   6.5384615384615381E-003   1624.6819844433110        1.0000000000000000     
   9.6153846153846159E-003   6.9230769230769233E-003   1624.7644021839521        1.0000000000000000     
   9.6153846153846159E-003   7.3076923076923076E-003   1624.8422037514185        1.0000000000000000     
   9.6153846153846159E-003   7.6923076923076927E-003   1624.9156311647300        1.0000000000000000     
   9.6153846153846159E-003   8.0769230769230770E-003   1624.9848788147715        1.0000000000000000     
   9.6153846153846159E-003   8.4615384615384613E-003   1625.0500981073762        1.0000000000000000     
   9.6153846153846159E-003   8.8461538461538456E-003   1625.1114024321405        1.0000000000000000     
   9.6153846153846159E-003   9.2307692307692299E-003   1625.1688719128206        1.0000000000000000     
   9.6153846153846159E-003   9.6153846153846159E-003   1625.2225574500774        1.0000000000000000     

