   3.8461538461538462E-004   3.8461538461538462E-004   886.17167341539619        1.0000000000000000     
   3.8461538461538462E-004   7.6923076923076923E-004   886.16612279186370        1.0000000000000000     
   3.8461538461538462E-004   1.1538461538461537E-003   886.16120378625862        1.0000000000000000     
   3.8461538461538462E-004   1.5384615384615385E-003   886.15691138036448        1.0000000000000000     
   3.8461538461538462E-004   1.9230769230769232E-003   886.15290780107557        1.0000000000000000     
   3.8461538461538462E-004   2.3076923076923075E-003   886.14934576573739        1.0000000000000000     
   3.8461538461538462E-004   2.6923076923076922E-003   886.14621207179812        1.0000000000000000     
   3.8461538461538462E-004   3.0769230769230769E-003   886.14356561225077        1.0000000000000000     
   3.8461538461538462E-004   3.4615384615384616E-003   886.14140237211438        1.0000000000000000     
   3.8461538461538462E-004   3.8461538461538464E-003   886.13972105254311        1.0000000000000000     
   3.8461538461538462E-004   4.2307692307692307E-003   886.13852072585098        1.0000000000000000     
   3.8461538461538462E-004   4.6153846153846149E-003   886.13780076884063        1.0000000000000000     
   3.8461538461538462E-004   5.0000000000000001E-003   886.13756082230009        1.0000000000000000     
   3.8461538461538462E-004   5.3846153846153844E-003   886.13780076884041        1.0000000000000000     
   3.8461538461538462E-004   5.7692307692307696E-003   886.13852072585098        1.0000000000000000     
   3.8461538461538462E-004   6.1538461538461538E-003   886.13972105254311        1.0000000000000000     
   3.8461538461538462E-004   6.5384615384615381E-003   886.14140237211438        1.0000000000000000     
   3.8461538461538462E-004   6.9230769230769233E-003   886.14356561225077        1.0000000000000000     
   3.8461538461538462E-004   7.3076923076923076E-003   886.14621207179869        1.0000000000000000     
   3.8461538461538462E-004   7.6923076923076927E-003   886.14934576573785        1.0000000000000000     
   3.8461538461538462E-004   8.0769230769230770E-003   886.15290780107568        1.0000000000000000     
   3.8461538461538462E-004   8.4615384615384613E-003   886.15691138036448        1.0000000000000000     
   3.8461538461538462E-004   8.8461538461538456E-003   886.16120378625885        1.0000000000000000     
   3.8461538461538462E-004   9.2307692307692299E-003   886.16612279186359        1.0000000000000000     
   3.8461538461538462E-004   9.6153846153846159E-003   886.17167341539619        1.0000000000000000     

   7.6923076923076923E-004   3.8461538461538462E-004   922.19904403317128        1.0000000000000000     
   7.6923076923076923E-004   7.6923076923076923E-004   922.18836893027640        1.0000000000000000     
   7.6923076923076923E-004   1.1538461538461537E-003   922.17872395496909        1.0000000000000000     
   7.6923076923076923E-004   1.5384615384615385E-003   922.16975826897306        1.0000000000000000     
   7.6923076923076923E-004   1.9230769230769232E-003   922.16199281480408        1.0000000000000000     
   7.6923076923076923E-004   2.3076923076923075E-003   922.15482347080888        1.0000000000000000     
   7.6923076923076923E-004   2.6923076923076922E-003   922.14857732441362        1.0000000000000000     
   7.6923076923076923E-004   3.0769230769230769E-003   922.14330027504525        1.0000000000000000     
   7.6923076923076923E-004   3.4615384615384616E-003   922.13898662060774        1.0000000000000000     
   7.6923076923076923E-004   3.8461538461538464E-003   922.13563387262650        1.0000000000000000     
   7.6923076923076923E-004   4.2307692307692307E-003   922.13324024333372        1.0000000000000000     
   7.6923076923076923E-004   4.6153846153846149E-003   922.13180452846552        1.0000000000000000     
   7.6923076923076923E-004   5.0000000000000001E-003   922.13132603265421        1.0000000000000000     
   7.6923076923076923E-004   5.3846153846153844E-003   922.13180452846530        1.0000000000000000     
   7.6923076923076923E-004   5.7692307692307696E-003   922.13324024333349        1.0000000000000000     
   7.6923076923076923E-004   6.1538461538461538E-003   922.13563387262650        1.0000000000000000     
   7.6923076923076923E-004   6.5384615384615381E-003   922.13898662060740        1.0000000000000000     
   7.6923076923076923E-004   6.9230769230769233E-003   922.14330027504514        1.0000000000000000     
   7.6923076923076923E-004   7.3076923076923076E-003   922.14857732441328        1.0000000000000000     
   7.6923076923076923E-004   7.6923076923076927E-003   922.15482347080899        1.0000000000000000     
   7.6923076923076923E-004   8.0769230769230770E-003   922.16199281480408        1.0000000000000000     
   7.6923076923076923E-004   8.4615384615384613E-003   922.16975826897351        1.0000000000000000     
   7.6923076923076923E-004   8.8461538461538456E-003   922.17872395496909        1.0000000000000000     
   7.6923076923076923E-004   9.2307692307692299E-003   922.18836893027606        1.0000000000000000     
   7.6923076923076923E-004   9.6153846153846159E-003   922.19904403317128        1.0000000000000000     

   1.1538461538461537E-003   3.8461538461538462E-004   957.93941067866012        1.0000000000000000     
   1.1538461538461537E-003   7.6923076923076923E-004   957.92359459684383        1.0000000000000000     
   1.1538461538461537E-003   1.1538461538461537E-003   957.90864558384590        1.0000000000000000     
   1.1538461538461537E-003   1.5384615384615385E-003   957.89582283384163        1.0000000000000000     
   1.1538461538461537E-003   1.9230769230769232E-003   957.88400898161387        1.0000000000000000     
   1.1538461538461537E-003   2.3076923076923075E-003   957.87328938929306        1.0000000000000000     
   1.1538461538461537E-003   2.6923076923076922E-003   957.86396838491953        1.0000000000000000     
   1.1538461538461537E-003   3.0769230769230769E-003   957.85609209860638        1.0000000000000000     
   1.1538461538461537E-003   3.4615384615384616E-003   957.84965340967506        1.0000000000000000     
   1.1538461538461537E-003   3.8461538461538464E-003   957.84464881935901        1.0000000000000000     
   1.1538461538461537E-003   4.2307692307692307E-003   957.84107580200055        1.0000000000000000     
   1.1538461538461537E-003   4.6153846153846149E-003   957.83893264958579        1.0000000000000000     
   1.1538461538461537E-003   5.0000000000000001E-003   957.83821837337780        1.0000000000000000     
   1.1538461538461537E-003   5.3846153846153844E-003   957.83893264958579        1.0000000000000000     
   1.1538461538461537E-003   5.7692307692307696E-003   957.84107580200055        1.0000000000000000     
   1.1538461538461537E-003   6.1538461538461538E-003   957.84464881935878        1.0000000000000000     
   1.1538461538461537E-003   6.5384615384615381E-003   957.84965340967460        1.0000000000000000     
   1.1538461538461537E-003   6.9230769230769233E-003   957.85609209860581        1.0000000000000000     
   1.1538461538461537E-003   7.3076923076923076E-003   957.86396838491908        1.0000000000000000     
   1.1538461538461537E-003   7.6923076923076927E-003   957.87328938929295        1.0000000000000000     
   1.1538461538461537E-003   8.0769230769230770E-003   957.88400898161387        1.0000000000000000     
   1.1538461538461537E-003   8.4615384615384613E-003   957.89582283384220        1.0000000000000000     
   1.1538461538461537E-003   8.8461538461538456E-003   957.90864558384567        1.0000000000000000     
   1.1538461538461537E-003   9.2307692307692299E-003   957.92359459684337        1.0000000000000000     
   1.1538461538461537E-003   9.6153846153846159E-003   957.93941067865990        1.0000000000000000     

   1.5384615384615385E-003   3.8461538461538462E-004   993.25113875861825        1.0000000000000000     
   1.5384615384615385E-003   7.6923076923076923E-004   993.22981771523439        1.0000000000000000     
   1.5384615384615385E-003   1.1538461538461537E-003   993.21061505074431        1.0000000000000000     
   1.5384615384615385E-003   1.5384615384615385E-003   993.19334995875079        1.0000000000000000     
   1.5384615384615385E-003   1.9230769230769232E-003   993.17759429919579        1.0000000000000000     
   1.5384615384615385E-003   2.3076923076923075E-003   993.16338918619113        1.0000000000000000     
   1.5384615384615385E-003   2.6923076923076922E-003   993.15104858232996        1.0000000000000000     
   1.5384615384615385E-003   3.0769230769230769E-003   993.14061924180692        1.0000000000000000     
   1.5384615384615385E-003   3.4615384615384616E-003   993.13209294478008        1.0000000000000000     
   1.5384615384615385E-003   3.8461538461538464E-003   993.12546541872291        1.0000000000000000     
   1.5384615384615385E-003   4.2307692307692307E-003   993.12073356039934        1.0000000000000000     
   1.5384615384615385E-003   4.6153846153846149E-003   993.11789526081554        1.0000000000000000     
   1.5384615384615385E-003   5.0000000000000001E-003   993.11694929491557        1.0000000000000000     
   1.5384615384615385E-003   5.3846153846153844E-003   993.11789526081520        1.0000000000000000     
   1.5384615384615385E-003   5.7692307692307696E-003   993.12073356039912        1.0000000000000000     
   1.5384615384615385E-003   6.1538461538461538E-003   993.12546541872257        1.0000000000000000     
   1.5384615384615385E-003   6.5384615384615381E-003   993.13209294477997        1.0000000000000000     
   1.5384615384615385E-003   6.9230769230769233E-003   993.14061924180635        1.0000000000000000     
   1.5384615384615385E-003   7.3076923076923076E-003   993.15104858232985        1.0000000000000000     
   1.5384615384615385E-003   7.6923076923076927E-003   993.16338918619090        1.0000000000000000     
   1.5384615384615385E-003   8.0769230769230770E-003   993.17759429919568        1.0000000000000000     
   1.5384615384615385E-003   8.4615384615384613E-003   993.19334995875090        1.0000000000000000     
   1.5384615384615385E-003   8.8461538461538456E-003   993.21061505074431        1.0000000000000000     
   1.5384615384615385E-003   9.2307692307692299E-003   993.22981771523462        1.0000000000000000     
   1.5384615384615385E-003   9.6153846153846159E-003   993.25113875861825        1.0000000000000000     

   1.9230769230769232E-003   3.8461538461538462E-004   1027.9944879616642        1.0000000000000000     
   1.9230769230769232E-003   7.6923076923076923E-004   1027.9682753688946        1.0000000000000000     
   1.9230769230769232E-003   1.1538461538461537E-003   1027.9442942959815        1.0000000000000000     
   1.9230769230769232E-003   1.5384615384615385E-003   1027.9227421832309        1.0000000000000000     
   1.9230769230769232E-003   1.9230769230769232E-003   1027.9031420087372        1.0000000000000000     
   1.9230769230769232E-003   2.3076923076923075E-003   1027.8855355339961        1.0000000000000000     
   1.9230769230769232E-003   2.6923076923076922E-003   1027.8702471803128        1.0000000000000000     
   1.9230769230769232E-003   3.0769230769230769E-003   1027.8573248876953        1.0000000000000000     
   1.9230769230769232E-003   3.4615384615384616E-003   1027.8467597455613        1.0000000000000000     
   1.9230769230769232E-003   3.8461538461538464E-003   1027.8385469802733        1.0000000000000000     
   1.9230769230769232E-003   4.2307692307692307E-003   1027.8326830936207        1.0000000000000000     
   1.9230769230769232E-003   4.6153846153846149E-003   1027.8291656917181        1.0000000000000000     
   1.9230769230769232E-003   5.0000000000000001E-003   1027.8279933775411        1.0000000000000000     
   1.9230769230769232E-003   5.3846153846153844E-003   1027.8291656917177        1.0000000000000000     
   1.9230769230769232E-003   5.7692307692307696E-003   1027.8326830936205        1.0000000000000000     
   1.9230769230769232E-003   6.1538461538461538E-003   1027.8385469802724        1.0000000000000000     
   1.9230769230769232E-003   6.5384615384615381E-003   1027.8467597455615        1.0000000000000000     
   1.9230769230769232E-003   6.9230769230769233E-003   1027.8573248876953        1.0000000000000000     
   1.9230769230769232E-003   7.3076923076923076E-003   1027.8702471803124        1.0000000000000000     
   1.9230769230769232E-003   7.6923076923076927E-003   1027.8855355339956        1.0000000000000000     
   1.9230769230769232E-003   8.0769230769230770E-003   1027.9031420087374        1.0000000000000000     
   1.9230769230769232E-003   8.4615384615384613E-003   1027.9227421832306        1.0000000000000000     
   1.9230769230769232E-003   8.8461538461538456E-003   1027.9442942959815        1.0000000000000000     
   1.9230769230769232E-003   9.2307692307692299E-003   1027.9682753688949        1.0000000000000000     
   1.9230769230769232E-003   9.6153846153846159E-003   1027.9944879616646        1.0000000000000000     

   2.3076923076923075E-003   3.8461538461538462E-004   1062.0333632646152        1.0000000000000000     
   2.3076923076923075E-003   7.6923076923076923E-004   1062.0021198746831        1.0000000000000000     
   2.3076923076923075E-003   1.1538461538461537E-003   1061.9735477562929        1.0000000000000000     
   2.3076923076923075E-003   1.5384615384615385E-003   1061.9478430079705        1.0000000000000000     
   2.3076923076923075E-003   1.9230769230769232E-003   1061.9245154046423        1.0000000000000000     
   2.3076923076923075E-003   2.3076923076923075E-003   1061.9036091806629        1.0000000000000000     
   2.3076923076923075E-003   2.6923076923076922E-003   1061.8854600172176        1.0000000000000000     
   2.3076923076923075E-003   3.0769230769230769E-003   1061.8701176437085        1.0000000000000000     
   2.3076923076923075E-003   3.4615384615384616E-003   1061.8575728695616        1.0000000000000000     
   2.3076923076923075E-003   3.8461538461538464E-003   1061.8478206921909        1.0000000000000000     
   2.3076923076923075E-003   4.2307692307692307E-003   1061.8408573988277        1.0000000000000000     
   2.3076923076923075E-003   4.6153846153846149E-003   1061.8366804253112        1.0000000000000000     
   2.3076923076923075E-003   5.0000000000000001E-003   1061.8352882662884        1.0000000000000000     
   2.3076923076923075E-003   5.3846153846153844E-003   1061.8366804253108        1.0000000000000000     
   2.3076923076923075E-003   5.7692307692307696E-003   1061.8408573988277        1.0000000000000000     
   2.3076923076923075E-003   6.1538461538461538E-003   1061.8478206921909        1.0000000000000000     
   2.3076923076923075E-003   6.5384615384615381E-003   1061.8575728695612        1.0000000000000000     
   2.3076923076923075E-003   6.9230769230769233E-003   1061.8701176437085        1.0000000000000000     
   2.3076923076923075E-003   7.3076923076923076E-003   1061.8854600172176        1.0000000000000000     
   2.3076923076923075E-003   7.6923076923076927E-003   1061.9036091806631        1.0000000000000000     
   2.3076923076923075E-003   8.0769230769230770E-003   1061.9245154046423        1.0000000000000000     
   2.3076923076923075E-003   8.4615384615384613E-003   1061.9478430079698        1.0000000000000000     
   2.3076923076923075E-003   8.8461538461538456E-003   1061.9735477562929        1.0000000000000000     
   2.3076923076923075E-003   9.2307692307692299E-003   1062.0021198746829        1.0000000000000000     
   2.3076923076923075E-003   9.6153846153846159E-003   1062.0333632646170        1.0000000000000000     

   2.6923076923076922E-003   3.8461538461538462E-004   1095.2352163369833        1.0000000000000000     
   2.6923076923076922E-003   7.6923076923076923E-004   1095.1991512858972        1.0000000000000000     
   2.6923076923076922E-003   1.1538461538461537E-003   1095.1661602027543        1.0000000000000000     
   2.6923076923076922E-003   1.5384615384615385E-003   1095.1364545372619        1.0000000000000000     
   2.6923076923076922E-003   1.9230769230769232E-003   1095.1095332027080        1.0000000000000000     
   2.6923076923076922E-003   2.3076923076923075E-003   1095.0854440129247        1.0000000000000000     
   2.6923076923076922E-003   2.6923076923076922E-003   1095.0645343794456        1.0000000000000000     
   2.6923076923076922E-003   3.0769230769230769E-003   1095.0468562589244        1.0000000000000000     
   2.6923076923076922E-003   3.4615384615384616E-003   1095.0324005111117        1.0000000000000000     
   2.6923076923076922E-003   3.8461538461538464E-003   1095.0211621291799        1.0000000000000000     
   2.6923076923076922E-003   4.2307692307692307E-003   1095.0131373380793        1.0000000000000000     
   2.6923076923076922E-003   4.6153846153846149E-003   1095.0083235016743        1.0000000000000000     
   2.6923076923076922E-003   5.0000000000000001E-003   1095.0067190614511        1.0000000000000000     
   2.6923076923076922E-003   5.3846153846153844E-003   1095.0083235016743        1.0000000000000000     
   2.6923076923076922E-003   5.7692307692307696E-003   1095.0131373380793        1.0000000000000000     
   2.6923076923076922E-003   6.1538461538461538E-003   1095.0211621291799        1.0000000000000000     
   2.6923076923076922E-003   6.5384615384615381E-003   1095.0324005111113        1.0000000000000000     
   2.6923076923076922E-003   6.9230769230769233E-003   1095.0468562589244        1.0000000000000000     
   2.6923076923076922E-003   7.3076923076923076E-003   1095.0645343794461        1.0000000000000000     
   2.6923076923076922E-003   7.6923076923076927E-003   1095.0854440129256        1.0000000000000000     
   2.6923076923076922E-003   8.0769230769230770E-003   1095.1095332027080        1.0000000000000000     
   2.6923076923076922E-003   8.4615384615384613E-003   1095.1364545372619        1.0000000000000000     
   2.6923076923076922E-003   8.8461538461538456E-003   1095.1661602027555        1.0000000000000000     
   2.6923076923076922E-003   9.2307692307692299E-003   1095.1991512858976        1.0000000000000000     
   2.6923076923076922E-003   9.6153846153846159E-003   1095.2352163369840        1.0000000000000000     

   3.0769230769230769E-003   3.8461538461538462E-004   1127.4719630378804        1.0000000000000000     
   3.0769230769230769E-003   7.6923076923076923E-004   1127.4312738239951        1.0000000000000000     
   3.0769230769230769E-003   1.1538461538461537E-003   1127.3940468718483        1.0000000000000000     
   3.0769230769230769E-003   1.5384615384615385E-003   1127.3605056667259        1.0000000000000000     
   3.0769230769230769E-003   1.9230769230769232E-003   1127.3301381638157        1.0000000000000000     
   3.0769230769230769E-003   2.3076923076923075E-003   1127.3029958453023        1.0000000000000000     
   3.0769230769230769E-003   2.6923076923076922E-003   1127.2794377930991        1.0000000000000000     
   3.0769230769230769E-003   3.0769230769230769E-003   1127.2595183771166        1.0000000000000000     
   3.0769230769230769E-003   3.4615384615384616E-003   1127.2432287026327        1.0000000000000000     
   3.0769230769230769E-003   3.8461538461538464E-003   1127.2305639047902        1.0000000000000000     
   3.0769230769230769E-003   4.2307692307692307E-003   1127.2215202519128        1.0000000000000000     
   3.0769230769230769E-003   4.6153846153846149E-003   1127.2160951069716        1.0000000000000000     
   3.0769230769230769E-003   5.0000000000000001E-003   1127.2142868992137        1.0000000000000000     
   3.0769230769230769E-003   5.3846153846153844E-003   1127.2160951069711        1.0000000000000000     
   3.0769230769230769E-003   5.7692307692307696E-003   1127.2215202519130        1.0000000000000000     
   3.0769230769230769E-003   6.1538461538461538E-003   1127.2305639047900        1.0000000000000000     
   3.0769230769230769E-003   6.5384615384615381E-003   1127.2432287026325        1.0000000000000000     
   3.0769230769230769E-003   6.9230769230769233E-003   1127.2595183771166        1.0000000000000000     
   3.0769230769230769E-003   7.3076923076923076E-003   1127.2794377931000        1.0000000000000000     
   3.0769230769230769E-003   7.6923076923076927E-003   1127.3029958453033        1.0000000000000000     
   3.0769230769230769E-003   8.0769230769230770E-003   1127.3301381638157        1.0000000000000000     
   3.0769230769230769E-003   8.4615384615384613E-003   1127.3605056667263        1.0000000000000000     
   3.0769230769230769E-003   8.8461538461538456E-003   1127.3940468718492        1.0000000000000000     
   3.0769230769230769E-003   9.2307692307692299E-003   1127.4312738239962        1.0000000000000000     
   3.0769230769230769E-003   9.6153846153846159E-003   1127.4719630378804        1.0000000000000000     

   3.4615384615384616E-003   3.8461538461538462E-004   1158.6203758285446        1.0000000000000000     
   3.4615384615384616E-003   7.6923076923076923E-004   1158.5752725209211        1.0000000000000000     
   3.4615384615384616E-003   1.1538461538461537E-003   1158.5340048335531        1.0000000000000000     
   3.4615384615384616E-003   1.5384615384615385E-003   1158.4968057212498        1.0000000000000000     
   3.4615384615384616E-003   1.9230769230769232E-003   1158.4631516392542        1.0000000000000000     
   3.4615384615384616E-003   2.3076923076923075E-003   1158.4330973133319        1.0000000000000000     
   3.4615384615384616E-003   2.6923076923076922E-003   1158.4070130548262        1.0000000000000000     
   3.4615384615384616E-003   3.0769230769230769E-003   1158.3849556100945        1.0000000000000000     
   3.4615384615384616E-003   3.4615384615384616E-003   1158.3669163905097        1.0000000000000000     
   3.4615384615384616E-003   3.8461538461538464E-003   1158.3528907348518        1.0000000000000000     
   3.4615384615384616E-003   4.2307692307692307E-003   1158.3428750077967        1.0000000000000000     
   3.4615384615384616E-003   4.6153846153846149E-003   1158.3368666108368        1.0000000000000000     
   3.4615384615384616E-003   5.0000000000000001E-003   1158.3348639850294        1.0000000000000000     
   3.4615384615384616E-003   5.3846153846153844E-003   1158.3368666108365        1.0000000000000000     
   3.4615384615384616E-003   5.7692307692307696E-003   1158.3428750077960        1.0000000000000000     
   3.4615384615384616E-003   6.1538461538461538E-003   1158.3528907348509        1.0000000000000000     
   3.4615384615384616E-003   6.5384615384615381E-003   1158.3669163905085        1.0000000000000000     
   3.4615384615384616E-003   6.9230769230769233E-003   1158.3849556100938        1.0000000000000000     
   3.4615384615384616E-003   7.3076923076923076E-003   1158.4070130548264        1.0000000000000000     
   3.4615384615384616E-003   7.6923076923076927E-003   1158.4330973133326        1.0000000000000000     
   3.4615384615384616E-003   8.0769230769230770E-003   1158.4631516392542        1.0000000000000000     
   3.4615384615384616E-003   8.4615384615384613E-003   1158.4968057212498        1.0000000000000000     
   3.4615384615384616E-003   8.8461538461538456E-003   1158.5340048335531        1.0000000000000000     
   3.4615384615384616E-003   9.2307692307692299E-003   1158.5752725209215        1.0000000000000000     
   3.4615384615384616E-003   9.6153846153846159E-003   1158.6203758285451        1.0000000000000000     

   3.8461538461538464E-003   3.8461538461538462E-004   1188.5626677617943        1.0000000000000000     
   3.8461538461538464E-003   7.6923076923076923E-004   1188.5133743749852        1.0000000000000000     
   3.8461538461538464E-003   1.1538461538461537E-003   1188.4682732216434        1.0000000000000000     
   3.8461538461538464E-003   1.5384615384615385E-003   1188.4276051029458        1.0000000000000000     
   3.8461538461538464E-003   1.9230769230769232E-003   1188.3908346188387        1.0000000000000000     
   3.8461538461538464E-003   2.3076923076923075E-003   1188.3580191801418        1.0000000000000000     
   3.8461538461538464E-003   2.6923076923076922E-003   1188.3295396806784        1.0000000000000000     
   3.8461538461538464E-003   3.0769230769230769E-003   1188.3054550591673        1.0000000000000000     
   3.8461538461538464E-003   3.4615384615384616E-003   1188.2857569901084        1.0000000000000000     
   3.8461538461538464E-003   3.8461538461538464E-003   1188.2704410055080        1.0000000000000000     
   3.8461538461538464E-003   4.2307692307692307E-003   1188.2595035715087        1.0000000000000000     
   3.8461538461538464E-003   4.6153846153846149E-003   1188.2529421376353        1.0000000000000000     
   3.8461538461538464E-003   5.0000000000000001E-003   1188.2507551645106        1.0000000000000000     
   3.8461538461538464E-003   5.3846153846153844E-003   1188.2529421376344        1.0000000000000000     
   3.8461538461538464E-003   5.7692307692307696E-003   1188.2595035715083        1.0000000000000000     
   3.8461538461538464E-003   6.1538461538461538E-003   1188.2704410055062        1.0000000000000000     
   3.8461538461538464E-003   6.5384615384615381E-003   1188.2857569901066        1.0000000000000000     
   3.8461538461538464E-003   6.9230769230769233E-003   1188.3054550591662        1.0000000000000000     
   3.8461538461538464E-003   7.3076923076923076E-003   1188.3295396806784        1.0000000000000000     
   3.8461538461538464E-003   7.6923076923076927E-003   1188.3580191801418        1.0000000000000000     
   3.8461538461538464E-003   8.0769230769230770E-003   1188.3908346188375        1.0000000000000000     
   3.8461538461538464E-003   8.4615384615384613E-003   1188.4276051029451        1.0000000000000000     
   3.8461538461538464E-003   8.8461538461538456E-003   1188.4682732216429        1.0000000000000000     
   3.8461538461538464E-003   9.2307692307692299E-003   1188.5133743749852        1.0000000000000000     
   3.8461538461538464E-003   9.6153846153846159E-003   1188.5626677617950        1.0000000000000000     

   4.2307692307692307E-003   3.8461538461538462E-004   1217.1869389632654        1.0000000000000000     
   4.2307692307692307E-003   7.6923076923076923E-004   1217.1336924028360        1.0000000000000000     
   4.2307692307692307E-003   1.1538461538461537E-003   1217.0849762703572        1.0000000000000000     
   4.2307692307692307E-003   1.5384615384615385E-003   1217.0410381353420        1.0000000000000000     
   4.2307692307692307E-003   1.9230769230769232E-003   1217.0013306576893        1.0000000000000000     
   4.2307692307692307E-003   2.3076923076923075E-003   1216.9659133890655        1.0000000000000000     
   4.2307692307692307E-003   2.6923076923076922E-003   1216.9351770633180        1.0000000000000000     
   4.2307692307692307E-003   3.0769230769230769E-003   1216.9091825455178        1.0000000000000000     
   4.2307692307692307E-003   3.4615384615384616E-003   1216.8879216631356        1.0000000000000000     
   4.2307692307692307E-003   3.8461538461538464E-003   1216.8713900789189        1.0000000000000000     
   4.2307692307692307E-003   4.2307692307692307E-003   1216.8595843288069        1.0000000000000000     
   4.2307692307692307E-003   4.6153846153846149E-003   1216.8525018960493        1.0000000000000000     
   4.2307692307692307E-003   5.0000000000000001E-003   1216.8501412553890        1.0000000000000000     
   4.2307692307692307E-003   5.3846153846153844E-003   1216.8525018960488        1.0000000000000000     
   4.2307692307692307E-003   5.7692307692307696E-003   1216.8595843288058        1.0000000000000000     
   4.2307692307692307E-003   6.1538461538461538E-003   1216.8713900789173        1.0000000000000000     
   4.2307692307692307E-003   6.5384615384615381E-003   1216.8879216631340        1.0000000000000000     
   4.2307692307692307E-003   6.9230769230769233E-003   1216.9091825455159        1.0000000000000000     
   4.2307692307692307E-003   7.3076923076923076E-003   1216.9351770633168        1.0000000000000000     
   4.2307692307692307E-003   7.6923076923076927E-003   1216.9659133890652        1.0000000000000000     
   4.2307692307692307E-003   8.0769230769230770E-003   1217.0013306576891        1.0000000000000000     
   4.2307692307692307E-003   8.4615384615384613E-003   1217.0410381353415        1.0000000000000000     
   4.2307692307692307E-003   8.8461538461538456E-003   1217.0849762703572        1.0000000000000000     
   4.2307692307692307E-003   9.2307692307692299E-003   1217.1336924028367        1.0000000000000000     
   4.2307692307692307E-003   9.6153846153846159E-003   1217.1869389632659        1.0000000000000000     

   4.6153846153846149E-003   3.8461538461538462E-004   1244.3875563537090        1.0000000000000000     
   4.6153846153846149E-003   7.6923076923076923E-004   1244.3306045597110        1.0000000000000000     
   4.6153846153846149E-003   1.1538461538461537E-003   1244.2785016670107        1.0000000000000000     
   4.6153846153846149E-003   1.5384615384615385E-003   1244.2315011987946        1.0000000000000000     
   4.6153846153846149E-003   1.9230769230769232E-003   1244.1890439936426        1.0000000000000000     
   4.6153846153846149E-003   2.3076923076923075E-003   1244.1511912417263        1.0000000000000000     
   4.6153846153846149E-003   2.6923076923076922E-003   1244.1183427272019        1.0000000000000000     
   4.6153846153846149E-003   3.0769230769230769E-003   1244.0905609339507        1.0000000000000000     
   4.6153846153846149E-003   3.4615384615384616E-003   1244.0678376943390        1.0000000000000000     
   4.6153846153846149E-003   3.8461538461538464E-003   1244.0501687074388        1.0000000000000000     
   4.6153846153846149E-003   4.2307692307692307E-003   1244.0375505239056        1.0000000000000000     
   4.6153846153846149E-003   4.6153846153846149E-003   1244.0299806310682        1.0000000000000000     
   4.6153846153846149E-003   5.0000000000000001E-003   1244.0274575038161        1.0000000000000000     
   4.6153846153846149E-003   5.3846153846153844E-003   1244.0299806310684        1.0000000000000000     
   4.6153846153846149E-003   5.7692307692307696E-003   1244.0375505239053        1.0000000000000000     
   4.6153846153846149E-003   6.1538461538461538E-003   1244.0501687074377        1.0000000000000000     
   4.6153846153846149E-003   6.5384615384615381E-003   1244.0678376943386        1.0000000000000000     
   4.6153846153846149E-003   6.9230769230769233E-003   1244.0905609339493        1.0000000000000000     
   4.6153846153846149E-003   7.3076923076923076E-003   1244.1183427272008        1.0000000000000000     
   4.6153846153846149E-003   7.6923076923076927E-003   1244.1511912417257        1.0000000000000000     
   4.6153846153846149E-003   8.0769230769230770E-003   1244.1890439936417        1.0000000000000000     
   4.6153846153846149E-003   8.4615384615384613E-003   1244.2315011987944        1.0000000000000000     
   4.6153846153846149E-003   8.8461538461538456E-003   1244.2785016670109        1.0000000000000000     
   4.6153846153846149E-003   9.2307692307692299E-003   1244.3306045597110        1.0000000000000000     
   4.6153846153846149E-003   9.6153846153846159E-003   1244.3875563537092        1.0000000000000000     

   5.0000000000000001E-003   3.8461538461538462E-004   1270.0654653685192        1.0000000000000000     
   5.0000000000000001E-003   7.6923076923076923E-004   1270.0050652272791        1.0000000000000000     
   5.0000000000000001E-003   1.1538461538461537E-003   1269.9498118166994        1.0000000000000000     
   5.0000000000000001E-003   1.5384615384615385E-003   1269.8999638945957        1.0000000000000000     
   5.0000000000000001E-003   1.9230769230769232E-003   1269.8549507137163        1.0000000000000000     
   5.0000000000000001E-003   2.3076923076923075E-003   1269.8148346209816        1.0000000000000000     
   5.0000000000000001E-003   2.6923076923076922E-003   1269.7800236250121        1.0000000000000000     
   5.0000000000000001E-003   3.0769230769230769E-003   1269.7505814993913        1.0000000000000000     
   5.0000000000000001E-003   3.4615384615384616E-003   1269.7264999160327        1.0000000000000000     
   5.0000000000000001E-003   3.8461538461538464E-003   1269.7077745018285        1.0000000000000000     
   5.0000000000000001E-003   4.2307692307692307E-003   1269.6944017575329        1.0000000000000000     
   5.0000000000000001E-003   4.6153846153846149E-003   1269.6863791392591        1.0000000000000000     
   5.0000000000000001E-003   5.0000000000000001E-003   1269.6837051052523        1.0000000000000000     
   5.0000000000000001E-003   5.3846153846153844E-003   1269.6863791392589        1.0000000000000000     
   5.0000000000000001E-003   5.7692307692307696E-003   1269.6944017575315        1.0000000000000000     
   5.0000000000000001E-003   6.1538461538461538E-003   1269.7077745018266        1.0000000000000000     
   5.0000000000000001E-003   6.5384615384615381E-003   1269.7264999160323        1.0000000000000000     
   5.0000000000000001E-003   6.9230769230769233E-003   1269.7505814993899        1.0000000000000000     
   5.0000000000000001E-003   7.3076923076923076E-003   1269.7800236250100        1.0000000000000000     
   5.0000000000000001E-003   7.6923076923076927E-003   1269.8148346209809        1.0000000000000000     
   5.0000000000000001E-003   8.0769230769230770E-003   1269.8549507137152        1.0000000000000000     
   5.0000000000000001E-003   8.4615384615384613E-003   1269.8999638945950        1.0000000000000000     
   5.0000000000000001E-003   8.8461538461538456E-003   1269.9498118166987        1.0000000000000000     
   5.0000000000000001E-003   9.2307692307692299E-003   1270.0050652272791        1.0000000000000000     
   5.0000000000000001E-003   9.6153846153846159E-003   1270.0654653685190        1.0000000000000000     

   5.3846153846153844E-003   3.8461538461538462E-004   1294.1284358039277        1.0000000000000000     
   5.3846153846153844E-003   7.6923076923076923E-004   1294.0648510830001        1.0000000000000000     
   5.3846153846153844E-003   1.1538461538461537E-003   1294.0066897124457        1.0000000000000000     
   5.3846153846153844E-003   1.5384615384615385E-003   1293.9542149481078        1.0000000000000000     
   5.3846153846153844E-003   1.9230769230769232E-003   1293.9068447257191        1.0000000000000000     
   5.3846153846153844E-003   2.3076923076923075E-003   1293.8646420493176        1.0000000000000000     
   5.3846153846153844E-003   2.6923076923076922E-003   1293.8280222839592        1.0000000000000000     
   5.3846153846153844E-003   3.0769230769230769E-003   1293.7970501514444        1.0000000000000000     
   5.3846153846153844E-003   3.4615384615384616E-003   1293.7717169964160        1.0000000000000000     
   5.3846153846153844E-003   3.8461538461538464E-003   1293.7520182677727        1.0000000000000000     
   5.3846153846153844E-003   4.2307692307692307E-003   1293.7379503566995        1.0000000000000000     
   5.3846153846153844E-003   4.6153846153846149E-003   1293.7295106579313        1.0000000000000000     
   5.3846153846153844E-003   5.0000000000000001E-003   1293.7266975999914        1.0000000000000000     
   5.3846153846153844E-003   5.3846153846153844E-003   1293.7295106579309        1.0000000000000000     
   5.3846153846153844E-003   5.7692307692307696E-003   1293.7379503566983        1.0000000000000000     
   5.3846153846153844E-003   6.1538461538461538E-003   1293.7520182677720        1.0000000000000000     
   5.3846153846153844E-003   6.5384615384615381E-003   1293.7717169964158        1.0000000000000000     
   5.3846153846153844E-003   6.9230769230769233E-003   1293.7970501514440        1.0000000000000000     
   5.3846153846153844E-003   7.3076923076923076E-003   1293.8280222839580        1.0000000000000000     
   5.3846153846153844E-003   7.6923076923076927E-003   1293.8646420493171        1.0000000000000000     
   5.3846153846153844E-003   8.0769230769230770E-003   1293.9068447257189        1.0000000000000000     
   5.3846153846153844E-003   8.4615384615384613E-003   1293.9542149481076        1.0000000000000000     
   5.3846153846153844E-003   8.8461538461538456E-003   1294.0066897124452        1.0000000000000000     
   5.3846153846153844E-003   9.2307692307692299E-003   1294.0648510829994        1.0000000000000000     
   5.3846153846153844E-003   9.6153846153846159E-003   1294.1284358039270        1.0000000000000000     

   5.7692307692307696E-003   3.8461538461538462E-004   1316.4912453533682        1.0000000000000000     
   5.7692307692307696E-003   7.6923076923076923E-004   1316.4247448129074        1.0000000000000000     
   5.7692307692307696E-003   1.1538461538461537E-003   1316.3639228129057        1.0000000000000000     
   5.7692307692307696E-003   1.5384615384615385E-003   1316.3090462445391        1.0000000000000000     
   5.7692307692307696E-003   1.9230769230769232E-003   1316.2595219412201        1.0000000000000000     
   5.7692307692307696E-003   2.3076923076923075E-003   1316.2154130021604        1.0000000000000000     
   5.7692307692307696E-003   2.6923076923076922E-003   1316.1771412288474        1.0000000000000000     
   5.7692307692307696E-003   3.0769230769230769E-003   1316.1447719457979        1.0000000000000000     
   5.7692307692307696E-003   3.4615384615384616E-003   1316.1182960191995        1.0000000000000000     
   5.7692307692307696E-003   3.8461538461538464E-003   1316.0977086357202        1.0000000000000000     
   5.7692307692307696E-003   4.2307692307692307E-003   1316.0830060388273        1.0000000000000000     
   5.7692307692307696E-003   4.6153846153846149E-003   1316.0741855492056        1.0000000000000000     
   5.7692307692307696E-003   5.0000000000000001E-003   1316.0712455637738        1.0000000000000000     
   5.7692307692307696E-003   5.3846153846153844E-003   1316.0741855492056        1.0000000000000000     
   5.7692307692307696E-003   5.7692307692307696E-003   1316.0830060388273        1.0000000000000000     
   5.7692307692307696E-003   6.1538461538461538E-003   1316.0977086357195        1.0000000000000000     
   5.7692307692307696E-003   6.5384615384615381E-003   1316.1182960191995        1.0000000000000000     
   5.7692307692307696E-003   6.9230769230769233E-003   1316.1447719457979        1.0000000000000000     
   5.7692307692307696E-003   7.3076923076923076E-003   1316.1771412288467        1.0000000000000000     
   5.7692307692307696E-003   7.6923076923076927E-003   1316.2154130021604        1.0000000000000000     
   5.7692307692307696E-003   8.0769230769230770E-003   1316.2595219412199        1.0000000000000000     
   5.7692307692307696E-003   8.4615384615384613E-003   1316.3090462445389        1.0000000000000000     
   5.7692307692307696E-003   8.8461538461538456E-003   1316.3639228129050        1.0000000000000000     
   5.7692307692307696E-003   9.2307692307692299E-003   1316.4247448129072        1.0000000000000000     
   5.7692307692307696E-003   9.6153846153846159E-003   1316.4912453533680        1.0000000000000000     

   6.1538461538461538E-003   3.8461538461538462E-004   1337.0758057625048        1.0000000000000000     
   6.1538461538461538E-003   7.6923076923076923E-004   1337.0066615764101        1.0000000000000000     
   6.1538461538461538E-003   1.1538461538461537E-003   1336.9434298243182        1.0000000000000000     
   6.1538461538461538E-003   1.5384615384615385E-003   1336.8863798913831        1.0000000000000000     
   6.1538461538461538E-003   1.9230769230769232E-003   1336.8349075640438        1.0000000000000000     
   6.1538461538461538E-003   2.3076923076923075E-003   1336.7890753689267        1.0000000000000000     
   6.1538461538461538E-003   2.6923076923076922E-003   1336.7493105710296        1.0000000000000000     
   6.1538461538461538E-003   3.0769230769230769E-003   1336.7156787666036        1.0000000000000000     
   6.1538461538461538E-003   3.4615384615384616E-003   1336.6881702334954        1.0000000000000000     
   6.1538461538461538E-003   3.8461538461538464E-003   1336.6667798585868        1.0000000000000000     
   6.1538461538461538E-003   4.2307692307692307E-003   1336.6515037415247        1.0000000000000000     
   6.1538461538461538E-003   4.6153846153846149E-003   1336.6423391483245        1.0000000000000000     
   6.1538461538461538E-003   5.0000000000000001E-003   1336.6392844621755        1.0000000000000000     
   6.1538461538461538E-003   5.3846153846153844E-003   1336.6423391483245        1.0000000000000000     
   6.1538461538461538E-003   5.7692307692307696E-003   1336.6515037415243        1.0000000000000000     
   6.1538461538461538E-003   6.1538461538461538E-003   1336.6667798585866        1.0000000000000000     
   6.1538461538461538E-003   6.5384615384615381E-003   1336.6881702334952        1.0000000000000000     
   6.1538461538461538E-003   6.9230769230769233E-003   1336.7156787666036        1.0000000000000000     
   6.1538461538461538E-003   7.3076923076923076E-003   1336.7493105710289        1.0000000000000000     
   6.1538461538461538E-003   7.6923076923076927E-003   1336.7890753689258        1.0000000000000000     
   6.1538461538461538E-003   8.0769230769230770E-003   1336.8349075640435        1.0000000000000000     
   6.1538461538461538E-003   8.4615384615384613E-003   1336.8863798913826        1.0000000000000000     
   6.1538461538461538E-003   8.8461538461538456E-003   1336.9434298243173        1.0000000000000000     
   6.1538461538461538E-003   9.2307692307692299E-003   1337.0066615764101        1.0000000000000000     
   6.1538461538461538E-003   9.6153846153846159E-003   1337.0758057625048        1.0000000000000000     

   6.5384615384615381E-003   3.8461538461538462E-004   1355.8112376990096        1.0000000000000000     
   6.5384615384615381E-003   7.6923076923076923E-004   1355.7397243610733        1.0000000000000000     
   6.5384615384615381E-003   1.1538461538461537E-003   1355.6743365600412        1.0000000000000000     
   6.5384615384615381E-003   1.5384615384615385E-003   1355.6153444907084        1.0000000000000000     
   6.5384615384615381E-003   1.9230769230769232E-003   1355.5621326595124        1.0000000000000000     
   6.5384615384615381E-003   2.3076923076923075E-003   1355.5147622221050        1.0000000000000000     
   6.5384615384615381E-003   2.6923076923076922E-003   1355.4736649081792        1.0000000000000000     
   6.5384615384615381E-003   3.0769230769230769E-003   1355.4389063117128        1.0000000000000000     
   6.5384615384615381E-003   3.4615384615384616E-003   1355.4104760960574        1.0000000000000000     
   6.5384615384615381E-003   3.8461538461538464E-003   1355.3883688926524        1.0000000000000000     
   6.5384615384615381E-003   4.2307692307692307E-003   1355.3725807290939        1.0000000000000000     
   6.5384615384615381E-003   4.6153846153846149E-003   1355.3631088850566        1.0000000000000000     
   6.5384615384615381E-003   5.0000000000000001E-003   1355.3599517769253        1.0000000000000000     
   6.5384615384615381E-003   5.3846153846153844E-003   1355.3631088850566        1.0000000000000000     
   6.5384615384615381E-003   5.7692307692307696E-003   1355.3725807290939        1.0000000000000000     
   6.5384615384615381E-003   6.1538461538461538E-003   1355.3883688926521        1.0000000000000000     
   6.5384615384615381E-003   6.5384615384615381E-003   1355.4104760960574        1.0000000000000000     
   6.5384615384615381E-003   6.9230769230769233E-003   1355.4389063117126        1.0000000000000000     
   6.5384615384615381E-003   7.3076923076923076E-003   1355.4736649081788        1.0000000000000000     
   6.5384615384615381E-003   7.6923076923076927E-003   1355.5147622221048        1.0000000000000000     
   6.5384615384615381E-003   8.0769230769230770E-003   1355.5621326595126        1.0000000000000000     
   6.5384615384615381E-003   8.4615384615384613E-003   1355.6153444907084        1.0000000000000000     
   6.5384615384615381E-003   8.8461538461538456E-003   1355.6743365600410        1.0000000000000000     
   6.5384615384615381E-003   9.2307692307692299E-003   1355.7397243610735        1.0000000000000000     
   6.5384615384615381E-003   9.6153846153846159E-003   1355.8112376990096        1.0000000000000000     

   6.9230769230769233E-003   3.8461538461538462E-004   1372.6339012995365        1.0000000000000000     
   6.9230769230769233E-003   7.6923076923076923E-004   1372.5602953535126        1.0000000000000000     
   6.9230769230769233E-003   1.1538461538461537E-003   1372.4930081050186        1.0000000000000000     
   6.9230769230769233E-003   1.5384615384615385E-003   1372.4323078635102        1.0000000000000000     
   6.9230769230769233E-003   1.9230769230769232E-003   1372.3775672201202        1.0000000000000000     
   6.9230769230769233E-003   2.3076923076923075E-003   1372.3288450751645        1.0000000000000000     
   6.9230769230769233E-003   2.6923076923076922E-003   1372.2865766858054        1.0000000000000000     
   6.9230769230769233E-003   3.0769230769230769E-003   1372.2508275100533        1.0000000000000000     
   6.9230769230769233E-003   3.4615384615384616E-003   1372.2215867209659        1.0000000000000000     
   6.9230769230769233E-003   3.8461538461538464E-003   1372.1988488683503        1.0000000000000000     
   6.9230769230769233E-003   4.2307692307692307E-003   1372.1826100779997        1.0000000000000000     
   6.9230769230769233E-003   4.6153846153846149E-003   1372.1728677782849        1.0000000000000000     
   6.9230769230769233E-003   5.0000000000000001E-003   1372.1696205036349        1.0000000000000000     
   6.9230769230769233E-003   5.3846153846153844E-003   1372.1728677782844        1.0000000000000000     
   6.9230769230769233E-003   5.7692307692307696E-003   1372.1826100779995        1.0000000000000000     
   6.9230769230769233E-003   6.1538461538461538E-003   1372.1988488683503        1.0000000000000000     
   6.9230769230769233E-003   6.5384615384615381E-003   1372.2215867209666        1.0000000000000000     
   6.9230769230769233E-003   6.9230769230769233E-003   1372.2508275100540        1.0000000000000000     
   6.9230769230769233E-003   7.3076923076923076E-003   1372.2865766858058        1.0000000000000000     
   6.9230769230769233E-003   7.6923076923076927E-003   1372.3288450751650        1.0000000000000000     
   6.9230769230769233E-003   8.0769230769230770E-003   1372.3775672201200        1.0000000000000000     
   6.9230769230769233E-003   8.4615384615384613E-003   1372.4323078635109        1.0000000000000000     
   6.9230769230769233E-003   8.8461538461538456E-003   1372.4930081050188        1.0000000000000000     
   6.9230769230769233E-003   9.2307692307692299E-003   1372.5602953535131        1.0000000000000000     
   6.9230769230769233E-003   9.6153846153846159E-003   1372.6339012995375        1.0000000000000000     

   7.3076923076923076E-003   3.8461538461538462E-004   1387.4873897717455        1.0000000000000000     
   7.3076923076923076E-003   7.6923076923076923E-004   1387.4119712197278        1.0000000000000000     
   7.3076923076923076E-003   1.1538461538461537E-003   1387.3430453755846        1.0000000000000000     
   7.3076923076923076E-003   1.5384615384615385E-003   1387.2808742899372        1.0000000000000000     
   7.3076923076923076E-003   1.9230769230769232E-003   1387.2248177135300        1.0000000000000000     
   7.3076923076923076E-003   2.3076923076923075E-003   1387.1749315474660        1.0000000000000000     
   7.3076923076923076E-003   2.6923076923076922E-003   1387.1316538915787        1.0000000000000000     
   7.3076923076923076E-003   3.0769230769230769E-003   1387.0950502126784        1.0000000000000000     
   7.3076923076923076E-003   3.4615384615384616E-003   1387.0651095617275        1.0000000000000000     
   7.3076923076923076E-003   3.8461538461538464E-003   1387.0418267677596        1.0000000000000000     
   7.3076923076923076E-003   4.2307692307692307E-003   1387.0251983548021        1.0000000000000000     
   7.3076923076923076E-003   4.6153846153846149E-003   1387.0152221163535        1.0000000000000000     
   7.3076923076923076E-003   5.0000000000000001E-003   1387.0118968333704        1.0000000000000000     
   7.3076923076923076E-003   5.3846153846153844E-003   1387.0152221163530        1.0000000000000000     
   7.3076923076923076E-003   5.7692307692307696E-003   1387.0251983548023        1.0000000000000000     
   7.3076923076923076E-003   6.1538461538461538E-003   1387.0418267677605        1.0000000000000000     
   7.3076923076923076E-003   6.5384615384615381E-003   1387.0651095617284        1.0000000000000000     
   7.3076923076923076E-003   6.9230769230769233E-003   1387.0950502126789        1.0000000000000000     
   7.3076923076923076E-003   7.3076923076923076E-003   1387.1316538915789        1.0000000000000000     
   7.3076923076923076E-003   7.6923076923076927E-003   1387.1749315474667        1.0000000000000000     
   7.3076923076923076E-003   8.0769230769230770E-003   1387.2248177135302        1.0000000000000000     
   7.3076923076923076E-003   8.4615384615384613E-003   1387.2808742899369        1.0000000000000000     
   7.3076923076923076E-003   8.8461538461538456E-003   1387.3430453755843        1.0000000000000000     
   7.3076923076923076E-003   9.2307692307692299E-003   1387.4119712197273        1.0000000000000000     
   7.3076923076923076E-003   9.6153846153846159E-003   1387.4873897717455        1.0000000000000000     

   7.6923076923076927E-003   3.8461538461538462E-004   1400.3224966254950        1.0000000000000000     
   7.6923076923076927E-003   7.6923076923076923E-004   1400.2455546185008        1.0000000000000000     
   7.6923076923076927E-003   1.1538461538461537E-003   1400.1752585614115        1.0000000000000000     
   7.6923076923076927E-003   1.5384615384615385E-003   1400.1118585290519        1.0000000000000000     
   7.6923076923076927E-003   1.9230769230769232E-003   1400.0547011826304        1.0000000000000000     
   7.6923076923076927E-003   2.3076923076923075E-003   1400.0038393950474        1.0000000000000000     
   7.6923076923076927E-003   2.6923076923076922E-003   1399.9597139799475        1.0000000000000000     
   7.6923076923076927E-003   3.0769230769230769E-003   1399.9223910225846        1.0000000000000000     
   7.6923076923076927E-003   3.4615384615384616E-003   1399.8918601763548        1.0000000000000000     
   7.6923076923076927E-003   3.8461538461538464E-003   1399.8681171552719        1.0000000000000000     
   7.6923076923076927E-003   4.2307692307692307E-003   1399.8511593336486        1.0000000000000000     
   7.6923076923076927E-003   4.6153846153846149E-003   1399.8409851718889        1.0000000000000000     
   7.6923076923076927E-003   5.0000000000000001E-003   1399.8375938675060        1.0000000000000000     
   7.6923076923076927E-003   5.3846153846153844E-003   1399.8409851718889        1.0000000000000000     
   7.6923076923076927E-003   5.7692307692307696E-003   1399.8511593336486        1.0000000000000000     
   7.6923076923076927E-003   6.1538461538461538E-003   1399.8681171552719        1.0000000000000000     
   7.6923076923076927E-003   6.5384615384615381E-003   1399.8918601763555        1.0000000000000000     
   7.6923076923076927E-003   6.9230769230769233E-003   1399.9223910225855        1.0000000000000000     
   7.6923076923076927E-003   7.3076923076923076E-003   1399.9597139799480        1.0000000000000000     
   7.6923076923076927E-003   7.6923076923076927E-003   1400.0038393950474        1.0000000000000000     
   7.6923076923076927E-003   8.0769230769230770E-003   1400.0547011826297        1.0000000000000000     
   7.6923076923076927E-003   8.4615384615384613E-003   1400.1118585290512        1.0000000000000000     
   7.6923076923076927E-003   8.8461538461538456E-003   1400.1752585614115        1.0000000000000000     
   7.6923076923076927E-003   9.2307692307692299E-003   1400.2455546185006        1.0000000000000000     
   7.6923076923076927E-003   9.6153846153846159E-003   1400.3224966254950        1.0000000000000000     

   8.0769230769230770E-003   3.8461538461538462E-004   1411.0970428420280        1.0000000000000000     
   8.0769230769230770E-003   7.6923076923076923E-004   1411.0189198335777        1.0000000000000000     
   8.0769230769230770E-003   1.1538461538461537E-003   1410.9475344152931        1.0000000000000000     
   8.0769230769230770E-003   1.5384615384615385E-003   1410.8831526611325        1.0000000000000000     
   8.0769230769230770E-003   1.9230769230769232E-003   1410.8251116135566        1.0000000000000000     
   8.0769230769230770E-003   2.3076923076923075E-003   1410.7734625021410        1.0000000000000000     
   8.0769230769230770E-003   2.6923076923076922E-003   1410.7286495707531        1.0000000000000000     
   8.0769230769230770E-003   3.0769230769230769E-003   1410.6907407855117        1.0000000000000000     
   8.0769230769230770E-003   3.4615384615384616E-003   1410.6597275951938        1.0000000000000000     
   8.0769230769230770E-003   3.8461538461538464E-003   1410.6356074884602        1.0000000000000000     
   8.0769230769230770E-003   4.2307692307692307E-003   1410.6183792898125        1.0000000000000000     
   8.0769230769230770E-003   4.6153846153846149E-003   1410.6080424946422        1.0000000000000000     
   8.0769230769230770E-003   5.0000000000000001E-003   1410.6045969119652        1.0000000000000000     
   8.0769230769230770E-003   5.3846153846153844E-003   1410.6080424946422        1.0000000000000000     
   8.0769230769230770E-003   5.7692307692307696E-003   1410.6183792898128        1.0000000000000000     
   8.0769230769230770E-003   6.1538461538461538E-003   1410.6356074884604        1.0000000000000000     
   8.0769230769230770E-003   6.5384615384615381E-003   1410.6597275951942        1.0000000000000000     
   8.0769230769230770E-003   6.9230769230769233E-003   1410.6907407855122        1.0000000000000000     
   8.0769230769230770E-003   7.3076923076923076E-003   1410.7286495707540        1.0000000000000000     
   8.0769230769230770E-003   7.6923076923076927E-003   1410.7734625021410        1.0000000000000000     
   8.0769230769230770E-003   8.0769230769230770E-003   1410.8251116135566        1.0000000000000000     
   8.0769230769230770E-003   8.4615384615384613E-003   1410.8831526611325        1.0000000000000000     
   8.0769230769230770E-003   8.8461538461538456E-003   1410.9475344152931        1.0000000000000000     
   8.0769230769230770E-003   9.2307692307692299E-003   1411.0189198335777        1.0000000000000000     
   8.0769230769230770E-003   9.6153846153846159E-003   1411.0970428420283        1.0000000000000000     

   8.4615384615384613E-003   3.8461538461538462E-004   1419.7761216975066        1.0000000000000000     
   8.4615384615384613E-003   7.6923076923076923E-004   1419.6966091253612        1.0000000000000000     
   8.4615384615384613E-003   1.1538461538461537E-003   1419.6244751684299        1.0000000000000000     
   8.4615384615384613E-003   1.5384615384615385E-003   1419.5593616534188        1.0000000000000000     
   8.4615384615384613E-003   1.9230769230769232E-003   1419.5006542386479        1.0000000000000000     
   8.4615384615384613E-003   2.3076923076923075E-003   1419.4484045457250        1.0000000000000000     
   8.4615384615384613E-003   2.6923076923076922E-003   1419.4030616263422        1.0000000000000000     
   8.4615384615384613E-003   3.0769230769230769E-003   1419.3646974454525        1.0000000000000000     
   8.4615384615384613E-003   3.4615384615384616E-003   1419.3333070128979        1.0000000000000000     
   8.4615384615384613E-003   3.8461538461538464E-003   1419.3088907560668        1.0000000000000000     
   8.4615384615384613E-003   4.2307692307692307E-003   1419.2914496384949        1.0000000000000000     
   8.4615384615384613E-003   4.6153846153846149E-003   1419.2809845656627        1.0000000000000000     
   8.4615384615384613E-003   5.0000000000000001E-003   1419.2774961388586        1.0000000000000000     
   8.4615384615384613E-003   5.3846153846153844E-003   1419.2809845656634        1.0000000000000000     
   8.4615384615384613E-003   5.7692307692307696E-003   1419.2914496384944        1.0000000000000000     
   8.4615384615384613E-003   6.1538461538461538E-003   1419.3088907560668        1.0000000000000000     
   8.4615384615384613E-003   6.5384615384615381E-003   1419.3333070128976        1.0000000000000000     
   8.4615384615384613E-003   6.9230769230769233E-003   1419.3646974454539        1.0000000000000000     
   8.4615384615384613E-003   7.3076923076923076E-003   1419.4030616263435        1.0000000000000000     
   8.4615384615384613E-003   7.6923076923076927E-003   1419.4484045457250        1.0000000000000000     
   8.4615384615384613E-003   8.0769230769230770E-003   1419.5006542386479        1.0000000000000000     
   8.4615384615384613E-003   8.4615384615384613E-003   1419.5593616534186        1.0000000000000000     
   8.4615384615384613E-003   8.8461538461538456E-003   1419.6244751684296        1.0000000000000000     
   8.4615384615384613E-003   9.2307692307692299E-003   1419.6966091253612        1.0000000000000000     
   8.4615384615384613E-003   9.6153846153846159E-003   1419.7761216975066        1.0000000000000000     

   8.8461538461538456E-003   3.8461538461538462E-004   1426.3315513300317        1.0000000000000000     
   8.8461538461538456E-003   7.6923076923076923E-004   1426.2517484370967        1.0000000000000000     
   8.8461538461538456E-003   1.1538461538461537E-003   1426.1780430364618        1.0000000000000000     
   8.8461538461538456E-003   1.5384615384615385E-003   1426.1125199639037        1.0000000000000000     
   8.8461538461538456E-003   1.9230769230769232E-003   1426.0533617943918        1.0000000000000000     
   8.8461538461538456E-003   2.3076923076923075E-003   1426.0006946471294        1.0000000000000000     
   8.8461538461538456E-003   2.6923076923076922E-003   1425.9549743895946        1.0000000000000000     
   8.8461538461538456E-003   3.0769230769230769E-003   1425.9162805114793        1.0000000000000000     
   8.8461538461538456E-003   3.4615384615384616E-003   1425.8846140669552        1.0000000000000000     
   8.8461538461538456E-003   3.8461538461538464E-003   1425.8599797345555        1.0000000000000000     
   8.8461538461538456E-003   4.2307692307692307E-003   1425.8423812321773        1.0000000000000000     
   8.8461538461538456E-003   4.6153846153846149E-003   1425.8318211375179        1.0000000000000000     
   8.8461538461538456E-003   5.0000000000000001E-003   1425.8283009435927        1.0000000000000000     
   8.8461538461538456E-003   5.3846153846153844E-003   1425.8318211375179        1.0000000000000000     
   8.8461538461538456E-003   5.7692307692307696E-003   1425.8423812321766        1.0000000000000000     
   8.8461538461538456E-003   6.1538461538461538E-003   1425.8599797345548        1.0000000000000000     
   8.8461538461538456E-003   6.5384615384615381E-003   1425.8846140669546        1.0000000000000000     
   8.8461538461538456E-003   6.9230769230769233E-003   1425.9162805114788        1.0000000000000000     
   8.8461538461538456E-003   7.3076923076923076E-003   1425.9549743895948        1.0000000000000000     
   8.8461538461538456E-003   7.6923076923076927E-003   1426.0006946471292        1.0000000000000000     
   8.8461538461538456E-003   8.0769230769230770E-003   1426.0533617943915        1.0000000000000000     
   8.8461538461538456E-003   8.4615384615384613E-003   1426.1125199639032        1.0000000000000000     
   8.8461538461538456E-003   8.8461538461538456E-003   1426.1780430364613        1.0000000000000000     
   8.8461538461538456E-003   9.2307692307692299E-003   1426.2517484370967        1.0000000000000000     
   8.8461538461538456E-003   9.6153846153846159E-003   1426.3315513300322        1.0000000000000000     

   9.2307692307692299E-003   3.8461538461538462E-004   1430.7431316681179        1.0000000000000000     
   9.2307692307692299E-003   7.6923076923076923E-004   1430.6625215957076        1.0000000000000000     
   9.2307692307692299E-003   1.1538461538461537E-003   1430.5891197400535        1.0000000000000000     
   9.2307692307692299E-003   1.5384615384615385E-003   1430.5223073416353        1.0000000000000000     
   9.2307692307692299E-003   1.9230769230769232E-003   1430.4629650398947        1.0000000000000000     
   9.2307692307692299E-003   2.3076923076923075E-003   1430.4100575280613        1.0000000000000000     
   9.2307692307692299E-003   2.6923076923076922E-003   1430.3641041935623        1.0000000000000000     
   9.2307692307692299E-003   3.0769230769230769E-003   1430.3251992642874        1.0000000000000000     
   9.2307692307692299E-003   3.4615384615384616E-003   1430.2933529768652        1.0000000000000000     
   9.2307692307692299E-003   3.8461538461538464E-003   1430.2685752648997        1.0000000000000000     
   9.2307692307692299E-003   4.2307692307692307E-003   1430.2508727959528        1.0000000000000000     
   9.2307692307692299E-003   4.6153846153846149E-003   1430.2402497781709        1.0000000000000000     
   9.2307692307692299E-003   5.0000000000000001E-003   1430.2367085262542        1.0000000000000000     
   9.2307692307692299E-003   5.3846153846153844E-003   1430.2402497781716        1.0000000000000000     
   9.2307692307692299E-003   5.7692307692307696E-003   1430.2508727959521        1.0000000000000000     
   9.2307692307692299E-003   6.1538461538461538E-003   1430.2685752648999        1.0000000000000000     
   9.2307692307692299E-003   6.5384615384615381E-003   1430.2933529768659        1.0000000000000000     
   9.2307692307692299E-003   6.9230769230769233E-003   1430.3251992642881        1.0000000000000000     
   9.2307692307692299E-003   7.3076923076923076E-003   1430.3641041935637        1.0000000000000000     
   9.2307692307692299E-003   7.6923076923076927E-003   1430.4100575280618        1.0000000000000000     
   9.2307692307692299E-003   8.0769230769230770E-003   1430.4629650398940        1.0000000000000000     
   9.2307692307692299E-003   8.4615384615384613E-003   1430.5223073416344        1.0000000000000000     
   9.2307692307692299E-003   8.8461538461538456E-003   1430.5891197400529        1.0000000000000000     
   9.2307692307692299E-003   9.2307692307692299E-003   1430.6625215957069        1.0000000000000000     
   9.2307692307692299E-003   9.6153846153846159E-003   1430.7431316681173        1.0000000000000000     

   9.6153846153846159E-003   3.8461538461538462E-004   1432.9968689341852        1.0000000000000000     
   9.6153846153846159E-003   7.6923076923076923E-004   1432.9155272828457        1.0000000000000000     
   9.6153846153846159E-003   1.1538461538461537E-003   1432.8415987767855        1.0000000000000000     
   9.6153846153846159E-003   1.5384615384615385E-003   1432.7750582215285        1.0000000000000000     
   9.6153846153846159E-003   1.9230769230769232E-003   1432.7151712762693        1.0000000000000000     
   9.6153846153846159E-003   2.3076923076923075E-003   1432.6622134402905        1.0000000000000000     
   9.6153846153846159E-003   2.6923076923076922E-003   1432.6161559558002        1.0000000000000000     
   9.6153846153846159E-003   3.0769230769230769E-003   1432.5771487032739        1.0000000000000000     
   9.6153846153846159E-003   3.4615384615384616E-003   1432.5452129159257        1.0000000000000000     
   9.6153846153846159E-003   3.8461538461538464E-003   1432.5203631289169        1.0000000000000000     
   9.6153846153846159E-003   4.2307692307692307E-003   1432.5026081681335        1.0000000000000000     
   9.6153846153846159E-003   4.6153846153846149E-003   1432.4919533171546        1.0000000000000000     
   9.6153846153846159E-003   5.0000000000000001E-003   1432.4884014032702        1.0000000000000000     
   9.6153846153846159E-003   5.3846153846153844E-003   1432.4919533171546        1.0000000000000000     
   9.6153846153846159E-003   5.7692307692307696E-003   1432.5026081681331        1.0000000000000000     
   9.6153846153846159E-003   6.1538461538461538E-003   1432.5203631289176        1.0000000000000000     
   9.6153846153846159E-003   6.5384615384615381E-003   1432.5452129159264        1.0000000000000000     
   9.6153846153846159E-003   6.9230769230769233E-003   1432.5771487032741        1.0000000000000000     
   9.6153846153846159E-003   7.3076923076923076E-003   1432.6161559558007        1.0000000000000000     
   9.6153846153846159E-003   7.6923076923076927E-003   1432.6622134402905        1.0000000000000000     
   9.6153846153846159E-003   8.0769230769230770E-003   1432.7151712762684        1.0000000000000000     
   9.6153846153846159E-003   8.4615384615384613E-003   1432.7750582215263        1.0000000000000000     
   9.6153846153846159E-003   8.8461538461538456E-003   1432.8415987767839        1.0000000000000000     
   9.6153846153846159E-003   9.2307692307692299E-003   1432.9155272828457        1.0000000000000000     
   9.6153846153846159E-003   9.6153846153846159E-003   1432.9968689341858        1.0000000000000000     

