   3.8461538461538462E-004   3.8461538461538462E-004   1621.8373305896241        1.0000000000000000     
   3.8461538461538462E-004   7.6923076923076923E-004   1622.0571448085066        1.0000000000000000     
   3.8461538461538462E-004   1.1538461538461537E-003   1622.2654310400005        1.0000000000000000     
   3.8461538461538462E-004   1.5384615384615385E-003   1622.4623844427661        1.0000000000000000     
   3.8461538461538462E-004   1.9230769230769232E-003   1622.6482917042997        1.0000000000000000     
   3.8461538461538462E-004   2.3076923076923075E-003   1622.8235229483269        1.0000000000000000     
   3.8461538461538462E-004   2.6923076923076922E-003   1622.9885215732413        1.0000000000000000     
   3.8461538461538462E-004   3.0769230769230769E-003   1623.1437925317907        1.0000000000000000     
   3.8461538461538462E-004   3.4615384615384616E-003   1623.2898896416946        1.0000000000000000     
   3.8461538461538462E-004   3.8461538461538464E-003   1623.4274025763166        1.0000000000000000     
   3.8461538461538462E-004   4.2307692307692307E-003   1623.5569442243534        1.0000000000000000     
   3.8461538461538462E-004   4.6153846153846149E-003   1623.6791391364147        1.0000000000000000     
   3.8461538461538462E-004   5.0000000000000001E-003   1623.7946138112688        1.0000000000000000     
   3.8461538461538462E-004   5.3846153846153844E-003   1623.9039896473942        1.0000000000000000     
   3.8461538461538462E-004   5.7692307692307696E-003   1624.0078795550555        1.0000000000000000     
   3.8461538461538462E-004   6.1538461538461538E-003   1624.1068896069642        1.0000000000000000     
   3.8461538461538462E-004   6.5384615384615381E-003   1624.2016279450968        1.0000000000000000     
   3.8461538461538462E-004   6.9230769230769233E-003   1624.2927250085713        1.0000000000000000     
   3.8461538461538462E-004   7.3076923076923076E-003   1624.3808733524804        1.0000000000000000     
   3.8461538461538462E-004   7.6923076923076927E-003   1624.4669054886654        1.0000000000000000     
   3.8461538461538462E-004   8.0769230769230770E-003   1624.5519547524825        1.0000000000000000     
   3.8461538461538462E-004   8.4615384615384613E-003   1624.6378203102124        1.0000000000000000     
   3.8461538461538462E-004   8.8461538461538456E-003   1624.7278970220943        1.0000000000000000     
   3.8461538461538462E-004   9.2307692307692299E-003   1624.8298564846009        1.0000000000000000     
   3.8461538461538462E-004   9.6153846153846159E-003   1624.9643495424289        1.0000000000000000     

   7.6923076923076923E-004   3.8461538461538462E-004   1622.0499595677375        1.0000000000000000     
   7.6923076923076923E-004   7.6923076923076923E-004   1622.2698095261487        1.0000000000000000     
   7.6923076923076923E-004   1.1538461538461537E-003   1622.4781299253036        1.0000000000000000     
   7.6923076923076923E-004   1.5384615384615385E-003   1622.6751156418013        1.0000000000000000     
   7.6923076923076923E-004   1.9230769230769232E-003   1622.8610529285886        1.0000000000000000     
   7.6923076923076923E-004   2.3076923076923075E-003   1623.0363113059432        1.0000000000000000     
   7.6923076923076923E-004   2.6923076923076922E-003   1623.2013333734901        1.0000000000000000     
   7.6923076923076923E-004   3.0769230769230769E-003   1623.3566230484334        1.0000000000000000     
   7.6923076923076923E-004   3.4615384615384616E-003   1623.5027328117635        1.0000000000000000     
   7.6923076923076923E-004   3.8461538461538464E-003   1623.6402505988037        1.0000000000000000     
   7.6923076923076923E-004   4.2307692307692307E-003   1623.7697870019913        1.0000000000000000     
   7.6923076923076923E-004   4.6153846153846149E-003   1623.8919634678052        1.0000000000000000     
   7.6923076923076923E-004   5.0000000000000001E-003   1624.0074021771809        1.0000000000000000     
   7.6923076923076923E-004   5.3846153846153844E-003   1624.1167183178748        1.0000000000000000     
   7.6923076923076923E-004   5.7692307692307696E-003   1624.2205155175268        1.0000000000000000     
   7.6923076923076923E-004   6.1538461538461538E-003   1624.3193853528317        1.0000000000000000     
   7.6923076923076923E-004   6.5384615384615381E-003   1624.4139121467340        1.0000000000000000     
   7.6923076923076923E-004   6.9230769230769233E-003   1624.5046847706376        1.0000000000000000     
   7.6923076923076923E-004   7.3076923076923076E-003   1624.5923177831148        1.0000000000000000     
   7.6923076923076923E-004   7.6923076923076927E-003   1624.6774839487523        1.0000000000000000     
   7.6923076923076923E-004   8.0769230769230770E-003   1624.7609536371660        1.0000000000000000     
   7.6923076923076923E-004   8.4615384615384613E-003   1624.8435987749556        1.0000000000000000     
   7.6923076923076923E-004   8.8461538461538456E-003   1624.9261361440408        1.0000000000000000     
   7.6923076923076923E-004   9.2307692307692299E-003   1625.0075382098821        1.0000000000000000     
   7.6923076923076923E-004   9.6153846153846159E-003   1625.0771305893022        1.0000000000000000     

   1.1538461538461537E-003   3.8461538461538462E-004   1622.2439098372533        1.0000000000000000     
   1.1538461538461537E-003   7.6923076923076923E-004   1622.4637929077319        1.0000000000000000     
   1.1538461538461537E-003   1.1538461538461537E-003   1622.6721453366040        1.0000000000000000     
   1.1538461538461537E-003   1.5384615384615385E-003   1622.8691614171969        1.0000000000000000     
   1.1538461538461537E-003   1.9230769230769232E-003   1623.0551265075935        1.0000000000000000     
   1.1538461538461537E-003   2.3076923076923075E-003   1623.2304088929980        1.0000000000000000     
   1.1538461538461537E-003   2.6923076923076922E-003   1623.3954495512191        1.0000000000000000     
   1.1538461538461537E-003   3.0769230769230769E-003   1623.5507503174913        1.0000000000000000     
   1.1538461538461537E-003   3.4615384615384616E-003   1623.6968610163342        1.0000000000000000     
   1.1538461538461537E-003   3.8461538461538464E-003   1623.8343661746724        1.0000000000000000     
   1.1538461538461537E-003   4.2307692307692307E-003   1623.9638719483903        1.0000000000000000     
   1.1538461538461537E-003   4.6153846153846149E-003   1624.0859938850733        1.0000000000000000     
   1.1538461538461537E-003   5.0000000000000001E-003   1624.2013461111596        1.0000000000000000     
   1.1538461538461537E-003   5.3846153846153844E-003   1624.3105324734111        1.0000000000000000     
   1.1538461538461537E-003   5.7692307692307696E-003   1624.4141400769659        1.0000000000000000     
   1.1538461538461537E-003   6.1538461538461538E-003   1624.5127355168827        1.0000000000000000     
   1.1538461538461537E-003   6.5384615384615381E-003   1624.6068638024826        1.0000000000000000     
   1.1538461538461537E-003   6.9230769230769233E-003   1624.6970492433966        1.0000000000000000     
   1.1538461538461537E-003   7.3076923076923076E-003   1624.7837956088918        1.0000000000000000     
   1.1538461538461537E-003   7.6923076923076927E-003   1624.8675774942785        1.0000000000000000     
   1.1538461538461537E-003   8.0769230769230770E-003   1624.9488002004659        1.0000000000000000     
   1.1538461538461537E-003   8.4615384615384613E-003   1625.0276674390100        1.0000000000000000     
   1.1538461538461537E-003   8.8461538461538456E-003   1625.1038094983205        1.0000000000000000     
   1.1538461538461537E-003   9.2307692307692299E-003   1625.1754044238921        1.0000000000000000     
   1.1538461538461537E-003   9.6153846153846159E-003   1625.2379158553001        1.0000000000000000     

   1.5384615384615385E-003   3.8461538461538462E-004   1622.4194393870573        1.0000000000000000     
   1.5384615384615385E-003   7.6923076923076923E-004   1622.6393530590383        1.0000000000000000     
   1.5384615384615385E-003   1.1538461538461537E-003   1622.8477355818368        1.0000000000000000     
   1.5384615384615385E-003   1.5384615384615385E-003   1623.0447803926388        1.0000000000000000     
   1.5384615384615385E-003   1.9230769230769232E-003   1623.2307715403188        1.0000000000000000     
   1.5384615384615385E-003   2.3076923076923075E-003   1623.4060755118705        1.0000000000000000     
   1.5384615384615385E-003   2.6923076923076922E-003   1623.5711309393134        1.0000000000000000     
   1.5384615384615385E-003   3.0769230769230769E-003   1623.7264366720967        1.0000000000000000     
   1.5384615384615385E-003   3.4615384615384616E-003   1623.8725387656834        1.0000000000000000     
   1.5384615384615385E-003   3.8461538461538464E-003   1624.0100169745087        1.0000000000000000     
   1.5384615384615385E-003   4.2307692307692307E-003   1624.1394713410912        1.0000000000000000     
   1.5384615384615385E-003   4.6153846153846149E-003   1624.2615094401287        1.0000000000000000     
   1.5384615384615385E-003   5.0000000000000001E-003   1624.3767347627067        1.0000000000000000     
   1.5384615384615385E-003   5.3846153846153844E-003   1624.4857366010056        1.0000000000000000     
   1.5384615384615385E-003   5.7692307692307696E-003   1624.5890815934595        1.0000000000000000     
   1.5384615384615385E-003   6.1538461538461538E-003   1624.6873067550237        1.0000000000000000     
   1.5384615384615385E-003   6.5384615384615381E-003   1624.7809132136138        1.0000000000000000     
   1.5384615384615385E-003   6.9230769230769233E-003   1624.8703587098796        1.0000000000000000     
   1.5384615384615385E-003   7.3076923076923076E-003   1624.9560445884420        1.0000000000000000     
   1.5384615384615385E-003   7.6923076923076927E-003   1625.0382883766533        1.0000000000000000     
   1.5384615384615385E-003   8.0769230769230770E-003   1625.1172644552964        1.0000000000000000     
   1.5384615384615385E-003   8.4615384615384613E-003   1625.1928824860827        1.0000000000000000     
   1.5384615384615385E-003   8.8461538461538456E-003   1625.2645675114172        1.0000000000000000     
   1.5384615384615385E-003   9.2307692307692299E-003   1625.3309675092710        1.0000000000000000     
   1.5384615384615385E-003   9.6153846153846159E-003   1625.3899362212794        1.0000000000000000     

   1.9230769230769232E-003   3.8461538461538462E-004   1622.5769116456634        1.0000000000000000     
   1.9230769230769232E-003   7.6923076923076923E-004   1622.7968535675232        1.0000000000000000     
   1.9230769230769232E-003   1.1538461538461537E-003   1623.0052645212518        1.0000000000000000     
   1.9230769230769232E-003   1.5384615384615385E-003   1623.2023368537023        1.0000000000000000     
   1.9230769230769232E-003   1.9230769230769232E-003   1623.3883529525140        1.0000000000000000     
   1.9230769230769232E-003   2.3076923076923075E-003   1623.5636770353365        1.0000000000000000     
   1.9230769230769232E-003   2.6923076923076922E-003   1623.7287447958506        1.0000000000000000     
   1.9230769230769232E-003   3.0769230769230769E-003   1623.8840513801536        1.0000000000000000     
   1.9230769230769232E-003   3.4615384615384616E-003   1624.0301382274345        1.0000000000000000     
   1.9230769230769232E-003   3.8461538461538464E-003   1624.1675793386883        1.0000000000000000     
   1.9230769230769232E-003   4.2307692307692307E-003   1624.2969675293668        1.0000000000000000     
   1.9230769230769232E-003   4.6153846153846149E-003   1624.4189011720223        1.0000000000000000     
   1.9230769230769232E-003   5.0000000000000001E-003   1624.5339718360765        1.0000000000000000     
   1.9230769230769232E-003   5.3846153846153844E-003   1624.6427530712981        1.0000000000000000     
   1.9230769230769232E-003   5.7692307692307696E-003   1624.7457903337809        1.0000000000000000     
   1.9230769230769232E-003   6.1538461538461538E-003   1624.8435916692970        1.0000000000000000     
   1.9230769230769232E-003   6.5384615384615381E-003   1624.9366181586718        1.0000000000000000     
   1.9230769230769232E-003   6.9230769230769233E-003   1625.0252721451441        1.0000000000000000     
   1.9230769230769232E-003   7.3076923076923076E-003   1625.1098797074376        1.0000000000000000     
   1.9230769230769232E-003   7.6923076923076927E-003   1625.1906616184649        1.0000000000000000     
   1.9230769230769232E-003   8.0769230769230770E-003   1625.2676847666698        1.0000000000000000     
   1.9230769230769232E-003   8.4615384615384613E-003   1625.3407869963469        1.0000000000000000     
   1.9230769230769232E-003   8.8461538461538456E-003   1625.4094829753215        1.0000000000000000     
   1.9230769230769232E-003   9.2307692307692299E-003   1625.4729099629374        1.0000000000000000     
   1.9230769230769232E-003   9.6153846153846159E-003   1625.5299778819845        1.0000000000000000     

   2.3076923076923075E-003   3.8461538461538462E-004   1622.7167670924482        1.0000000000000000     
   2.3076923076923075E-003   7.6923076923076923E-004   1622.9367350957875        1.0000000000000000     
   2.3076923076923075E-003   1.1538461538461537E-003   1623.1451731285442        1.0000000000000000     
   2.3076923076923075E-003   1.5384615384615385E-003   1623.3422722582602        1.0000000000000000     
   2.3076923076923075E-003   1.9230769230769232E-003   1623.5283129314871        1.0000000000000000     
   2.3076923076923075E-003   2.3076923076923075E-003   1623.7036567305870        1.0000000000000000     
   2.3076923076923075E-003   2.6923076923076922E-003   1623.8687359660805        1.0000000000000000     
   2.3076923076923075E-003   3.0769230769230769E-003   1624.0240415680071        1.0000000000000000     
   2.3076923076923075E-003   3.4615384615384616E-003   1624.1701097962264        1.0000000000000000     
   2.3076923076923075E-003   3.8461538461538464E-003   1624.3075083143128        1.0000000000000000     
   2.3076923076923075E-003   4.2307692307692307E-003   1624.4368221573525        1.0000000000000000     
   2.3076923076923075E-003   4.6153846153846149E-003   1624.5586400662180        1.0000000000000000     
   2.3076923076923075E-003   5.0000000000000001E-003   1624.6735415536291        1.0000000000000000     
   2.3076923076923075E-003   5.3846153846153844E-003   1624.7820849016912        1.0000000000000000     
   2.3076923076923075E-003   5.7692307692307696E-003   1624.8847960514772        1.0000000000000000     
   2.3076923076923075E-003   6.1538461538461538E-003   1624.9821580097703        1.0000000000000000     
   2.3076923076923075E-003   6.5384615384615381E-003   1625.0745999376484        1.0000000000000000     
   2.3076923076923075E-003   6.9230769230769233E-003   1625.1624844841922        1.0000000000000000     
   2.3076923076923075E-003   7.3076923076923076E-003   1625.2460912484814        1.0000000000000000     
   2.3076923076923075E-003   7.6923076923076927E-003   1625.3255938143832        1.0000000000000000     
   2.3076923076923075E-003   8.0769230769230770E-003   1625.4010285917752        1.0000000000000000     
   2.3076923076923075E-003   8.4615384615384613E-003   1625.4722580678160        1.0000000000000000     
   2.3076923076923075E-003   8.8461538461538456E-003   1625.5389431861208        1.0000000000000000     
   2.3076923076923075E-003   9.2307692307692299E-003   1625.6005625782248        1.0000000000000000     
   2.3076923076923075E-003   9.6153846153846159E-003   1625.6565376424935        1.0000000000000000     

   2.6923076923076922E-003   3.8461538461538462E-004   1622.8394883730361        1.0000000000000000     
   2.6923076923076922E-003   7.6923076923076923E-004   1623.0594804765531        1.0000000000000000     
   2.6923076923076922E-003   1.1538461538461537E-003   1623.2679445492834        1.0000000000000000     
   2.6923076923076922E-003   1.5384615384615385E-003   1623.4650702382501        1.0000000000000000     
   2.6923076923076922E-003   1.9230769230769232E-003   1623.6511358444739        1.0000000000000000     
   2.6923076923076922E-003   2.3076923076923075E-003   1623.8265000571962        1.0000000000000000     
   2.6923076923076922E-003   2.6923076923076922E-003   1623.9915915075112        1.0000000000000000     
   2.6923076923076922E-003   3.0769230769230769E-003   1624.1468965970528        1.0000000000000000     
   2.6923076923076922E-003   3.4615384615384616E-003   1624.2929461117103        1.0000000000000000     
   2.6923076923076922E-003   3.8461538461538464E-003   1624.4303011528514        1.0000000000000000     
   2.6923076923076922E-003   4.2307692307692307E-003   1624.5595389026325        1.0000000000000000     
   2.6923076923076922E-003   4.6153846153846149E-003   1624.6812386823406        1.0000000000000000     
   2.6923076923076922E-003   5.0000000000000001E-003   1624.7959686602549        1.0000000000000000     
   2.6923076923076922E-003   5.3846153846153844E-003   1624.9042734152292        1.0000000000000000     
   2.6923076923076922E-003   5.7692307692307696E-003   1625.0066623612915        1.0000000000000000     
   2.6923076923076922E-003   6.1538461538461538E-003   1625.1035987876921        1.0000000000000000     
   2.6923076923076922E-003   6.5384615384615381E-003   1625.1954889816959        1.0000000000000000     
   2.6923076923076922E-003   6.9230769230769233E-003   1625.2826706286469        1.0000000000000000     
   2.6923076923076922E-003   7.3076923076923076E-003   1625.3653995664304        1.0000000000000000     
   2.6923076923076922E-003   7.6923076923076927E-003   1625.4438343372337        1.0000000000000000     
   2.6923076923076922E-003   8.0769230769230770E-003   1625.5180194719910        1.0000000000000000     
   2.6923076923076922E-003   8.4615384615384613E-003   1625.5878720423800        1.0000000000000000     
   2.6923076923076922E-003   8.8461538461538456E-003   1625.6531824443566        1.0000000000000000     
   2.6923076923076922E-003   9.2307692307692299E-003   1625.7136477522188        1.0000000000000000     
   2.6923076923076922E-003   9.6153846153846159E-003   1625.7689548244807        1.0000000000000000     

   3.0769230769230769E-003   3.8461538461538462E-004   1622.9455612284717        1.0000000000000000     
   3.0769230769230769E-003   7.6923076923076923E-004   1623.1655756209050        1.0000000000000000     
   3.0769230769230769E-003   1.1538461538461537E-003   1623.3740649724543        1.0000000000000000     
   3.0769230769230769E-003   1.5384615384615385E-003   1623.5712174152086        1.0000000000000000     
   3.0769230769230769E-003   1.9230769230769232E-003   1623.7573089730618        1.0000000000000000     
   3.0769230769230769E-003   2.3076923076923075E-003   1623.9326952866950        1.0000000000000000     
   3.0769230769230769E-003   2.6923076923076922E-003   1624.0978011484774        1.0000000000000000     
   3.0769230769230769E-003   3.0769230769230769E-003   1624.2531082977227        1.0000000000000000     
   3.0769230769230769E-003   3.4615384615384616E-003   1624.3991419804204        1.0000000000000000     
   3.0769230769230769E-003   3.8461538461538464E-003   1624.5364568003681        1.0000000000000000     
   3.0769230769230769E-003   4.2307692307692307E-003   1624.6656223747480        1.0000000000000000     
   3.0769230769230769E-003   4.6153846153846149E-003   1624.7872092549203        1.0000000000000000     
   3.0769230769230769E-003   5.0000000000000001E-003   1624.9017754826298        1.0000000000000000     
   3.0769230769230769E-003   5.3846153846153844E-003   1625.0098540250292        1.0000000000000000     
   3.0769230769230769E-003   5.7692307692307696E-003   1625.1119411751622        1.0000000000000000     
   3.0769230769230769E-003   6.1538461538461538E-003   1625.2084858320638        1.0000000000000000     
   3.0769230769230769E-003   6.5384615384615381E-003   1625.2998794176312        1.0000000000000000     
   3.0769230769230769E-003   6.9230769230769233E-003   1625.3864461098010        1.0000000000000000     
   3.0769230769230769E-003   7.3076923076923076E-003   1625.4684331958672        1.0000000000000000     
   3.0769230769230769E-003   7.6923076923076927E-003   1625.5460018819235        1.0000000000000000     
   3.0769230769230769E-003   8.0769230769230770E-003   1625.6192201142974        1.0000000000000000     
   3.0769230769230769E-003   8.4615384615384613E-003   1625.6880610777141        1.0000000000000000     
   3.0769230769230769E-003   8.8461538461538456E-003   1625.7524136629663        1.0000000000000000     
   3.0769230769230769E-003   9.2307692307692299E-003   1625.8121124182610        1.0000000000000000     
   3.0769230769230769E-003   9.6153846153846159E-003   1625.8669899848915        1.0000000000000000     

   3.4615384615384616E-003   3.8461538461538462E-004   1623.0354338321984        1.0000000000000000     
   3.4615384615384616E-003   7.6923076923076923E-004   1623.2554688357809        1.0000000000000000     
   3.4615384615384616E-003   1.1538461538461537E-003   1623.4639829147495        1.0000000000000000     
   3.4615384615384616E-003   1.5384615384615385E-003   1623.6611626349209        1.0000000000000000     
   3.4615384615384616E-003   1.9230769230769232E-003   1623.8472816774663        1.0000000000000000     
   3.4615384615384616E-003   2.3076923076923075E-003   1624.0226925696354        1.0000000000000000     
   3.4615384615384616E-003   2.6923076923076922E-003   1624.1878162230610        1.0000000000000000     
   3.4615384615384616E-003   3.0769230769230769E-003   1624.3431297271386        1.0000000000000000     
   3.4615384615384616E-003   3.4615384615384616E-003   1624.4891528992034        1.0000000000000000     
   3.4615384615384616E-003   3.8461538461538464E-003   1624.6264341179340        1.0000000000000000     
   3.4615384615384616E-003   4.2307692307692307E-003   1624.7555359564433        1.0000000000000000     
   3.4615384615384616E-003   4.6153846153846149E-003   1624.8770210869745        1.0000000000000000     
   3.4615384615384616E-003   5.0000000000000001E-003   1624.9914388520319        1.0000000000000000     
   3.4615384615384616E-003   5.3846153846153844E-003   1625.0993127927591        1.0000000000000000     
   3.4615384615384616E-003   5.7692307692307696E-003   1625.2011293050509        1.0000000000000000     
   3.4615384615384616E-003   6.1538461538461538E-003   1625.2973274760047        1.0000000000000000     
   3.4615384615384616E-003   6.5384615384615381E-003   1625.3882900697799        1.0000000000000000     
   3.4615384615384616E-003   6.9230769230769233E-003   1625.4743356348292        1.0000000000000000     
   3.4615384615384616E-003   7.3076923076923076E-003   1625.5557118706993        1.0000000000000000     
   3.4615384615384616E-003   7.6923076923076927E-003   1625.6325908171791        1.0000000000000000     
   3.4615384615384616E-003   8.0769230769230770E-003   1625.7050671787829        1.0000000000000000     
   3.4615384615384616E-003   8.4615384615384613E-003   1625.7731620878071        1.0000000000000000     
   3.4615384615384616E-003   8.8461538461538456E-003   1625.8368353629537        1.0000000000000000     
   3.4615384615384616E-003   9.2307692307692299E-003   1625.8960087153926        1.0000000000000000     
   3.4615384615384616E-003   9.6153846153846159E-003   1625.9505988272267        1.0000000000000000     

   3.8461538461538464E-003   3.8461538461538462E-004   1623.1094772504159        1.0000000000000000     
   3.8461538461538464E-003   7.6923076923076923E-004   1623.3295312678624        1.0000000000000000     
   3.8461538461538464E-003   1.1538461538461537E-003   1623.5380696375773        1.0000000000000000     
   3.8461538461538464E-003   1.5384615384615385E-003   1623.7352773453813        1.0000000000000000     
   3.8461538461538464E-003   1.9230769230769232E-003   1623.9214257206722        1.0000000000000000     
   3.8461538461538464E-003   2.3076923076923075E-003   1624.0968641878467        1.0000000000000000     
   3.8461538461538464E-003   2.6923076923076922E-003   1624.2620098296866        1.0000000000000000     
   3.8461538461538464E-003   3.0769230769230769E-003   1624.4173352089317        1.0000000000000000     
   3.8461538461538464E-003   3.4615384615384616E-003   1624.5633549498073        1.0000000000000000     
   3.8461538461538464E-003   3.8461538461538464E-003   1624.7006116083819        1.0000000000000000     
   3.8461538461538464E-003   4.2307692307692307E-003   1624.8296613553746        1.0000000000000000     
   3.8461538461538464E-003   4.6153846153846149E-003   1624.9510599579530        1.0000000000000000     
   3.8461538461538464E-003   5.0000000000000001E-003   1625.0653494819348        1.0000000000000000     
   3.8461538461538464E-003   5.3846153846153844E-003   1625.1730460492495        1.0000000000000000     
   3.8461538461538464E-003   5.7692307692307696E-003   1625.2746288894969        1.0000000000000000     
   3.8461538461538464E-003   6.1538461538461538E-003   1625.3705308363346        1.0000000000000000     
   3.8461538461538464E-003   6.5384615384615381E-003   1625.4611303650618        1.0000000000000000     
   3.8461538461538464E-003   6.9230769230769233E-003   1625.5467452812670        1.0000000000000000     
   3.8461538461538464E-003   7.3076923076923076E-003   1625.6276282905233        1.0000000000000000     
   3.8461538461538464E-003   7.6923076923076927E-003   1625.7039649342225        1.0000000000000000     
   3.8461538461538464E-003   8.0769230769230770E-003   1625.7758747469434        1.0000000000000000     
   3.8461538461538464E-003   8.4615384615384613E-003   1625.8434168415060        1.0000000000000000     
   3.8461538461538464E-003   8.8461538461538456E-003   1625.9066011301161        1.0000000000000000     
   3.8461538461538464E-003   9.2307692307692299E-003   1625.9654055207786        1.0000000000000000     
   3.8461538461538464E-003   9.6153846153846159E-003   1626.0197972516330        1.0000000000000000     

   4.2307692307692307E-003   3.8461538461538462E-004   1623.1679496895224        1.0000000000000000     
   4.2307692307692307E-003   7.6923076923076923E-004   1623.3880211387091        1.0000000000000000     
   4.2307692307692307E-003   1.1538461538461537E-003   1623.5965833634102        1.0000000000000000     
   4.2307692307692307E-003   1.5384615384615385E-003   1623.7938197870833        1.0000000000000000     
   4.2307692307692307E-003   1.9230769230769232E-003   1623.9799994244224        1.0000000000000000     
   4.2307692307692307E-003   2.3076923076923075E-003   1624.1554686670536        1.0000000000000000     
   4.2307692307692307E-003   2.6923076923076922E-003   1624.3206408912547        1.0000000000000000     
   4.2307692307692307E-003   3.0769230769230769E-003   1624.4759843337260        1.0000000000000000     
   4.2307692307692307E-003   3.4615384615384616E-003   1624.6220087383899        1.0000000000000000     
   4.2307692307692307E-003   3.8461538461538464E-003   1624.7592513068830        1.0000000000000000     
   4.2307692307692307E-003   4.2307692307692307E-003   1624.8882624843047        1.0000000000000000     
   4.2307692307692307E-003   4.6153846153846149E-003   1625.0095920809579        1.0000000000000000     
   4.2307692307692307E-003   5.0000000000000001E-003   1625.1237761743917        1.0000000000000000     
   4.2307692307692307E-003   5.3846153846153844E-003   1625.2313251608962        1.0000000000000000     
   4.2307692307692307E-003   5.7692307692307696E-003   1625.3327132424972        1.0000000000000000     
   4.2307692307692307E-003   6.1538461538461538E-003   1625.4283695588556        1.0000000000000000     
   4.2307692307692307E-003   6.5384615384615381E-003   1625.5186711215442        1.0000000000000000     
   4.2307692307692307E-003   6.9230769230769233E-003   1625.6039377006564        1.0000000000000000     
   4.2307692307692307E-003   7.3076923076923076E-003   1625.6844288661505        1.0000000000000000     
   4.2307692307692307E-003   7.6923076923076927E-003   1625.7603434971584        1.0000000000000000     
   4.2307692307692307E-003   8.0769230769230770E-003   1625.8318222017861        1.0000000000000000     
   4.2307692307692307E-003   8.4615384615384613E-003   1625.8989531325515        1.0000000000000000     
   4.2307692307692307E-003   8.8461538461538456E-003   1625.9617814571732        1.0000000000000000     
   4.2307692307692307E-003   9.2307692307692299E-003   1626.0203220457590        1.0000000000000000     
   4.2307692307692307E-003   9.6153846153846159E-003   1626.0745737099940        1.0000000000000000     

   4.6153846153846149E-003   3.8461538461538462E-004   1623.2109669723147        1.0000000000000000     
   4.6153846153846149E-003   7.6923076923076923E-004   1623.4310542134519        1.0000000000000000     
   4.6153846153846149E-003   1.1538461538461537E-003   1623.6396397345727        1.0000000000000000     
   4.6153846153846149E-003   1.5384615384615385E-003   1623.8369054395139        1.0000000000000000     
   4.6153846153846149E-003   1.9230769230769232E-003   1624.0231181013196        1.0000000000000000     
   4.6153846153846149E-003   2.3076923076923075E-003   1624.1986211935221        1.0000000000000000     
   4.6153846153846149E-003   2.6923076923076922E-003   1624.3638245578156        1.0000000000000000     
   4.6153846153846149E-003   3.0769230769230769E-003   1624.5191923544539        1.0000000000000000     
   4.6153846153846149E-003   3.4615384615384616E-003   1624.6652297998355        1.0000000000000000     
   4.6153846153846149E-003   3.8461538461538464E-003   1624.8024692276724        1.0000000000000000     
   4.6153846153846149E-003   4.2307692307692307E-003   1624.9314560122477        1.0000000000000000     
   4.6153846153846149E-003   4.6153846153846149E-003   1625.0527348659307        1.0000000000000000     
   4.6153846153846149E-003   5.0000000000000001E-003   1625.1668369721720        1.0000000000000000     
   4.6153846153846149E-003   5.3846153846153844E-003   1625.2742683461024        1.0000000000000000     
   4.6153846153846149E-003   5.7692307692307696E-003   1625.3754997365822        1.0000000000000000     
   4.6153846153846149E-003   6.1538461538461538E-003   1625.4709583073059        1.0000000000000000     
   4.6153846153846149E-003   6.5384615384615381E-003   1625.5610212727502        1.0000000000000000     
   4.6153846153846149E-003   6.9230769230769233E-003   1625.6460116279636        1.0000000000000000     
   4.6153846153846149E-003   7.3076923076923076E-003   1625.7261961039337        1.0000000000000000     
   4.6153846153846149E-003   7.6923076923076927E-003   1625.8017854923557        1.0000000000000000     
   4.6153846153846149E-003   8.0769230769230770E-003   1625.8729374811921        1.0000000000000000     
   4.6153846153846149E-003   8.4615384615384613E-003   1625.9397620605093        1.0000000000000000     
   4.6153846153846149E-003   8.8461538461538456E-003   1626.0023293110621        1.0000000000000000     
   4.6153846153846149E-003   9.2307692307692299E-003   1626.0606789124781        1.0000000000000000     
   4.6153846153846149E-003   9.6153846153846159E-003   1626.1148300507475        1.0000000000000000     

   5.0000000000000001E-003   3.8461538461538462E-004   1623.2384813064232        1.0000000000000000     
   5.0000000000000001E-003   7.6923076923076923E-004   1623.4585825666725        1.0000000000000000     
   5.0000000000000001E-003   1.1538461538461537E-003   1623.6671905779624        1.0000000000000000     
   5.0000000000000001E-003   1.5384615384615385E-003   1623.8644857866614        1.0000000000000000     
   5.0000000000000001E-003   1.9230769230769232E-003   1624.0507328242729        1.0000000000000000     
   5.0000000000000001E-003   2.3076923076923075E-003   1624.2262723927811        1.0000000000000000     
   5.0000000000000001E-003   2.6923076923076922E-003   1624.3915110037740        1.0000000000000000     
   5.0000000000000001E-003   3.0769230769230769E-003   1624.5469090178628        1.0000000000000000     
   5.0000000000000001E-003   3.4615384615384616E-003   1624.6929674900753        1.0000000000000000     
   5.0000000000000001E-003   3.8461538461538464E-003   1624.8302143604283        1.0000000000000000     
   5.0000000000000001E-003   4.2307692307692307E-003   1624.9591905332218        1.0000000000000000     
   5.0000000000000001E-003   4.6153846153846149E-003   1625.0804363650136        1.0000000000000000     
   5.0000000000000001E-003   5.0000000000000001E-003   1625.1944790332138        1.0000000000000000     
   5.0000000000000001E-003   5.3846153846153844E-003   1625.3018211903443        1.0000000000000000     
   5.0000000000000001E-003   5.7692307692307696E-003   1625.4029312307321        1.0000000000000000     
   5.0000000000000001E-003   6.1538461538461538E-003   1625.4982354154381        1.0000000000000000     
   5.0000000000000001E-003   6.5384615384615381E-003   1625.5881120259648        1.0000000000000000     
   5.0000000000000001E-003   6.9230769230769233E-003   1625.6728876541902        1.0000000000000000     
   5.0000000000000001E-003   7.3076923076923076E-003   1625.7528356853427        1.0000000000000000     
   5.0000000000000001E-003   7.6923076923076927E-003   1625.8281769838793        1.0000000000000000     
   5.0000000000000001E-003   8.0769230769230770E-003   1625.8990827265636        1.0000000000000000     
   5.0000000000000001E-003   8.4615384615384613E-003   1625.9656792091068        1.0000000000000000     
   5.0000000000000001E-003   8.8461538461538456E-003   1626.0280542478079        1.0000000000000000     
   5.0000000000000001E-003   9.2307692307692299E-003   1626.0862644976874        1.0000000000000000     
   5.0000000000000001E-003   9.6153846153846159E-003   1626.1403426694540        1.0000000000000000     

   5.3846153846153844E-003   3.8461538461538462E-004   1623.2502698974740        1.0000000000000000     
   5.3846153846153844E-003   7.6923076923076923E-004   1623.4703831977758        1.0000000000000000     
   5.3846153846153844E-003   1.1538461538461537E-003   1623.6790125272357        1.0000000000000000     
   5.3846153846153844E-003   1.5384615384615385E-003   1623.8763369515470        1.0000000000000000     
   5.3846153846153844E-003   1.9230769230769232E-003   1624.0626190804714        1.0000000000000000     
   5.3846153846153844E-003   2.3076923076923075E-003   1624.2381970128702        1.0000000000000000     
   5.3846153846153844E-003   2.6923076923076922E-003   1624.4034741545449        1.0000000000000000     
   5.3846153846153844E-003   3.0769230769230769E-003   1624.5589073553310        1.0000000000000000     
   5.3846153846153844E-003   3.4615384615384616E-003   1624.7049938716382        1.0000000000000000     
   5.3846153846153844E-003   3.8461538461538464E-003   1624.8422576951853        1.0000000000000000     
   5.3846153846153844E-003   4.2307692307692307E-003   1624.9712357943415        1.0000000000000000     
   5.3846153846153844E-003   4.6153846153846149E-003   1625.0924647923102        1.0000000000000000     
   5.3846153846153844E-003   5.0000000000000001E-003   1625.2064685594303        1.0000000000000000     
   5.3846153846153844E-003   5.3846153846153844E-003   1625.3137471299424        1.0000000000000000     
   5.3846153846153844E-003   5.7692307692307696E-003   1625.4147672729957        1.0000000000000000     
   5.3846153846153844E-003   6.1538461538461538E-003   1625.5099549603510        1.0000000000000000     
   5.3846153846153844E-003   6.5384615384615381E-003   1625.5996898857577        1.0000000000000000     
   5.3846153846153844E-003   6.9230769230769233E-003   1625.6843021079187        1.0000000000000000     
   5.3846153846153844E-003   7.3076923076923076E-003   1625.7640708105916        1.0000000000000000     
   5.3846153846153844E-003   7.6923076923076927E-003   1625.8392250947370        1.0000000000000000     
   5.3846153846153844E-003   8.0769230769230770E-003   1625.9099466270063        1.0000000000000000     
   5.3846153846153844E-003   8.4615384615384613E-003   1625.9763738516228        1.0000000000000000     
   5.3846153846153844E-003   8.8461538461538456E-003   1626.0386073188702        1.0000000000000000     
   5.3846153846153844E-003   9.2307692307692299E-003   1626.0967155021526        1.0000000000000000     
   5.3846153846153844E-003   9.6153846153846159E-003   1626.1507403096712        1.0000000000000000     

   5.7692307692307696E-003   3.8461538461538462E-004   1623.2459343479288        1.0000000000000000     
   5.7692307692307696E-003   7.6923076923076923E-004   1623.4660574363509        1.0000000000000000     
   5.7692307692307696E-003   1.1538461538461537E-003   1623.6747064417734        1.0000000000000000     
   5.7692307692307696E-003   1.5384615384615385E-003   1623.8720591368676        1.0000000000000000     
   5.7692307692307696E-003   1.9230769230769232E-003   1624.0583762435656        1.0000000000000000     
   5.7692307692307696E-003   2.3076923076923075E-003   1624.2339934405938        1.0000000000000000     
   5.7692307692307696E-003   2.6923076923076922E-003   1624.3993112634626        1.0000000000000000     
   5.7692307692307696E-003   3.0769230769230769E-003   1624.5547833427995        1.0000000000000000     
   5.7692307692307696E-003   3.4615384615384616E-003   1624.7009034869372        1.0000000000000000     
   5.7692307692307696E-003   3.8461538461538464E-003   1624.8381921497978        1.0000000000000000     
   5.7692307692307696E-003   4.2307692307692307E-003   1624.9671828313005        1.0000000000000000     
   5.7692307692307696E-003   4.6153846153846149E-003   1625.0884089358972        1.0000000000000000     
   5.7692307692307696E-003   5.0000000000000001E-003   1625.2023915677864        1.0000000000000000     
   5.7692307692307696E-003   5.3846153846153844E-003   1625.3096286733182        1.0000000000000000     
   5.7692307692307696E-003   5.7692307692307696E-003   1625.4105858574619        1.0000000000000000     
   5.7692307692307696E-003   6.1538461538461538E-003   1625.5056891080237        1.0000000000000000     
   5.7692307692307696E-003   6.5384615384615381E-003   1625.5953195643121        1.0000000000000000     
   5.7692307692307696E-003   6.9230769230769233E-003   1625.6798103703902        1.0000000000000000     
   5.7692307692307696E-003   7.3076923076923076E-003   1625.7594455586511        1.0000000000000000     
   5.7692307692307696E-003   7.6923076923076927E-003   1625.8344608159341        1.0000000000000000     
   5.7692307692307696E-003   8.0769230769230770E-003   1625.9050458875063        1.0000000000000000     
   5.7692307692307696E-003   8.4615384615384613E-003   1625.9713482699974        1.0000000000000000     
   5.7692307692307696E-003   8.8461538461538456E-003   1626.0334777330595        1.0000000000000000     
   5.7692307692307696E-003   9.2307692307692299E-003   1626.0915111034535        1.0000000000000000     
   5.7692307692307696E-003   9.6153846153846159E-003   1626.1454966725814        1.0000000000000000     

   6.1538461538461538E-003   3.8461538461538462E-004   1623.2249111085500        1.0000000000000000     
   6.1538461538461538E-003   7.6923076923076923E-004   1623.4450414037860        1.0000000000000000     
   6.1538461538461538E-003   1.1538461538461537E-003   1623.6537078872350        1.0000000000000000     
   6.1538461538461538E-003   1.5384615384615385E-003   1623.8510871342819        1.0000000000000000     
   6.1538461538461538E-003   1.9230769230769232E-003   1624.0374381230372        1.0000000000000000     
   6.1538461538461538E-003   2.3076923076923075E-003   1624.2130943047475        1.0000000000000000     
   6.1538461538461538E-003   2.6923076923076922E-003   1624.3784535860073        1.0000000000000000     
   6.1538461538461538E-003   3.0769230769230769E-003   1624.5339666676614        1.0000000000000000     
   6.1538461538461538E-003   3.4615384615384616E-003   1624.6801242453178        1.0000000000000000     
   6.1538461538461538E-003   3.8461538461538464E-003   1624.8174436116258        1.0000000000000000     
   6.1538461538461538E-003   4.2307692307692307E-003   1624.9464552068102        1.0000000000000000     
   6.1538461538461538E-003   4.6153846153846149E-003   1625.0676896422167        1.0000000000000000     
   6.1538461538461538E-003   5.0000000000000001E-003   1625.1816656739663        1.0000000000000000     
   6.1538461538461538E-003   5.3846153846153844E-003   1625.2888795343001        1.0000000000000000     
   6.1538461538461538E-003   5.7692307692307696E-003   1625.3897959416415        1.0000000000000000     
   6.1538461538461538E-003   6.1538461538461538E-003   1625.4848410125937        1.0000000000000000     
   6.1538461538461538E-003   6.5384615384615381E-003   1625.5743971954298        1.0000000000000000     
   6.1538461538461538E-003   6.9230769230769233E-003   1625.6588002398073        1.0000000000000000     
   6.1538461538461538E-003   7.3076923076923076E-003   1625.7383381147331        1.0000000000000000     
   6.1538461538461538E-003   7.6923076923076927E-003   1625.8132516877474        1.0000000000000000     
   6.1538461538461538E-003   8.0769230769230770E-003   1625.8837368833924        1.0000000000000000     
   6.1538461538461538E-003   8.4615384615384613E-003   1625.9499479494564        1.0000000000000000     
   6.1538461538461538E-003   8.8461538461538456E-003   1626.0120013794169        1.0000000000000000     
   6.1538461538461538E-003   9.2307692307692299E-003   1626.0699799794452        1.0000000000000000     
   6.1538461538461538E-003   9.6153846153846159E-003   1626.1239365456336        1.0000000000000000     

   6.5384615384615381E-003   3.8461538461538462E-004   1623.1864925551640        1.0000000000000000     
   6.5384615384615381E-003   7.6923076923076923E-004   1623.4066271030874        1.0000000000000000     
   6.5384615384615381E-003   1.1538461538461537E-003   1623.6153082481972        1.0000000000000000     
   6.5384615384615381E-003   1.5384615384615385E-003   1623.8127114704544        1.0000000000000000     
   6.5384615384615381E-003   1.9230769230769232E-003   1623.9990941556061        1.0000000000000000     
   6.5384615384615381E-003   2.3076923076923075E-003   1624.1747877267428        1.0000000000000000     
   6.5384615384615381E-003   2.6923076923076922E-003   1624.3401877060417        1.0000000000000000     
   6.5384615384615381E-003   3.0769230769230769E-003   1624.4957421502370        1.0000000000000000     
   6.5384615384615381E-003   3.4615384615384616E-003   1624.6419389631367        1.0000000000000000     
   6.5384615384615381E-003   3.8461538461538464E-003   1624.7792926236134        1.0000000000000000     
   6.5384615384615381E-003   4.2307692307692307E-003   1624.9083308736754        1.0000000000000000     
   6.5384615384615381E-003   4.6153846153846149E-003   1625.0295818890500        1.0000000000000000     
   6.5384615384615381E-003   5.0000000000000001E-003   1625.1435624063524        1.0000000000000000     
   6.5384615384615381E-003   5.3846153846153844E-003   1625.2507672098516        1.0000000000000000     
   6.5384615384615381E-003   5.7692307692307696E-003   1625.3516602920404        1.0000000000000000     
   6.5384615384615381E-003   6.1538461538461538E-003   1625.4466679010623        1.0000000000000000     
   6.5384615384615381E-003   6.5384615384615381E-003   1625.5361735801116        1.0000000000000000     
   6.5384615384615381E-003   6.9230769230769233E-003   1625.6205151945858        1.0000000000000000     
   6.5384615384615381E-003   7.3076923076923076E-003   1625.6999838363888        1.0000000000000000     
   6.5384615384615381E-003   7.6923076923076927E-003   1625.7748243949789        1.0000000000000000     
   6.5384615384615381E-003   8.0769230769230770E-003   1625.8452374946601        1.0000000000000000     
   6.5384615384615381E-003   8.4615384615384613E-003   1625.9113824207375        1.0000000000000000     
   6.5384615384615381E-003   8.8461538461538456E-003   1625.9733805986018        1.0000000000000000     
   6.5384615384615381E-003   9.2307692307692299E-003   1626.0313191574808        1.0000000000000000     
   6.5384615384615381E-003   9.6153846153846159E-003   1626.0852541147517        1.0000000000000000     

   6.9230769230769233E-003   3.8461538461538462E-004   1623.1298575925114        1.0000000000000000     
   6.9230769230769233E-003   7.6923076923076923E-004   1623.3499930378505        1.0000000000000000     
   6.9230769230769233E-003   1.1538461538461537E-003   1623.5586853723637        1.0000000000000000     
   6.9230769230769233E-003   1.5384615384615385E-003   1623.7561090872671        1.0000000000000000     
   6.9230769230769233E-003   1.9230769230769232E-003   1623.9425201332108        1.0000000000000000     
   6.9230769230769233E-003   2.3076923076923075E-003   1624.1182481094945        1.0000000000000000     
   6.9230769230769233E-003   2.6923076923076922E-003   1624.2836864004887        1.0000000000000000     
   6.9230769230769233E-003   3.0769230769230769E-003   1624.4392807011147        1.0000000000000000     
   6.9230769230769233E-003   3.4615384615384616E-003   1624.5855164327497        1.0000000000000000     
   6.9230769230769233E-003   3.8461538461538464E-003   1624.7229055856747        1.0000000000000000     
   6.9230769230769233E-003   4.2307692307692307E-003   1624.8519735300911        1.0000000000000000     
   6.9230769230769233E-003   4.6153846153846149E-003   1624.9732463150156        1.0000000000000000     
   6.9230769230769233E-003   5.0000000000000001E-003   1625.0872389252736        1.0000000000000000     
   6.9230769230769233E-003   5.3846153846153844E-003   1625.1944448945258        1.0000000000000000     
   6.9230769230769233E-003   5.7692307692307696E-003   1625.2953275818136        1.0000000000000000     
   6.9230769230769233E-003   6.1538461538461538E-003   1625.3903133157226        1.0000000000000000     
   6.9230769230769233E-003   6.5384615384615381E-003   1625.4797864999457        1.0000000000000000     
   6.9230769230769233E-003   6.9230769230769233E-003   1625.5640866624799        1.0000000000000000     
   6.9230769230769233E-003   7.3076923076923076E-003   1625.6435073233060        1.0000000000000000     
   6.9230769230769233E-003   7.6923076923076927E-003   1625.7182964569608        1.0000000000000000     
   6.9230769230769233E-003   8.0769230769230770E-003   1625.7886582415194        1.0000000000000000     
   6.9230769230769233E-003   8.4615384615384613E-003   1625.8547557184254        1.0000000000000000     
   6.9230769230769233E-003   8.8461538461538456E-003   1625.9167139434699        1.0000000000000000     
   6.9230769230769233E-003   9.2307692307692299E-003   1625.9746231934246        1.0000000000000000     
   6.9230769230769233E-003   9.6153846153846159E-003   1626.0285418114620        1.0000000000000000     

   7.3076923076923076E-003   3.8461538461538462E-004   1623.0541100813539        1.0000000000000000     
   7.3076923076923076E-003   7.6923076923076923E-004   1623.2742426558052        1.0000000000000000     
   7.3076923076923076E-003   1.1538461538461537E-003   1623.4829420404415        1.0000000000000000     
   7.3076923076923076E-003   1.5384615384615385E-003   1623.6803818484257        1.0000000000000000     
   7.3076923076923076E-003   1.9230769230769232E-003   1623.8668167574037        1.0000000000000000     
   7.3076923076923076E-003   2.3076923076923075E-003   1624.0425747515717        1.0000000000000000     
   7.3076923076923076E-003   2.6923076923076922E-003   1624.2080473262060        1.0000000000000000     
   7.3076923076923076E-003   3.0769230769230769E-003   1624.3636780947527        1.0000000000000000     
   7.3076923076923076E-003   3.4615384615384616E-003   1624.5099502976384        1.0000000000000000     
   7.3076923076923076E-003   3.8461538461538464E-003   1624.6473737463582        1.0000000000000000     
   7.3076923076923076E-003   4.2307692307692307E-003   1624.7764717419441        1.0000000000000000     
   7.3076923076923076E-003   4.6153846153846149E-003   1624.8977684837064        1.0000000000000000     
   7.3076923076923076E-003   5.0000000000000001E-003   1625.0117774343871        1.0000000000000000     
   7.3076923076923076E-003   5.3846153846153844E-003   1625.1189910347164        1.0000000000000000     
   7.3076923076923076E-003   5.7692307692307696E-003   1625.2198720687684        1.0000000000000000     
   7.3076923076923076E-003   6.1538461538461538E-003   1625.3148468768688        1.0000000000000000     
   7.3076923076923076E-003   6.5384615384615381E-003   1625.4043005012797        1.0000000000000000     
   7.3076923076923076E-003   6.9230769230769233E-003   1625.4885737375382        1.0000000000000000     
   7.3076923076923076E-003   7.3076923076923076E-003   1625.5679619573309        1.0000000000000000     
   7.3076923076923076E-003   7.6923076923076927E-003   1625.6427154724170        1.0000000000000000     
   7.3076923076923076E-003   8.0769230769230770E-003   1625.7130411287706        1.0000000000000000     
   7.3076923076923076E-003   8.4615384615384613E-003   1625.7791047603066        1.0000000000000000     
   7.3076923076923076E-003   8.8461538461538456E-003   1625.8410340967848        1.0000000000000000     
   7.3076923076923076E-003   9.2307692307692299E-003   1625.8989217146166        1.0000000000000000     
   7.3076923076923076E-003   9.6153846153846159E-003   1625.9528276456376        1.0000000000000000     

   7.6923076923076927E-003   3.8461538461538462E-004   1622.9583228831041        1.0000000000000000     
   7.6923076923076927E-003   7.6923076923076923E-004   1623.1784484103398        1.0000000000000000     
   7.6923076923076927E-003   1.1538461538461537E-003   1623.3871500539358        1.0000000000000000     
   7.6923076923076927E-003   1.5384615384615385E-003   1623.5846006631393        1.0000000000000000     
   7.6923076923076927E-003   1.9230769230769232E-003   1623.7710538089580        1.0000000000000000     
   7.6923076923076927E-003   2.3076923076923075E-003   1623.9468360732155        1.0000000000000000     
   7.6923076923076927E-003   2.6923076923076922E-003   1624.1123373133746        1.0000000000000000     
   7.6923076923076927E-003   3.0769230769230769E-003   1624.2679993415070        1.0000000000000000     
   7.6923076923076927E-003   3.4615384615384616E-003   1624.4143035142804        1.0000000000000000     
   7.6923076923076927E-003   3.8461538461538464E-003   1624.5517577650076        1.0000000000000000     
   7.6923076923076927E-003   4.2307692307692307E-003   1624.6808836138355        1.0000000000000000     
   7.6923076923076927E-003   4.6153846153846149E-003   1624.8022036686459        1.0000000000000000     
   7.6923076923076927E-003   5.0000000000000001E-003   1624.9162300788828        1.0000000000000000     
   7.6923076923076927E-003   5.3846153846153844E-003   1625.0234543308368        1.0000000000000000     
   7.6923076923076927E-003   5.7692307692307696E-003   1625.1243386806307        1.0000000000000000     
   7.6923076923076927E-003   6.1538461538461538E-003   1625.2193094158408        1.0000000000000000     
   7.6923076923076927E-003   6.5384615384615381E-003   1625.3087520247009        1.0000000000000000     
   7.6923076923076927E-003   6.9230769230769233E-003   1625.3930082395721        1.0000000000000000     
   7.6923076923076927E-003   7.3076923076923076E-003   1625.4723748151939        1.0000000000000000     
   7.6923076923076927E-003   7.6923076923076927E-003   1625.5471038080623        1.0000000000000000     
   7.6923076923076927E-003   8.0769230769230770E-003   1625.6174040465828        1.0000000000000000     
   7.6923076923076927E-003   8.4615384615384613E-003   1625.6834434269995        1.0000000000000000     
   7.6923076923076927E-003   8.8461538461538456E-003   1625.7453516414150        1.0000000000000000     
   7.6923076923076927E-003   9.2307692307692299E-003   1625.8032229442672        1.0000000000000000     
   7.6923076923076927E-003   9.6153846153846159E-003   1625.8571185940632        1.0000000000000000     

   8.0769230769230770E-003   3.8461538461538462E-004   1622.8415849493233        1.0000000000000000     
   8.0769230769230770E-003   7.6923076923076923E-004   1623.0616988666600        1.0000000000000000     
   8.0769230769230770E-003   1.1538461538461537E-003   1623.2703973664404        1.0000000000000000     
   8.0769230769230770E-003   1.5384615384615385E-003   1623.4678526511816        1.0000000000000000     
   8.0769230769230770E-003   1.9230769230769232E-003   1623.6543173555053        1.0000000000000000     
   8.0769230769230770E-003   2.3076923076923075E-003   1623.8301168755186        1.0000000000000000     
   8.0769230769230770E-003   2.6923076923076922E-003   1623.9956396852331        1.0000000000000000     
   8.0769230769230770E-003   3.0769230769230769E-003   1624.1513260767222        1.0000000000000000     
   8.0769230769230770E-003   3.4615384615384616E-003   1624.2976558188229        1.0000000000000000     
   8.0769230769230770E-003   3.8461538461538464E-003   1624.4351352629849        1.0000000000000000     
   8.0769230769230770E-003   4.2307692307692307E-003   1624.5642844296024        1.0000000000000000     
   8.0769230769230770E-003   4.6153846153846149E-003   1624.6856245843157        1.0000000000000000     
   8.0769230769230770E-003   5.0000000000000001E-003   1624.7996667630400        1.0000000000000000     
   8.0769230769230770E-003   5.3846153846153844E-003   1624.9069016304486        1.0000000000000000     
   8.0769230769230770E-003   5.7692307692307696E-003   1625.0077909639699        1.0000000000000000     
   8.0769230769230770E-003   6.1538461538461538E-003   1625.1027609497942        1.0000000000000000     
   8.0769230769230770E-003   6.5384615384615381E-003   1625.1921973653939        1.0000000000000000     
   8.0769230769230770E-003   6.9230769230769233E-003   1625.2764426111949        1.0000000000000000     
   8.0769230769230770E-003   7.3076923076923076E-003   1625.3557944488871        1.0000000000000000     
   8.0769230769230770E-003   7.6923076923076927E-003   1625.4305062116330        1.0000000000000000     
   8.0769230769230770E-003   8.0769230769230770E-003   1625.5007881774695        1.0000000000000000     
   8.0769230769230770E-003   8.4615384615384613E-003   1625.5668097461682        1.0000000000000000     
   8.0769230769230770E-003   8.8461538461538456E-003   1625.6287020350337        1.0000000000000000     
   8.0769230769230770E-003   9.2307692307692299E-003   1625.6865605126984        1.0000000000000000     
   8.0769230769230770E-003   9.6153846153846159E-003   1625.7404473225906        1.0000000000000000     

   8.4615384615384613E-003   3.8461538461538462E-004   1622.7030486751339        1.0000000000000000     
   8.4615384615384613E-003   7.6923076923076923E-004   1622.9231460709029        1.0000000000000000     
   8.4615384615384613E-003   1.1538461538461537E-003   1623.1318354759032        1.0000000000000000     
   8.4615384615384613E-003   1.5384615384615385E-003   1623.3292885657797        1.0000000000000000     
   8.4615384615384613E-003   1.9230769230769232E-003   1623.5157572125224        1.0000000000000000     
   8.4615384615384613E-003   2.3076923076923075E-003   1623.6915658469443        1.0000000000000000     
   8.4615384615384613E-003   2.6923076923076922E-003   1623.8571018173341        1.0000000000000000     
   8.4615384615384613E-003   3.0769230769230769E-003   1624.0128041795019        1.0000000000000000     
   8.4615384615384613E-003   3.4615384615384616E-003   1624.1591514112454        1.0000000000000000     
   8.4615384615384613E-003   3.8461538461538464E-003   1624.2966485776685        1.0000000000000000     
   8.4615384615384613E-003   4.2307692307692307E-003   1624.4258144783564        1.0000000000000000     
   8.4615384615384613E-003   4.6153846153846149E-003   1624.5471692832375        1.0000000000000000     
   8.4615384615384613E-003   5.0000000000000001E-003   1624.6612231130348        1.0000000000000000     
   8.4615384615384613E-003   5.3846153846153844E-003   1624.7684659459642        1.0000000000000000     
   8.4615384615384613E-003   5.7692307692307696E-003   1624.8693591394724        1.0000000000000000     
   8.4615384615384613E-003   6.1538461538461538E-003   1624.9643287503086        1.0000000000000000     
   8.4615384615384613E-003   6.5384615384615381E-003   1625.0537607243125        1.0000000000000000     
   8.4615384615384613E-003   6.9230769230769233E-003   1625.1379979160167        1.0000000000000000     
   8.4615384615384613E-003   7.3076923076923076E-003   1625.2173387939890        1.0000000000000000     
   8.4615384615384613E-003   7.6923076923076927E-003   1625.2920375970505        1.0000000000000000     
   8.4615384615384613E-003   8.0769230769230770E-003   1625.3623056346769        1.0000000000000000     
   8.4615384615384613E-003   8.4615384615384613E-003   1625.4283133761735        1.0000000000000000     
   8.4615384615384613E-003   8.8461538461538456E-003   1625.4901929510627        1.0000000000000000     
   8.4615384615384613E-003   9.2307692307692299E-003   1625.5480406886229        1.0000000000000000     
   8.4615384615384613E-003   9.6153846153846159E-003   1625.6019193584264        1.0000000000000000     

   8.8461538461538456E-003   3.8461538461538462E-004   1622.5419746990929        1.0000000000000000     
   8.8461538461538456E-003   7.6923076923076923E-004   1622.7620503641372        1.0000000000000000     
   8.8461538461538456E-003   1.1538461538461537E-003   1622.9707242590232        1.0000000000000000     
   8.8461538461538456E-003   1.5384615384615385E-003   1623.1681676546500        1.0000000000000000     
   8.8461538461538456E-003   1.9230769230769232E-003   1623.3546318371696        1.0000000000000000     
   8.8461538461538456E-003   2.3076923076923075E-003   1623.5304404959288        1.0000000000000000     
   8.8461538461538456E-003   2.6923076923076922E-003   1623.6959801145413        1.0000000000000000     
   8.8461538461538456E-003   3.0769230769230769E-003   1623.8516887991329        1.0000000000000000     
   8.8461538461538456E-003   3.4615384615384616E-003   1623.9980440353127        1.0000000000000000     
   8.8461538461538456E-003   3.8461538461538464E-003   1624.1355498986193        1.0000000000000000     
   8.8461538461538456E-003   4.2307692307692307E-003   1624.2647242475455        1.0000000000000000     
   8.8461538461538456E-003   4.6153846153846149E-003   1624.3860864039050        1.0000000000000000     
   8.8461538461538456E-003   5.0000000000000001E-003   1624.5001457742521        1.0000000000000000     
   8.8461538461538456E-003   5.3846153846153844E-003   1624.6073917916699        1.0000000000000000     
   8.8461538461538456E-003   5.7692307692307696E-003   1624.7082854644057        1.0000000000000000     
   8.8461538461538456E-003   6.1538461538461538E-003   1624.8032527123312        1.0000000000000000     
   8.8461538461538456E-003   6.5384615384615381E-003   1624.8926795606205        1.0000000000000000     
   8.8461538461538456E-003   6.9230769230769233E-003   1624.9769091491594        1.0000000000000000     
   8.8461538461538456E-003   7.3076923076923076E-003   1625.0562404128816        1.0000000000000000     
   8.8461538461538456E-003   7.6923076923076927E-003   1625.1309281984911        1.0000000000000000     
   8.8461538461538456E-003   8.0769230769230770E-003   1625.2011845126283        1.0000000000000000     
   8.8461538461538456E-003   8.4615384615384613E-003   1625.2671805494379        1.0000000000000000     
   8.8461538461538456E-003   8.8461538461538456E-003   1625.3290491248413        1.0000000000000000     
   8.8461538461538456E-003   9.2307692307692299E-003   1625.3868871515490        1.0000000000000000     
   8.8461538461538456E-003   9.6153846153846159E-003   1625.4407578233397        1.0000000000000000     

   9.2307692307692299E-003   3.8461538461538462E-004   1622.3577714701262        1.0000000000000000     
   9.2307692307692299E-003   7.6923076923076923E-004   1622.5778199613005        1.0000000000000000     
   9.2307692307692299E-003   1.1538461538461537E-003   1622.7864715672370        1.0000000000000000     
   9.2307692307692299E-003   1.5384615384615385E-003   1622.9838972780090        1.0000000000000000     
   9.2307692307692299E-003   1.9230769230769232E-003   1623.1703479731630        1.0000000000000000     
   9.2307692307692299E-003   2.3076923076923075E-003   1623.3461468272264        1.0000000000000000     
   9.2307692307692299E-003   2.6923076923076922E-003   1623.5116797230903        1.0000000000000000     
   9.2307692307692299E-003   3.0769230769230769E-003   1623.6673841064912        1.0000000000000000     
   9.2307692307692299E-003   3.4615384615384616E-003   1623.8137367721026        1.0000000000000000     
   9.2307692307692299E-003   3.8461538461538464E-003   1623.9512411047651        1.0000000000000000     
   9.2307692307692299E-003   4.2307692307692307E-003   1624.0804143036526        1.0000000000000000     
   9.2307692307692299E-003   4.6153846153846149E-003   1624.2017750926968        1.0000000000000000     
   9.2307692307692299E-003   5.0000000000000001E-003   1624.3158323694608        1.0000000000000000     
   9.2307692307692299E-003   5.3846153846153844E-003   1624.4230751702337        1.0000000000000000     
   9.2307692307692299E-003   5.7692307692307696E-003   1624.5239642362767        1.0000000000000000     
   9.2307692307692299E-003   6.1538461538461538E-003   1624.6189253607631        1.0000000000000000     
   9.2307692307692299E-003   6.5384615384615381E-003   1624.7083445845644        1.0000000000000000     
   9.2307692307692299E-003   6.9230769230769233E-003   1624.7925651985604        1.0000000000000000     
   9.2307692307692299E-003   7.3076923076923076E-003   1624.8718864072980        1.0000000000000000     
   9.2307692307692299E-003   7.6923076923076927E-003   1624.9465634199094        1.0000000000000000     
   9.2307692307692299E-003   8.0769230769230770E-003   1625.0168086646192        1.0000000000000000     
   9.2307692307692299E-003   8.4615384615384613E-003   1625.0827937770459        1.0000000000000000     
   9.2307692307692299E-003   8.8461538461538456E-003   1625.1446519927090        1.0000000000000000     
   9.2307692307692299E-003   9.2307692307692299E-003   1625.2024805816550        1.0000000000000000     
   9.2307692307692299E-003   9.6153846153846159E-003   1625.2563429977117        1.0000000000000000     

   9.6153846153846159E-003   3.8461538461538462E-004   1622.1500272033129        1.0000000000000000     
   9.6153846153846159E-003   7.6923076923076923E-004   1622.3700429164012        1.0000000000000000     
   9.6153846153846159E-003   1.1538461538461537E-003   1622.5786652051361        1.0000000000000000     
   9.6153846153846159E-003   1.5384615384615385E-003   1622.7760649039178        1.0000000000000000     
   9.6153846153846159E-003   1.9230769230769232E-003   1622.9624926666368        1.0000000000000000     
   9.6153846153846159E-003   2.3076923076923075E-003   1623.1382713816522        1.0000000000000000     
   9.6153846153846159E-003   2.6923076923076922E-003   1623.3037865972142        1.0000000000000000     
   9.6153846153846159E-003   3.0769230769230769E-003   1623.4594753900799        1.0000000000000000     
   9.6153846153846159E-003   3.4615384615384616E-003   1623.6058141672302        1.0000000000000000     
   9.6153846153846159E-003   3.8461538461538464E-003   1623.7433059236132        1.0000000000000000     
   9.6153846153846159E-003   4.2307692307692307E-003   1623.8724674829296        1.0000000000000000     
   9.6153846153846159E-003   4.6153846153846149E-003   1623.9938172240670        1.0000000000000000     
   9.6153846153846159E-003   5.0000000000000001E-003   1624.1078637445410        1.0000000000000000     
   9.6153846153846159E-003   5.3846153846153844E-003   1624.2150958379139        1.0000000000000000     
   9.6153846153846159E-003   5.7692307692307696E-003   1624.3159740693663        1.0000000000000000     
   9.6153846153846159E-003   6.1538461538461538E-003   1624.4109241282074        1.0000000000000000     
   9.6153846153846159E-003   6.5384615384615381E-003   1624.5003320249380        1.0000000000000000     
   9.6153846153846159E-003   6.9230769230769233E-003   1624.5845410901345        1.0000000000000000     
   9.6153846153846159E-003   7.3076923076923076E-003   1624.6638506298871        1.0000000000000000     
   9.6153846153846159E-003   7.6923076923076927E-003   1624.7385160039817        1.0000000000000000     
   9.6153846153846159E-003   8.0769230769230770E-003   1624.8087498238312        1.0000000000000000     
   9.6153846153846159E-003   8.4615384615384613E-003   1624.8747239215263        1.0000000000000000     
   9.6153846153846159E-003   8.8461538461538456E-003   1624.9365717219755        1.0000000000000000     
   9.6153846153846159E-003   9.2307692307692299E-003   1624.9943906578878        1.0000000000000000     
   9.6153846153846159E-003   9.6153846153846159E-003   1625.0482443020778        1.0000000000000000     

