   3.8461538461538462E-004   3.8461538461538462E-004   413.78494920442870        5.4070429960571553E-019
   3.8461538461538462E-004   7.6923076923076923E-004   426.41198052382583        5.5536387327224226E-018
   3.8461538461538462E-004   1.1538461538461537E-003   446.99210894139981        1.8555623721018433E-016
   3.8461538461538462E-004   1.5384615384615385E-003   472.77189510048697        9.7304706426149150E-015
   3.8461538461538462E-004   1.9230769230769232E-003   501.89291739745107        5.2106010432559173E-013
   3.8461538461538462E-004   2.3076923076923075E-003   532.96610510356038        2.2534931707099092E-011
   3.8461538461538462E-004   2.6923076923076922E-003   564.84785183887846        6.9968734050830552E-010
   3.8461538461538462E-004   3.0769230769230769E-003   596.49124478443935        1.4771997658730779E-008
   3.8461538461538462E-004   3.4615384615384616E-003   626.82157121802379        2.0671472930108957E-007
   3.8461538461538462E-004   3.8461538461538464E-003   654.60634884061108        1.8796004548970173E-006
   3.8461538461538462E-004   4.2307692307692307E-003   678.28529346604364        1.0744325445226904E-005
   3.8461538461538462E-004   4.6153846153846149E-003   695.68824069368725        3.6014184006489005E-005
   3.8461538461538462E-004   5.0000000000000001E-003   703.45399422230480        6.0750121468701342E-005
   3.8461538461538462E-004   5.3846153846153844E-003   695.59640407792801        3.5822857532671300E-005
   3.8461538461538462E-004   5.7692307692307696E-003   678.08490290767350        1.0611977697481389E-005
   3.8461538461538462E-004   6.1538461538461538E-003   654.26217817412953        1.8363785666671061E-006
   3.8461538461538462E-004   6.5384615384615381E-003   626.27649575010014        1.9841972376425816E-007
   3.8461538461538462E-004   6.9230769230769233E-003   595.66081975190082        1.3770578678941951E-008
   3.8461538461538462E-004   7.3076923076923076E-003   563.61205672074004        6.2146964888349582E-010
   3.8461538461538462E-004   7.6923076923076927E-003   531.15653858767291        1.8484790387829892E-011
   3.8461538461538462E-004   8.0769230769230770E-003   499.27135834211543        3.7518071782796578E-013
   3.8461538461538462E-004   8.4615384615384613E-003   468.99012299745635        5.6622733050557273E-015
   3.8461538461538462E-004   8.8461538461538456E-003   441.50615733610954        7.6146956120506062E-017
   3.8461538461538462E-004   9.2307692307692299E-003   418.27264998815275        1.2724817997412941E-018
   3.8461538461538462E-004   9.6153846153846159E-003   401.05272676102294        4.4711656805375170E-020

   7.6923076923076923E-004   3.8461538461538462E-004   398.26419003050592        2.5281115454444376E-020
   7.6923076923076923E-004   7.6923076923076923E-004   406.28312460346632        1.2570691706773225E-019
   7.6923076923076923E-004   1.1538461538461537E-003   420.49545083406963        1.8509845443814808E-018
   7.6923076923076923E-004   1.5384615384615385E-003   439.13441309541696        4.8235936639318117E-017
   7.6923076923076923E-004   1.9230769230769232E-003   460.74122539930943        1.5156862331774529E-015
   7.6923076923076923E-004   2.3076923076923075E-003   484.11876332080294        4.4660011059565947E-014
   7.6923076923076923E-004   2.6923076923076922E-003   508.23629883327771        1.0585025397691170E-012
   7.6923076923076923E-004   3.0769230769230769E-003   532.13379785633299        1.8415867946578814E-011
   7.6923076923076923E-004   3.4615384615384616E-003   554.82947246480501        2.2177819507847781E-010
   7.6923076923076923E-004   3.8461538461538464E-003   575.22594510675765        1.7622034364565214E-009
   7.6923076923076923E-004   4.2307692307692307E-003   592.01122985787015        8.7455606361164508E-009
   7.6923076923076923E-004   4.6153846153846149E-003   603.56491814024071        2.5075934289281195E-008
   7.6923076923076923E-004   5.0000000000000001E-003   607.95582109811869        3.7072892973444153E-008
   7.6923076923076923E-004   5.3846153846153844E-003   603.47718246579734        2.4901992118518575E-008
   7.6923076923076923E-004   5.7692307692307696E-003   591.81995526660410        8.6073893888985039E-009
   7.6923076923076923E-004   6.1538461538461538E-003   574.89806861717409        1.7113288251939025E-009
   7.6923076923076923E-004   6.5384615384615381E-003   554.31179197100437        2.1086937941603116E-010
   7.6923076923076923E-004   6.9230769230769233E-003   531.34856421778409        1.6925728975717405E-011
   7.6923076923076923E-004   7.3076923076923076E-003   507.07504925204688        9.2143894072563316E-013
   7.6923076923076923E-004   7.6923076923076927E-003   482.43398757063210        3.5676815834968088E-014
   7.6923076923076923E-004   8.0769230769230770E-003   458.33536293914727        1.0592554387923863E-015
   7.6923076923076923E-004   8.4615384615384613E-003   435.74672383871831        2.7506123634963241E-017
   7.6923076923076923E-004   8.8461538461538456E-003   415.79451196110631        7.8374873297649424E-019
   7.6923076923076923E-004   9.2307692307692299E-003   399.90907898195371        3.5608307939323545E-020
   7.6923076923076923E-004   9.6153846153846159E-003   390.13540253791388        4.6693661160852262E-021

   1.1538461538461537E-003   3.8461538461538462E-004   381.02498717218845        6.4738635883218574E-022
   1.1538461538461537E-003   7.6923076923076923E-004   386.38895951707315        2.0887072577192760E-021
   1.1538461538461537E-003   1.1538461538461537E-003   396.28028895188493        1.6645346252566755E-020
   1.1538461538461537E-003   1.5384615384615385E-003   409.63467118040774        2.3367976485553994E-019
   1.1538461538461537E-003   1.9230769230769232E-003   425.41433718874953        4.2773032890246754E-018
   1.1538461538461537E-003   2.3076923076923075E-003   442.67863539764068        8.1208335551888700E-017
   1.1538461538461537E-003   2.6923076923076922E-003   460.57079683296473        1.3617816259731634E-015
   1.1538461538461537E-003   3.0769230769230769E-003   478.27378327553657        1.8055458853995141E-014
   1.1538461538461537E-003   3.4615384615384616E-003   494.95682968522249        1.7468819525578421E-013
   1.1538461538461537E-003   3.8461538461538464E-003   509.72381462071525        1.1539594766166750E-012
   1.1538461538461537E-003   4.2307692307692307E-003   521.57681708067219        4.8731924980852744E-012
   1.1538461538461537E-003   4.6153846153846149E-003   529.42540611304776        1.2228012218052552E-011
   1.1538461538461537E-003   5.0000000000000001E-003   532.21738902580944        1.6863198564415894E-011
   1.1538461538461537E-003   5.3846153846153844E-003   529.34519098258374        1.2125661434489214E-011
   1.1538461538461537E-003   5.7692307692307696E-003   521.40233026990882        4.7815979827555592E-012
   1.1538461538461537E-003   6.1538461538461538E-003   509.42587112607231        1.1150862787239923E-012
   1.1538461538461537E-003   6.5384615384615381E-003   494.48906260066514        1.6489284081641046E-013
   1.1538461538461537E-003   6.9230769230769233E-003   477.56978431193585        1.6434158022315665E-014
   1.1538461538461537E-003   7.3076923076923076E-003   459.54080139630577        1.1720006890595058E-015
   1.1538461538461537E-003   7.6923076923076927E-003   441.20652344716331        6.4225973547847400E-017
   1.1538461538461537E-003   8.0769230769230770E-003   423.35684229709079        2.9885679863863318E-018
   1.1538461538461537E-003   8.4615384615384613E-003   406.82777014590812        1.3721733500752648E-019
   1.1538461538461537E-003   8.8461538461538456E-003   392.56589085592589        7.7901403546416032E-021
   1.1538461538461537E-003   9.2307692307692299E-003   381.69412682822883        7.5536982209733909E-022
   1.1538461538461537E-003   9.6153846153846159E-003   375.55541547217803        1.9018943337793565E-022

   1.5384615384615385E-003   3.8461538461538462E-004   364.34318121313305        1.3865828812823648E-023
   1.5384615384615385E-003   7.6923076923076923E-004   368.01070998416725        3.3171452660323801E-023
   1.5384615384615385E-003   1.1538461538461537E-003   374.90860348154655        1.6331642569029387E-022
   1.5384615384615385E-003   1.5384615384615385E-003   384.38979836099764        1.3302206232174093E-021
   1.5384615384615385E-003   1.9230769230769232E-003   395.74352687615084        1.4370912757278470E-020
   1.5384615384615385E-003   2.3076923076923075E-003   408.26994514160657        1.7047723755160626E-019
   1.5384615384615385E-003   2.6923076923076922E-003   421.29783615132612        1.9142364548510318E-018
   1.5384615384615385E-003   3.0769230769230769E-003   434.17242596773934        1.8162418886270394E-017
   1.5384615384615385E-003   3.4615384615384616E-003   446.23191174152646        1.3321018162277707E-016
   1.5384615384615385E-003   3.8461538461538464E-003   456.78676945327794        7.0068779163945063E-016
   1.5384615384615385E-003   4.2307692307692307E-003   465.11721177185672        2.4676995066715836E-015
   1.5384615384615385E-003   4.6153846153846149E-003   470.51133129716106        5.4512967014182519E-015
   1.5384615384615385E-003   5.0000000000000001E-003   472.37594662917979        7.1427970365993671E-015
   1.5384615384615385E-003   5.3846153846153844E-003   470.44106384425095        5.4003627546849514E-015
   1.5384615384615385E-003   5.7692307692307696E-003   464.96483966439524        2.4165363673925369E-015
   1.5384615384615385E-003   6.1538461538461538E-003   456.52793799480406        6.7510123904052006E-016
   1.5384615384615385E-003   6.5384615384615381E-003   445.82854391415549        1.2528830994261391E-016
   1.5384615384615385E-003   6.9230769230769233E-003   433.57134119825423        1.6476465524968431E-017
   1.5384615384615385E-003   7.3076923076923076E-003   420.42984626823267        1.6463214103777118E-018
   1.5384615384615385E-003   7.6923076923076927E-003   407.05063681420341        1.3579176702277910E-019
   1.5384615384615385E-003   8.0769230769230770E-003   394.07800935857830        1.0296766591918451E-020
   1.5384615384615385E-003   8.4615384615384613E-003   382.18569952047778        8.3044940356903808E-022
   1.5384615384615385E-003   8.8461538461538456E-003   372.10478647138024        8.6608872396191186E-023
   1.5384615384615385E-003   9.2307692307692299E-003   364.63164123576502        1.4937934019883317E-023
   1.5384615384615385E-003   9.6153846153846159E-003   360.57888681905985        5.5819838657870178E-024

   1.9230769230769232E-003   3.8461538461538462E-004   349.38997111408901        3.3671302813054069E-025
   1.9230769230769232E-003   7.6923076923076923E-004   351.91095670986272        6.4294684898949687E-025
   1.9230769230769232E-003   1.1538461538461537E-003   356.70241565944752        2.1443404124096775E-024
   1.9230769230769232E-003   1.5384615384615385E-003   363.36171954732771        1.0858916581632385E-023
   1.9230769230769232E-003   1.9230769230769232E-003   371.40911451066938        7.1462727014956590E-023
   1.9230769230769232E-003   2.3076923076923075E-003   380.34151794543948        5.2816930063685550E-022
   1.9230769230769232E-003   2.6923076923076922E-003   389.65576537085900        3.8667741731440366E-021
   1.9230769230769232E-003   3.0769230769230769E-003   398.85163882440276        2.5267637025758584E-020
   1.9230769230769232E-003   3.4615384615384616E-003   407.42624321745529        1.3512235169828231E-019
   1.9230769230769232E-003   3.8461538461538464E-003   414.87078095521571        5.4890259529414280E-019
   1.9230769230769232E-003   4.2307692307692307E-003   420.68111966750718        1.5861817957559123E-018
   1.9230769230769232E-003   4.6153846153846149E-003   424.39425159743757        3.0806548796725818E-018
   1.9230769230769232E-003   5.0000000000000001E-003   425.65951225461885        3.8539265980181454E-018
   1.9230769230769232E-003   5.3846153846153844E-003   424.33517107424450        3.0509235447652623E-018
   1.9230769230769232E-003   5.7692307692307696E-003   420.55347172356653        1.5525557327089641E-018
   1.9230769230769232E-003   6.1538461538461538E-003   414.65524039126751        5.2872288216279840E-019
   1.9230769230769232E-003   6.5384615384615381E-003   407.09312363362500        1.2719063821978039E-019
   1.9230769230769232E-003   6.9230769230769233E-003   398.36059025617226        2.3005478999634751E-020
   1.9230769230769232E-003   7.3076923076923076E-003   388.95637197727882        3.3581029389512660E-021
   1.9230769230769232E-003   7.6923076923076927E-003   379.37589207303091        4.2990029478303377E-022
   1.9230769230769232E-003   8.0769230769230770E-003   370.11817238867945        5.3444237839913473E-023
   1.9230769230769232E-003   8.4615384615384613E-003   361.69749919730629        7.3250361877752253E-024
   1.9230769230769232E-003   8.8461538461538456E-003   354.64895265603292        1.2918663916536270E-024
   1.9230769230769232E-003   9.2307692307692299E-003   349.51377417690549        3.4923056361830031E-025
   1.9230769230769232E-003   9.6153846153846159E-003   346.78425228007342        1.7149072843029183E-025

   2.3076923076923075E-003   3.8461538461538462E-004   336.68451088756859        1.1575360732864733E-026
   2.3076923076923075E-003   7.6923076923076923E-004   338.41036551667088        1.8530279725499101E-026
   2.3076923076923075E-003   1.1538461538461537E-003   341.71006987071337        4.5000287796545599E-026
   2.3076923076923075E-003   1.5384615384615385E-003   346.32818734414013        1.5168466107305240E-025
   2.3076923076923075E-003   1.9230769230769232E-003   351.94330378134958        6.3836145123751169E-025
   2.3076923076923075E-003   2.3076923076923075E-003   358.20256742302274        3.0137131738538433E-024
   2.3076923076923075E-003   2.6923076923076922E-003   364.74160028453269        1.4455396185343770E-023
   2.3076923076923075E-003   3.0769230769230769E-003   371.19279891491300        6.4524156944312001E-023
   2.3076923076923075E-003   3.4615384615384616E-003   377.18821305202675        2.4821402712288717E-022
   2.3076923076923075E-003   3.8461538461538464E-003   382.36407391859689        7.6939559397057298E-022
   2.3076923076923075E-003   4.2307692307692307E-003   386.37393168699094        1.8129010677410790E-021
   2.3076923076923075E-003   4.6153846153846149E-003   388.91590737337538        3.0952563392806316E-021
   2.3076923076923075E-003   5.0000000000000001E-003   389.77473453188435        3.7038754453359428E-021
   2.3076923076923075E-003   5.3846153846153844E-003   388.86813264144644        3.0666995795474672E-021
   2.3076923076923075E-003   5.7692307692307696E-003   386.27111078612160        1.7764756994900025E-021
   2.3076923076923075E-003   6.1538461538461538E-003   382.19154473065561        7.4294482697846443E-022
   2.3076923076923075E-003   6.5384615384615381E-003   376.92385041246530        2.3482276084822384E-022
   2.3076923076923075E-003   6.9230769230769233E-003   370.80733595245050        5.9321109030621425E-023
   2.3076923076923075E-003   7.3076923076923076E-003   364.19989640379748        1.2780221025326568E-023
   2.3076923076923075E-003   7.6923076923076927E-003   357.46660144565880        2.5310428549722498E-024
   2.3076923076923075E-003   8.0769230769230770E-003   350.97785744283976        5.0293264766626475E-025
   2.3076923076923075E-003   8.4615384615384613E-003   345.11013544704304        1.1101700830949218E-025
   2.3076923076923075E-003   8.8461538461538456E-003   340.24141417240230        3.0526154881540961E-026
   2.3076923076923075E-003   9.2307692307692299E-003   336.73270231428171        1.1776087758270284E-026
   2.3076923076923075E-003   9.6153846153846159E-003   334.88757676148418        7.0815291028069140E-027

   2.6923076923076922E-003   3.8461538461538462E-004   326.34058012426573        6.5224563163889324E-028
   2.6923076923076922E-003   7.6923076923076923E-004   327.51072603624033        9.0893483650129395E-028
   2.6923076923076922E-003   1.1538461538461537E-003   329.75585895836576        1.7093785526598572E-027
   2.6923076923076922E-003   1.5384615384615385E-003   332.91214481421764        4.1061071311890286E-027
   2.6923076923076922E-003   1.9230769230769232E-003   336.76578914792270        1.1751548473883678E-026
   2.6923076923076922E-003   2.3076923076923075E-003   341.07430265030797        3.7179722135631747E-026
   2.6923076923076922E-003   2.6923076923076922E-003   345.58130316892090        1.2079870907633098E-025
   2.6923076923076922E-003   3.0769230769230769E-003   350.02529388512983        3.7620570236551345E-025
   2.6923076923076922E-003   3.4615384615384616E-003   354.14543312862202        1.0547213037402435E-024
   2.6923076923076922E-003   3.8461538461538464E-003   357.68830004557651        2.5169328134532154E-024
   2.6923076923076922E-003   4.2307692307692307E-003   360.41943830884395        4.8709924834705934E-024
   2.6923076923076922E-003   4.6153846153846149E-003   362.14188590899749        7.3544181320278406E-024
   2.6923076923076922E-003   5.0000000000000001E-003   362.72040830148046        8.4412082683397885E-024
   2.6923076923076922E-003   5.3846153846153844E-003   362.10465639798173        7.2943607232139077E-024
   2.6923076923076922E-003   5.7692307692307696E-003   360.33962566161296        4.7849858501187679E-024
   2.6923076923076922E-003   6.1538461538461538E-003   357.55521530934368        2.4417581658779238E-024
   2.6923076923076922E-003   6.5384615384615381E-003   353.94322111905677        1.0060125043073684E-024
   2.6923076923076922E-003   6.9230769230769233E-003   349.73351747821829        3.5068278628901226E-025
   2.6923076923076922E-003   7.3076923076923076E-003   345.17632993807456        1.0924062954963229E-025
   2.6923076923076922E-003   7.6923076923076927E-003   340.53196548742511        3.2357833571899440E-026
   2.6923076923076922E-003   8.0769230769230770E-003   336.06576726281844        9.7706535443759720E-027
   2.6923076923076922E-003   8.4615384615384613E-003   332.04423140357034        3.2465708876682354E-027
   2.6923076923076922E-003   8.8461538461538456E-003   328.72751111208743        1.2864884678993531E-027
   2.6923076923076922E-003   9.2307692307692299E-003   326.35380093890126        6.5702705950752383E-028
   2.6923076923076922E-003   9.6153846153846159E-003   325.11317474082006        4.6100350070960758E-028

   3.0769230769230769E-003   3.8461538461538462E-004   318.22494697936190        6.5159380089609861E-029
   3.0769230769230769E-003   7.6923076923076923E-004   319.00788470998333        8.1472364260486298E-029
   3.0769230769230769E-003   1.1538461538461537E-003   320.51337409129360        1.2512123031691947E-028
   3.0769230769230769E-003   1.5384615384615385E-003   322.63605993336114        2.2858760114302594E-028
   3.0769230769230769E-003   1.9230769230769232E-003   325.23505055085911        4.7573573113228607E-028
   3.0769230769230769E-003   2.3076923076923075E-003   328.14682547596806        1.0730612258140912E-027
   3.0769230769230769E-003   2.6923076923076922E-003   331.19552251530610        2.4903580315801760E-027
   3.0769230769230769E-003   3.0769230769230769E-003   334.20033630304096        5.6513607257555255E-027
   3.0769230769230769E-003   3.4615384615384616E-003   336.98138948920234        1.1952775380311322E-026
   3.0769230769230769E-003   3.8461538461538464E-003   339.36615429950547        2.2557133138641563E-026
   3.0769230769230769E-003   4.2307692307692307E-003   341.19831187967009        3.6578607033928166E-026
   3.0769230769230769E-003   4.6153846153846149E-003   342.34980971930543        4.9469766129635080E-026
   3.0769230769230769E-003   5.0000000000000001E-003   342.73482016429597        5.4715806182584465E-026
   3.0769230769230769E-003   5.3846153846153844E-003   342.32179872832808        4.9138666252491600E-026
   3.0769230769230769E-003   5.7692307692307696E-003   341.13848923714352        3.6052417990894076E-026
   3.0769230769230769E-003   6.1538461538461538E-003   339.26700151128301        2.2013557065053823E-026
   3.0769230769230769E-003   6.5384615384615381E-003   336.83193091689725        1.1513031527822735E-026
   3.0769230769230769E-003   6.9230769230769233E-003   333.98675898329083        5.3504422951496509E-027
   3.0769230769230769E-003   7.3076923076923076E-003   330.90239834636981        2.3063755794082547E-027
   3.0769230769230769E-003   7.6923076923076927E-003   327.75918705138264        9.6742457574633314E-028
   3.0769230769230769E-003   8.0769230769230770E-003   324.74147459244796        4.1589468000221508E-028
   3.0769230769230769E-003   8.4615384615384613E-003   322.03263530130636        1.9345819569931069E-028
   3.0769230769230769E-003   8.8461538461538456E-003   319.80790362094058        1.0272576993064440E-028
   3.0769230769230769E-003   9.2307692307692299E-003   318.22291951351201        6.5323630906304065E-029
   3.0769230769230769E-003   9.6153846153846159E-003   317.39761365348409        5.1587693310069982E-029

   3.4615384615384616E-003   3.8461538461538462E-004   312.06789170986991        1.1863265596912869E-029
   3.4615384615384616E-003   7.6923076923076923E-004   312.58362007104824        1.3635997789030453E-029
   3.4615384615384616E-003   1.1538461538461537E-003   313.57668323908587        1.7870164960713617E-029
   3.4615384615384616E-003   1.5384615384615385E-003   314.97961131319562        2.6286072266269179E-029
   3.4615384615384616E-003   1.9230769230769232E-003   316.70065856650677        4.2377591002169466E-029
   3.4615384615384616E-003   2.3076923076923075E-003   318.63160443038248        7.2635498949067178E-029
   3.4615384615384616E-003   2.6923076923076922E-003   320.65462743894483        1.2788904893922144E-028
   3.4615384615384616E-003   3.0769230769230769E-003   322.64789733225444        2.2321161064791875E-028
   3.4615384615384616E-003   3.4615384615384616E-003   324.49044948592422        3.7301659100990280E-028
   3.4615384615384616E-003   3.8461538461538464E-003   326.06734371735610        5.7801748761270101E-028
   3.4615384615384616E-003   4.2307692307692307E-003   327.27598080119327        8.0772582655196175E-028
   3.4615384615384616E-003   4.6153846153846149E-003   328.03376485654542        9.9581672314623092E-028
   3.4615384615384616E-003   5.0000000000000001E-003   328.28619711802344        1.0678229708628419E-027
   3.4615384615384616E-003   5.3846153846153844E-003   328.01338232993419        9.9077260368354248E-028
   3.4615384615384616E-003   5.7692307692307696E-003   327.23260579863671        7.9897819137590281E-028
   3.4615384615384616E-003   6.1538461538461538E-003   325.99585664686469        5.6762204486647813E-028
   3.4615384615384616E-003   6.5384615384615381E-003   324.38348449218131        3.6289350396209586E-028
   3.4615384615384616E-003   6.9230769230769233E-003   322.49638319850561        2.1456761246798926E-028
   3.4615384615384616E-003   7.3076923076923076E-003   320.44874605411968        1.2112845109006379E-028
   3.4615384615384616E-003   7.6923076923076927E-003   318.36228440254820        6.7610409854453986E-029
   3.4615384615384616E-003   8.0769230769230770E-003   316.36162217730362        3.8703314162722099E-029
   3.4615384615384616E-003   8.4615384615384613E-003   314.56978912331016        2.3556079460974526E-029
   3.4615384615384616E-003   8.8461538461538456E-003   313.10250153400710        1.5748203099883297E-029
   3.4615384615384616E-003   9.2307692307692299E-003   312.06032993607892        1.1869259114731599E-029
   3.4615384615384616E-003   9.6153846153846159E-003   311.51896636191094        1.0261694429783194E-029

   3.8461538461538464E-003   3.8461538461538462E-004   307.54132214006216        3.8446588526546996E-030
   3.8461538461538464E-003   7.6923076923076923E-004   307.87519782653072        4.1545139923652781E-030
   3.8461538461538464E-003   1.1538461538461537E-003   308.51867876184474        4.8375989164360766E-030
   3.8461538461538464E-003   1.5384615384615385E-003   309.42895264384100        6.0346318514641143E-030
   3.8461538461538464E-003   1.9230769230769232E-003   310.54712774579895        7.9814207950895822E-030
   3.8461538461538464E-003   2.3076923076923075E-003   311.80293616491531        1.1021428713421176E-029
   3.8461538461538464E-003   2.6923076923076922E-003   313.11920216188861        1.5579421503949680E-029
   3.8461538461538464E-003   3.0769230769230769E-003   314.41579489591368        2.2041612106176140E-029
   3.8461538461538464E-003   3.4615384615384616E-003   315.61327079124896        3.0490976244087461E-029
   3.8461538461538464E-003   3.8461538461538464E-003   316.63665458919064        4.0330273995624443E-029
   3.8461538461538464E-003   4.2307692307692307E-003   317.41973085365345        5.0012323381294443E-029
   3.8461538461538464E-003   4.6153846153846149E-003   317.90983660097498        5.7249496174950370E-029
   3.8461538461538464E-003   5.0000000000000001E-003   318.07258515452259        5.9890054411289463E-029
   3.8461538461538464E-003   5.3846153846153844E-003   317.89547100799490        5.7049849050733783E-029
   3.8461538461538464E-003   5.7692307692307696E-003   317.38926151820408        4.9641544975294330E-029
   3.8461538461538464E-003   6.1538461538461538E-003   316.58669778688784        3.9838569538751170E-029
   3.8461538461538464E-003   6.5384615384615381E-003   315.53902112108869        2.9937624621375462E-029
   3.8461538461538464E-003   6.9230769230769233E-003   314.31144799822516        2.1480639585043969E-029
   3.8461538461538464E-003   7.3076923076923076E-003   312.97865081995303        1.5049330491873594E-029
   3.8461538461538464E-003   7.6923076923076927E-003   311.62078596185353        1.0542147252407385E-029
   3.8461538461538464E-003   8.0769230769230770E-003   310.32000125356342        7.5572646841703537E-030
   3.8461538461538464E-003   8.4615384615384613E-003   309.15692017103760        5.6598009362040619E-030
   3.8461538461538464E-003   8.8461538461538456E-003   308.20648793567398        4.5012613791434711E-030
   3.8461538461538464E-003   9.2307692307692299E-003   307.53283729712876        3.8441845054558722E-030
   3.8461538461538464E-003   9.6153846153846159E-003   307.18346391697395        3.5478641451540103E-030

   4.2307692307692307E-003   3.8461538461538462E-004   304.31180145150142        1.9913782073508744E-030
   4.2307692307692307E-003   7.6923076923076923E-004   304.52397040423108        2.0704090443140151E-030
   4.2307692307692307E-003   1.1538461538461537E-003   304.93313174533120        2.2356182964773778E-030
   4.2307692307692307E-003   1.5384615384615385E-003   305.51246690849104        2.5016996330363479E-030
   4.2307692307692307E-003   1.9230769230769232E-003   306.22478478288906        2.8893766466409297E-030
   4.2307692307692307E-003   2.3076923076923075E-003   307.02534577022965        3.4218974042814453E-030
   4.2307692307692307E-003   2.6923076923076922E-003   307.86470103800940        4.1172670828206066E-030
   4.2307692307692307E-003   3.0769230769230769E-003   308.69135615629955        4.9747636555336153E-030
   4.2307692307692307E-003   3.4615384615384616E-003   309.45431483865502        5.9569966198292079E-030
   4.2307692307692307E-003   3.8461538461538464E-003   310.10568658806937        6.9743728700979820E-030
   4.2307692307692307E-003   4.2307692307692307E-003   310.60349886760326        7.8848691477486381E-030
   4.2307692307692307E-003   4.6153846153846149E-003   310.91465385835289        8.5214633917284266E-030
   4.2307692307692307E-003   5.0000000000000001E-003   311.01769415892022        8.7457015753581892E-030
   4.2307692307692307E-003   5.3846153846153844E-003   310.90483442333522        8.5036408391282056E-030
   4.2307692307692307E-003   5.7692307692307696E-003   310.58273509123535        7.8500601167200518E-030
   4.2307692307692307E-003   6.1538461538461538E-003   310.07180327681272        6.9243449343531062E-030
   4.2307692307692307E-003   6.5384615384615381E-003   309.40425833164363        5.8944268646015075E-030
   4.2307692307692307E-003   6.9230769230769233E-003   308.62150083263344        4.9029304179707623E-030
   4.2307692307692307E-003   7.3076923076923076E-003   307.77132720263290        4.0395193758612366E-030
   4.2307692307692307E-003   7.6923076923076927E-003   306.90530136828443        3.3411289073592266E-030
   4.2307692307692307E-003   8.0769230769230770E-003   306.07629082303566        2.8077009037641918E-030
   4.2307692307692307E-003   8.4615384615384613E-003   305.33594882964013        2.4203828761652132E-030
   4.2307692307692307E-003   8.8461538461538456E-003   304.73187507592775        2.1552074752395385E-030
   4.2307692307692307E-003   9.2307692307692299E-003   304.30434914150948        1.9909511942627246E-030
   4.2307692307692307E-003   9.6153846153846159E-003   304.08286759737985        1.9126467462268526E-030

   4.6153846153846149E-003   3.8461538461538462E-004   302.07345800311703        1.3992248467092991E-030
   4.6153846153846149E-003   7.6923076923076923E-004   302.20568272863636        1.4256563210472976E-030
   4.6153846153846149E-003   1.1538461538461537E-003   302.46077711065823        1.4791074557276686E-030
   4.6153846153846149E-003   1.5384615384615385E-003   302.82219993205956        1.5607486956818773E-030
   4.6153846153846149E-003   1.9230769230769232E-003   303.26687948391492        1.6716829217038579E-030
   4.6153846153846149E-003   2.3076923076923075E-003   303.76689740981317        1.8120252865220145E-030
   4.6153846153846149E-003   2.6923076923076922E-003   304.29125536883930        1.9795476371440090E-030
   4.6153846153846149E-003   3.0769230769230769E-003   304.80760356647141        2.1680249048294698E-030
   4.6153846153846149E-003   3.4615384615384616E-003   305.28393169346458        2.3657539375028855E-030
   4.6153846153846149E-003   3.8461538461538464E-003   305.69028747212388        2.5550989356149382E-030
   4.6153846153846149E-003   4.2307692307692307E-003   306.00056501505884        2.7140511923979105E-030
   4.6153846153846149E-003   4.6153846153846149E-003   306.19430355351119        2.8202716153403570E-030
   4.6153846153846149E-003   5.0000000000000001E-003   306.25830459728178        2.8568072238311433E-030
   4.6153846153846149E-003   5.3846153846153844E-003   306.18778681551322        2.8172767000865882E-030
   4.6153846153846149E-003   5.7692307692307696E-003   305.98682290891787        2.7079962520200483E-030
   4.6153846153846149E-003   6.1538461538461538E-003   305.66795785631570        2.5459051546540035E-030
   4.6153846153846149E-003   6.5384615384615381E-003   305.25112165334099        2.3534009385726499E-030
   4.6153846153846149E-003   6.9230769230769233E-003   304.76209945519429        2.1526050349240633E-030
   4.6153846153846149E-003   7.3076923076923076E-003   304.23083662064141        1.9612807257593638E-030
   4.6153846153846149E-003   7.6923076923076927E-003   303.68975298613515        1.7912373412448701E-030
   4.6153846153846149E-003   8.0769230769230770E-003   303.17209276322069        1.6487681181402102E-030
   4.6153846153846149E-003   8.4615384615384613E-003   302.71022417806023        1.5361349919022980E-030
   4.6153846153846149E-003   8.8461538461538456E-003   302.33378295215323        1.4532371155085891E-030
   4.6153846153846149E-003   9.2307692307692299E-003   302.06764401437374        1.3989815396461642E-030
   4.6153846153846149E-003   9.6153846153846159E-003   301.92987796948717        1.3722114894118040E-030

   5.0000000000000001E-003   3.8461538461538462E-004   300.56521307090071        1.1633744398512419E-030
   5.0000000000000001E-003   7.6923076923076923E-004   300.64596948575013        1.1739401630736377E-030
   5.0000000000000001E-003   1.1538461538461537E-003   300.80181113312494        1.1948875441734539E-030
   5.0000000000000001E-003   1.5384615384615385E-003   301.02271154047736        1.2258822247201498E-030
   5.0000000000000001E-003   1.9230769230769232E-003   301.29462716253676        1.2662653880241216E-030
   5.0000000000000001E-003   2.3076923076923075E-003   301.60049129071024        1.3148688368716932E-030
   5.0000000000000001E-003   2.6923076923076922E-003   301.92129100374319        1.3697922596755090E-030
   5.0000000000000001E-003   3.0769230769230769E-003   302.23715352473897        1.4281995002081434E-030
   5.0000000000000001E-003   3.4615384615384616E-003   302.52842689777424        1.4862310022063865E-030
   5.0000000000000001E-003   3.8461538461538464E-003   302.77677160271901        1.5391533410763074E-030
   5.0000000000000001E-003   4.2307692307692307E-003   302.96626789625827        1.5818391441444535E-030
   5.0000000000000001E-003   4.6153846153846149E-003   303.08449354730431        1.6095659351817540E-030
   5.0000000000000001E-003   5.0000000000000001E-003   303.12346411730675        1.6189600630423494E-030
   5.0000000000000001E-003   5.3846153846153844E-003   303.08029043702004        1.6087766948080843E-030
   5.0000000000000001E-003   5.7692307692307696E-003   302.95742662478466        1.5802082198219665E-030
   5.0000000000000001E-003   6.1538461538461538E-003   302.76246025253431        1.5365897080101784E-030
   5.0000000000000001E-003   6.5384615384615381E-003   302.50749965078188        1.4826284293700112E-030
   5.0000000000000001E-003   6.9230769230769233E-003   302.20828818020755        1.4234629371918606E-030
   5.0000000000000001E-003   7.3076923076923076E-003   301.88318753989461        1.3638614584349193E-030
   5.0000000000000001E-003   7.6923076923076927E-003   301.55212631225089        1.3077359709071543E-030
   5.0000000000000001E-003   8.0769230769230770E-003   301.23553940670882        1.2579860214306564E-030
   5.0000000000000001E-003   8.4615384615384613E-003   300.95326995363843        1.2165803393696534E-030
   5.0000000000000001E-003   8.8461538461538456E-003   300.72339794416001        1.1847551970905854E-030
   5.0000000000000001E-003   9.2307692307692299E-003   300.56100815873646        1.1632313954190770E-030
   5.0000000000000001E-003   9.6153846153846159E-003   300.47699570060252        1.1523924987691382E-030

   5.3846153846153844E-003   3.8461538461538462E-004   299.57656642786549        1.0555137449420376E-030
   5.3846153846153844E-003   7.6923076923076923E-004   299.62487780344901        1.0602266423891168E-030
   5.3846153846153844E-003   1.1538461538461537E-003   299.71812499351358        1.0694631194393485E-030
   5.3846153846153844E-003   1.5384615384615385E-003   299.85034319831027        1.0828793464468712E-030
   5.3846153846153844E-003   1.9230769230769232E-003   300.01315213124508        1.0999362036824696E-030
   5.3846153846153844E-003   2.3076923076923075E-003   300.19633521009933        1.1198747669924814E-030
   5.3846153846153844E-003   2.6923076923076922E-003   300.38848268964392        1.1416928663637877E-030
   5.3846153846153844E-003   3.0769230769230769E-003   300.57765514656410        1.1641373097618879E-030
   5.3846153846153844E-003   3.4615384615384616E-003   300.75205142092693        1.1857322554458540E-030
   5.3846153846153844E-003   3.8461538461538464E-003   300.90068031426750        1.2048641804055143E-030
   5.3846153846153844E-003   4.2307692307692307E-003   301.01402941462231        1.2199330806333826E-030
   5.3846153846153844E-003   4.6153846153846149E-003   301.08470023423251        1.2295567692322467E-030
   5.3846153846153844E-003   5.0000000000000001E-003   301.10794981983588        1.2327870344693212E-030
   5.3846153846153844E-003   5.3846153846153844E-003   301.08206349333693        1.2292775579556964E-030
   5.3846153846153844E-003   5.7692307692307696E-003   301.00849537943282        1.2193487802862733E-030
   5.3846153846153844E-003   6.1538461538461538E-003   300.89175301332244        1.2039272507781415E-030
   5.3846153846153844E-003   6.5384615384615381E-003   300.73905305936046        1.1843813714220054E-030
   5.3846153846153844E-003   6.9230769230769233E-003   300.55981272287380        1.1623079386460377E-030
   5.3846153846153844E-003   7.3076923076923076E-003   300.36504962907679        1.1393293655795694E-030
   5.3846153846153844E-003   7.6923076923076927E-003   300.16674277506587        1.1169427276850245E-030
   5.3846153846153844E-003   8.0769230769230770E-003   299.97717413007109        1.0964336715287528E-030
   5.3846153846153844E-003   8.4615384615384613E-003   299.80824505859840        1.0788453907246984E-030
   5.3846153846153844E-003   8.8461538461538456E-003   299.67075958785273        1.0649820711681337E-030
   5.3846153846153844E-003   9.2307692307692299E-003   299.57369158217273        1.0554264271702221E-030
   5.3846153846153844E-003   9.6153846153846159E-003   299.52349482008674        1.0505574258730708E-030

   5.7692307692307696E-003   3.8461538461538462E-004   298.94581527874891        1.0020484799507213E-030
   5.7692307692307696E-003   7.6923076923076923E-004   298.97411373328634        1.0042870980235795E-030
   5.7692307692307696E-003   1.1538461538461537E-003   299.02874015635973        1.0086454575932364E-030
   5.7692307692307696E-003   1.5384615384615385E-003   299.10621520765096        1.0149094036145875E-030
   5.7692307692307696E-003   1.9230769230769232E-003   299.20163935826326        1.0227620364636736E-030
   5.7692307692307696E-003   2.3076923076923075E-003   299.30902536545705        1.0317888055139694E-030
   5.7692307692307696E-003   2.6923076923076922E-003   299.42167442360648        1.0414853054789500E-030
   5.7692307692307696E-003   3.0769230769230769E-003   299.53257077077660        1.0512709155378793E-030
   5.7692307692307696E-003   3.4615384615384616E-003   299.63478241034227        1.0605128087349345E-030
   5.7692307692307696E-003   3.8461538461538464E-003   299.72186275217621        1.0685644023516881E-030
   5.7692307692307696E-003   4.2307692307692307E-003   299.78824506785026        1.0748190708243138E-030
   5.7692307692307696E-003   4.6153846153846149E-003   299.82961019458043        1.0787741391077714E-030
   5.7692307692307696E-003   5.0000000000000001E-003   299.84319465570456        1.0800938022716173E-030
   5.7692307692307696E-003   5.3846153846153844E-003   299.82800016708762        1.0786559933810894E-030
   5.7692307692307696E-003   5.7692307692307696E-003   299.78487267332116        1.0745702293042762E-030
   5.7692307692307696E-003   6.1538461538461538E-003   299.71643916204732        1.0681612880562232E-030
   5.7692307692307696E-003   6.5384615384615381E-003   299.62691560519858        1.0599238691402647E-030
   5.7692307692307696E-003   6.9230769230769233E-003   299.52181826698109        1.0504611609278222E-030
   5.7692307692307696E-003   7.3076923076923076E-003   299.40761563589513        1.0404221532908765E-030
   5.7692307692307696E-003   7.6923076923076927E-003   299.29134952762297        1.0304487969940194E-030
   5.7692307692307696E-003   8.0769230769230770E-003   299.18023870599160        1.0211376472744710E-030
   5.7692307692307696E-003   8.4615384615384613E-003   299.08126672180691        1.0130148138850146E-030
   5.7692307692307696E-003   8.8461538461538456E-003   299.00075533800629        1.0065199264752989E-030
   5.7692307692307696E-003   9.2307692307692299E-003   298.94393762781721        1.0019946918313026E-030
   5.7692307692307696E-003   9.6153846153846159E-003   298.91456502677482        9.9967348264885870E-031

   6.1538461538461538E-003   3.8461538461538462E-004   298.55396667155020        9.7439677774742004E-031
   6.1538461538461538E-003   7.6923076923076923E-004   298.57019212526677        9.7549500231026519E-031
   6.1538461538461538E-003   1.1538461538461537E-003   298.60151579324878        9.7762513099754649E-031
   6.1538461538461538E-003   1.5384615384615385E-003   298.64594901952421        9.8066836790828121E-031
   6.1538461538461538E-003   1.9230769230769232E-003   298.70068657478731        9.8445326147845016E-031
   6.1538461538461538E-003   2.3076923076923075E-003   298.76229433005790        9.8876292144928376E-031
   6.1538461538461538E-003   2.6923076923076922E-003   298.82692466703884        9.9334379789368535E-031
   6.1538461538461538E-003   3.0769230769230769E-003   298.89054533257450        9.9791644411662554E-031
   6.1538461538461538E-003   3.4615384615384616E-003   298.94917333878544        1.0021892326805482E-030
   6.1538461538461538E-003   3.8461538461538464E-003   298.99910881317436        1.0058759232992876E-030
   6.1538461538461538E-003   4.2307692307692307E-003   299.03716230026993        1.0087170139283415E-030
   6.1538461538461538E-003   4.6153846153846149E-003   299.06086367417970        1.0105030962891533E-030
   6.1538461538461538E-003   5.0000000000000001E-003   299.06863485430506        1.0110966478332354E-030
   6.1538461538461538E-003   5.3846153846153844E-003   299.05990616262750        1.0104477832600197E-030
   6.1538461538461538E-003   5.7692307692307696E-003   299.03516027334280        1.0086002025664414E-030
   6.1538461538461538E-003   6.1538461538461538E-003   298.99589789095052        1.0056858823478470E-030
   6.1538461538461538E-003   6.5384615384615381E-003   298.94453174962831        1.0019100209477781E-030
   6.1538461538461538E-003   6.9230769230769233E-003   298.88422503218362        9.9753001237461264E-031
   6.1538461538461538E-003   7.3076923076923076E-003   298.81869323844052        9.9283285704074996E-031
   6.1538461538461538E-003   7.6923076923076927E-003   298.75198486583122        9.8811441405843231E-031
   6.1538461538461538E-003   8.0769230769230770E-003   298.68824939410933        9.8366203657571044E-031
   6.1538461538461538E-003   8.4615384615384613E-003   298.63149584299623        9.7974041142920347E-031
   6.1538461538461538E-003   8.8461538461538456E-003   298.58534536639462        9.7657955128892688E-031
   6.1538461538461538E-003   9.2307692307692299E-003   298.55278769521470        9.7436402927669130E-031
   6.1538461538461538E-003   9.6153846153846159E-003   298.53596084102588        9.7322338139602179E-031

   6.5384615384615381E-003   3.8461538461538462E-004   298.31682969001866        9.5983663948260940E-031
   6.5384615384615381E-003   7.6923076923076923E-004   298.32593449023040        9.6038224302079930E-031
   6.5384615384615381E-003   1.1538461538461537E-003   298.34351248944137        9.6143829112867302E-031
   6.5384615384615381E-003   1.5384615384615385E-003   298.36845046360014        9.6294204008334704E-031
   6.5384615384615381E-003   1.9230769230769232E-003   298.39917600016383        9.6480401740006480E-031
   6.5384615384615381E-003   2.3076923076923075E-003   298.43376153544341        9.6691290745519473E-031
   6.5384615384615381E-003   2.6923076923076922E-003   298.47004511326583        9.6914124470999226E-031
   6.5384615384615381E-003   3.0769230769230769E-003   298.50575992667621        9.7135180811138200E-031
   6.5384615384615381E-003   3.4615384615384616E-003   298.53866735811926        9.7340487061978077E-031
   6.5384615384615381E-003   3.8461538461538464E-003   298.56668973572556        9.7516649447481946E-031
   6.5384615384615381E-003   4.2307692307692307E-003   298.58803835802206        9.7651776693837413E-031
   6.5384615384615381E-003   4.6153846153846149E-003   298.60132988717390        9.7736430914241479E-031
   6.5384615384615381E-003   5.0000000000000001E-003   298.60568157282114        9.7764480781090991E-031
   6.5384615384615381E-003   5.3846153846153844E-003   298.60077494717717        9.7733704426925481E-031
   6.5384615384615381E-003   5.7692307692307696E-003   298.58687991888030        9.7646016172193295E-031
   6.5384615384615381E-003   6.1538461538461538E-003   298.56483633339315        9.7507269568470708E-031
   6.5384615384615381E-003   6.5384615384615381E-003   298.53599624549429        9.7326688164268731E-031
   6.5384615384615381E-003   6.9230769230769233E-003   298.50213492108480        9.7116051149120225E-031
   6.5384615384615381E-003   7.3076923076923076E-003   298.46534024499073        9.6888782986588204E-031
   6.5384615384615381E-003   7.6923076923076927E-003   298.42788872112249        9.6659063121815529E-031
   6.5384615384615381E-003   8.0769230769230770E-003   298.39211320340752        9.6441009310133862E-031
   6.5384615384615381E-003   8.4615384615384613E-003   298.36026520579122        9.6247931402066052E-031
   6.5384615384615381E-003   8.8461538461538456E-003   298.33437490464104        9.6091628253126431E-031
   6.5384615384615381E-003   9.2307692307692299E-003   298.31611506887356        9.5981715823737331E-031
   6.5384615384615381E-003   9.6153846153846159E-003   298.30667966259722        9.5925015815315214E-031

   6.9230769230769233E-003   3.8461538461538462E-004   298.17697859283976        9.5215179260279619E-031
   6.9230769230769233E-003   7.6923076923076923E-004   298.18197819642415        9.5242287547467771E-031
   6.9230769230769233E-003   1.1538461538461537E-003   298.19163090436791        9.5294697301743625E-031
   6.9230769230769233E-003   1.5384615384615385E-003   298.20532657186016        9.5369192155833086E-031
   6.9230769230769233E-003   1.9230769230769232E-003   298.22220249268526        9.5461211974494869E-031
   6.9230769230769233E-003   2.3076923076923075E-003   298.24119998441091        9.5565130122955037E-031
   6.9230769230769233E-003   2.6923076923076922E-003   298.26113064822073        9.5674572283948412E-031
   6.9230769230769233E-003   3.0769230769230769E-003   298.28074798199958        9.5782762839159552E-031
   6.9230769230769233E-003   3.4615384615384616E-003   298.29882120003117        9.5882897213318718E-031
   6.9230769230769233E-003   3.8461538461538464E-003   298.31420878514734        9.5968542461884033E-031
   6.9230769230769233E-003   4.2307692307692307E-003   298.32592898835452        9.6034059029539918E-031
   6.9230769230769233E-003   4.6153846153846149E-003   298.33322338233575        9.6075016690453960E-031
   6.9230769230769233E-003   5.0000000000000001E-003   298.33560843067909        9.6088556880289044E-031
   6.9230769230769233E-003   5.3846153846153844E-003   298.33290979096023        9.6073644343160417E-031
   6.9230769230769233E-003   5.7692307692307696E-003   298.32527531017445        9.6031161635818275E-031
   6.9230769230769233E-003   6.1538461538461538E-003   298.31316524885136        9.5963829293766069E-031
   6.9230769230769233E-003   6.5384615384615381E-003   298.29732132222892        9.5875970911706534E-031
   6.9230769230769233E-003   6.9230769230769233E-003   298.27871853056428        9.5773170267793860E-031
   6.9230769230769233E-003   7.3076923076923076E-003   298.25850466650974        9.5661875786424168E-031
   6.9230769230769233E-003   7.6923076923076927E-003   298.23793181095743        9.5548995515876103E-031
   6.9230769230769233E-003   8.0769230769230770E-003   298.21828280397494        9.5441502869120722E-031
   6.9230769230769233E-003   8.4615384615384613E-003   298.20079469692786        9.5346053338474053E-031
   6.9230769230769233E-003   8.8461538461538456E-003   298.18658139920575        9.5268605961549060E-031
   6.9230769230769233E-003   9.2307692307692299E-003   298.17655924743815        9.5214053198930500E-031
   6.9230769230769233E-003   9.6153846153846159E-003   298.17138131863652        9.5185882769459585E-031

   7.3076923076923076E-003   3.8461538461538462E-004   298.09657590473239        9.4812569923734481E-031
   7.3076923076923076E-003   7.6923076923076923E-004   298.09926235407937        9.4825934515378494E-031
   7.3076923076923076E-003   1.1538461538461537E-003   298.10444916900184        9.4851757188825683E-031
   7.3076923076923076E-003   1.5384615384615385E-003   298.11180898131465        9.4888427107427074E-031
   7.3076923076923076E-003   1.9230769230769232E-003   298.12087853959997        9.4933666289910764E-031
   7.3076923076923076E-003   2.3076923076923075E-003   298.13108888485118        9.4984674943224522E-031
   7.3076923076923076E-003   2.6923076923076922E-003   298.14180093251497        9.5038298209411397E-031
   7.3076923076923076E-003   3.0769230769230769E-003   298.15234415555858        9.5091205115335597E-031
   7.3076923076923076E-003   3.4615384615384616E-003   298.16205657402895        9.5140076165762140E-031
   7.3076923076923076E-003   3.8461538461538464E-003   298.17032455279116        9.5181798364004059E-031
   7.3076923076923076E-003   4.2307692307692307E-003   298.17662076605529        9.5213663375995986E-031
   7.3076923076923076E-003   4.6153846153846149E-003   298.18053819374052        9.5233557144224991E-031
   7.3076923076923076E-003   5.0000000000000001E-003   298.18181752841963        9.5240121449475811E-031
   7.3076923076923076E-003   5.3846153846153844E-003   298.18036532628668        9.5232864642040261E-031
   7.3076923076923076E-003   5.7692307692307696E-003   298.17626089347226        9.5212203237504608E-031
   7.3076923076923076E-003   6.1538461538461538E-003   298.16975118080893        9.5179427704892090E-031
   7.3076923076923076E-003   6.5384615384615381E-003   298.16123445822399        9.5136600095117356E-031
   7.3076923076923076E-003   6.9230769230769233E-003   298.15123472212787        9.5086402099366394E-031
   7.3076923076923076E-003   7.3076923076923076E-003   298.14036928326112        9.5031955388194737E-031
   7.3076923076923076E-003   7.6923076923076927E-003   298.12931177515594        9.4976631433603649E-031
   7.3076923076923076E-003   8.0769230769230770E-003   298.11875226040473        9.4923859224251132E-031
   7.3076923076923076E-003   8.4615384615384613E-003   298.10935570290945        9.4876931908747058E-031
   7.3076923076923076E-003   8.8461538461538456E-003   298.10172020976501        9.4838811844438564E-031
   7.3076923076923076E-003   9.2307692307692299E-003   298.09633717148648        9.4811938802844829E-031
   7.3076923076923076E-003   9.6153846153846159E-003   298.09355638976922        9.4798055263846506E-031

   7.6923076923076927E-003   3.8461538461538462E-004   298.05150062507710        9.4604463942799071E-031
   7.6923076923076927E-003   7.6923076923076923E-004   298.05291330295404        9.4610970589050093E-031
   7.6923076923076927E-003   1.1538461538461537E-003   298.05564083259560        9.4623538590825448E-031
   7.6923076923076927E-003   1.5384615384615385E-003   298.05951126765058        9.4641377768715028E-031
   7.6923076923076927E-003   1.9230769230769232E-003   298.06428113462056        9.4663371694177879E-031
   7.6923076923076927E-003   2.3076923076923075E-003   298.06965120495323        9.4688150403446117E-031
   7.6923076923076927E-003   2.6923076923076922E-003   298.07528519703368        9.4714174055399431E-031
   7.6923076923076927E-003   3.0769230769230769E-003   298.08083020295771        9.4739822459085494E-031
   7.6923076923076927E-003   3.4615384615384616E-003   298.08593785288622        9.4763487871696838E-031
   7.6923076923076927E-003   3.8461538461538464E-003   298.09028535811535        9.4783669643453595E-031
   7.6923076923076927E-003   4.2307692307692307E-003   298.09359550906947        9.4799068237409075E-031
   7.6923076923076927E-003   4.6153846153846149E-003   298.09565448815641        9.4808673311395907E-031
   7.6923076923076927E-003   5.0000000000000001E-003   298.09632615556751        9.4811837544406270E-031
   7.6923076923076927E-003   5.3846153846153844E-003   298.09556147750357        9.4808326728940228E-031
   7.6923076923076927E-003   5.7692307692307696E-003   298.09340210793340        9.4798338609802198E-031
   7.6923076923076927E-003   6.1538461538461538E-003   298.08997776573051        9.4782487758953644E-031
   7.6923076923076927E-003   6.5384615384615381E-003   298.08549777799806        9.4761759629721475E-031
   7.6923076923076927E-003   6.9230769230769233E-003   298.08023774126877        9.4737441409940491E-031
   7.6923076923076927E-003   7.3076923076923076E-003   298.07452251310684        9.4711038675719054E-031
   7.6923076923076927E-003   7.6923076923076927E-003   298.06870668075948        9.4684185048713825E-031
   7.6923076923076927E-003   8.0769230769230770E-003   298.06315342026403        9.4658548623302372E-031
   7.6923076923076927E-003   8.4615384615384613E-003   298.05821249377374        9.4635736155073927E-031
   7.6923076923076927E-003   8.8461538461538456E-003   298.05419821333805        9.4617195708836190E-031
   7.6923076923076927E-003   9.2307692307692299E-003   298.05136854197764        9.4604121024531904E-031
   7.6923076923076927E-003   9.6153846153846159E-003   298.04990693819440        9.4597364943549953E-031

   8.0769230769230770E-003   3.8461538461538462E-004   298.02685770716369        9.4498734383558744E-031
   8.0769230769230770E-003   7.6923076923076923E-004   298.02758507185621        9.4501854514103328E-031
   8.0769230769230770E-003   1.1538461538461537E-003   298.02898943620102        9.4507880306636189E-031
   8.0769230769230770E-003   1.5384615384615385E-003   298.03098235111446        9.4516431620005251E-031
   8.0769230769230770E-003   1.9230769230769232E-003   298.03343850931316        9.4526971400662913E-031
   8.0769230769230770E-003   2.3076923076923075E-003   298.03620382638599        9.4538840915884274E-031
   8.0769230769230770E-003   2.6923076923076922E-003   298.03910506648691        9.4551300486382640E-031
   8.0769230769230770E-003   3.0769230769230769E-003   298.04196039517706        9.4563573144315539E-031
   8.0769230769230770E-003   3.4615384615384616E-003   298.04459033300930        9.4574889689461517E-031
   8.0769230769230770E-003   3.8461538461538464E-003   298.04682863808165        9.4584534152552680E-031
   8.0769230769230770E-003   4.2307692307692307E-003   298.04853261675788        9.4591888301262530E-031
   8.0769230769230770E-003   4.6153846153846149E-003   298.04959226850616        9.4596472716684054E-031
   8.0769230769230770E-003   5.0000000000000001E-003   298.04993758924576        9.4597980801293001E-031
   8.0769230769230770E-003   5.3846153846153844E-003   298.04954337785011        9.4596301677692260E-031
   8.0769230769230770E-003   5.7692307692307696E-003   298.04843106431503        9.4591528813773009E-031
   8.0769230769230770E-003   6.1538461538461538E-003   298.04666738487026        9.4583953242096168E-031
   8.0769230769230770E-003   6.5384615384615381E-003   298.04436008040585        9.4574042688109034E-031
   8.0769230769230770E-003   6.9230769230769233E-003   298.04165107695758        9.4562409798303449E-031
   8.0769230769230770E-003   7.3076923076923076E-003   298.03870774182650        9.4549773269226736E-031
   8.0769230769230770E-003   7.6923076923076927E-003   298.03571279304970        9.4536914989138624E-031
   8.0769230769230770E-003   8.0769230769230770E-003   298.03285334605715        9.4524634955227782E-031
   8.0769230769230770E-003   8.4615384615384613E-003   298.03030951658775        9.4513704675182594E-031
   8.0769230769230770E-003   8.8461538461538456E-003   298.02824304384211        9.4504819754769860E-031
   8.0769230769230770E-003   9.2307692307692299E-003   298.02678655764782        9.4498553546736275E-031
   8.0769230769230770E-003   9.6153846153846159E-003   298.02603430823291        9.4495315499916989E-031

   8.4615384615384613E-003   3.8461538461538462E-004   298.01373207369249        9.4446092513514622E-031
   8.4615384615384613E-003   7.6923076923076923E-004   298.01409960287691        9.4447566059593921E-031
   8.4615384615384613E-003   1.1538461538461537E-003   298.01480921089359        9.4450411655773656E-031
   8.4615384615384613E-003   1.5384615384615385E-003   298.01581623982980        9.4454449588792607E-031
   8.4615384615384613E-003   1.9230769230769232E-003   298.01705739530064        9.4459425884028797E-031
   8.4615384615384613E-003   2.3076923076923075E-003   298.01845481329417        9.4465028978840138E-031
   8.4615384615384613E-003   2.6923076923076922E-003   298.01992092243836        9.4470909105236919E-031
   8.4615384615384613E-003   3.0769230769230769E-003   298.02136379095879        9.4476699135825851E-031
   8.4615384615384613E-003   3.4615384615384616E-003   298.02269268480751        9.4482036077417001E-031
   8.4615384615384613E-003   3.8461538461538464E-003   298.02382358630814        9.4486582627325043E-031
   8.4615384615384613E-003   4.2307692307692307E-003   298.02468440984683        9.4490048069313670E-031
   8.4615384615384613E-003   4.6153846153846149E-003   298.02521961158288        9.4492207350812810E-031
   8.4615384615384613E-003   5.0000000000000001E-003   298.02539385821109        9.4492916730119657E-031
   8.4615384615384613E-003   5.3846153846153844E-003   298.02519443592348        9.4492124249964666E-031
   8.4615384615384613E-003   5.7692307692307696E-003   298.02463216764818        9.4489873689158392E-031
   8.4615384615384613E-003   6.1538461538461538E-003   298.02374075416463        9.4486301511948766E-031
   8.4615384615384613E-003   6.5384615384615381E-003   298.02257462213191        9.4481627368930253E-031
   8.4615384615384613E-003   6.9230769230769233E-003   298.02120549787730        9.4476139500243162E-031
   8.4615384615384613E-003   7.3076923076923076E-003   298.01971799422273        9.4470176666876646E-031
   8.4615384615384613E-003   7.6923076923076927E-003   298.01820449716286        9.4464107977382811E-031
   8.4615384615384613E-003   8.0769230769230770E-003   298.01675960268659        9.4458311449873251E-031
   8.4615384615384613E-003   8.4615384615384613E-003   298.01547432980135        9.4453151748355789E-031
   8.4615384615384613E-003   8.8461538461538456E-003   298.01443035980043        9.4448957567411747E-031
   8.4615384615384613E-003   9.2307692307692299E-003   298.01369462546160        9.4445999657453598E-031
   8.4615384615384613E-003   9.6153846153846159E-003   298.01331466004086        9.4444471226919747E-031

   8.8461538461538456E-003   3.8461538461538462E-004   298.00695694436331        9.4420548635255898E-031
   8.8461538461538456E-003   7.6923076923076923E-004   298.00714105898862        9.4421239098955620E-031
   8.8461538461538456E-003   1.1538461538461537E-003   298.00749653674887        9.4422572424945443E-031
   8.8461538461538456E-003   1.5384615384615385E-003   298.00800102071474        9.4424464411682521E-031
   8.8461538461538456E-003   1.9230769230769232E-003   298.00862281269519        9.4426796005491067E-031
   8.8461538461538456E-003   2.3076923076923075E-003   298.00932290357571        9.4429421097012741E-031
   8.8461538461538456E-003   2.6923076923076922E-003   298.01005740846733        9.4432175635676398E-031
   8.8461538461538456E-003   3.0769230769230769E-003   298.01078025154459        9.4434887472991817E-031
   8.8461538461538456E-003   3.4615384615384616E-003   298.01144596035033        9.4437386519035579E-031
   8.8461538461538456E-003   3.8461538461538464E-003   298.01201243878245        9.4439514892297276E-031
   8.8461538461538456E-003   4.2307692307692307E-003   298.01244358235806        9.4441136690198285E-031
   8.8461538461538456E-003   4.6153846153846149E-003   298.01271158276467        9.4442146835566688E-031
   8.8461538461538456E-003   5.0000000000000001E-003   298.01279875663511        9.4442478278924062E-031
   8.8461538461538456E-003   5.3846153846153844E-003   298.01269874401970        9.4442106796583971E-031
   8.8461538461538456E-003   5.7692307692307696E-003   298.01241696516036        9.4441052804028010E-031
   8.8461538461538456E-003   6.1538461538461538E-003   298.01197029488429        9.4439379978088037E-031
   8.8461538461538456E-003   6.5384615384615381E-003   298.01138599360496        9.4437190922805452E-031
   8.8461538461538456E-003   6.9230769230769233E-003   298.01069999906997        9.4434620455957442E-031
   8.8461538461538456E-003   7.3076923076923076E-003   298.00995471744483        9.4431827219321941E-031
   8.8461538461538456E-003   7.6923076923076927E-003   298.00919645531042        9.4428984221247510E-031
   8.8461538461538456E-003   8.0769230769230770E-003   298.00847262052770        9.4426268714985715E-031
   8.8461538461538456E-003   8.4615384615384613E-003   298.00782881135410        9.4423851663973438E-031
   8.8461538461538456E-003   8.8461538461538456E-003   298.00730592570773        9.4421887072931161E-031
   8.8461538461538456E-003   9.2307692307692299E-003   298.00693745626774        9.4420501687705139E-031
   8.8461538461538456E-003   9.6153846153846159E-003   298.00674717501443        9.4419785876481116E-031

   9.2307692307692299E-003   3.8461538461538462E-004   298.00365192428166        9.4408739032025892E-031
   9.2307692307692299E-003   7.6923076923076923E-004   298.00374749796475        9.4409073391862127E-031
   9.2307692307692299E-003   1.1538461538461537E-003   298.00393202438318        9.4409719052043596E-031
   9.2307692307692299E-003   1.5384615384615385E-003   298.00419390477708        9.4410635264383653E-031
   9.2307692307692299E-003   1.9230769230769232E-003   298.00451668891367        9.4411764381521772E-031
   9.2307692307692299E-003   2.3076923076923075E-003   298.00488012583179        9.4413035616623323E-031
   9.2307692307692299E-003   2.6923076923076922E-003   298.00526142764920        9.4414369463487258E-031
   9.2307692307692299E-003   3.0769230769230769E-003   298.00563666615784        9.4415682491432059E-031
   9.2307692307692299E-003   3.4615384615384616E-003   298.00598222794122        9.4416892300406352E-031
   9.2307692307692299E-003   3.8461538461538464E-003   298.00627625770716        9.4417922461890192E-031
   9.2307692307692299E-003   4.2307692307692307E-003   298.00650001699847        9.4418707249645306E-031
   9.2307692307692299E-003   4.6153846153846149E-003   298.00663907832080        9.4419195894037614E-031
   9.2307692307692299E-003   5.0000000000000001E-003   298.00668427027671        9.4419356024006394E-031
   9.2307692307692299E-003   5.3846153846153844E-003   298.00663229588804        9.4419175950846151E-031
   9.2307692307692299E-003   5.7692307692307696E-003   298.00648596846798        9.4418665532800375E-031
   9.2307692307692299E-003   6.1538461538461538E-003   298.00625404464881        9.4417855527649459E-031
   9.2307692307692299E-003   6.5384615384615381E-003   298.00595067357466        9.4416795536881523E-031
   9.2307692307692299E-003   6.9230769230769233E-003   298.00559451379979        9.4415550798460257E-031
   9.2307692307692299E-003   7.3076923076923076E-003   298.00520758738412        9.4414198145762802E-031
   9.2307692307692299E-003   7.6923076923076927E-003   298.00481394375566        9.4412821416131662E-031
   9.2307692307692299E-003   8.0769230769230770E-003   298.00443820097388        9.4411506510868447E-031
   9.2307692307692299E-003   8.4615384615384613E-003   298.00410402924695        9.4410336249288792E-031
   9.2307692307692299E-003   8.8461538461538456E-003   298.00383264822653        9.4409385176434646E-031
   9.2307692307692299E-003   9.2307692307692299E-003   298.00364142569202        9.4408714583042121E-031
   9.2307692307692299E-003   9.6153846153846159E-003   298.00354268247332        9.4408368128355558E-031

   9.6153846153846159E-003   3.8461538461538462E-004   298.00231666055151        9.4404149875789733E-031
   9.6153846153846159E-003   7.6923076923076923E-004   298.00237672316126        9.4404347454646886E-031
   9.6153846153846159E-003   1.1538461538461537E-003   298.00249268640857        9.4404728984599699E-031
   9.6153846153846159E-003   1.5384615384615385E-003   298.00265726439414        9.4405270406074489E-031
   9.6153846153846159E-003   1.9230769230769232E-003   298.00286012115629        9.4405937663665509E-031
   9.6153846153846159E-003   2.3076923076923075E-003   298.00308852944289        9.4406688917911219E-031
   9.6153846153846159E-003   2.6923076923076922E-003   298.00332816481040        9.4407477158151508E-031
   9.6153846153846159E-003   3.0769230769230769E-003   298.00356398472411        9.4408253048080852E-031
   9.6153846153846159E-003   3.4615384615384616E-003   298.00378114526313        9.4408967871264059E-031
   9.6153846153846159E-003   3.8461538461538464E-003   298.00396591006574        9.4409576464295800E-031
   9.6153846153846159E-003   4.2307692307692307E-003   298.00410650475436        9.4410040014267071E-031
   9.6153846153846159E-003   4.6153846153846149E-003   298.00419386632359        9.4410328561556308E-031
   9.6153846153846159E-003   5.0000000000000001E-003   298.00422223506797        9.4410423014876194E-031
   9.6153846153846159E-003   5.3846153846153844E-003   298.00418954131447        9.4410316484073795E-031
   9.6153846153846159E-003   5.7692307692307696E-003   298.00409755305867        9.4410014785462615E-031
   9.6153846153846159E-003   6.1538461538461538E-003   298.00395177202216        9.4409536067940778E-031
   9.6153846153846159E-003   6.5384615384615381E-003   298.00376108949007        9.4408909616453524E-031
   9.6153846153846159E-003   6.9230769230769233E-003   298.00353723307455        9.4408173974524996E-031
   9.6153846153846159E-003   7.3076923076923076E-003   298.00329404689666        9.4407374563359414E-031
   9.6153846153846159E-003   7.6923076923076927E-003   298.00304665034940        9.4406560960415381E-031
   9.6153846153846159E-003   8.0769230769230770E-003   298.00281051856120        9.4405783960423654E-031
   9.6153846153846159E-003   8.4615384615384613E-003   298.00260052672519        9.4405092513460423E-031
   9.6153846153846159E-003   8.8461538461538456E-003   298.00243000474262        9.4404530646031000E-031
   9.6153846153846159E-003   9.2307692307692299E-003   298.00230985801250        9.4404134524730514E-031
   9.6153846153846159E-003   9.6153846153846159E-003   298.00224781982132        9.4403929891129901E-031

