   3.8461538461538462E-004   3.8461538461538462E-004   1621.7757662772422        1.0000000000000000     
   3.8461538461538462E-004   7.6923076923076923E-004   1621.9957684225089        1.0000000000000000     
   3.8461538461538462E-004   1.1538461538461537E-003   1622.2044353796587        1.0000000000000000     
   3.8461538461538462E-004   1.5384615384615385E-003   1622.4019507570965        1.0000000000000000     
   3.8461538461538462E-004   1.9230769230769232E-003   1622.5885845557577        1.0000000000000000     
   3.8461538461538462E-004   2.3076923076923075E-003   1622.7646858228627        1.0000000000000000     
   3.8461538461538462E-004   2.6923076923076922E-003   1622.9306734189865        1.0000000000000000     
   3.8461538461538462E-004   3.0769230769230769E-003   1623.0870253564501        1.0000000000000000     
   3.8461538461538462E-004   3.4615384615384616E-003   1623.2342672398372        1.0000000000000000     
   3.8461538461538462E-004   3.8461538461538464E-003   1623.3729603956263        1.0000000000000000     
   3.8461538461538462E-004   4.2307692307692307E-003   1623.5036903183484        1.0000000000000000     
   3.8461538461538462E-004   4.6153846153846149E-003   1623.6270560937758        1.0000000000000000     
   3.8461538461538462E-004   5.0000000000000001E-003   1623.7436615023460        1.0000000000000000     
   3.8461538461538462E-004   5.3846153846153844E-003   1623.8541085894003        1.0000000000000000     
   3.8461538461538462E-004   5.7692307692307696E-003   1623.9589946713268        1.0000000000000000     
   3.8461538461538462E-004   6.1538461538461538E-003   1624.0589141438152        1.0000000000000000     
   3.8461538461538462E-004   6.5384615384615381E-003   1624.1544673127885        1.0000000000000000     
   3.8461538461538462E-004   6.9230769230769233E-003   1624.2462803302421        1.0000000000000000     
   3.8461538461538462E-004   7.3076923076923076E-003   1624.3350445353171        1.0000000000000000     
   3.8461538461538462E-004   7.6923076923076927E-003   1624.4215936726453        1.0000000000000000     
   3.8461538461538462E-004   8.0769230769230770E-003   1624.5070640404560        1.0000000000000000     
   3.8461538461538462E-004   8.4615384615384613E-003   1624.5932587338884        1.0000000000000000     
   3.8461538461538462E-004   8.8461538461538456E-003   1624.6835767427237        1.0000000000000000     
   3.8461538461538462E-004   9.2307692307692299E-003   1624.7856932415893        1.0000000000000000     
   3.8461538461538462E-004   9.6153846153846159E-003   1624.9202612696545        1.0000000000000000     

   7.6923076923076923E-004   3.8461538461538462E-004   1621.9886415901972        1.0000000000000000     
   7.6923076923076923E-004   7.6923076923076923E-004   1622.2086793234832        1.0000000000000000     
   7.6923076923076923E-004   1.1538461538461537E-003   1622.4173801075260        1.0000000000000000     
   7.6923076923076923E-004   1.5384615384615385E-003   1622.6149272792636        1.0000000000000000     
   7.6923076923076923E-004   1.9230769230769232E-003   1622.8015904204005        1.0000000000000000     
   7.6923076923076923E-004   2.3076923076923075E-003   1622.9777179941302        1.0000000000000000     
   7.6923076923076923E-004   2.6923076923076922E-003   1623.1437280849452        1.0000000000000000     
   7.6923076923076923E-004   3.0769230769230769E-003   1623.3000976946698        1.0000000000000000     
   7.6923076923076923E-004   3.4615384615384616E-003   1623.4473511175668        1.0000000000000000     
   7.6923076923076923E-004   3.8461538461538464E-003   1623.5860479688531        1.0000000000000000     
   7.6923076923076923E-004   4.2307692307692307E-003   1623.7167714729665        1.0000000000000000     
   7.6923076923076923E-004   4.6153846153846149E-003   1623.8401176362690        1.0000000000000000     
   7.6923076923076923E-004   5.0000000000000001E-003   1623.9566859438885        1.0000000000000000     
   7.6923076923076923E-004   5.3846153846153844E-003   1624.0670722502352        1.0000000000000000     
   7.6923076923076923E-004   5.7692307692307696E-003   1624.1718646057682        1.0000000000000000     
   7.6923076923076923E-004   6.1538461538461538E-003   1624.2716429236721        1.0000000000000000     
   7.6923076923076923E-004   6.5384615384615381E-003   1624.3669837012917        1.0000000000000000     
   7.6923076923076923E-004   6.9230769230769233E-003   1624.4584715307949        1.0000000000000000     
   7.6923076923076923E-004   7.3076923076923076E-003   1624.5467197611113        1.0000000000000000     
   7.6923076923076923E-004   7.6923076923076927E-003   1624.6324023963291        1.0000000000000000     
   7.6923076923076923E-004   8.0769230769230770E-003   1624.7162927806630        1.0000000000000000     
   7.6923076923076923E-004   8.4615384615384613E-003   1624.7992667989251        1.0000000000000000     
   7.6923076923076923E-004   8.8461538461538456E-003   1624.8820454495565        1.0000000000000000     
   7.6923076923076923E-004   9.2307692307692299E-003   1624.9636050630420        1.0000000000000000     
   7.6923076923076923E-004   9.6153846153846159E-003   1625.0332744884479        1.0000000000000000     

   1.1538461538461537E-003   3.8461538461538462E-004   1622.1830756539377        1.0000000000000000     
   1.1538461538461537E-003   7.6923076923076923E-004   1622.4031461637433        1.0000000000000000     
   1.1538461538461537E-003   1.1538461538461537E-003   1622.6118782333981        1.0000000000000000     
   1.1538461538461537E-003   1.5384615384615385E-003   1622.8094546395612        1.0000000000000000     
   1.1538461538461537E-003   1.9230769230769232E-003   1622.9961441023561        1.0000000000000000     
   1.1538461538461537E-003   2.3076923076923075E-003   1623.1722938920409        1.0000000000000000     
   1.1538461538461537E-003   2.6923076923076922E-003   1623.3383205205439        1.0000000000000000     
   1.1538461538461537E-003   3.0769230769230769E-003   1623.4946989620453        1.0000000000000000     
   1.1538461538461537E-003   3.4615384615384616E-003   1623.6419509115840        1.0000000000000000     
   1.1538461538461537E-003   3.8461538461538464E-003   1623.7806326339596        1.0000000000000000     
   1.1538461538461537E-003   4.2307692307692307E-003   1623.9113229737000        1.0000000000000000     
   1.1538461538461537E-003   4.6153846153846149E-003   1624.0346120916743        1.0000000000000000     
   1.1538461538461537E-003   5.0000000000000001E-003   1624.1510914670928        1.0000000000000000     
   1.1538461538461537E-003   5.3846153846153844E-003   1624.2613456559125        1.0000000000000000     
   1.1538461538461537E-003   5.7692307692307696E-003   1624.3659462218363        1.0000000000000000     
   1.1538461538461537E-003   6.1538461538461538E-003   1624.4654481250730        1.0000000000000000     
   1.1538461538461537E-003   6.5384615384615381E-003   1624.5603885711596        1.0000000000000000     
   1.1538461538461537E-003   6.9230769230769233E-003   1624.6512876062686        1.0000000000000000     
   1.1538461538461537E-003   7.3076923076923076E-003   1624.7386478012463        1.0000000000000000     
   1.1538461538461537E-003   7.6923076923076927E-003   1624.8229450000222        1.0000000000000000     
   1.1538461538461537E-003   8.0769230769230770E-003   1624.9045874889828        1.0000000000000000     
   1.1538461538461537E-003   8.4615384615384613E-003   1624.9837829564128        1.0000000000000000     
   1.1538461538461537E-003   8.8461538461538456E-003   1625.0601659384788        1.0000000000000000     
   1.1538461538461537E-003   9.2307692307692299E-003   1625.1319183672292        1.0000000000000000     
   1.1538461538461537E-003   9.6153846153846159E-003   1625.1945069069084        1.0000000000000000     

   1.5384615384615385E-003   3.8461538461538462E-004   1622.3592884217192        1.0000000000000000     
   1.5384615384615385E-003   7.6923076923076923E-004   1622.5793890143148        1.0000000000000000     
   1.5384615384615385E-003   1.1538461538461537E-003   1622.7881500386609        1.0000000000000000     
   1.5384615384615385E-003   1.5384615384615385E-003   1622.9857534502707        1.0000000000000000     
   1.5384615384615385E-003   1.9230769230769232E-003   1623.1724667107053        1.0000000000000000     
   1.5384615384615385E-003   2.3076923076923075E-003   1623.3486353561527        1.0000000000000000     
   1.5384615384615385E-003   2.6923076923076922E-003   1623.5146736276829        1.0000000000000000     
   1.5384615384615385E-003   3.0769230769230769E-003   1623.6710535963393        1.0000000000000000     
   1.5384615384615385E-003   3.4615384615384616E-003   1623.8182932751818        1.0000000000000000     
   1.5384615384615385E-003   3.8461538461538464E-003   1623.9569442447055        1.0000000000000000     
   1.5384615384615385E-003   4.2307692307692307E-003   1624.0875793221599        1.0000000000000000     
   1.5384615384615385E-003   4.6153846153846149E-003   1624.2107807766552        1.0000000000000000     
   1.5384615384615385E-003   5.0000000000000001E-003   1624.3271295257859        1.0000000000000000     
   1.5384615384615385E-003   5.3846153846153844E-003   1624.4371956354221        1.0000000000000000     
   1.5384615384615385E-003   5.7692307692307696E-003   1624.5415302566200        1.0000000000000000     
   1.5384615384615385E-003   6.1538461538461538E-003   1624.6406588126072        1.0000000000000000     
   1.5384615384615385E-003   6.5384615384615381E-003   1624.7350746599470        1.0000000000000000     
   1.5384615384615385E-003   6.9230769230769233E-003   1624.8252312985385        1.0000000000000000     
   1.5384615384615385E-003   7.3076923076923076E-003   1624.9115288892078        1.0000000000000000     
   1.5384615384615385E-003   7.6923076923076927E-003   1624.9942862167120        1.0000000000000000     
   1.5384615384615385E-003   8.0769230769230770E-003   1625.0736806528091        1.0000000000000000     
   1.5384615384615385E-003   8.4615384615384613E-003   1625.1496258397681        1.0000000000000000     
   1.5384615384615385E-003   8.8461538461538456E-003   1625.2215510668279        1.0000000000000000     
   1.5384615384615385E-003   9.2307692307692299E-003   1625.2881081750545        1.0000000000000000     
   1.5384615384615385E-003   9.6153846153846159E-003   1625.3471538447293        1.0000000000000000     

   1.9230769230769232E-003   3.8461538461538462E-004   1622.5175893920218        1.0000000000000000     
   1.9230769230769232E-003   7.6923076923076923E-004   1622.7377175343261        1.0000000000000000     
   1.9230769230769232E-003   1.1538461538461537E-003   1622.9465054677723        1.0000000000000000     
   1.9230769230769232E-003   1.5384615384615385E-003   1623.1441341039465        1.0000000000000000     
   1.9230769230769232E-003   1.9230769230769232E-003   1623.3308693103286        1.0000000000000000     
   1.9230769230769232E-003   2.3076923076923075E-003   1623.5070544387991        1.0000000000000000     
   1.9230769230769232E-003   2.6923076923076922E-003   1623.6731008914301        1.0000000000000000     
   1.9230769230769232E-003   3.0769230769230769E-003   1623.8294771454725        1.0000000000000000     
   1.9230769230769232E-003   3.4615384615384616E-003   1623.9766967131366        1.0000000000000000     
   1.9230769230769232E-003   3.8461538461538464E-003   1624.1153055383240        1.0000000000000000     
   1.9230769230769232E-003   4.2307692307692307E-003   1624.2458693252840        1.0000000000000000     
   1.9230769230769232E-003   4.6153846153846149E-003   1624.3689612484177        1.0000000000000000     
   1.9230769230769232E-003   5.0000000000000001E-003   1624.4851504012586        1.0000000000000000     
   1.9230769230769232E-003   5.3846153846153844E-003   1624.5949911925375        1.0000000000000000     
   1.9230769230769232E-003   5.7692307692307696E-003   1624.6990136623040        1.0000000000000000     
   1.9230769230769232E-003   6.1538461538461538E-003   1624.7977143212847        1.0000000000000000     
   1.9230769230769232E-003   6.5384615384615381E-003   1624.8915465211835        1.0000000000000000     
   1.9230769230769232E-003   6.9230769230769233E-003   1624.9809083933112        1.0000000000000000     
   1.9230769230769232E-003   7.3076923076923076E-003   1625.0661248497847        1.0000000000000000     
   1.9230769230769232E-003   7.6923076923076927E-003   1625.1474179286683        1.0000000000000000     
   1.9230769230769232E-003   8.0769230769230770E-003   1625.2248575098529        1.0000000000000000     
   1.9230769230769232E-003   8.4615384615384613E-003   1625.2982854125103        1.0000000000000000     
   1.9230769230769232E-003   8.8461538461538456E-003   1625.3672205378941        1.0000000000000000     
   1.9230769230769232E-003   9.2307692307692299E-003   1625.4308039817583        1.0000000000000000     
   1.9230769230769232E-003   9.6153846153846159E-003   1625.4879485619590        1.0000000000000000     

   2.3076923076923075E-003   3.8461538461538462E-004   1622.6583527733699        1.0000000000000000     
   2.3076923076923075E-003   7.6923076923076923E-004   1622.8785061184424        1.0000000000000000     
   2.3076923076923075E-003   1.1538461538461537E-003   1623.0873192435395        1.0000000000000000     
   2.3076923076923075E-003   1.5384615384615385E-003   1623.2849718379723        1.0000000000000000     
   2.3076923076923075E-003   1.9230769230769232E-003   1623.4717279106660        1.0000000000000000     
   2.3076923076923075E-003   2.3076923076923075E-003   1623.6479282827161        1.0000000000000000     
   2.3076923076923075E-003   2.6923076923076922E-003   1623.8139810951159        1.0000000000000000     
   2.3076923076923075E-003   3.0769230769230769E-003   1623.9703507436905        1.0000000000000000     
   2.3076923076923075E-003   3.4615384615384616E-003   1624.1175457031279        1.0000000000000000     
   2.3076923076923075E-003   3.8461538461538464E-003   1624.2561057234668        1.0000000000000000     
   2.3076923076923075E-003   4.2307692307692307E-003   1624.3865888686810        1.0000000000000000     
   2.3076923076923075E-003   4.6153846153846149E-003   1624.5095588134225        1.0000000000000000     
   2.3076923076923075E-003   5.0000000000000001E-003   1624.6255727142945        1.0000000000000000     
   2.3076923076923075E-003   5.3846153846153844E-003   1624.7351698169327        1.0000000000000000     
   2.3076923076923075E-003   5.7692307692307696E-003   1624.8388607336942        1.0000000000000000     
   2.3076923076923075E-003   6.1538461538461538E-003   1624.9371170054931        1.0000000000000000     
   2.3076923076923075E-003   6.5384615384615381E-003   1625.0303601154603        1.0000000000000000     
   2.3076923076923075E-003   6.9230769230769233E-003   1625.1189485350769        1.0000000000000000     
   2.3076923076923075E-003   7.3076923076923076E-003   1625.2031607162367        1.0000000000000000     
   2.3076923076923075E-003   7.6923076923076927E-003   1625.2831715149400        1.0000000000000000     
   2.3076923076923075E-003   8.0769230769230770E-003   1625.3590203295610        1.0000000000000000     
   2.3076923076923075E-003   8.4615384615384613E-003   1625.4305736112788        1.0000000000000000     
   2.3076923076923075E-003   8.8461538461538456E-003   1625.4974965194178        1.0000000000000000     
   2.3076923076923075E-003   9.2307692307692299E-003   1625.5592714978286        1.0000000000000000     
   2.3076923076923075E-003   9.6153846153846159E-003   1625.6153228128180        1.0000000000000000     

   2.6923076923076922E-003   3.8461538461538462E-004   1622.7819869801747        1.0000000000000000     
   2.6923076923076922E-003   7.6923076923076923E-004   1623.0021633728056        1.0000000000000000     
   2.6923076923076922E-003   1.1538461538461537E-003   1623.2110003067330        1.0000000000000000     
   2.6923076923076922E-003   1.5384615384615385E-003   1623.4086761174667        1.0000000000000000     
   2.6923076923076922E-003   1.9230769230769232E-003   1623.5954527649346        1.0000000000000000     
   2.6923076923076922E-003   2.3076923076923075E-003   1623.7716682993541        1.0000000000000000     
   2.6923076923076922E-003   2.6923076923076922E-003   1623.9377273250770        1.0000000000000000     
   2.6923076923076922E-003   3.0769230769230769E-003   1624.0940898669833        1.0000000000000000     
   2.6923076923076922E-003   3.4615384615384616E-003   1624.2412590916254        1.0000000000000000     
   2.6923076923076922E-003   3.8461538461538464E-003   1624.3797683546927        1.0000000000000000     
   2.6923076923076922E-003   4.2307692307692307E-003   1624.5101680310154        1.0000000000000000     
   2.6923076923076922E-003   4.6153846153846149E-003   1624.6330125298468        1.0000000000000000     
   2.6923076923076922E-003   5.0000000000000001E-003   1624.7488478032824        1.0000000000000000     
   2.6923076923076922E-003   5.3846153846153844E-003   1624.8581995157781        1.0000000000000000     
   2.6923076923076922E-003   5.7692307692307696E-003   1624.9615618544799        1.0000000000000000     
   2.6923076923076922E-003   6.1538461538461538E-003   1625.0593867232299        1.0000000000000000     
   2.6923076923076922E-003   6.5384615384615381E-003   1625.1520727905906        1.0000000000000000     
   2.6923076923076922E-003   6.9230769230769233E-003   1625.2399536035959        1.0000000000000000     
   2.6923076923076922E-003   7.3076923076923076E-003   1625.3232838744975        1.0000000000000000     
   2.6923076923076922E-003   7.6923076923076927E-003   1625.4022234243059        1.0000000000000000     
   2.6923076923076922E-003   8.0769230769230770E-003   1625.4768197674227        1.0000000000000000     
   2.6923076923076922E-003   8.4615384615384613E-003   1625.5469939259194        1.0000000000000000     
   2.6923076923076922E-003   8.8461538461538456E-003   1625.6125404920915        1.0000000000000000     
   2.6923076923076922E-003   9.2307692307692299E-003   1625.6731603304654        1.0000000000000000     
   2.6923076923076922E-003   9.6153846153846159E-003   1625.7285431469872        1.0000000000000000     

   3.0769230769230769E-003   3.8461538461538462E-004   1622.8889004908301        1.0000000000000000     
   3.0769230769230769E-003   7.6923076923076923E-004   1623.1090979527196        1.0000000000000000     
   3.0769230769230769E-003   1.1538461538461537E-003   1623.3179576172636        1.0000000000000000     
   3.0769230769230769E-003   1.5384615384615385E-003   1623.5156563803275        1.0000000000000000     
   3.0769230769230769E-003   1.9230769230769232E-003   1623.7024540336729        1.0000000000000000     
   3.0769230769230769E-003   2.3076923076923075E-003   1623.8786857169100        1.0000000000000000     
   3.0769230769230769E-003   2.6923076923076922E-003   1624.0447523568064        1.0000000000000000     
   3.0769230769230769E-003   3.0769230769230769E-003   1624.2011094936063        1.0000000000000000     
   3.0769230769230769E-003   3.4615384615384616E-003   1624.3482549410865        1.0000000000000000     
   3.0769230769230769E-003   3.8461538461538464E-003   1624.4867157467547        1.0000000000000000     
   3.0769230769230769E-003   4.2307692307692307E-003   1624.6170349052206        1.0000000000000000     
   3.0769230769230769E-003   4.6153846153846149E-003   1624.7397582297028        1.0000000000000000     
   3.0769230769230769E-003   5.0000000000000001E-003   1624.8554217035230        1.0000000000000000     
   3.0769230769230769E-003   5.3846153846153844E-003   1624.9645395169844        1.0000000000000000     
   3.0769230769230769E-003   5.7692307692307696E-003   1625.0675928508692        1.0000000000000000     
   3.0769230769230769E-003   6.1538461538461538E-003   1625.1650193092339        1.0000000000000000     
   3.0769230769230769E-003   6.5384615384615381E-003   1625.2572027616266        1.0000000000000000     
   3.0769230769230769E-003   6.9230769230769233E-003   1625.3444632913868        1.0000000000000000     
   3.0769230769230769E-003   7.3076923076923076E-003   1625.4270470837582        1.0000000000000000     
   3.0769230769230769E-003   7.6923076923076927E-003   1625.5051166304113        1.0000000000000000     
   3.0769230769230769E-003   8.0769230769230770E-003   1625.5787428548977        1.0000000000000000     
   3.0769230769230769E-003   8.4615384615384613E-003   1625.6479028770641        1.0000000000000000     
   3.0769230769230769E-003   8.8461538461538456E-003   1625.7124897637516        1.0000000000000000     
   3.0769230769230769E-003   9.2307692307692299E-003   1625.7723418321325        1.0000000000000000     
   3.0769230769230769E-003   9.6153846153846159E-003   1625.8272945529900        1.0000000000000000     

   3.4615384615384616E-003   3.8461538461538462E-004   1622.9794663483267        1.0000000000000000     
   3.4615384615384616E-003   7.6923076923076923E-004   1623.1996830442963        1.0000000000000000     
   3.4615384615384616E-003   1.1538461538461537E-003   1623.4085646027713        1.0000000000000000     
   3.4615384615384616E-003   1.5384615384615385E-003   1623.6062864359899        1.0000000000000000     
   3.4615384615384616E-003   1.9230769230769232E-003   1623.7931061125814        1.0000000000000000     
   3.4615384615384616E-003   2.3076923076923075E-003   1623.9693558101389        1.0000000000000000     
   3.4615384615384616E-003   2.6923076923076922E-003   1624.1354327515444        1.0000000000000000     
   3.4615384615384616E-003   3.0769230769230769E-003   1624.2917880221255        1.0000000000000000     
   3.4615384615384616E-003   3.4615384615384616E-003   1624.4389142123564        1.0000000000000000     
   3.4615384615384616E-003   3.8461538461538464E-003   1624.5773323524272        1.0000000000000000     
   3.4615384615384616E-003   4.2307692307692307E-003   1624.7075785955735        1.0000000000000000     
   3.4615384615384616E-003   4.6153846153846149E-003   1624.8301910666378        1.0000000000000000     
   3.4615384615384616E-003   5.0000000000000001E-003   1624.9456972226874        1.0000000000000000     
   3.4615384615384616E-003   5.3846153846153844E-003   1625.0546019787748        1.0000000000000000     
   3.4615384615384616E-003   5.7692307692307696E-003   1625.1573767440818        1.0000000000000000     
   3.4615384615384616E-003   6.1538461538461538E-003   1625.2544494096421        1.0000000000000000     
   3.4615384615384616E-003   6.5384615384615381E-003   1625.3461952597031        1.0000000000000000     
   3.4615384615384616E-003   6.9230769230769233E-003   1625.4329287956491        1.0000000000000000     
   3.4615384615384616E-003   7.3076923076923076E-003   1625.5148966403879        1.0000000000000000     
   3.4615384615384616E-003   7.6923076923076927E-003   1625.5922721263189        1.0000000000000000     
   3.4615384615384616E-003   8.0769230769230770E-003   1625.6651529281812        1.0000000000000000     
   3.4615384615384616E-003   8.4615384615384613E-003   1625.7335640970130        1.0000000000000000     
   3.4615384615384616E-003   8.8461538461538456E-003   1625.7974696064985        1.0000000000000000     
   3.4615384615384616E-003   9.2307692307692299E-003   1625.8567949155663        1.0000000000000000     
   3.4615384615384616E-003   9.6153846153846159E-003   1625.9114595186727        1.0000000000000000     

   3.8461538461538464E-003   3.8461538461538462E-004   1623.0539876897810        1.0000000000000000     
   3.8461538461538464E-003   7.6923076923076923E-004   1623.2742218779822        1.0000000000000000     
   3.8461538461538464E-003   1.1538461538461537E-003   1623.4831246453389        1.0000000000000000     
   3.8461538461538464E-003   1.5384615384615385E-003   1623.6808699127482        1.0000000000000000     
   3.8461538461538464E-003   1.9230769230769232E-003   1623.8677130253436        1.0000000000000000     
   3.8461538461538464E-003   2.3076923076923075E-003   1624.0439832202765        1.0000000000000000     
   3.8461538461538464E-003   2.6923076923076922E-003   1624.2100740812684        1.0000000000000000     
   3.8461538461538464E-003   3.0769230769230769E-003   1624.3664323761398        1.0000000000000000     
   3.8461538461538464E-003   3.4615384615384616E-003   1624.5135457224787        1.0000000000000000     
   3.8461538461538464E-003   3.8461538461538464E-003   1624.6519295507067        1.0000000000000000     
   3.8461538461538464E-003   4.2307692307692307E-003   1624.7821138289987        1.0000000000000000     
   3.8461538461538464E-003   4.6153846153846149E-003   1624.9046299816050        1.0000000000000000     
   3.8461538461538464E-003   5.0000000000000001E-003   1625.0199983743044        1.0000000000000000     
   3.8461538461538464E-003   5.3846153846153844E-003   1625.1287166644497        1.0000000000000000     
   3.8461538461538464E-003   5.7692307692307696E-003   1625.2312492293586        1.0000000000000000     
   3.8461538461538464E-003   6.1538461538461538E-003   1625.3280178124501        1.0000000000000000     
   3.8461538461538464E-003   6.5384615384615381E-003   1625.4193934864998        1.0000000000000000     
   3.8461538461538464E-003   6.9230769230769233E-003   1625.5056900606862        1.0000000000000000     
   3.8461538461538464E-003   7.3076923076923076E-003   1625.5871591909099        1.0000000000000000     
   3.8461538461538464E-003   7.6923076923076927E-003   1625.6639877185228        1.0000000000000000     
   3.8461538461538464E-003   8.0769230769230770E-003   1625.7362981408380        1.0000000000000000     
   3.8461538461538464E-003   8.4615384615384613E-003   1625.8041534722133        1.0000000000000000     
   3.8461538461538464E-003   8.8461538461538456E-003   1625.8675677580566        1.0000000000000000     
   3.8461538461538464E-003   9.2307692307692299E-003   1625.9265226326038        1.0000000000000000     
   3.8461538461538464E-003   9.6153846153846159E-003   1625.9809881292883        1.0000000000000000     

   4.2307692307692307E-003   3.8461538461538462E-004   1623.1126666445909        1.0000000000000000     
   4.2307692307692307E-003   7.6923076923076923E-004   1623.3329166147803        1.0000000000000000     
   4.2307692307692307E-003   1.1538461538461537E-003   1623.5418399488606        1.0000000000000000     
   4.2307692307692307E-003   1.5384615384615385E-003   1623.7396090985912        1.0000000000000000     
   4.2307692307692307E-003   1.9230769230769232E-003   1623.9264772292981        1.0000000000000000     
   4.2307692307692307E-003   2.3076923076923075E-003   1624.1027707161493        1.0000000000000000     
   4.2307692307692307E-003   2.6923076923076922E-003   1624.2688796358307        1.0000000000000000     
   4.2307692307692307E-003   3.0769230769230769E-003   1624.4252466500325        1.0000000000000000     
   4.2307692307692307E-003   3.4615384615384616E-003   1624.5723547275859        1.0000000000000000     
   4.2307692307692307E-003   3.8461538461538464E-003   1624.7107141787574        1.0000000000000000     
   4.2307692307692307E-003   4.2307692307692307E-003   1624.8408494745654        1.0000000000000000     
   4.2307692307692307E-003   4.6153846153846149E-003   1624.9632862973021        1.0000000000000000     
   4.2307692307692307E-003   5.0000000000000001E-003   1625.0785392192977        1.0000000000000000     
   4.2307692307692307E-003   5.3846153846153844E-003   1625.1871003419369        1.0000000000000000     
   4.2307692307692307E-003   5.7692307692307696E-003   1625.2894291561122        1.0000000000000000     
   4.2307692307692307E-003   6.1538461538461538E-003   1625.3859438222978        1.0000000000000000     
   4.2307692307692307E-003   6.5384615384615381E-003   1625.4770140306705        1.0000000000000000     
   4.2307692307692307E-003   6.9230769230769233E-003   1625.5629556079427        1.0000000000000000     
   4.2307692307692307E-003   7.3076923076923076E-003   1625.6440271025547        1.0000000000000000     
   4.2307692307692307E-003   7.6923076923076927E-003   1625.7204287012207        1.0000000000000000     
   4.2307692307692307E-003   8.0769230769230770E-003   1625.7923039669554        1.0000000000000000     
   4.2307692307692307E-003   8.4615384615384613E-003   1625.8597449359891        1.0000000000000000     
   4.2307692307692307E-003   8.8461538461538456E-003   1625.9228008868511        1.0000000000000000     
   4.2307692307692307E-003   9.2307692307692299E-003   1625.9814903939453        1.0000000000000000     
   4.2307692307692307E-003   9.6153846153846159E-003   1626.0358150470036        1.0000000000000000     

   4.6153846153846149E-003   3.8461538461538462E-004   1623.1555787445820        1.0000000000000000     
   4.6153846153846149E-003   7.6923076923076923E-004   1623.3758427491105        1.0000000000000000     
   4.6153846153846149E-003   1.1538461538461537E-003   1623.5847859317612        1.0000000000000000     
   4.6153846153846149E-003   1.5384615384615385E-003   1623.7825793209729        1.0000000000000000     
   4.6153846153846149E-003   1.9230769230769232E-003   1623.9694739797794        1.0000000000000000     
   4.6153846153846149E-003   2.3076923076923075E-003   1624.1457935416724        1.0000000000000000     
   4.6153846153846149E-003   2.6923076923076922E-003   1624.3119247547957        1.0000000000000000     
   4.6153846153846149E-003   3.0769230769230769E-003   1624.4683064315400        1.0000000000000000     
   4.6153846153846149E-003   3.4615384615384616E-003   1624.6154172523652        1.0000000000000000     
   4.6153846153846149E-003   3.8461538461538464E-003   1624.7537629015615        1.0000000000000000     
   4.6153846153846149E-003   4.2307692307692307E-003   1624.8838630152475        1.0000000000000000     
   4.6153846153846149E-003   4.6153846153846149E-003   1625.0062383996824        1.0000000000000000     
   4.6153846153846149E-003   5.0000000000000001E-003   1625.1213989342048        1.0000000000000000     
   4.6153846153846149E-003   5.3846153846153844E-003   1625.2298325141523        1.0000000000000000     
   4.6153846153846149E-003   5.7692307692307696E-003   1625.3319953228686        1.0000000000000000     
   4.6153846153846149E-003   6.1538461538461538E-003   1625.4283036593758        1.0000000000000000     
   4.6153846153846149E-003   6.5384615384615381E-003   1625.5191275003485        1.0000000000000000     
   4.6153846153846149E-003   6.9230769230769233E-003   1625.6047859520384        1.0000000000000000     
   4.6153846153846149E-003   7.3076923076923076E-003   1625.6855447528401        1.0000000000000000     
   4.6153846153846149E-003   7.6923076923076927E-003   1625.7616160098228        1.0000000000000000     
   4.6153846153846149E-003   8.0769230769230770E-003   1625.8331603577999        1.0000000000000000     
   4.6153846153846149E-003   8.4615384615384613E-003   1625.9002916523152        1.0000000000000000     
   4.6153846153846149E-003   8.8461538461538456E-003   1625.9630840621016        1.0000000000000000     
   4.6153846153846149E-003   9.2307692307692299E-003   1626.0215809488088        1.0000000000000000     
   4.6153846153846149E-003   9.6153846153846159E-003   1626.0758042590314        1.0000000000000000     

   5.0000000000000001E-003   3.8461538461538462E-004   1623.1826546557693        1.0000000000000000     
   5.0000000000000001E-003   7.6923076923076923E-004   1623.4029308380652        1.0000000000000000     
   5.0000000000000001E-003   1.1538461538461537E-003   1623.6118929546940        1.0000000000000000     
   5.0000000000000001E-003   1.5384615384615385E-003   1623.8097106744763        1.0000000000000000     
   5.0000000000000001E-003   1.9230769230769232E-003   1623.9966330604852        1.0000000000000000     
   5.0000000000000001E-003   2.3076923076923075E-003   1624.1729811539087        1.0000000000000000     
   5.0000000000000001E-003   2.6923076923076922E-003   1624.3391385821121        1.0000000000000000     
   5.0000000000000001E-003   3.0769230769230769E-003   1624.4955405886067        1.0000000000000000     
   5.0000000000000001E-003   3.4615384615384616E-003   1624.6426619354238        1.0000000000000000     
   5.0000000000000001E-003   3.8461538461538464E-003   1624.7810041589230        1.0000000000000000     
   5.0000000000000001E-003   4.2307692307692307E-003   1624.9110826648587        1.0000000000000000     
   5.0000000000000001E-003   4.6153846153846149E-003   1625.0334141290220        1.0000000000000000     
   5.0000000000000001E-003   5.0000000000000001E-003   1625.1485046289210        1.0000000000000000     
   5.0000000000000001E-003   5.3846153846153844E-003   1625.2568388750351        1.0000000000000000     
   5.0000000000000001E-003   5.7692307692307696E-003   1625.3588708439620        1.0000000000000000     
   5.0000000000000001E-003   6.1538461538461538E-003   1625.4550160482445        1.0000000000000000     
   5.0000000000000001E-003   6.5384615384615381E-003   1625.5456456163413        1.0000000000000000     
   5.0000000000000001E-003   6.9230769230769233E-003   1625.6310823066115        1.0000000000000000     
   5.0000000000000001E-003   7.3076923076923076E-003   1625.7115985409498        1.0000000000000000     
   5.0000000000000001E-003   7.6923076923076927E-003   1625.7874165070166        1.0000000000000000     
   5.0000000000000001E-003   8.0769230769230770E-003   1625.8587103202440        1.0000000000000000     
   5.0000000000000001E-003   8.4615384615384613E-003   1625.9256101233611        1.0000000000000000     
   5.0000000000000001E-003   8.8461538461538456E-003   1625.9882077976197        1.0000000000000000     
   5.0000000000000001E-003   9.2307692307692299E-003   1626.0465636576291        1.0000000000000000     
   5.0000000000000001E-003   9.6153846153846159E-003   1626.1007131571869        1.0000000000000000     

   5.3846153846153844E-003   3.8461538461538462E-004   1623.1936705909834        1.0000000000000000     
   5.3846153846153844E-003   7.6923076923076923E-004   1623.4139569161082        1.0000000000000000     
   5.3846153846153844E-003   1.1538461538461537E-003   1623.6229367414628        1.0000000000000000     
   5.3846153846153844E-003   1.5384615384615385E-003   1623.8207784530343        1.0000000000000000     
   5.3846153846153844E-003   1.9230769230769232E-003   1624.0077292337289        1.0000000000000000     
   5.3846153846153844E-003   2.3076923076923075E-003   1624.1841077008323        1.0000000000000000     
   5.3846153846153844E-003   2.6923076923076922E-003   1624.3502945852283        1.0000000000000000     
   5.3846153846153844E-003   3.0769230769230769E-003   1624.5067218503693        1.0000000000000000     
   5.3846153846153844E-003   3.4615384615384616E-003   1624.6538607025607        1.0000000000000000     
   5.3846153846153844E-003   3.8461538461538464E-003   1624.7922089755496        1.0000000000000000     
   5.3846153846153844E-003   4.2307692307692307E-003   1624.9222783786834        1.0000000000000000     
   5.3846153846153844E-003   4.6153846153846149E-003   1625.0445820796278        1.0000000000000000     
   5.3846153846153844E-003   5.0000000000000001E-003   1625.1596230528885        1.0000000000000000     
   5.3846153846153844E-003   5.3846153846153844E-003   1625.2678835682646        1.0000000000000000     
   5.3846153846153844E-003   5.7692307692307696E-003   1625.3698161247908        1.0000000000000000     
   5.3846153846153844E-003   6.1538461538461538E-003   1625.4658360616904        1.0000000000000000     
   5.3846153846153844E-003   6.5384615384615381E-003   1625.5563160042434        1.0000000000000000     
   5.3846153846153844E-003   6.9230769230769233E-003   1625.6415822327594        1.0000000000000000     
   5.3846153846153844E-003   7.3076923076923076E-003   1625.7219129967809        1.0000000000000000     
   5.3846153846153844E-003   7.6923076923076927E-003   1625.7975387282199        1.0000000000000000     
   5.3846153846153844E-003   8.0769230769230770E-003   1625.8686440241668        1.0000000000000000     
   5.3846153846153844E-003   8.4615384615384613E-003   1625.9353711574308        1.0000000000000000     
   5.3846153846153844E-003   8.8461538461538456E-003   1625.9978247202882        1.0000000000000000     
   5.3846153846153844E-003   9.2307692307692299E-003   1626.0560768234070        1.0000000000000000     
   5.3846153846153844E-003   9.6153846153846159E-003   1626.1101721006492        1.0000000000000000     

   5.7692307692307696E-003   3.8461538461538462E-004   1623.1882482239205        1.0000000000000000     
   5.7692307692307696E-003   7.6923076923076923E-004   1623.4085424152690        1.0000000000000000     
   5.7692307692307696E-003   1.1538461538461537E-003   1623.6175383120089        1.0000000000000000     
   5.7692307692307696E-003   1.5384615384615385E-003   1623.8154031033982        1.0000000000000000     
   5.7692307692307696E-003   1.9230769230769232E-003   1624.0023822238481        1.0000000000000000     
   5.7692307692307696E-003   2.3076923076923075E-003   1624.1787920468946        1.0000000000000000     
   5.7692307692307696E-003   2.6923076923076922E-003   1624.3450106391072        1.0000000000000000     
   5.7692307692307696E-003   3.0769230769230769E-003   1624.5014669717809        1.0000000000000000     
   5.7692307692307696E-003   3.4615384615384616E-003   1624.6486290421524        1.0000000000000000     
   5.7692307692307696E-003   3.8461538461538464E-003   1624.7869913879251        1.0000000000000000     
   5.7692307692307696E-003   4.2307692307692307E-003   1624.9170624856508        1.0000000000000000     
   5.7692307692307696E-003   4.6153846153846149E-003   1625.0393525058203        1.0000000000000000     
   5.7692307692307696E-003   5.0000000000000001E-003   1625.1543618575272        1.0000000000000000     
   5.7692307692307696E-003   5.3846153846153844E-003   1625.2625708973417        1.0000000000000000     
   5.7692307692307696E-003   5.7692307692307696E-003   1625.3644311052446        1.0000000000000000     
   5.7692307692307696E-003   6.1538461538461538E-003   1625.4603579505031        1.0000000000000000     
   5.7692307692307696E-003   6.5384615384615381E-003   1625.5507255870330        1.0000000000000000     
   5.7692307692307696E-003   6.9230769230769233E-003   1625.6358634346068        1.0000000000000000     
   5.7692307692307696E-003   7.3076923076923076E-003   1625.7160546199386        1.0000000000000000     
   5.7692307692307696E-003   7.6923076923076927E-003   1625.7915361683370        1.0000000000000000     
   5.7692307692307696E-003   8.0769230769230770E-003   1625.8625007473452        1.0000000000000000     
   5.7692307692307696E-003   8.4615384615384613E-003   1625.9290996640170        1.0000000000000000     
   5.7692307692307696E-003   8.8461538461538456E-003   1625.9914467074050        1.0000000000000000     
   5.7692307692307696E-003   9.2307692307692299E-003   1626.0496223195989        1.0000000000000000     
   5.7692307692307696E-003   9.6153846153846159E-003   1626.1036775005434        1.0000000000000000     

   6.1538461538461538E-003   3.8461538461538462E-004   1623.1658643316762        1.0000000000000000     
   6.1538461538461538E-003   7.6923076923076923E-004   1623.3861638172680        1.0000000000000000     
   6.1538461538461538E-003   1.1538461538461537E-003   1623.5951736524937        1.0000000000000000     
   6.1538461538461538E-003   1.5384615384615385E-003   1623.7930599225629        1.0000000000000000     
   6.1538461538461538E-003   1.9230769230769232E-003   1623.9800664529771        1.0000000000000000     
   6.1538461538461538E-003   2.3076923076923075E-003   1624.1565075605893        1.0000000000000000     
   6.1538461538461538E-003   2.6923076923076922E-003   1624.3227588824780        1.0000000000000000     
   6.1538461538461538E-003   3.0769230769230769E-003   1624.4792466799861        1.0000000000000000     
   6.1538461538461538E-003   3.4615384615384616E-003   1624.6264360690204        1.0000000000000000     
   6.1538461538461538E-003   3.8461538461538464E-003   1624.7648186600418        1.0000000000000000     
   6.1538461538461538E-003   4.2307692307692307E-003   1624.8949000980256        1.0000000000000000     
   6.1538461538461538E-003   4.6153846153846149E-003   1625.0171879748200        1.0000000000000000     
   6.1538461538461538E-003   5.0000000000000001E-003   1625.1321805456971        1.0000000000000000     
   6.1538461538461538E-003   5.3846153846153844E-003   1625.2403566221158        1.0000000000000000     
   6.1538461538461538E-003   5.7692307692307696E-003   1625.3421669379031        1.0000000000000000     
   6.1538461538461538E-003   6.1538461538461538E-003   1625.4380272013557        1.0000000000000000     
   6.1538461538461538E-003   6.5384615384615381E-003   1625.5283129556551        1.0000000000000000     
   6.1538461538461538E-003   6.9230769230769233E-003   1625.6133562784130        1.0000000000000000     
   6.1538461538461538E-003   7.3076923076923076E-003   1625.6934442604538        1.0000000000000000     
   6.1538461538461538E-003   7.6923076923076927E-003   1625.7688191149600        1.0000000000000000     
   6.1538461538461538E-003   8.0769230769230770E-003   1625.8396796807708        1.0000000000000000     
   6.1538461538461538E-003   8.4615384615384613E-003   1625.9061839984533        1.0000000000000000     
   6.1538461538461538E-003   8.8461538461538456E-003   1625.9684525589857        1.0000000000000000     
   6.1538461538461538E-003   9.2307692307692299E-003   1626.0265717626139        1.0000000000000000     
   6.1538461538461538E-003   9.6153846153846159E-003   1626.0805970974079        1.0000000000000000     

   6.5384615384615381E-003   3.8461538461538462E-004   1623.1258697818946        1.0000000000000000     
   6.5384615384615381E-003   7.6923076923076923E-004   1623.3461716529400        1.0000000000000000     
   6.5384615384615381E-003   1.1538461538461537E-003   1623.5551927363776        1.0000000000000000     
   6.5384615384615381E-003   1.5384615384615385E-003   1623.7530981107186        1.0000000000000000     
   6.5384615384615381E-003   1.9230769230769232E-003   1623.9401301375065        1.0000000000000000     
   6.5384615384615381E-003   2.3076923076923075E-003   1624.1166012679698        1.0000000000000000     
   6.5384615384615381E-003   2.6923076923076922E-003   1624.2828849445593        1.0000000000000000     
   6.5384615384615381E-003   3.0769230769230769E-003   1624.4394049936989        1.0000000000000000     
   6.5384615384615381E-003   3.4615384615384616E-003   1624.5866239596792        1.0000000000000000     
   6.5384615384615381E-003   3.8461538461538464E-003   1624.7250308618704        1.0000000000000000     
   6.5384615384615381E-003   4.2307692307692307E-003   1624.8551288640692        1.0000000000000000     
   6.5384615384615381E-003   4.6153846153846149E-003   1624.9774233265264        1.0000000000000000     
   6.5384615384615381E-003   5.0000000000000001E-003   1625.0924106697867        1.0000000000000000     
   6.5384615384615381E-003   5.3846153846153844E-003   1625.2005684180585        1.0000000000000000     
   6.5384615384615381E-003   5.7692307692307696E-003   1625.3023467127291        1.0000000000000000     
   6.5384615384615381E-003   6.1538461538461538E-003   1625.3981614984079        1.0000000000000000     
   6.5384615384615381E-003   6.5384615384615381E-003   1625.4883894894813        1.0000000000000000     
   6.5384615384615381E-003   6.9230769230769233E-003   1625.5733649288886        1.0000000000000000     
   6.5384615384615381E-003   7.3076923076923076E-003   1625.6533780563927        1.0000000000000000     
   6.5384615384615381E-003   7.6923076923076927E-003   1625.7286751138136        1.0000000000000000     
   6.5384615384615381E-003   8.0769230769230770E-003   1625.7994596320632        1.0000000000000000     
   6.5384615384615381E-003   8.4615384615384613E-003   1625.8658946723594        1.0000000000000000     
   6.5384615384615381E-003   8.8461538461538456E-003   1625.9281056367083        1.0000000000000000     
   6.5384615384615381E-003   9.2307692307692299E-003   1625.9861832281526        1.0000000000000000     
   6.5384615384615381E-003   9.6153846153846159E-003   1626.0401861402624        1.0000000000000000     

   6.9230769230769233E-003   3.8461538461538462E-004   1623.0675168903172        1.0000000000000000     
   6.9230769230769233E-003   7.6923076923076923E-004   1623.2878178739829        1.0000000000000000     
   6.9230769230769233E-003   1.1538461538461537E-003   1623.4968469201046        1.0000000000000000     
   6.9230769230769233E-003   1.5384615384615385E-003   1623.6947682013133        1.0000000000000000     
   6.9230769230769233E-003   1.9230769230769232E-003   1623.8818227639504        1.0000000000000000     
   6.9230769230769233E-003   2.3076923076923075E-003   1624.0583213872246        1.0000000000000000     
   6.9230769230769233E-003   2.6923076923076922E-003   1624.2246355529971        1.0000000000000000     
   6.9230769230769233E-003   3.0769230769230769E-003   1624.3811869212013        1.0000000000000000     
   6.9230769230769233E-003   3.4615384615384616E-003   1624.5284357592798        1.0000000000000000     
   6.9230769230769233E-003   3.8461538461538464E-003   1624.6668688059142        1.0000000000000000     
   6.9230769230769233E-003   4.2307692307692307E-003   1624.7969870557060        1.0000000000000000     
   6.9230769230769233E-003   4.6153846153846149E-003   1624.9192939326422        1.0000000000000000     
   6.9230769230769233E-003   5.0000000000000001E-003   1625.0342842779312        1.0000000000000000     
   6.9230769230769233E-003   5.3846153846153844E-003   1625.1424345151597        1.0000000000000000     
   6.9230769230769233E-003   5.7692307692307696E-003   1625.2441942767966        1.0000000000000000     
   6.9230769230769233E-003   6.1538461538461538E-003   1625.3399796856088        1.0000000000000000     
   6.9230769230769233E-003   6.5384615384615381E-003   1625.4301683875872        1.0000000000000000     
   6.9230769230769233E-003   6.9230769230769233E-003   1625.5150963344502        1.0000000000000000     
   6.9230769230769233E-003   7.3076923076923076E-003   1625.5950562182340        1.0000000000000000     
   6.9230769230769233E-003   7.6923076923076927E-003   1625.6702973720037        1.0000000000000000     
   6.9230769230769233E-003   8.0769230769230770E-003   1625.7410268731589        1.0000000000000000     
   6.9230769230769233E-003   8.4615384615384613E-003   1625.8074115232357        1.0000000000000000     
   6.9230769230769233E-003   8.8461538461538456E-003   1625.8695803350665        1.0000000000000000     
   6.9230769230769233E-003   9.2307692307692299E-003   1625.9276271402898        1.0000000000000000     
   6.9230769230769233E-003   9.6153846153846159E-003   1625.9816129434982        1.0000000000000000     

   7.3076923076923076E-003   3.8461538461538462E-004   1622.9899936420711        1.0000000000000000     
   7.3076923076923076E-003   7.6923076923076923E-004   1623.2102900895923        1.0000000000000000     
   7.3076923076923076E-003   1.1538461538461537E-003   1623.4193232046850        1.0000000000000000     
   7.3076923076923076E-003   1.5384615384615385E-003   1623.6172563576429        1.0000000000000000     
   7.3076923076923076E-003   1.9230769230769232E-003   1623.8043294313582        1.0000000000000000     
   7.3076923076923076E-003   2.3076923076923075E-003   1623.9808517286153        1.0000000000000000     
   7.3076923076923076E-003   2.6923076923076922E-003   1624.1471930041093        1.0000000000000000     
   7.3076923076923076E-003   3.0769230769230769E-003   1624.3037730147594        1.0000000000000000     
   7.3076923076923076E-003   3.4615384615384616E-003   1624.4510500348879        1.0000000000000000     
   7.3076923076923076E-003   3.8461538461538464E-003   1624.5895088143188        1.0000000000000000     
   7.3076923076923076E-003   4.2307692307692307E-003   1624.7196484635783        1.0000000000000000     
   7.3076923076923076E-003   4.6153846153846149E-003   1624.8419707309015        1.0000000000000000     
   7.3076923076923076E-003   5.0000000000000001E-003   1624.9569690929179        1.0000000000000000     
   7.3076923076923076E-003   5.3846153846153844E-003   1625.0651190172421        1.0000000000000000     
   7.3076923076923076E-003   5.7692307692307696E-003   1625.1668696750605        1.0000000000000000     
   7.3076923076923076E-003   6.1538461538461538E-003   1625.2626372900645        1.0000000000000000     
   7.3076923076923076E-003   6.5384615384615381E-003   1625.3528002116668        1.0000000000000000     
   7.3076923076923076E-003   6.9230769230769233E-003   1625.4376957012014        1.0000000000000000     
   7.3076923076923076E-003   7.3076923076923076E-003   1625.5176183244093        1.0000000000000000     
   7.3076923076923076E-003   7.6923076923076927E-003   1625.5928197570991        1.0000000000000000     
   7.3076923076923076E-003   8.0769230769230770E-003   1625.6635097378237        1.0000000000000000     
   7.3076923076923076E-003   8.4615384615384613E-003   1625.7298578460509        1.0000000000000000     
   7.3076923076923076E-003   8.8461538461538456E-003   1625.7919957506383        1.0000000000000000     
   7.3076923076923076E-003   9.2307692307692299E-003   1625.8500195654885        1.0000000000000000     
   7.3076923076923076E-003   9.6153846153846159E-003   1625.9039919703293        1.0000000000000000     

   7.6923076923076927E-003   3.8461538461538462E-004   1622.8924628287248        1.0000000000000000     
   7.6923076923076927E-003   7.6923076923076923E-004   1623.1127507192675        1.0000000000000000     
   7.6923076923076927E-003   1.1538461538461537E-003   1623.3217834133122        1.0000000000000000     
   7.6923076923076927E-003   1.5384615384615385E-003   1623.5197235846481        1.0000000000000000     
   7.6923076923076927E-003   1.9230769230769232E-003   1623.7068101070840        1.0000000000000000     
   7.6923076923076927E-003   2.3076923076923075E-003   1623.8833510045001        1.0000000000000000     
   7.6923076923076927E-003   2.6923076923076922E-003   1624.0497145379454        1.0000000000000000     
   7.6923076923076927E-003   3.0769230769230769E-003   1624.2063188218513        1.0000000000000000     
   7.6923076923076927E-003   3.4615384615384616E-003   1624.3536204139909        1.0000000000000000     
   7.6923076923076927E-003   3.8461538461538464E-003   1624.4921023550910        1.0000000000000000     
   7.6923076923076927E-003   4.2307692307692307E-003   1624.6222621395443        1.0000000000000000     
   7.6923076923076927E-003   4.6153846153846149E-003   1624.7446000789828        1.0000000000000000     
   7.6923076923076927E-003   5.0000000000000001E-003   1624.8596084769065        1.0000000000000000     
   7.6923076923076927E-003   5.3846153846153844E-003   1624.9677619683455        1.0000000000000000     
   7.6923076923076927E-003   5.7692307692307696E-003   1625.0695092976759        1.0000000000000000     
   7.6923076923076927E-003   6.1538461538461538E-003   1625.1652667151291        1.0000000000000000     
   7.6923076923076927E-003   6.5384615384615381E-003   1625.2554130737276        1.0000000000000000     
   7.6923076923076927E-003   6.9230769230769233E-003   1625.3402866089859        1.0000000000000000     
   7.6923076923076927E-003   7.3076923076923076E-003   1625.4201832891742        1.0000000000000000     
   7.6923076923076927E-003   7.6923076923076927E-003   1625.4953565396502        1.0000000000000000     
   7.6923076923076927E-003   8.0769230769230770E-003   1625.5660180753016        1.0000000000000000     
   7.6923076923076927E-003   8.4615384615384613E-003   1625.6323395248974        1.0000000000000000     
   7.6923076923076927E-003   8.8461538461538456E-003   1625.6944545035915        1.0000000000000000     
   7.6923076923076927E-003   9.2307692307692299E-003   1625.7524607877899        1.0000000000000000     
   7.6923076923076927E-003   9.6153846153846159E-003   1625.8064222718201        1.0000000000000000     

   8.0769230769230770E-003   3.8461538461538462E-004   1622.7741038310387        1.0000000000000000     
   8.0769230769230770E-003   7.6923076923076923E-004   1622.9943787910299        1.0000000000000000     
   8.0769230769230770E-003   1.1538461538461537E-003   1623.2034060132776        1.0000000000000000     
   8.0769230769230770E-003   1.5384615384615385E-003   1623.4013475829368        1.0000000000000000     
   8.0769230769230770E-003   1.9230769230769232E-003   1623.5884415214914        1.0000000000000000     
   8.0769230769230770E-003   2.3076923076923075E-003   1623.7649947735065        1.0000000000000000     
   8.0769230769230770E-003   2.6923076923076922E-003   1623.9313743408059        1.0000000000000000     
   8.0769230769230770E-003   3.0769230769230769E-003   1624.0879969547286        1.0000000000000000     
   8.0769230769230770E-003   3.4615384615384616E-003   1624.2353177292928        1.0000000000000000     
   8.0769230769230770E-003   3.8461538461538464E-003   1624.3738182690313        1.0000000000000000     
   8.0769230769230770E-003   4.2307692307692307E-003   1624.5039947105183        1.0000000000000000     
   8.0769230769230770E-003   4.6153846153846149E-003   1624.6263461565129        1.0000000000000000     
   8.0769230769230770E-003   5.0000000000000001E-003   1624.7413639177073        1.0000000000000000     
   8.0769230769230770E-003   5.3846153846153844E-003   1624.8495219124466        1.0000000000000000     
   8.0769230769230770E-003   5.7692307692307696E-003   1624.9512684934766        1.0000000000000000     
   8.0769230769230770E-003   6.1538461538461538E-003   1625.0470198778792        1.0000000000000000     
   8.0769230769230770E-003   6.5384615384615381E-003   1625.1371552574831        1.0000000000000000     
   8.0769230769230770E-003   6.9230769230769233E-003   1625.2220135679509        1.0000000000000000     
   8.0769230769230770E-003   7.3076923076923076E-003   1625.3018918011828        1.0000000000000000     
   8.0769230769230770E-003   7.6923076923076927E-003   1625.3770446632541        1.0000000000000000     
   8.0769230769230770E-003   8.0769230769230770E-003   1625.4476853133394        1.0000000000000000     
   8.0769230769230770E-003   8.4615384615384613E-003   1625.5139868724245        1.0000000000000000     
   8.0769230769230770E-003   8.8461538461538456E-003   1625.5760843669677        1.0000000000000000     
   8.0769230769230770E-003   9.2307692307692299E-003   1625.6340767741492        1.0000000000000000     
   8.0769230769230770E-003   9.6153846153846159E-003   1625.6880288627719        1.0000000000000000     

   8.4615384615384613E-003   3.8461538461538462E-004   1622.6341545946877        1.0000000000000000     
   8.4615384615384613E-003   7.6923076923076923E-004   1622.8544119316855        1.0000000000000000     
   8.4615384615384613E-003   1.1538461538461537E-003   1623.0634281280186        1.0000000000000000     
   8.4615384615384613E-003   1.5384615384615385E-003   1623.2613647898700        1.0000000000000000     
   8.4615384615384613E-003   1.9230769230769232E-003   1623.4484592454037        1.0000000000000000     
   8.4615384615384613E-003   2.3076923076923075E-003   1623.6250175616217        1.0000000000000000     
   8.4615384615384613E-003   2.6923076923076922E-003   1623.7914057170485        1.0000000000000000     
   8.4615384615384613E-003   3.0769230769230769E-003   1623.9480393196370        1.0000000000000000     
   8.4615384615384613E-003   3.4615384615384616E-003   1624.0953723111384        1.0000000000000000     
   8.4615384615384613E-003   3.8461538461538464E-003   1624.2338851298241        1.0000000000000000     
   8.4615384615384613E-003   4.2307692307692307E-003   1624.3640728084511        1.0000000000000000     
   8.4615384615384613E-003   4.6153846153846149E-003   1624.4864334639831        1.0000000000000000     
   8.4615384615384613E-003   5.0000000000000001E-003   1624.6014575913996        1.0000000000000000     
   8.4615384615384613E-003   5.3846153846153844E-003   1624.7096185090302        1.0000000000000000     
   8.4615384615384613E-003   5.7692307692307696E-003   1624.8113642213452        1.0000000000000000     
   8.4615384615384613E-003   6.1538461538461538E-003   1624.9071108721555        1.0000000000000000     
   8.4615384615384613E-003   6.5384615384615381E-003   1624.9972378624286        1.0000000000000000     
   8.4615384615384613E-003   6.9230769230769233E-003   1625.0820846082852        1.0000000000000000     
   8.4615384615384613E-003   7.3076923076923076E-003   1625.1619488221547        1.0000000000000000     
   8.4615384615384613E-003   7.6923076923076927E-003   1625.2370861190152        1.0000000000000000     
   8.4615384615384613E-003   8.0769230769230770E-003   1625.3077106849705        1.0000000000000000     
   8.4615384615384613E-003   8.4615384615384613E-003   1625.3739967011425        1.0000000000000000     
   8.4615384615384613E-003   8.8461538461538456E-003   1625.4360801946793        1.0000000000000000     
   8.4615384615384613E-003   9.2307692307692299E-003   1625.4940609922826        1.0000000000000000     
   8.4615384615384613E-003   9.6153846153846159E-003   1625.5480044802521        1.0000000000000000     

   8.8461538461538456E-003   3.8461538461538462E-004   1622.4719513149507        1.0000000000000000     
   8.8461538461538456E-003   7.6923076923076923E-004   1622.6921860645737        1.0000000000000000     
   8.8461538461538456E-003   1.1538461538461537E-003   1622.9011852540052        1.0000000000000000     
   8.8461538461538456E-003   1.5384615384615385E-003   1623.0991101216796        1.0000000000000000     
   8.8461538461538456E-003   1.9230769230769232E-003   1623.2861974634563        1.0000000000000000     
   8.8461538461538456E-003   2.3076923076923075E-003   1623.4627526726279        1.0000000000000000     
   8.8461538461538456E-003   2.6923076923076922E-003   1623.6291409421483        1.0000000000000000     
   8.8461538461538456E-003   3.0769230769230769E-003   1623.7857770174480        1.0000000000000000     
   8.8461538461538456E-003   3.4615384615384616E-003   1623.9331139398075        1.0000000000000000     
   8.8461538461538456E-003   3.8461538461538464E-003   1624.0716312506509        1.0000000000000000     
   8.8461538461538456E-003   4.2307692307692307E-003   1624.2018231319589        1.0000000000000000     
   8.8461538461538456E-003   4.6153846153846149E-003   1624.3241869374192        1.0000000000000000     
   8.8461538461538456E-003   5.0000000000000001E-003   1624.4392125246093        1.0000000000000000     
   8.8461538461538456E-003   5.3846153846153844E-003   1624.5473727334179        1.0000000000000000     
   8.8461538461538456E-003   5.7692307692307696E-003   1624.6491152744034        1.0000000000000000     
   8.8461538461538456E-003   6.1538461538461538E-003   1624.7448561977887        1.0000000000000000     
   8.8461538461538456E-003   6.5384615384615381E-003   1624.8349750152565        1.0000000000000000     
   8.8461538461538456E-003   6.9230769230769233E-003   1624.9198114485293        1.0000000000000000     
   8.8461538461538456E-003   7.3076923076923076E-003   1624.9996636868359        1.0000000000000000     
   8.8461538461538456E-003   7.6923076923076927E-003   1625.0747879554303        1.0000000000000000     
   8.8461538461538456E-003   8.0769230769230770E-003   1625.1453991340115        1.0000000000000000     
   8.8461538461538456E-003   8.4615384615384613E-003   1625.2116721211883        1.0000000000000000     
   8.8461538461538456E-003   8.8461538461538456E-003   1625.2737436215270        1.0000000000000000     
   8.8461538461538456E-003   9.2307692307692299E-003   1625.3317140365148        1.0000000000000000     
   8.8461538461538456E-003   9.6153846153846159E-003   1625.3856491699350        1.0000000000000000     

   9.2307692307692299E-003   3.8461538461538462E-004   1622.2869634686606        1.0000000000000000     
   9.2307692307692299E-003   7.6923076923076923E-004   1622.5071704525719        1.0000000000000000     
   9.2307692307692299E-003   1.1538461538461537E-003   1622.7161463197233        1.0000000000000000     
   9.2307692307692299E-003   1.5384615384615385E-003   1622.9140520532771        1.0000000000000000     
   9.2307692307692299E-003   1.9230769230769232E-003   1623.1011240794573        1.0000000000000000     
   9.2307692307692299E-003   2.3076923076923075E-003   1623.2776673235282        1.0000000000000000     
   9.2307692307692299E-003   2.6923076923076922E-003   1623.4440464323388        1.0000000000000000     
   9.2307692307692299E-003   3.0769230769230769E-003   1623.6006755511166        1.0000000000000000     
   9.2307692307692299E-003   3.4615384615384616E-003   1623.7480070935208        1.0000000000000000     
   9.2307692307692299E-003   3.8461538461538464E-003   1623.8865199742722        1.0000000000000000     
   9.2307692307692299E-003   4.2307692307692307E-003   1624.0167077783592        1.0000000000000000     
   9.2307692307692299E-003   4.6153846153846149E-003   1624.1390673201161        1.0000000000000000     
   9.2307692307692299E-003   5.0000000000000001E-003   1624.2540880010674        1.0000000000000000     
   9.2307692307692299E-003   5.3846153846153844E-003   1624.3622423102722        1.0000000000000000     
   9.2307692307692299E-003   5.7692307692307696E-003   1624.4639777293823        1.0000000000000000     
   9.2307692307692299E-003   6.1538461538461538E-003   1624.5597102116997        1.0000000000000000     
   9.2307692307692299E-003   6.5384615384615381E-003   1624.6498193061602        1.0000000000000000     
   9.2307692307692299E-003   6.9230769230769233E-003   1624.7346448993278        1.0000000000000000     
   9.2307692307692299E-003   7.3076923076923076E-003   1624.8144854571237        1.0000000000000000     
   9.2307692307692299E-003   7.6923076923076927E-003   1624.8895975687594        1.0000000000000000     
   9.2307692307692299E-003   8.0769230769230770E-003   1624.9601965329332        1.0000000000000000     
   9.2307692307692299E-003   8.4615384615384613E-003   1625.0264576845375        1.0000000000000000     
   9.2307692307692299E-003   8.8461538461538456E-003   1625.0885181414553        1.0000000000000000     
   9.2307692307692299E-003   9.2307692307692299E-003   1625.1464786564604        1.0000000000000000     
   9.2307692307692299E-003   9.6153846153846159E-003   1625.2004052886984        1.0000000000000000     

   9.6153846153846159E-003   3.8461538461538462E-004   1622.0788220972042        1.0000000000000000     
   9.6153846153846159E-003   7.6923076923076923E-004   1622.2989959897732        1.0000000000000000     
   9.6153846153846159E-003   1.1538461538461537E-003   1622.5079419897227        1.0000000000000000     
   9.6153846153846159E-003   1.5384615384615385E-003   1622.7058209382842        1.0000000000000000     
   9.6153846153846159E-003   1.9230769230769232E-003   1622.8928690559035        1.0000000000000000     
   9.6153846153846159E-003   2.3076923076923075E-003   1623.0693910068308        1.0000000000000000     
   9.6153846153846159E-003   2.6923076923076922E-003   1623.2357511326402        1.0000000000000000     
   9.6153846153846159E-003   3.0769230769230769E-003   1623.3923632419189        1.0000000000000000     
   9.6153846153846159E-003   3.4615384615384616E-003   1623.5396793946502        1.0000000000000000     
   9.6153846153846159E-003   3.8461538461538464E-003   1623.6781781500204        1.0000000000000000     
   9.6153846153846159E-003   4.2307692307692307E-003   1623.8083527509955        1.0000000000000000     
   9.6153846153846159E-003   4.6153846153846149E-003   1623.9306996982532        1.0000000000000000     
   9.6153846153846159E-003   5.0000000000000001E-003   1624.0457081216255        1.0000000000000000     
   9.6153846153846159E-003   5.3846153846153844E-003   1624.1538502920398        1.0000000000000000     
   9.6153846153846159E-003   5.7692307692307696E-003   1624.2555735353949        1.0000000000000000     
   9.6153846153846159E-003   6.1538461538461538E-003   1624.3512937169808        1.0000000000000000     
   9.6153846153846159E-003   6.5384615384615381E-003   1624.4413903667819        1.0000000000000000     
   9.6153846153846159E-003   6.9230769230769233E-003   1624.5262034183254        1.0000000000000000     
   9.6153846153846159E-003   7.3076923076923076E-003   1624.6060314427050        1.0000000000000000     
   9.6153846153846159E-003   7.6923076923076927E-003   1624.6811311804308        1.0000000000000000     
   9.6153846153846159E-003   8.0769230769230770E-003   1624.7517181118342        1.0000000000000000     
   9.6153846153846159E-003   8.4615384615384613E-003   1624.8179677653413        1.0000000000000000     
   9.6153846153846159E-003   8.8461538461538456E-003   1624.8800174447167        1.0000000000000000     
   9.6153846153846159E-003   9.2307692307692299E-003   1624.9379680620498        1.0000000000000000     
   9.6153846153846159E-003   9.6153846153846159E-003   1624.9918857928808        1.0000000000000000     

