   3.8461538461538462E-004   3.8461538461538462E-004   883.92848780778456        1.0000000000000000     
   3.8461538461538462E-004   7.6923076923076923E-004   883.92336884028907        1.0000000000000000     
   3.8461538461538462E-004   1.1538461538461537E-003   883.91884379459805        1.0000000000000000     
   3.8461538461538462E-004   1.5384615384615385E-003   883.91490745112731        1.0000000000000000     
   3.8461538461538462E-004   1.9230769230769232E-003   883.91122309784271        1.0000000000000000     
   3.8461538461538462E-004   2.3076923076923075E-003   883.90794329751134        1.0000000000000000     
   3.8461538461538462E-004   2.6923076923076922E-003   883.90505423660022        1.0000000000000000     
   3.8461538461538462E-004   3.0769230769230769E-003   883.90261470880205        1.0000000000000000     
   3.8461538461538462E-004   3.4615384615384616E-003   883.90062073281297        1.0000000000000000     
   3.8461538461538462E-004   3.8461538461538464E-003   883.89907103471057        1.0000000000000000     
   3.8461538461538462E-004   4.2307692307692307E-003   883.89796470758370        1.0000000000000000     
   3.8461538461538462E-004   4.6153846153846149E-003   883.89730114384531        1.0000000000000000     
   3.8461538461538462E-004   5.0000000000000001E-003   883.89707999396819        1.0000000000000000     
   3.8461538461538462E-004   5.3846153846153844E-003   883.89730114384531        1.0000000000000000     
   3.8461538461538462E-004   5.7692307692307696E-003   883.89796470758370        1.0000000000000000     
   3.8461538461538462E-004   6.1538461538461538E-003   883.89907103471069        1.0000000000000000     
   3.8461538461538462E-004   6.5384615384615381E-003   883.90062073281240        1.0000000000000000     
   3.8461538461538462E-004   6.9230769230769233E-003   883.90261470880205        1.0000000000000000     
   3.8461538461538462E-004   7.3076923076923076E-003   883.90505423660022        1.0000000000000000     
   3.8461538461538462E-004   7.6923076923076927E-003   883.90794329751168        1.0000000000000000     
   3.8461538461538462E-004   8.0769230769230770E-003   883.91122309784271        1.0000000000000000     
   3.8461538461538462E-004   8.4615384615384613E-003   883.91490745112765        1.0000000000000000     
   3.8461538461538462E-004   8.8461538461538456E-003   883.91884379459862        1.0000000000000000     
   3.8461538461538462E-004   9.2307692307692299E-003   883.92336884028975        1.0000000000000000     
   3.8461538461538462E-004   9.6153846153846159E-003   883.92848780778445        1.0000000000000000     

   7.6923076923076923E-004   3.8461538461538462E-004   917.72421531273346        1.0000000000000000     
   7.6923076923076923E-004   7.6923076923076923E-004   917.71439758788392        1.0000000000000000     
   7.6923076923076923E-004   1.1538461538461537E-003   917.70553522044918        1.0000000000000000     
   7.6923076923076923E-004   1.5384615384615385E-003   917.69727738564097        1.0000000000000000     
   7.6923076923076923E-004   1.9230769230769232E-003   917.69014620470011        1.0000000000000000     
   7.6923076923076923E-004   2.3076923076923075E-003   917.68353773863691        1.0000000000000000     
   7.6923076923076923E-004   2.6923076923076922E-003   917.67777773967589        1.0000000000000000     
   7.6923076923076923E-004   3.0769230769230769E-003   917.67291191543461        1.0000000000000000     
   7.6923076923076923E-004   3.4615384615384616E-003   917.66893463084818        1.0000000000000000     
   7.6923076923076923E-004   3.8461538461538464E-003   917.66584344715852        1.0000000000000000     
   7.6923076923076923E-004   4.2307692307692307E-003   917.66363661803973        1.0000000000000000     
   7.6923076923076923E-004   4.6153846153846149E-003   917.66231297037280        1.0000000000000000     
   7.6923076923076923E-004   5.0000000000000001E-003   917.66187182811143        1.0000000000000000     
   7.6923076923076923E-004   5.3846153846153844E-003   917.66231297037280        1.0000000000000000     
   7.6923076923076923E-004   5.7692307692307696E-003   917.66363661803973        1.0000000000000000     
   7.6923076923076923E-004   6.1538461538461538E-003   917.66584344715898        1.0000000000000000     
   7.6923076923076923E-004   6.5384615384615381E-003   917.66893463084818        1.0000000000000000     
   7.6923076923076923E-004   6.9230769230769233E-003   917.67291191543382        1.0000000000000000     
   7.6923076923076923E-004   7.3076923076923076E-003   917.67777773967578        1.0000000000000000     
   7.6923076923076923E-004   7.6923076923076927E-003   917.68353773863703        1.0000000000000000     
   7.6923076923076923E-004   8.0769230769230770E-003   917.69014620470011        1.0000000000000000     
   7.6923076923076923E-004   8.4615384615384613E-003   917.69727738564097        1.0000000000000000     
   7.6923076923076923E-004   8.8461538461538456E-003   917.70553522044952        1.0000000000000000     
   7.6923076923076923E-004   9.2307692307692299E-003   917.71439758788426        1.0000000000000000     
   7.6923076923076923E-004   9.6153846153846159E-003   917.72421531273380        1.0000000000000000     

   1.1538461538461537E-003   3.8461538461538462E-004   951.25587499442554        1.0000000000000000     
   1.1538461538461537E-003   7.6923076923076923E-004   951.24133102433075        1.0000000000000000     
   1.1538461538461537E-003   1.1538461538461537E-003   951.22754405500609        1.0000000000000000     
   1.1538461538461537E-003   1.5384615384615385E-003   951.21577156643525        1.0000000000000000     
   1.1538461538461537E-003   1.9230769230769232E-003   951.20489903072075        1.0000000000000000     
   1.1538461538461537E-003   2.3076923076923075E-003   951.19501186206583        1.0000000000000000     
   1.1538461538461537E-003   2.6923076923076922E-003   951.18641236885992        1.0000000000000000     
   1.1538461538461537E-003   3.0769230769230769E-003   951.17914639726951        1.0000000000000000     
   1.1538461538461537E-003   3.4615384615384616E-003   951.17320692667136        1.0000000000000000     
   1.1538461538461537E-003   3.8461538461538464E-003   951.16859053256690        1.0000000000000000     
   1.1538461538461537E-003   4.2307692307692307E-003   951.16529475120944        1.0000000000000000     
   1.1538461538461537E-003   4.6153846153846149E-003   951.16331792111578        1.0000000000000000     
   1.1538461538461537E-003   5.0000000000000001E-003   951.16265908242053        1.0000000000000000     
   1.1538461538461537E-003   5.3846153846153844E-003   951.16331792111544        1.0000000000000000     
   1.1538461538461537E-003   5.7692307692307696E-003   951.16529475120990        1.0000000000000000     
   1.1538461538461537E-003   6.1538461538461538E-003   951.16859053256792        1.0000000000000000     
   1.1538461538461537E-003   6.5384615384615381E-003   951.17320692667181        1.0000000000000000     
   1.1538461538461537E-003   6.9230769230769233E-003   951.17914639726951        1.0000000000000000     
   1.1538461538461537E-003   7.3076923076923076E-003   951.18641236885981        1.0000000000000000     
   1.1538461538461537E-003   7.6923076923076927E-003   951.19501186206583        1.0000000000000000     
   1.1538461538461537E-003   8.0769230769230770E-003   951.20489903072075        1.0000000000000000     
   1.1538461538461537E-003   8.4615384615384613E-003   951.21577156643525        1.0000000000000000     
   1.1538461538461537E-003   8.8461538461538456E-003   951.22754405500609        1.0000000000000000     
   1.1538461538461537E-003   9.2307692307692299E-003   951.24133102433075        1.0000000000000000     
   1.1538461538461537E-003   9.6153846153846159E-003   951.25587499442622        1.0000000000000000     

   1.5384615384615385E-003   3.8461538461538462E-004   984.39293581771938        1.0000000000000000     
   1.5384615384615385E-003   7.6923076923076923E-004   984.37328622393215        1.0000000000000000     
   1.5384615384615385E-003   1.1538461538461537E-003   984.35560991120997        1.0000000000000000     
   1.5384615384615385E-003   1.5384615384615385E-003   984.33972440531397        1.0000000000000000     
   1.5384615384615385E-003   1.9230769230769232E-003   984.32520532958279        1.0000000000000000     
   1.5384615384615385E-003   2.3076923076923075E-003   984.31209378666506        1.0000000000000000     
   1.5384615384615385E-003   2.6923076923076922E-003   984.30070104437198        1.0000000000000000     
   1.5384615384615385E-003   3.0769230769230769E-003   984.29107348236948        1.0000000000000000     
   1.5384615384615385E-003   3.4615384615384616E-003   984.28320301346162        1.0000000000000000     
   1.5384615384615385E-003   3.8461538461538464E-003   984.27708546360532        1.0000000000000000     
   1.5384615384615385E-003   4.2307692307692307E-003   984.27271781166212        1.0000000000000000     
   1.5384615384615385E-003   4.6153846153846149E-003   984.27009801034126        1.0000000000000000     
   1.5384615384615385E-003   5.0000000000000001E-003   984.26922487287140        1.0000000000000000     
   1.5384615384615385E-003   5.3846153846153844E-003   984.27009801034160        1.0000000000000000     
   1.5384615384615385E-003   5.7692307692307696E-003   984.27271781166303        1.0000000000000000     
   1.5384615384615385E-003   6.1538461538461538E-003   984.27708546360611        1.0000000000000000     
   1.5384615384615385E-003   6.5384615384615381E-003   984.28320301346173        1.0000000000000000     
   1.5384615384615385E-003   6.9230769230769233E-003   984.29107348237017        1.0000000000000000     
   1.5384615384615385E-003   7.3076923076923076E-003   984.30070104437300        1.0000000000000000     
   1.5384615384615385E-003   7.6923076923076927E-003   984.31209378666483        1.0000000000000000     
   1.5384615384615385E-003   8.0769230769230770E-003   984.32520532958233        1.0000000000000000     
   1.5384615384615385E-003   8.4615384615384613E-003   984.33972440531397        1.0000000000000000     
   1.5384615384615385E-003   8.8461538461538456E-003   984.35560991120997        1.0000000000000000     
   1.5384615384615385E-003   9.2307692307692299E-003   984.37328622393204        1.0000000000000000     
   1.5384615384615385E-003   9.6153846153846159E-003   984.39293581772029        1.0000000000000000     

   1.9230769230769232E-003   3.8461538461538462E-004   1017.0063343050108        1.0000000000000000     
   1.9230769230769232E-003   7.6923076923076923E-004   1016.9821715768519        1.0000000000000000     
   1.9230769230769232E-003   1.1538461538461537E-003   1016.9600624676519        1.0000000000000000     
   1.9230769230769232E-003   1.5384615384615385E-003   1016.9402022993215        1.0000000000000000     
   1.9230769230769232E-003   1.9230769230769232E-003   1016.9221187846398        1.0000000000000000     
   1.9230769230769232E-003   2.3076923076923075E-003   1016.9058536092570        1.0000000000000000     
   1.9230769230769232E-003   2.6923076923076922E-003   1016.8917278385867        1.0000000000000000     
   1.9230769230769232E-003   3.0769230769230769E-003   1016.8797889495444        1.0000000000000000     
   1.9230769230769232E-003   3.4615384615384616E-003   1016.8700281961995        1.0000000000000000     
   1.9230769230769232E-003   3.8461538461538464E-003   1016.8624409271814        1.0000000000000000     
   1.9230769230769232E-003   4.2307692307692307E-003   1016.8570237461964        1.0000000000000000     
   1.9230769230769232E-003   4.6153846153846149E-003   1016.8537743359583        1.0000000000000000     
   1.9230769230769232E-003   5.0000000000000001E-003   1016.8526913469672        1.0000000000000000     
   1.9230769230769232E-003   5.3846153846153844E-003   1016.8537743359583        1.0000000000000000     
   1.9230769230769232E-003   5.7692307692307696E-003   1016.8570237461971        1.0000000000000000     
   1.9230769230769232E-003   6.1538461538461538E-003   1016.8624409271819        1.0000000000000000     
   1.9230769230769232E-003   6.5384615384615381E-003   1016.8700281961995        1.0000000000000000     
   1.9230769230769232E-003   6.9230769230769233E-003   1016.8797889495448        1.0000000000000000     
   1.9230769230769232E-003   7.3076923076923076E-003   1016.8917278385867        1.0000000000000000     
   1.9230769230769232E-003   7.6923076923076927E-003   1016.9058536092573        1.0000000000000000     
   1.9230769230769232E-003   8.0769230769230770E-003   1016.9221187846395        1.0000000000000000     
   1.9230769230769232E-003   8.4615384615384613E-003   1016.9402022993216        1.0000000000000000     
   1.9230769230769232E-003   8.8461538461538456E-003   1016.9600624676513        1.0000000000000000     
   1.9230769230769232E-003   9.2307692307692299E-003   1016.9821715768522        1.0000000000000000     
   1.9230769230769232E-003   9.6153846153846159E-003   1017.0063343050115        1.0000000000000000     

   2.3076923076923075E-003   3.8461538461538462E-004   1048.9701018727883        1.0000000000000000     
   2.3076923076923075E-003   7.6923076923076923E-004   1048.9412621983238        1.0000000000000000     
   2.3076923076923075E-003   1.1538461538461537E-003   1048.9148851891864        1.0000000000000000     
   2.3076923076923075E-003   1.5384615384615385E-003   1048.8911644258269        1.0000000000000000     
   2.3076923076923075E-003   1.9230769230769232E-003   1048.8696153637711        1.0000000000000000     
   2.3076923076923075E-003   2.3076923076923075E-003   1048.8502820986016        1.0000000000000000     
   2.3076923076923075E-003   2.6923076923076922E-003   1048.8334963115838        1.0000000000000000     
   2.3076923076923075E-003   3.0769230769230769E-003   1048.8193071828575        1.0000000000000000     
   2.3076923076923075E-003   3.4615384615384616E-003   1048.8077057177718        1.0000000000000000     
   2.3076923076923075E-003   3.8461538461538464E-003   1048.7986870592561        1.0000000000000000     
   2.3076923076923075E-003   4.2307692307692307E-003   1048.7922476158335        1.0000000000000000     
   2.3076923076923075E-003   4.6153846153846149E-003   1048.7883849145089        1.0000000000000000     
   2.3076923076923075E-003   5.0000000000000001E-003   1048.7870975064930        1.0000000000000000     
   2.3076923076923075E-003   5.3846153846153844E-003   1048.7883849145085        1.0000000000000000     
   2.3076923076923075E-003   5.7692307692307696E-003   1048.7922476158333        1.0000000000000000     
   2.3076923076923075E-003   6.1538461538461538E-003   1048.7986870592561        1.0000000000000000     
   2.3076923076923075E-003   6.5384615384615381E-003   1048.8077057177718        1.0000000000000000     
   2.3076923076923075E-003   6.9230769230769233E-003   1048.8193071828580        1.0000000000000000     
   2.3076923076923075E-003   7.3076923076923076E-003   1048.8334963115844        1.0000000000000000     
   2.3076923076923075E-003   7.6923076923076927E-003   1048.8502820986012        1.0000000000000000     
   2.3076923076923075E-003   8.0769230769230770E-003   1048.8696153637707        1.0000000000000000     
   2.3076923076923075E-003   8.4615384615384613E-003   1048.8911644258262        1.0000000000000000     
   2.3076923076923075E-003   8.8461538461538456E-003   1048.9148851891855        1.0000000000000000     
   2.3076923076923075E-003   9.2307692307692299E-003   1048.9412621983233        1.0000000000000000     
   2.3076923076923075E-003   9.6153846153846159E-003   1048.9701018727883        1.0000000000000000     

   2.6923076923076922E-003   3.8461538461538462E-004   1080.1611579431221        1.0000000000000000     
   2.6923076923076922E-003   7.6923076923076923E-004   1080.1278224476366        1.0000000000000000     
   2.6923076923076922E-003   1.1538461538461537E-003   1080.0973240478231        1.0000000000000000     
   2.6923076923076922E-003   1.5384615384615385E-003   1080.0698712839405        1.0000000000000000     
   2.6923076923076922E-003   1.9230769230769232E-003   1080.0449696651235        1.0000000000000000     
   2.6923076923076922E-003   2.3076923076923075E-003   1080.0226668044681        1.0000000000000000     
   2.6923076923076922E-003   2.6923076923076922E-003   1080.0033054893147        1.0000000000000000     
   2.6923076923076922E-003   3.0769230769230769E-003   1079.9869370435995        1.0000000000000000     
   2.6923076923076922E-003   3.4615384615384616E-003   1079.9735525533888        1.0000000000000000     
   2.6923076923076922E-003   3.8461538461538464E-003   1079.9631471800071        1.0000000000000000     
   2.6923076923076922E-003   4.2307692307692307E-003   1079.9557172885739        1.0000000000000000     
   2.6923076923076922E-003   4.6153846153846149E-003   1079.9512603483142        1.0000000000000000     
   2.6923076923076922E-003   5.0000000000000001E-003   1079.9497748660872        1.0000000000000000     
   2.6923076923076922E-003   5.3846153846153844E-003   1079.9512603483142        1.0000000000000000     
   2.6923076923076922E-003   5.7692307692307696E-003   1079.9557172885732        1.0000000000000000     
   2.6923076923076922E-003   6.1538461538461538E-003   1079.9631471800069        1.0000000000000000     
   2.6923076923076922E-003   6.5384615384615381E-003   1079.9735525533888        1.0000000000000000     
   2.6923076923076922E-003   6.9230769230769233E-003   1079.9869370435995        1.0000000000000000     
   2.6923076923076922E-003   7.3076923076923076E-003   1080.0033054893147        1.0000000000000000     
   2.6923076923076922E-003   7.6923076923076927E-003   1080.0226668044677        1.0000000000000000     
   2.6923076923076922E-003   8.0769230769230770E-003   1080.0449696651240        1.0000000000000000     
   2.6923076923076922E-003   8.4615384615384613E-003   1080.0698712839401        1.0000000000000000     
   2.6923076923076922E-003   8.8461538461538456E-003   1080.0973240478231        1.0000000000000000     
   2.6923076923076922E-003   9.2307692307692299E-003   1080.1278224476366        1.0000000000000000     
   2.6923076923076922E-003   9.6153846153846159E-003   1080.1611579431219        1.0000000000000000     

   3.0769230769230769E-003   3.8461538461538462E-004   1110.4601362889946        1.0000000000000000     
   3.0769230769230769E-003   7.6923076923076923E-004   1110.4224718095941        1.0000000000000000     
   3.0769230769230769E-003   1.1538461538461537E-003   1110.3880071225406        1.0000000000000000     
   3.0769230769230769E-003   1.5384615384615385E-003   1110.3569624235356        1.0000000000000000     
   3.0769230769230769E-003   1.9230769230769232E-003   1110.3288331437520        1.0000000000000000     
   3.0769230769230769E-003   2.3076923076923075E-003   1110.3036705035770        1.0000000000000000     
   3.0769230769230769E-003   2.6923076923076922E-003   1110.2818283588206        1.0000000000000000     
   3.0769230769230769E-003   3.0769230769230769E-003   1110.2633603663069        1.0000000000000000     
   3.0769230769230769E-003   3.4615384615384616E-003   1110.2482578870661        1.0000000000000000     
   3.0769230769230769E-003   3.8461538461538464E-003   1110.2365162463782        1.0000000000000000     
   3.0769230769230769E-003   4.2307692307692307E-003   1110.2281318710866        1.0000000000000000     
   3.0769230769230769E-003   4.6153846153846149E-003   1110.2231022433218        1.0000000000000000     
   3.0769230769230769E-003   5.0000000000000001E-003   1110.2214258662696        1.0000000000000000     
   3.0769230769230769E-003   5.3846153846153844E-003   1110.2231022433223        1.0000000000000000     
   3.0769230769230769E-003   5.7692307692307696E-003   1110.2281318710859        1.0000000000000000     
   3.0769230769230769E-003   6.1538461538461538E-003   1110.2365162463777        1.0000000000000000     
   3.0769230769230769E-003   6.5384615384615381E-003   1110.2482578870661        1.0000000000000000     
   3.0769230769230769E-003   6.9230769230769233E-003   1110.2633603663073        1.0000000000000000     
   3.0769230769230769E-003   7.3076923076923076E-003   1110.2818283588201        1.0000000000000000     
   3.0769230769230769E-003   7.6923076923076927E-003   1110.3036705035763        1.0000000000000000     
   3.0769230769230769E-003   8.0769230769230770E-003   1110.3288331437514        1.0000000000000000     
   3.0769230769230769E-003   8.4615384615384613E-003   1110.3569624235352        1.0000000000000000     
   3.0769230769230769E-003   8.8461538461538456E-003   1110.3880071225396        1.0000000000000000     
   3.0769230769230769E-003   9.2307692307692299E-003   1110.4224718095938        1.0000000000000000     
   3.0769230769230769E-003   9.6153846153846159E-003   1110.4601362889953        1.0000000000000000     

   3.4615384615384616E-003   3.8461538461538462E-004   1139.7517067855547        1.0000000000000000     
   3.4615384615384616E-003   7.6923076923076923E-004   1139.7098908888051        1.0000000000000000     
   3.4615384615384616E-003   1.1538461538461537E-003   1139.6716253730062        1.0000000000000000     
   3.4615384615384616E-003   1.5384615384615385E-003   1139.6371395369629        1.0000000000000000     
   3.4615384615384616E-003   1.9230769230769232E-003   1139.6059181536596        1.0000000000000000     
   3.4615384615384616E-003   2.3076923076923075E-003   1139.5780156272931        1.0000000000000000     
   3.4615384615384616E-003   2.6923076923076922E-003   1139.5537964661637        1.0000000000000000     
   3.4615384615384616E-003   3.0769230769230769E-003   1139.5333166267505        1.0000000000000000     
   3.4615384615384616E-003   3.4615384615384616E-003   1139.5165678046721        1.0000000000000000     
   3.4615384615384616E-003   3.8461538461538464E-003   1139.5035455502018        1.0000000000000000     
   3.4615384615384616E-003   4.2307692307692307E-003   1139.4942464043615        1.0000000000000000     
   3.4615384615384616E-003   4.6153846153846149E-003   1139.4886679012045        1.0000000000000000     
   3.4615384615384616E-003   5.0000000000000001E-003   1139.4868085640389        1.0000000000000000     
   3.4615384615384616E-003   5.3846153846153844E-003   1139.4886679012043        1.0000000000000000     
   3.4615384615384616E-003   5.7692307692307696E-003   1139.4942464043609        1.0000000000000000     
   3.4615384615384616E-003   6.1538461538461538E-003   1139.5035455502014        1.0000000000000000     
   3.4615384615384616E-003   6.5384615384615381E-003   1139.5165678046721        1.0000000000000000     
   3.4615384615384616E-003   6.9230769230769233E-003   1139.5333166267503        1.0000000000000000     
   3.4615384615384616E-003   7.3076923076923076E-003   1139.5537964661637        1.0000000000000000     
   3.4615384615384616E-003   7.6923076923076927E-003   1139.5780156272929        1.0000000000000000     
   3.4615384615384616E-003   8.0769230769230770E-003   1139.6059181536593        1.0000000000000000     
   3.4615384615384616E-003   8.4615384615384613E-003   1139.6371395369622        1.0000000000000000     
   3.4615384615384616E-003   8.8461538461538456E-003   1139.6716253730056        1.0000000000000000     
   3.4615384615384616E-003   9.2307692307692299E-003   1139.7098908888045        1.0000000000000000     
   3.4615384615384616E-003   9.6153846153846159E-003   1139.7517067855545        1.0000000000000000     

   3.8461538461538464E-003   3.8461538461538462E-004   1167.9251102274711        1.0000000000000000     
   3.8461538461538464E-003   7.6923076923076923E-004   1167.8793334233308        1.0000000000000000     
   3.8461538461538464E-003   1.1538461538461537E-003   1167.8374437552134        1.0000000000000000     
   3.8461538461538464E-003   1.5384615384615385E-003   1167.7996780178116        1.0000000000000000     
   3.8461538461538464E-003   1.9230769230769232E-003   1167.7655099296246        1.0000000000000000     
   3.8461538461538464E-003   2.3076923076923075E-003   1167.7349965221415        1.0000000000000000     
   3.8461538461538464E-003   2.6923076923076922E-003   1167.7085123367510        1.0000000000000000     
   3.8461538461538464E-003   3.0769230769230769E-003   1167.6861154496753        1.0000000000000000     
   3.8461538461538464E-003   3.4615384615384616E-003   1167.6677978473422        1.0000000000000000     
   3.8461538461538464E-003   3.8461538461538464E-003   1167.6535552940613        1.0000000000000000     
   3.8461538461538464E-003   4.2307692307692307E-003   1167.6433844496601        1.0000000000000000     
   3.8461538461538464E-003   4.6153846153846149E-003   1167.6372829092379        1.0000000000000000     
   3.8461538461538464E-003   5.0000000000000001E-003   1167.6352492237293        1.0000000000000000     
   3.8461538461538464E-003   5.3846153846153844E-003   1167.6372829092375        1.0000000000000000     
   3.8461538461538464E-003   5.7692307692307696E-003   1167.6433844496598        1.0000000000000000     
   3.8461538461538464E-003   6.1538461538461538E-003   1167.6535552940611        1.0000000000000000     
   3.8461538461538464E-003   6.5384615384615381E-003   1167.6677978473422        1.0000000000000000     
   3.8461538461538464E-003   6.9230769230769233E-003   1167.6861154496746        1.0000000000000000     
   3.8461538461538464E-003   7.3076923076923076E-003   1167.7085123367503        1.0000000000000000     
   3.8461538461538464E-003   7.6923076923076927E-003   1167.7349965221410        1.0000000000000000     
   3.8461538461538464E-003   8.0769230769230770E-003   1167.7655099296246        1.0000000000000000     
   3.8461538461538464E-003   8.4615384615384613E-003   1167.7996780178112        1.0000000000000000     
   3.8461538461538464E-003   8.8461538461538456E-003   1167.8374437552131        1.0000000000000000     
   3.8461538461538464E-003   9.2307692307692299E-003   1167.8793334233310        1.0000000000000000     
   3.8461538461538464E-003   9.6153846153846159E-003   1167.9251102274700        1.0000000000000000     

   4.2307692307692307E-003   3.8461538461538462E-004   1194.8745780811519        1.0000000000000000     
   4.2307692307692307E-003   7.6923076923076923E-004   1194.8250436105184        1.0000000000000000     
   4.2307692307692307E-003   1.1538461538461537E-003   1194.7797175346541        1.0000000000000000     
   4.2307692307692307E-003   1.5384615384615385E-003   1194.7388430841243        1.0000000000000000     
   4.2307692307692307E-003   1.9230769230769232E-003   1194.7018827953509        1.0000000000000000     
   4.2307692307692307E-003   2.3076923076923075E-003   1194.6688957859003        1.0000000000000000     
   4.2307692307692307E-003   2.6923076923076922E-003   1194.6402659178743        1.0000000000000000     
   4.2307692307692307E-003   3.0769230769230769E-003   1194.6160531261255        1.0000000000000000     
   4.2307692307692307E-003   3.4615384615384616E-003   1194.5962495771457        1.0000000000000000     
   4.2307692307692307E-003   3.8461538461538464E-003   1194.5808511863768        1.0000000000000000     
   4.2307692307692307E-003   4.2307692307692307E-003   1194.5698547003501        1.0000000000000000     
   4.2307692307692307E-003   4.6153846153846149E-003   1194.5632577605268        1.0000000000000000     
   4.2307692307692307E-003   5.0000000000000001E-003   1194.5610589397634        1.0000000000000000     
   4.2307692307692307E-003   5.3846153846153844E-003   1194.5632577605268        1.0000000000000000     
   4.2307692307692307E-003   5.7692307692307696E-003   1194.5698547003503        1.0000000000000000     
   4.2307692307692307E-003   6.1538461538461538E-003   1194.5808511863770        1.0000000000000000     
   4.2307692307692307E-003   6.5384615384615381E-003   1194.5962495771453        1.0000000000000000     
   4.2307692307692307E-003   6.9230769230769233E-003   1194.6160531261244        1.0000000000000000     
   4.2307692307692307E-003   7.3076923076923076E-003   1194.6402659178734        1.0000000000000000     
   4.2307692307692307E-003   7.6923076923076927E-003   1194.6688957859005        1.0000000000000000     
   4.2307692307692307E-003   8.0769230769230770E-003   1194.7018827953500        1.0000000000000000     
   4.2307692307692307E-003   8.4615384615384613E-003   1194.7388430841231        1.0000000000000000     
   4.2307692307692307E-003   8.8461538461538456E-003   1194.7797175346539        1.0000000000000000     
   4.2307692307692307E-003   9.2307692307692299E-003   1194.8250436105191        1.0000000000000000     
   4.2307692307692307E-003   9.6153846153846159E-003   1194.8745780811505        1.0000000000000000     

   4.6153846153846149E-003   3.8461538461538462E-004   1220.4997080160069        1.0000000000000000     
   4.6153846153846149E-003   7.6923076923076923E-004   1220.4466308119170        1.0000000000000000     
   4.6153846153846149E-003   1.1538461538461537E-003   1220.3980664011629        1.0000000000000000     
   4.6153846153846149E-003   1.5384615384615385E-003   1220.3542636556906        1.0000000000000000     
   4.6153846153846149E-003   1.9230769230769232E-003   1220.3146740045750        1.0000000000000000     
   4.6153846153846149E-003   2.3076923076923075E-003   1220.2793581534161        1.0000000000000000     
   4.6153846153846149E-003   2.6923076923076922E-003   1220.2487085278760        1.0000000000000000     
   4.6153846153846149E-003   3.0769230769230769E-003   1220.2227866195990        1.0000000000000000     
   4.6153846153846149E-003   3.4615384615384616E-003   1220.2015846267823        1.0000000000000000     
   4.6153846153846149E-003   3.8461538461538464E-003   1220.1850985213057        1.0000000000000000     
   4.6153846153846149E-003   4.2307692307692307E-003   1220.1733250809389        1.0000000000000000     
   4.6153846153846149E-003   4.6153846153846149E-003   1220.1662619634615        1.0000000000000000     
   4.6153846153846149E-003   5.0000000000000001E-003   1220.1639077494033        1.0000000000000000     
   4.6153846153846149E-003   5.3846153846153844E-003   1220.1662619634619        1.0000000000000000     
   4.6153846153846149E-003   5.7692307692307696E-003   1220.1733250809389        1.0000000000000000     
   4.6153846153846149E-003   6.1538461538461538E-003   1220.1850985213064        1.0000000000000000     
   4.6153846153846149E-003   6.5384615384615381E-003   1220.2015846267809        1.0000000000000000     
   4.6153846153846149E-003   6.9230769230769233E-003   1220.2227866195976        1.0000000000000000     
   4.6153846153846149E-003   7.3076923076923076E-003   1220.2487085278749        1.0000000000000000     
   4.6153846153846149E-003   7.6923076923076927E-003   1220.2793581534161        1.0000000000000000     
   4.6153846153846149E-003   8.0769230769230770E-003   1220.3146740045743        1.0000000000000000     
   4.6153846153846149E-003   8.4615384615384613E-003   1220.3542636556897        1.0000000000000000     
   4.6153846153846149E-003   8.8461538461538456E-003   1220.3980664011622        1.0000000000000000     
   4.6153846153846149E-003   9.2307692307692299E-003   1220.4466308119170        1.0000000000000000     
   4.6153846153846149E-003   9.6153846153846159E-003   1220.4997080160063        1.0000000000000000     

   5.0000000000000001E-003   3.8461538461538462E-004   1244.7057933360056        1.0000000000000000     
   5.0000000000000001E-003   7.6923076923076923E-004   1244.6493987022534        1.0000000000000000     
   5.0000000000000001E-003   1.1538461538461537E-003   1244.5978033479141        1.0000000000000000     
   5.0000000000000001E-003   1.5384615384615385E-003   1244.5512610899145        1.0000000000000000     
   5.0000000000000001E-003   1.9230769230769232E-003   1244.5092124412581        1.0000000000000000     
   5.0000000000000001E-003   2.3076923076923075E-003   1244.4717192198075        1.0000000000000000     
   5.0000000000000001E-003   2.6923076923076922E-003   1244.4391816239595        1.0000000000000000     
   5.0000000000000001E-003   3.0769230769230769E-003   1244.4116623796506        1.0000000000000000     
   5.0000000000000001E-003   3.4615384615384616E-003   1244.3891535514501        1.0000000000000000     
   5.0000000000000001E-003   3.8461538461538464E-003   1244.3716510590125        1.0000000000000000     
   5.0000000000000001E-003   4.2307692307692307E-003   1244.3591516462932        1.0000000000000000     
   5.0000000000000001E-003   4.6153846153846149E-003   1244.3516529516414        1.0000000000000000     
   5.0000000000000001E-003   5.0000000000000001E-003   1244.3491535461117        1.0000000000000000     
   5.0000000000000001E-003   5.3846153846153844E-003   1244.3516529516414        1.0000000000000000     
   5.0000000000000001E-003   5.7692307692307696E-003   1244.3591516462932        1.0000000000000000     
   5.0000000000000001E-003   6.1538461538461538E-003   1244.3716510590125        1.0000000000000000     
   5.0000000000000001E-003   6.5384615384615381E-003   1244.3891535514497        1.0000000000000000     
   5.0000000000000001E-003   6.9230769230769233E-003   1244.4116623796494        1.0000000000000000     
   5.0000000000000001E-003   7.3076923076923076E-003   1244.4391816239595        1.0000000000000000     
   5.0000000000000001E-003   7.6923076923076927E-003   1244.4717192198068        1.0000000000000000     
   5.0000000000000001E-003   8.0769230769230770E-003   1244.5092124412568        1.0000000000000000     
   5.0000000000000001E-003   8.4615384615384613E-003   1244.5512610899134        1.0000000000000000     
   5.0000000000000001E-003   8.8461538461538456E-003   1244.5978033479132        1.0000000000000000     
   5.0000000000000001E-003   9.2307692307692299E-003   1244.6493987022525        1.0000000000000000     
   5.0000000000000001E-003   9.6153846153846159E-003   1244.7057933360052        1.0000000000000000     

   5.3846153846153844E-003   3.8461538461538462E-004   1267.4041070950257        1.0000000000000000     
   5.3846153846153844E-003   7.6923076923076923E-004   1267.3446293320765        1.0000000000000000     
   5.3846153846153844E-003   1.1538461538461537E-003   1267.2902186650194        1.0000000000000000     
   5.3846153846153844E-003   1.5384615384615385E-003   1267.2411331450269        1.0000000000000000     
   5.3846153846153844E-003   1.9230769230769232E-003   1267.1968025946157        1.0000000000000000     
   5.3846153846153844E-003   2.3076923076923075E-003   1267.1572894525018        1.0000000000000000     
   5.3846153846153844E-003   2.6923076923076922E-003   1267.1230008592777        1.0000000000000000     
   5.3846153846153844E-003   3.0769230769230769E-003   1267.0940004411623        1.0000000000000000     
   5.3846153846153844E-003   3.4615384615384616E-003   1267.0702799625515        1.0000000000000000     
   5.3846153846153844E-003   3.8461538461538464E-003   1267.0518351848375        1.0000000000000000     
   5.3846153846153844E-003   4.2307692307692307E-003   1267.0386627579073        1.0000000000000000     
   5.3846153846153844E-003   4.6153846153846149E-003   1267.0307602698470        1.0000000000000000     
   5.3846153846153844E-003   5.0000000000000001E-003   1267.0281262686701        1.0000000000000000     
   5.3846153846153844E-003   5.3846153846153844E-003   1267.0307602698465        1.0000000000000000     
   5.3846153846153844E-003   5.7692307692307696E-003   1267.0386627579073        1.0000000000000000     
   5.3846153846153844E-003   6.1538461538461538E-003   1267.0518351848366        1.0000000000000000     
   5.3846153846153844E-003   6.5384615384615381E-003   1267.0702799625506        1.0000000000000000     
   5.3846153846153844E-003   6.9230769230769233E-003   1267.0940004411625        1.0000000000000000     
   5.3846153846153844E-003   7.3076923076923076E-003   1267.1230008592779        1.0000000000000000     
   5.3846153846153844E-003   7.6923076923076927E-003   1267.1572894525011        1.0000000000000000     
   5.3846153846153844E-003   8.0769230769230770E-003   1267.1968025946151        1.0000000000000000     
   5.3846153846153844E-003   8.4615384615384613E-003   1267.2411331450260        1.0000000000000000     
   5.3846153846153844E-003   8.8461538461538456E-003   1267.2902186650194        1.0000000000000000     
   5.3846153846153844E-003   9.2307692307692299E-003   1267.3446293320756        1.0000000000000000     
   5.3846153846153844E-003   9.6153846153846159E-003   1267.4041070950250        1.0000000000000000     

   5.7692307692307696E-003   3.8461538461538462E-004   1288.5121424522320        1.0000000000000000     
   5.7692307692307696E-003   7.6923076923076923E-004   1288.4498235610272        1.0000000000000000     
   5.7692307692307696E-003   1.1538461538461537E-003   1288.3928204469050        1.0000000000000000     
   5.7692307692307696E-003   1.5384615384615385E-003   1288.3413945631892        1.0000000000000000     
   5.7692307692307696E-003   1.9230769230769232E-003   1288.2949652160130        1.0000000000000000     
   5.7692307692307696E-003   2.3076923076923075E-003   1288.2535949141300        1.0000000000000000     
   5.7692307692307696E-003   2.6923076923076922E-003   1288.2176968602246        1.0000000000000000     
   5.7692307692307696E-003   3.0769230769230769E-003   1288.1873352435225        1.0000000000000000     
   5.7692307692307696E-003   3.4615384615384616E-003   1288.1625013772884        1.0000000000000000     
   5.7692307692307696E-003   3.8461538461538464E-003   1288.1431907798842        1.0000000000000000     
   5.7692307692307696E-003   4.2307692307692307E-003   1288.1293999679494        1.0000000000000000     
   5.7692307692307696E-003   4.6153846153846149E-003   1288.1211264655790        1.0000000000000000     
   5.7692307692307696E-003   5.0000000000000001E-003   1288.1183687951059        1.0000000000000000     
   5.7692307692307696E-003   5.3846153846153844E-003   1288.1211264655790        1.0000000000000000     
   5.7692307692307696E-003   5.7692307692307696E-003   1288.1293999679494        1.0000000000000000     
   5.7692307692307696E-003   6.1538461538461538E-003   1288.1431907798838        1.0000000000000000     
   5.7692307692307696E-003   6.5384615384615381E-003   1288.1625013772878        1.0000000000000000     
   5.7692307692307696E-003   6.9230769230769233E-003   1288.1873352435221        1.0000000000000000     
   5.7692307692307696E-003   7.3076923076923076E-003   1288.2176968602234        1.0000000000000000     
   5.7692307692307696E-003   7.6923076923076927E-003   1288.2535949141293        1.0000000000000000     
   5.7692307692307696E-003   8.0769230769230770E-003   1288.2949652160132        1.0000000000000000     
   5.7692307692307696E-003   8.4615384615384613E-003   1288.3413945631892        1.0000000000000000     
   5.7692307692307696E-003   8.8461538461538456E-003   1288.3928204469050        1.0000000000000000     
   5.7692307692307696E-003   9.2307692307692299E-003   1288.4498235610272        1.0000000000000000     
   5.7692307692307696E-003   9.6153846153846159E-003   1288.5121424522320        1.0000000000000000     

   6.1538461538461538E-003   3.8461538461538462E-004   1307.9538115989767        1.0000000000000000     
   6.1538461538461538E-003   7.6923076923076923E-004   1307.8889001760706        1.0000000000000000     
   6.1538461538461538E-003   1.1538461538461537E-003   1307.8295339182716        1.0000000000000000     
   6.1538461538461538E-003   1.5384615384615385E-003   1307.7759765780168        1.0000000000000000     
   6.1538461538461538E-003   1.9230769230769232E-003   1307.7276369647200        1.0000000000000000     
   6.1538461538461538E-003   2.3076923076923075E-003   1307.6845770041921        1.0000000000000000     
   6.1538461538461538E-003   2.6923076923076922E-003   1307.6472150303177        1.0000000000000000     
   6.1538461538461538E-003   3.0769230769230769E-003   1307.6156154728294        1.0000000000000000     
   6.1538461538461538E-003   3.4615384615384616E-003   1307.5897690836562        1.0000000000000000     
   6.1538461538461538E-003   3.8461538461538464E-003   1307.5696710991858        1.0000000000000000     
   6.1538461538461538E-003   4.2307692307692307E-003   1307.5553179048466        1.0000000000000000     
   6.1538461538461538E-003   4.6153846153846149E-003   1307.5467069784054        1.0000000000000000     
   6.1538461538461538E-003   5.0000000000000001E-003   1307.5438368332061        1.0000000000000000     
   6.1538461538461538E-003   5.3846153846153844E-003   1307.5467069784049        1.0000000000000000     
   6.1538461538461538E-003   5.7692307692307696E-003   1307.5553179048468        1.0000000000000000     
   6.1538461538461538E-003   6.1538461538461538E-003   1307.5696710991861        1.0000000000000000     
   6.1538461538461538E-003   6.5384615384615381E-003   1307.5897690836562        1.0000000000000000     
   6.1538461538461538E-003   6.9230769230769233E-003   1307.6156154728283        1.0000000000000000     
   6.1538461538461538E-003   7.3076923076923076E-003   1307.6472150303159        1.0000000000000000     
   6.1538461538461538E-003   7.6923076923076927E-003   1307.6845770041919        1.0000000000000000     
   6.1538461538461538E-003   8.0769230769230770E-003   1307.7276369647202        1.0000000000000000     
   6.1538461538461538E-003   8.4615384615384613E-003   1307.7759765780165        1.0000000000000000     
   6.1538461538461538E-003   8.8461538461538456E-003   1307.8295339182716        1.0000000000000000     
   6.1538461538461538E-003   9.2307692307692299E-003   1307.8889001760706        1.0000000000000000     
   6.1538461538461538E-003   9.6153846153846159E-003   1307.9538115989772        1.0000000000000000     

   6.5384615384615381E-003   3.8461538461538462E-004   1325.6596062585829        1.0000000000000000     
   6.5384615384615381E-003   7.6923076923076923E-004   1325.5923567403836        1.0000000000000000     
   6.5384615384615381E-003   1.1538461538461537E-003   1325.5308626619267        1.0000000000000000     
   6.5384615384615381E-003   1.5384615384615385E-003   1325.4753884422812        1.0000000000000000     
   6.5384615384615381E-003   1.9230769230769232E-003   1325.4253321332899        1.0000000000000000     
   6.5384615384615381E-003   2.3076923076923075E-003   1325.3807542981917        1.0000000000000000     
   6.5384615384615381E-003   2.6923076923076922E-003   1325.3420774465292        1.0000000000000000     
   6.5384615384615381E-003   3.0769230769230769E-003   1325.3093659822218        1.0000000000000000     
   6.5384615384615381E-003   3.4615384615384616E-003   1325.2826100678269        1.0000000000000000     
   6.5384615384615381E-003   3.8461538461538464E-003   1325.2618046991008        1.0000000000000000     
   6.5384615384615381E-003   4.2307692307692307E-003   1325.2469461987678        1.0000000000000000     
   6.5384615384615381E-003   4.6153846153846149E-003   1325.2380320638413        1.0000000000000000     
   6.5384615384615381E-003   5.0000000000000001E-003   1325.2350608438048        1.0000000000000000     
   6.5384615384615381E-003   5.3846153846153844E-003   1325.2380320638413        1.0000000000000000     
   6.5384615384615381E-003   5.7692307692307696E-003   1325.2469461987680        1.0000000000000000     
   6.5384615384615381E-003   6.1538461538461538E-003   1325.2618046991008        1.0000000000000000     
   6.5384615384615381E-003   6.5384615384615381E-003   1325.2826100678267        1.0000000000000000     
   6.5384615384615381E-003   6.9230769230769233E-003   1325.3093659822205        1.0000000000000000     
   6.5384615384615381E-003   7.3076923076923076E-003   1325.3420774465287        1.0000000000000000     
   6.5384615384615381E-003   7.6923076923076927E-003   1325.3807542981917        1.0000000000000000     
   6.5384615384615381E-003   8.0769230769230770E-003   1325.4253321332892        1.0000000000000000     
   6.5384615384615381E-003   8.4615384615384613E-003   1325.4753884422812        1.0000000000000000     
   6.5384615384615381E-003   8.8461538461538456E-003   1325.5308626619276        1.0000000000000000     
   6.5384615384615381E-003   9.2307692307692299E-003   1325.5923567403834        1.0000000000000000     
   6.5384615384615381E-003   9.6153846153846159E-003   1325.6596062585841        1.0000000000000000     

   6.9230769230769233E-003   3.8461538461538462E-004   1341.5667232384872        1.0000000000000000     
   6.9230769230769233E-003   7.6923076923076923E-004   1341.4973958162755        1.0000000000000000     
   6.9230769230769233E-003   1.1538461538461537E-003   1341.4340154943775        1.0000000000000000     
   6.9230769230769233E-003   1.5384615384615385E-003   1341.3768447395905        1.0000000000000000     
   6.9230769230769233E-003   1.9230769230769232E-003   1341.3252701935007        1.0000000000000000     
   6.9230769230769233E-003   2.3076923076923075E-003   1341.2793501939295        1.0000000000000000     
   6.9230769230769233E-003   2.6923076923076922E-003   1341.2395105310723        1.0000000000000000     
   6.9230769230769233E-003   3.0769230769230769E-003   1341.2058154542024        1.0000000000000000     
   6.9230769230769233E-003   3.4615384615384616E-003   1341.1782546557290        1.0000000000000000     
   6.9230769230769233E-003   3.8461538461538464E-003   1341.1568230588382        1.0000000000000000     
   6.9230769230769233E-003   4.2307692307692307E-003   1341.1415170884488        1.0000000000000000     
   6.9230769230769233E-003   4.6153846153846149E-003   1341.1323343916815        1.0000000000000000     
   6.9230769230769233E-003   5.0000000000000001E-003   1341.1292736363955        1.0000000000000000     
   6.9230769230769233E-003   5.3846153846153844E-003   1341.1323343916813        1.0000000000000000     
   6.9230769230769233E-003   5.7692307692307696E-003   1341.1415170884479        1.0000000000000000     
   6.9230769230769233E-003   6.1538461538461538E-003   1341.1568230588377        1.0000000000000000     
   6.9230769230769233E-003   6.5384615384615381E-003   1341.1782546557290        1.0000000000000000     
   6.9230769230769233E-003   6.9230769230769233E-003   1341.2058154542017        1.0000000000000000     
   6.9230769230769233E-003   7.3076923076923076E-003   1341.2395105310713        1.0000000000000000     
   6.9230769230769233E-003   7.6923076923076927E-003   1341.2793501939295        1.0000000000000000     
   6.9230769230769233E-003   8.0769230769230770E-003   1341.3252701935007        1.0000000000000000     
   6.9230769230769233E-003   8.4615384615384613E-003   1341.3768447395908        1.0000000000000000     
   6.9230769230769233E-003   8.8461538461538456E-003   1341.4340154943786        1.0000000000000000     
   6.9230769230769233E-003   9.2307692307692299E-003   1341.4973958162759        1.0000000000000000     
   6.9230769230769233E-003   9.6153846153846159E-003   1341.5667232384881        1.0000000000000000     

   7.3076923076923076E-003   3.8461538461538462E-004   1355.6191586662160        1.0000000000000000     
   7.3076923076923076E-003   7.6923076923076923E-004   1355.5480207014873        1.0000000000000000     
   7.3076923076923076E-003   1.1538461538461537E-003   1355.4830033251269        1.0000000000000000     
   7.3076923076923076E-003   1.5384615384615385E-003   1355.4243627937606        1.0000000000000000     
   7.3076923076923076E-003   1.9230769230769232E-003   1355.3714734038545        1.0000000000000000     
   7.3076923076923076E-003   2.3076923076923075E-003   1355.3243905427062        1.0000000000000000     
   7.3076923076923076E-003   2.6923076923076922E-003   1355.2835426329148        1.0000000000000000     
   7.3076923076923076E-003   3.0769230769230769E-003   1355.2489939126619        1.0000000000000000     
   7.3076923076923076E-003   3.4615384615384616E-003   1355.2207339620907        1.0000000000000000     
   7.3076923076923076E-003   3.8461538461538464E-003   1355.1987579828594        1.0000000000000000     
   7.3076923076923076E-003   4.2307692307692307E-003   1355.1830627939376        1.0000000000000000     
   7.3076923076923076E-003   4.6153846153846149E-003   1355.1736464030428        1.0000000000000000     
   7.3076923076923076E-003   5.0000000000000001E-003   1355.1705077213405        1.0000000000000000     
   7.3076923076923076E-003   5.3846153846153844E-003   1355.1736464030430        1.0000000000000000     
   7.3076923076923076E-003   5.7692307692307696E-003   1355.1830627939380        1.0000000000000000     
   7.3076923076923076E-003   6.1538461538461538E-003   1355.1987579828592        1.0000000000000000     
   7.3076923076923076E-003   6.5384615384615381E-003   1355.2207339620898        1.0000000000000000     
   7.3076923076923076E-003   6.9230769230769233E-003   1355.2489939126613        1.0000000000000000     
   7.3076923076923076E-003   7.3076923076923076E-003   1355.2835426329145        1.0000000000000000     
   7.3076923076923076E-003   7.6923076923076927E-003   1355.3243905427062        1.0000000000000000     
   7.3076923076923076E-003   8.0769230769230770E-003   1355.3714734038551        1.0000000000000000     
   7.3076923076923076E-003   8.4615384615384613E-003   1355.4243627937606        1.0000000000000000     
   7.3076923076923076E-003   8.8461538461538456E-003   1355.4830033251271        1.0000000000000000     
   7.3076923076923076E-003   9.2307692307692299E-003   1355.5480207014873        1.0000000000000000     
   7.3076923076923076E-003   9.6153846153846159E-003   1355.6191586662160        1.0000000000000000     

   7.6923076923076927E-003   3.8461538461538462E-004   1367.7677775292261        1.0000000000000000     
   7.6923076923076927E-003   7.6923076923076923E-004   1367.6951090118091        1.0000000000000000     
   7.6923076923076927E-003   1.1538461538461537E-003   1367.6287144964313        1.0000000000000000     
   7.6923076923076927E-003   1.5384615384615385E-003   1367.5688384586797        1.0000000000000000     
   7.6923076923076927E-003   1.9230769230769232E-003   1367.5148425755090        1.0000000000000000     
   7.6923076923076927E-003   2.3076923076923075E-003   1367.4667792571499        1.0000000000000000     
   7.6923076923076927E-003   2.6923076923076922E-003   1367.4250794535001        1.0000000000000000     
   7.6923076923076927E-003   3.0769230769230769E-003   1367.3898079896185        1.0000000000000000     
   7.6923076923076927E-003   3.4615384615384616E-003   1367.3609550396709        1.0000000000000000     
   7.6923076923076927E-003   3.8461538461538464E-003   1367.3385166742819        1.0000000000000000     
   7.6923076923076927E-003   4.2307692307692307E-003   1367.3224905469874        1.0000000000000000     
   7.6923076923076927E-003   4.6153846153846149E-003   1367.3128753200749        1.0000000000000000     
   7.6923076923076927E-003   5.0000000000000001E-003   1367.3096703136000        1.0000000000000000     
   7.6923076923076927E-003   5.3846153846153844E-003   1367.3128753200751        1.0000000000000000     
   7.6923076923076927E-003   5.7692307692307696E-003   1367.3224905469876        1.0000000000000000     
   7.6923076923076927E-003   6.1538461538461538E-003   1367.3385166742819        1.0000000000000000     
   7.6923076923076927E-003   6.5384615384615381E-003   1367.3609550396704        1.0000000000000000     
   7.6923076923076927E-003   6.9230769230769233E-003   1367.3898079896178        1.0000000000000000     
   7.6923076923076927E-003   7.3076923076923076E-003   1367.4250794535001        1.0000000000000000     
   7.6923076923076927E-003   7.6923076923076927E-003   1367.4667792571499        1.0000000000000000     
   7.6923076923076927E-003   8.0769230769230770E-003   1367.5148425755096        1.0000000000000000     
   7.6923076923076927E-003   8.4615384615384613E-003   1367.5688384586790        1.0000000000000000     
   7.6923076923076927E-003   8.8461538461538456E-003   1367.6287144964308        1.0000000000000000     
   7.6923076923076927E-003   9.2307692307692299E-003   1367.6951090118093        1.0000000000000000     
   7.6923076923076927E-003   9.6153846153846159E-003   1367.7677775292270        1.0000000000000000     

   8.0769230769230770E-003   3.8461538461538462E-004   1377.9702438516103        1.0000000000000000     
   8.0769230769230770E-003   7.6923076923076923E-004   1377.8963802699113        1.0000000000000000     
   8.0769230769230770E-003   1.1538461538461537E-003   1377.8288838699241        1.0000000000000000     
   8.0769230769230770E-003   1.5384615384615385E-003   1377.7680146580458        1.0000000000000000     
   8.0769230769230770E-003   1.9230769230769232E-003   1377.7131250498880        1.0000000000000000     
   8.0769230769230770E-003   2.3076923076923075E-003   1377.6642658335340        1.0000000000000000     
   8.0769230769230770E-003   2.6923076923076922E-003   1377.6218712069970        1.0000000000000000     
   8.0769230769230770E-003   3.0769230769230769E-003   1377.5860078182459        1.0000000000000000     
   8.0769230769230770E-003   3.4615384615384616E-003   1377.5566675996204        1.0000000000000000     
   8.0769230769230770E-003   3.8461538461538464E-003   1377.5338483587454        1.0000000000000000     
   8.0769230769230770E-003   4.2307692307692307E-003   1377.5175491688140        1.0000000000000000     
   8.0769230769230770E-003   4.6153846153846149E-003   1377.5077697055299        1.0000000000000000     
   8.0769230769230770E-003   5.0000000000000001E-003   1377.5045098878211        1.0000000000000000     
   8.0769230769230770E-003   5.3846153846153844E-003   1377.5077697055301        1.0000000000000000     
   8.0769230769230770E-003   5.7692307692307696E-003   1377.5175491688142        1.0000000000000000     
   8.0769230769230770E-003   6.1538461538461538E-003   1377.5338483587448        1.0000000000000000     
   8.0769230769230770E-003   6.5384615384615381E-003   1377.5566675996199        1.0000000000000000     
   8.0769230769230770E-003   6.9230769230769233E-003   1377.5860078182450        1.0000000000000000     
   8.0769230769230770E-003   7.3076923076923076E-003   1377.6218712069963        1.0000000000000000     
   8.0769230769230770E-003   7.6923076923076927E-003   1377.6642658335338        1.0000000000000000     
   8.0769230769230770E-003   8.0769230769230770E-003   1377.7131250498880        1.0000000000000000     
   8.0769230769230770E-003   8.4615384615384613E-003   1377.7680146580453        1.0000000000000000     
   8.0769230769230770E-003   8.8461538461538456E-003   1377.8288838699243        1.0000000000000000     
   8.0769230769230770E-003   9.2307692307692299E-003   1377.8963802699118        1.0000000000000000     
   8.0769230769230770E-003   9.6153846153846159E-003   1377.9702438516110        1.0000000000000000     

   8.4615384615384613E-003   3.8461538461538462E-004   1386.1913520948156        1.0000000000000000     
   8.4615384615384613E-003   7.6923076923076923E-004   1386.1160943022619        1.0000000000000000     
   8.4615384615384613E-003   1.1538461538461537E-003   1386.0478326548787        1.0000000000000000     
   8.4615384615384613E-003   1.5384615384615385E-003   1385.9862178403878        1.0000000000000000     
   8.4615384615384613E-003   1.9230769230769232E-003   1385.9306498277797        1.0000000000000000     
   8.4615384615384613E-003   2.3076923076923075E-003   1385.8811797752039        1.0000000000000000     
   8.4615384615384613E-003   2.6923076923076922E-003   1385.8382464965166        1.0000000000000000     
   8.4615384615384613E-003   3.0769230769230769E-003   1385.8019205348542        1.0000000000000000     
   8.4615384615384613E-003   3.4615384615384616E-003   1385.7721973045955        1.0000000000000000     
   8.4615384615384613E-003   3.8461538461538464E-003   1385.7490774865994        1.0000000000000000     
   8.4615384615384613E-003   4.2307692307692307E-003   1385.7325622458038        1.0000000000000000     
   8.4615384615384613E-003   4.6153846153846149E-003   1385.7226526371205        1.0000000000000000     
   8.4615384615384613E-003   5.0000000000000001E-003   1385.7193493545406        1.0000000000000000     
   8.4615384615384613E-003   5.3846153846153844E-003   1385.7226526371205        1.0000000000000000     
   8.4615384615384613E-003   5.7692307692307696E-003   1385.7325622458038        1.0000000000000000     
   8.4615384615384613E-003   6.1538461538461538E-003   1385.7490774865998        1.0000000000000000     
   8.4615384615384613E-003   6.5384615384615381E-003   1385.7721973045959        1.0000000000000000     
   8.4615384615384613E-003   6.9230769230769233E-003   1385.8019205348542        1.0000000000000000     
   8.4615384615384613E-003   7.3076923076923076E-003   1385.8382464965159        1.0000000000000000     
   8.4615384615384613E-003   7.6923076923076927E-003   1385.8811797752039        1.0000000000000000     
   8.4615384615384613E-003   8.0769230769230770E-003   1385.9306498277797        1.0000000000000000     
   8.4615384615384613E-003   8.4615384615384613E-003   1385.9862178403878        1.0000000000000000     
   8.4615384615384613E-003   8.8461538461538456E-003   1386.0478326548791        1.0000000000000000     
   8.4615384615384613E-003   9.2307692307692299E-003   1386.1160943022621        1.0000000000000000     
   8.4615384615384613E-003   9.6153846153846159E-003   1386.1913520948158        1.0000000000000000     

   8.8461538461538456E-003   3.8461538461538462E-004   1392.4025764082573        1.0000000000000000     
   8.8461538461538456E-003   7.6923076923076923E-004   1392.3270036993883        1.0000000000000000     
   8.8461538461538456E-003   1.1538461538461537E-003   1392.2571800772175        1.0000000000000000     
   8.8461538461538456E-003   1.5384615384615385E-003   1392.1951399223999        1.0000000000000000     
   8.8461538461538456E-003   1.9230769230769232E-003   1392.1391090916952        1.0000000000000000     
   8.8461538461538456E-003   2.3076923076923075E-003   1392.0892114497262        1.0000000000000000     
   8.8461538461538456E-003   2.6923076923076922E-003   1392.0458924114939        1.0000000000000000     
   8.8461538461538456E-003   3.0769230769230769E-003   1392.0092298631514        1.0000000000000000     
   8.8461538461538456E-003   3.4615384615384616E-003   1391.9792251258991        1.0000000000000000     
   8.8461538461538456E-003   3.8461538461538464E-003   1391.9558830349870        1.0000000000000000     
   8.8461538461538456E-003   4.2307692307692307E-003   1391.9392074474431        1.0000000000000000     
   8.8461538461538456E-003   4.6153846153846149E-003   1391.9292010529107        1.0000000000000000     
   8.8461538461538456E-003   5.0000000000000001E-003   1391.9258654172656        1.0000000000000000     
   8.8461538461538456E-003   5.3846153846153844E-003   1391.9292010529107        1.0000000000000000     
   8.8461538461538456E-003   5.7692307692307696E-003   1391.9392074474431        1.0000000000000000     
   8.8461538461538456E-003   6.1538461538461538E-003   1391.9558830349865        1.0000000000000000     
   8.8461538461538456E-003   6.5384615384615381E-003   1391.9792251258998        1.0000000000000000     
   8.8461538461538456E-003   6.9230769230769233E-003   1392.0092298631516        1.0000000000000000     
   8.8461538461538456E-003   7.3076923076923076E-003   1392.0458924114930        1.0000000000000000     
   8.8461538461538456E-003   7.6923076923076927E-003   1392.0892114497262        1.0000000000000000     
   8.8461538461538456E-003   8.0769230769230770E-003   1392.1391090916950        1.0000000000000000     
   8.8461538461538456E-003   8.4615384615384613E-003   1392.1951399223988        1.0000000000000000     
   8.8461538461538456E-003   8.8461538461538456E-003   1392.2571800772171        1.0000000000000000     
   8.8461538461538456E-003   9.2307692307692299E-003   1392.3270036993888        1.0000000000000000     
   8.8461538461538456E-003   9.6153846153846159E-003   1392.4025764082592        1.0000000000000000     

   9.2307692307692299E-003   3.8461538461538462E-004   1396.5833673405227        1.0000000000000000     
   9.2307692307692299E-003   7.6923076923076923E-004   1396.5069851778048        1.0000000000000000     
   9.2307692307692299E-003   1.1538461538461537E-003   1396.4374369677485        1.0000000000000000     
   9.2307692307692299E-003   1.5384615384615385E-003   1396.3741203442146        1.0000000000000000     
   9.2307692307692299E-003   1.9230769230769232E-003   1396.3178935972810        1.0000000000000000     
   9.2307692307692299E-003   2.3076923076923075E-003   1396.2677470628230        1.0000000000000000     
   9.2307692307692299E-003   2.6923076923076922E-003   1396.2241881331481        1.0000000000000000     
   9.2307692307692299E-003   3.0769230769230769E-003   1396.1873090857325        1.0000000000000000     
   9.2307692307692299E-003   3.4615384615384616E-003   1396.1571202124273        1.0000000000000000     
   9.2307692307692299E-003   3.8461538461538464E-003   1396.1336314825828        1.0000000000000000     
   9.2307692307692299E-003   4.2307692307692307E-003   1396.1168496354680        1.0000000000000000     
   9.2307692307692299E-003   4.6153846153846149E-003   1396.1067789542205        1.0000000000000000     
   9.2307692307692299E-003   5.0000000000000001E-003   1396.1034218079249        1.0000000000000000     
   9.2307692307692299E-003   5.3846153846153844E-003   1396.1067789542210        1.0000000000000000     
   9.2307692307692299E-003   5.7692307692307696E-003   1396.1168496354683        1.0000000000000000     
   9.2307692307692299E-003   6.1538461538461538E-003   1396.1336314825826        1.0000000000000000     
   9.2307692307692299E-003   6.5384615384615381E-003   1396.1571202124273        1.0000000000000000     
   9.2307692307692299E-003   6.9230769230769233E-003   1396.1873090857327        1.0000000000000000     
   9.2307692307692299E-003   7.3076923076923076E-003   1396.2241881331472        1.0000000000000000     
   9.2307692307692299E-003   7.6923076923076927E-003   1396.2677470628234        1.0000000000000000     
   9.2307692307692299E-003   8.0769230769230770E-003   1396.3178935972810        1.0000000000000000     
   9.2307692307692299E-003   8.4615384615384613E-003   1396.3741203442141        1.0000000000000000     
   9.2307692307692299E-003   8.8461538461538456E-003   1396.4374369677487        1.0000000000000000     
   9.2307692307692299E-003   9.2307692307692299E-003   1396.5069851778051        1.0000000000000000     
   9.2307692307692299E-003   9.6153846153846159E-003   1396.5833673405232        1.0000000000000000     

   9.6153846153846159E-003   3.8461538461538462E-004   1398.7194741953945        1.0000000000000000     
   9.6153846153846159E-003   7.6923076923076923E-004   1398.6423667244617        1.0000000000000000     
   9.6153846153846159E-003   1.1538461538461537E-003   1398.5722943349551        1.0000000000000000     
   9.6153846153846159E-003   1.5384615384615385E-003   1398.5092329974273        1.0000000000000000     
   9.6153846153846159E-003   1.9230769230769232E-003   1398.4524662158758        1.0000000000000000     
   9.6153846153846159E-003   2.3076923076923075E-003   1398.4022630422758        1.0000000000000000     
   9.6153846153846159E-003   2.6923076923076922E-003   1398.3585959206750        1.0000000000000000     
   9.6153846153846159E-003   3.0769230769230769E-003   1398.3216114596253        1.0000000000000000     
   9.6153846153846159E-003   3.4615384615384616E-003   1398.2913306911337        1.0000000000000000     
   9.6153846153846159E-003   3.8461538461538464E-003   1398.2677680795107        1.0000000000000000     
   9.6153846153846159E-003   4.2307692307692307E-003   1398.2509324728539        1.0000000000000000     
   9.6153846153846159E-003   4.6153846153846149E-003   1398.2408292053619        1.0000000000000000     
   9.6153846153846159E-003   5.0000000000000001E-003   1398.2374611472139        1.0000000000000000     
   9.6153846153846159E-003   5.3846153846153844E-003   1398.2408292053617        1.0000000000000000     
   9.6153846153846159E-003   5.7692307692307696E-003   1398.2509324728537        1.0000000000000000     
   9.6153846153846159E-003   6.1538461538461538E-003   1398.2677680795100        1.0000000000000000     
   9.6153846153846159E-003   6.5384615384615381E-003   1398.2913306911337        1.0000000000000000     
   9.6153846153846159E-003   6.9230769230769233E-003   1398.3216114596248        1.0000000000000000     
   9.6153846153846159E-003   7.3076923076923076E-003   1398.3585959206746        1.0000000000000000     
   9.6153846153846159E-003   7.6923076923076927E-003   1398.4022630422760        1.0000000000000000     
   9.6153846153846159E-003   8.0769230769230770E-003   1398.4524662158749        1.0000000000000000     
   9.6153846153846159E-003   8.4615384615384613E-003   1398.5092329974270        1.0000000000000000     
   9.6153846153846159E-003   8.8461538461538456E-003   1398.5722943349560        1.0000000000000000     
   9.6153846153846159E-003   9.2307692307692299E-003   1398.6423667244621        1.0000000000000000     
   9.6153846153846159E-003   9.6153846153846159E-003   1398.7194741953945        1.0000000000000000     

