   3.8461538461538462E-004   3.8461538461538462E-004   1621.5373729397247        1.0000000000000000     
   3.8461538461538462E-004   7.6923076923076923E-004   1621.7580184558697        1.0000000000000000     
   3.8461538461538462E-004   1.1538461538461537E-003   1621.9679949985693        1.0000000000000000     
   3.8461538461538462E-004   1.5384615384615385E-003   1622.1674491881995        1.0000000000000000     
   3.8461538461538462E-004   1.9230769230769232E-003   1622.3565974644694        1.0000000000000000     
   3.8461538461538462E-004   2.3076923076923075E-003   1622.5357209962565        1.0000000000000000     
   3.8461538461538462E-004   2.6923076923076922E-003   1622.7051592605890        1.0000000000000000     
   3.8461538461538462E-004   3.0769230769230769E-003   1622.8653025949664        1.0000000000000000     
   3.8461538461538462E-004   3.4615384615384616E-003   1623.0165840798004        1.0000000000000000     
   3.8461538461538462E-004   3.8461538461538464E-003   1623.1594711543116        1.0000000000000000     
   3.8461538461538462E-004   4.2307692307692307E-003   1623.2944574108878        1.0000000000000000     
   3.8461538461538462E-004   4.6153846153846149E-003   1623.4220550582884        1.0000000000000000     
   3.8461538461538462E-004   5.0000000000000001E-003   1623.5427886089296        1.0000000000000000     
   3.8461538461538462E-004   5.3846153846153844E-003   1623.6571904597506        1.0000000000000000     
   3.8461538461538462E-004   5.7692307692307696E-003   1623.7657992561685        1.0000000000000000     
   3.8461538461538462E-004   6.1538461538461538E-003   1623.8691623673824        1.0000000000000000     
   3.8461538461538462E-004   6.5384615384615381E-003   1623.9678446989724        1.0000000000000000     
   3.8461538461538462E-004   6.9230769230769233E-003   1624.0624479723690        1.0000000000000000     
   3.8461538461538462E-004   7.3076923076923076E-003   1624.1536488569134        1.0000000000000000     
   3.8461538461538462E-004   7.6923076923076927E-003   1624.2422745428348        1.0000000000000000     
   3.8461538461538462E-004   8.0769230769230770E-003   1624.3294609448085        1.0000000000000000     
   3.8461538461538462E-004   8.4615384615384613E-003   1624.4170148432449        1.0000000000000000     
   3.8461538461538462E-004   8.8461538461538456E-003   1624.5083408369383        1.0000000000000000     
   3.8461538461538462E-004   9.2307692307692299E-003   1624.6111194447292        1.0000000000000000     
   3.8461538461538462E-004   9.6153846153846159E-003   1624.7460061317772        1.0000000000000000     

   7.6923076923076923E-004   3.8461538461538462E-004   1621.7509002074182        1.0000000000000000     
   7.6923076923076923E-004   7.6923076923076923E-004   1621.9715808069623        1.0000000000000000     
   7.6923076923076923E-004   1.1538461538461537E-003   1622.1815900691006        1.0000000000000000     
   7.6923076923076923E-004   1.5384615384615385E-003   1622.3810743741599        1.0000000000000000     
   7.6923076923076923E-004   1.9230769230769232E-003   1622.5702497882080        1.0000000000000000     
   7.6923076923076923E-004   2.3076923076923075E-003   1622.7493969540344        1.0000000000000000     
   7.6923076923076923E-004   2.6923076923076922E-003   1622.9188546406272        1.0000000000000000     
   7.6923076923076923E-004   3.0769230769230769E-003   1623.0790122505289        1.0000000000000000     
   7.6923076923076923E-004   3.4615384615384616E-003   1623.2303016340898        1.0000000000000000     
   7.6923076923076923E-004   3.8461538461538464E-003   1623.3731886014129        1.0000000000000000     
   7.6923076923076923E-004   4.2307692307692307E-003   1623.5081645561168        1.0000000000000000     
   7.6923076923076923E-004   4.6153846153846149E-003   1623.6357387055496        1.0000000000000000     
   7.6923076923076923E-004   5.0000000000000001E-003   1623.7564313393916        1.0000000000000000     
   7.6923076923076923E-004   5.3846153846153844E-003   1623.8707687291467        1.0000000000000000     
   7.6923076923076923E-004   5.7692307692307696E-003   1623.9792803116593        1.0000000000000000     
   7.6923076923076923E-004   6.1538461538461538E-003   1624.0824990224328        1.0000000000000000     
   7.6923076923076923E-004   6.5384615384615381E-003   1624.1809659991177        1.0000000000000000     
   7.6923076923076923E-004   6.9230769230769233E-003   1624.2752414372796        1.0000000000000000     
   7.6923076923076923E-004   7.3076923076923076E-003   1624.3659240465338        1.0000000000000000     
   7.6923076923076923E-004   7.6923076923076927E-003   1624.4536813106927        1.0000000000000000     
   7.6923076923076923E-004   8.0769230769230770E-003   1624.5392862455055        1.0000000000000000     
   7.6923076923076923E-004   8.4615384615384613E-003   1624.6236185460127        1.0000000000000000     
   7.6923076923076923E-004   8.8461538461538456E-003   1624.7074051717389        1.0000000000000000     
   7.6923076923076923E-004   9.2307692307692299E-003   1624.7896289382261        1.0000000000000000     
   7.6923076923076923E-004   9.6153846153846159E-003   1624.8596252291584        1.0000000000000000     

   1.1538461538461537E-003   3.8461538461538462E-004   1621.9466231939184        1.0000000000000000     
   1.1538461538461537E-003   7.6923076923076923E-004   1622.1673354503312        1.0000000000000000     
   1.1538461538461537E-003   1.1538461538461537E-003   1622.3773735679756        1.0000000000000000     
   1.1538461538461537E-003   1.5384615384615385E-003   1622.5768834356086        1.0000000000000000     
   1.1538461538461537E-003   1.9230769230769232E-003   1622.7660803573831        1.0000000000000000     
   1.1538461538461537E-003   2.3076923076923075E-003   1622.9452439098054        1.0000000000000000     
   1.1538461538461537E-003   2.6923076923076922E-003   1623.1147114379569        1.0000000000000000     
   1.1538461538461537E-003   3.0769230769230769E-003   1623.2748704816986        1.0000000000000000     
   1.1538461538461537E-003   3.4615384615384616E-003   1623.4261504673120        1.0000000000000000     
   1.1538461538461537E-003   3.8461538461538464E-003   1623.5690140336242        1.0000000000000000     
   1.1538461538461537E-003   4.2307692307692307E-003   1623.7039483814674        1.0000000000000000     
   1.1538461538461537E-003   4.6153846153846149E-003   1623.8314570423606        1.0000000000000000     
   1.1538461538461537E-003   5.0000000000000001E-003   1623.9520524575980        1.0000000000000000     
   1.1538461538461537E-003   5.3846153846153844E-003   1624.0662497420158        1.0000000000000000     
   1.1538461538461537E-003   5.7692307692307696E-003   1624.1745619693211        1.0000000000000000     
   1.1538461538461537E-003   6.1538461538461538E-003   1624.2774972264385        1.0000000000000000     
   1.1538461538461537E-003   6.5384615384615381E-003   1624.3755574448728        1.0000000000000000     
   1.1538461538461537E-003   6.9230769230769233E-003   1624.4692383433521        1.0000000000000000     
   1.1538461538461537E-003   7.3076923076923076E-003   1624.5590279105925        1.0000000000000000     
   1.1538461538461537E-003   7.6923076923076927E-003   1624.6453955233828        1.0000000000000000     
   1.1538461538461537E-003   8.0769230769230770E-003   1624.7287492022265        1.0000000000000000     
   1.1538461538461537E-003   8.4615384615384613E-003   1624.8093005388462        1.0000000000000000     
   1.1538461538461537E-003   8.8461538461538456E-003   1624.8866901727142        1.0000000000000000     
   1.1538461538461537E-003   9.2307692307692299E-003   1624.9591066219366        1.0000000000000000     
   1.1538461538461537E-003   9.6153846153846159E-003   1625.0220222766429        1.0000000000000000     

   1.5384615384615385E-003   3.8461538461538462E-004   1622.1246521629421        1.0000000000000000     
   1.5384615384615385E-003   7.6923076923076923E-004   1622.3453927722867        1.0000000000000000     
   1.5384615384615385E-003   1.1538461538461537E-003   1622.5554561200997        1.0000000000000000     
   1.5384615384615385E-003   1.5384615384615385E-003   1622.7549873787825        1.0000000000000000     
   1.5384615384615385E-003   1.9230769230769232E-003   1622.9442007459334        1.0000000000000000     
   1.5384615384615385E-003   2.3076923076923075E-003   1623.1233742571214        1.0000000000000000     
   1.5384615384615385E-003   2.6923076923076922E-003   1623.2928432132371        1.0000000000000000     
   1.5384615384615385E-003   3.0769230769230769E-003   1623.4529925024958        1.0000000000000000     
   1.5384615384615385E-003   3.4615384615384616E-003   1623.6042481361706        1.0000000000000000     
   1.5384615384615385E-003   3.8461538461538464E-003   1623.7470683417278        1.0000000000000000     
   1.5384615384615385E-003   4.2307692307692307E-003   1623.8819345625093        1.0000000000000000     
   1.5384615384615385E-003   4.6153846153846149E-003   1624.0093426965425        1.0000000000000000     
   1.5384615384615385E-003   5.0000000000000001E-003   1624.1297948631050        1.0000000000000000     
   1.5384615384615385E-003   5.3846153846153844E-003   1624.2437919023005        1.0000000000000000     
   1.5384615384615385E-003   5.7692307692307696E-003   1624.3518266624847        1.0000000000000000     
   1.5384615384615385E-003   6.1538461538461538E-003   1624.4543778510358        1.0000000000000000     
   1.5384615384615385E-003   6.5384615384615381E-003   1624.5519036782832        1.0000000000000000     
   1.5384615384615385E-003   6.9230769230769233E-003   1624.6448334171973        1.0000000000000000     
   1.5384615384615385E-003   7.3076923076923076E-003   1624.7335527241464        1.0000000000000000     
   1.5384615384615385E-003   7.6923076923076927E-003   1624.8183739779099        1.0000000000000000     
   1.5384615384615385E-003   8.0769230769230770E-003   1624.8994743361886        1.0000000000000000     
   1.5384615384615385E-003   8.4615384615384613E-003   1624.9767713907913        1.0000000000000000     
   1.5384615384615385E-003   8.8461538461538456E-003   1625.0497005596208        1.0000000000000000     
   1.5384615384615385E-003   9.2307692307692299E-003   1625.1169202018489        1.0000000000000000     
   1.5384615384615385E-003   9.6153846153846159E-003   1625.1762924023376        1.0000000000000000     

   1.9230769230769232E-003   3.8461538461538462E-004   1622.2851412130633        1.0000000000000000     
   1.9230769230769232E-003   7.6923076923076923E-004   1622.5059070403602        1.0000000000000000     
   1.9230769230769232E-003   1.1538461538461537E-003   1622.7159923212612        1.0000000000000000     
   1.9230769230769232E-003   1.5384615384615385E-003   1622.9155413233341        1.0000000000000000     
   1.9230769230769232E-003   1.9230769230769232E-003   1623.1047668518479        1.0000000000000000     
   1.9230769230769232E-003   2.3076923076923075E-003   1623.2839450144024        1.0000000000000000     
   1.9230769230769232E-003   2.6923076923076922E-003   1623.4534085737041        1.0000000000000000     
   1.9230769230769232E-003   3.0769230769230769E-003   1623.6135391578998        1.0000000000000000     
   1.9230769230769232E-003   3.4615384615384616E-003   1623.7647586316255        1.0000000000000000     
   1.9230769230769232E-003   3.8461538461538464E-003   1623.9075199478445        1.0000000000000000     
   1.9230769230769232E-003   4.2307692307692307E-003   1624.0422977946889        1.0000000000000000     
   1.9230769230769232E-003   4.6153846153846149E-003   1624.1695793178478        1.0000000000000000     
   1.9230769230769232E-003   5.0000000000000001E-003   1624.2898551299759        1.0000000000000000     
   1.9230769230769232E-003   5.3846153846153844E-003   1624.4036106990411        1.0000000000000000     
   1.9230769230769232E-003   5.7692307692307696E-003   1624.5113180097933        1.0000000000000000     
   1.9230769230769232E-003   6.1538461538461538E-003   1624.6134270642438        1.0000000000000000     
   1.9230769230769232E-003   6.5384615384615381E-003   1624.7103562345881        1.0000000000000000     
   1.9230769230769232E-003   6.9230769230769233E-003   1624.8024795537501        1.0000000000000000     
   1.9230769230769232E-003   7.3076923076923076E-003   1624.8901075239442        1.0000000000000000     
   1.9230769230769232E-003   7.6923076923076927E-003   1624.9734558431946        1.0000000000000000     
   1.9230769230769232E-003   8.0769230769230770E-003   1625.0525942194174        1.0000000000000000     
   1.9230769230769232E-003   8.4615384615384613E-003   1625.1273684401508        1.0000000000000000     
   1.9230769230769232E-003   8.8461538461538456E-003   1625.1973035209826        1.0000000000000000     
   1.9230769230769232E-003   9.2307692307692299E-003   1625.2615470030210        1.0000000000000000     
   1.9230769230769232E-003   9.6153846153846159E-003   1625.3190169605650        1.0000000000000000     

   2.3076923076923075E-003   3.8461538461538462E-004   1622.4282738266329        1.0000000000000000     
   2.3076923076923075E-003   7.6923076923076923E-004   1622.6490619360036        1.0000000000000000     
   2.3076923076923075E-003   1.1538461538461537E-003   1622.8591662391759        1.0000000000000000     
   2.3076923076923075E-003   1.5384615384615385E-003   1623.0587299525066        1.0000000000000000     
   2.3076923076923075E-003   1.9230769230769232E-003   1623.2479642708399        1.0000000000000000     
   2.3076923076923075E-003   2.3076923076923075E-003   1623.4271430862318        1.0000000000000000     
   2.3076923076923075E-003   2.6923076923076922E-003   1623.5965962702260        1.0000000000000000     
   2.3076923076923075E-003   3.0769230769230769E-003   1623.7567017799042        1.0000000000000000     
   2.3076923076923075E-003   3.4615384615384616E-003   1623.9078768778879        1.0000000000000000     
   2.3076923076923075E-003   3.8461538461538464E-003   1624.0505687683947        1.0000000000000000     
   2.3076923076923075E-003   4.2307692307692307E-003   1624.1852449390217        1.0000000000000000     
   2.3076923076923075E-003   4.6153846153846149E-003   1624.3123834563632        1.0000000000000000     
   2.3076923076923075E-003   5.0000000000000001E-003   1624.4324633859621        1.0000000000000000     
   2.3076923076923075E-003   5.3846153846153844E-003   1624.5459553823628        1.0000000000000000     
   2.3076923076923075E-003   5.7692307692307696E-003   1624.6533123056890        1.0000000000000000     
   2.3076923076923075E-003   6.1538461538461538E-003   1624.7549594410978        1.0000000000000000     
   2.3076923076923075E-003   6.5384615384615381E-003   1624.8512834945632        1.0000000000000000     
   2.3076923076923075E-003   6.9230769230769233E-003   1624.9426189930757        1.0000000000000000     
   2.3076923076923075E-003   7.3076923076923076E-003   1625.0292300884078        1.0000000000000000     
   2.3076923076923075E-003   7.6923076923076927E-003   1625.1112853677130        1.0000000000000000     
   2.3076923076923075E-003   8.0769230769230770E-003   1625.1888240953760        1.0000000000000000     
   2.3076923076923075E-003   8.4615384615384613E-003   1625.2617166989219        1.0000000000000000     
   2.3076923076923075E-003   8.8461538461538456E-003   1625.3296344294572        1.0000000000000000     
   2.3076923076923075E-003   9.2307692307692299E-003   1625.3920661210016        1.0000000000000000     
   2.3076923076923075E-003   9.6153846153846159E-003   1625.4484412180871        1.0000000000000000     

   2.6923076923076922E-003   3.8461538461538462E-004   1622.5542451622480        1.0000000000000000     
   2.6923076923076922E-003   7.6923076923076923E-004   1622.7750528285055        1.0000000000000000     
   2.6923076923076922E-003   1.1538461538461537E-003   1622.9851736515795        1.0000000000000000     
   2.6923076923076922E-003   1.5384615384615385E-003   1623.1847496942287        1.0000000000000000     
   2.6923076923076922E-003   1.9230769230769232E-003   1623.3739903926949        1.0000000000000000     
   2.6923076923076922E-003   2.3076923076923075E-003   1623.5531672370732        1.0000000000000000     
   2.6923076923076922E-003   2.6923076923076922E-003   1623.7226069951587        1.0000000000000000     
   2.6923076923076922E-003   3.0769230769230769E-003   1623.8826837332647        1.0000000000000000     
   2.6923076923076922E-003   3.4615384615384616E-003   1624.0338099154419        1.0000000000000000     
   2.6923076923076922E-003   3.8461538461538464E-003   1624.1764268722991        1.0000000000000000     
   2.6923076923076922E-003   4.2307692307692307E-003   1624.3109949166342        1.0000000000000000     
   2.6923076923076922E-003   4.6153846153846149E-003   1624.4379833415369        1.0000000000000000     
   2.6923076923076922E-003   5.0000000000000001E-003   1624.5578604636676        1.0000000000000000     
   2.6923076923076922E-003   5.3846153846153844E-003   1624.6710837648129        1.0000000000000000     
   2.6923076923076922E-003   5.7692307692307696E-003   1624.7780900334171        1.0000000000000000     
   2.6923076923076922E-003   6.1538461538461538E-003   1624.8792852120089        1.0000000000000000     
   2.6923076923076922E-003   6.5384615384615381E-003   1624.9750334265098        1.0000000000000000     
   2.6923076923076922E-003   6.9230769230769233E-003   1625.0656444563535        1.0000000000000000     
   2.6923076923076922E-003   7.3076923076923076E-003   1625.1513588377140        1.0000000000000000     
   2.6923076923076922E-003   7.6923076923076927E-003   1625.2323302004224        1.0000000000000000     
   2.6923076923076922E-003   8.0769230769230770E-003   1625.3086059632546        1.0000000000000000     
   2.6923076923076922E-003   8.4615384615384613E-003   1625.3801111303387        1.0000000000000000     
   2.6923076923076922E-003   8.8461538461538456E-003   1625.4466463647561        1.0000000000000000     
   2.6923076923076922E-003   9.2307692307692299E-003   1625.5079188805148        1.0000000000000000     
   2.6923076923076922E-003   9.6153846153846159E-003   1625.5636235143388        1.0000000000000000     

   3.0769230769230769E-003   3.8461538461538462E-004   1622.6632423052529        1.0000000000000000     
   3.0769230769230769E-003   7.6923076923076923E-004   1622.8840670065620        1.0000000000000000     
   3.0769230769230769E-003   1.1538461538461537E-003   1623.0942022417428        1.0000000000000000     
   3.0769230769230769E-003   1.5384615384615385E-003   1623.2937888599715        1.0000000000000000     
   3.0769230769230769E-003   1.9230769230769232E-003   1623.4830344572013        1.0000000000000000     
   3.0769230769230769E-003   2.3076923076923075E-003   1623.6622080294608        1.0000000000000000     
   3.0769230769230769E-003   2.6923076923076922E-003   1623.8316331557021        1.0000000000000000     
   3.0769230769230769E-003   3.0769230769230769E-003   1623.9916799597052        1.0000000000000000     
   3.0769230769230769E-003   3.4615384615384616E-003   1624.1427561279686        1.0000000000000000     
   3.0769230769230769E-003   3.8461538461538464E-003   1624.2852972706930        1.0000000000000000     
   3.0769230769230769E-003   4.2307692307692307E-003   1624.4197569009211        1.0000000000000000     
   3.0769230769230769E-003   4.6153846153846149E-003   1624.5465962706971        1.0000000000000000     
   3.0769230769230769E-003   5.0000000000000001E-003   1624.6662742417936        1.0000000000000000     
   3.0769230769230769E-003   5.3846153846153844E-003   1624.7792372822253        1.0000000000000000     
   3.0769230769230769E-003   5.7692307692307696E-003   1624.8859095722223        1.0000000000000000     
   3.0769230769230769E-003   6.1538461538461538E-003   1624.9866830856022        1.0000000000000000     
   3.0769230769230769E-003   6.5384615384615381E-003   1625.0819074122626        1.0000000000000000     
   3.0769230769230769E-003   6.9230769230769233E-003   1625.1718790653579        1.0000000000000000     
   3.0769230769230769E-003   7.3076923076923076E-003   1625.2568301913338        1.0000000000000000     
   3.0769230769230769E-003   7.6923076923076927E-003   1625.3369171754503        1.0000000000000000     
   3.0769230769230769E-003   8.0769230769230770E-003   1625.4122108867834        1.0000000000000000     
   3.0769230769230769E-003   8.4615384615384613E-003   1625.4826924342126        1.0000000000000000     
   3.0769230769230769E-003   8.8461538461538456E-003   1625.5482609378405        1.0000000000000000     
   3.0769230769230769E-003   9.2307692307692299E-003   1625.6087610327670        1.0000000000000000     
   3.0769230769230769E-003   9.6153846153846159E-003   1625.6640332873774        1.0000000000000000     

   3.4615384615384616E-003   3.8461538461538462E-004   1622.7554238368823        1.0000000000000000     
   3.4615384615384616E-003   7.6923076923076923E-004   1622.9762632298857        1.0000000000000000     
   3.4615384615384616E-003   1.1538461538461537E-003   1623.1864111173029        1.0000000000000000     
   3.4615384615384616E-003   1.5384615384615385E-003   1623.3860071129016        1.0000000000000000     
   3.4615384615384616E-003   1.9230769230769232E-003   1623.5752569495226        1.0000000000000000     
   3.4615384615384616E-003   2.3076923076923075E-003   1623.7544271185398        1.0000000000000000     
   3.4615384615384616E-003   2.6923076923076922E-003   1623.9238380316381        1.0000000000000000     
   3.4615384615384616E-003   3.0769230769230769E-003   1624.0838559528447        1.0000000000000000     
   3.4615384615384616E-003   3.4615384615384616E-003   1624.2348839768451        1.0000000000000000     
   3.4615384615384616E-003   3.8461538461538464E-003   1624.3773523417212        1.0000000000000000     
   3.4615384615384616E-003   4.2307692307692307E-003   1624.5117083562238        1.0000000000000000     
   3.4615384615384616E-003   4.6153846153846149E-003   1624.6384061930182        1.0000000000000000     
   3.4615384615384616E-003   5.0000000000000001E-003   1624.7578967513566        1.0000000000000000     
   3.4615384615384616E-003   5.3846153846153844E-003   1624.8706177288182        1.0000000000000000     
   3.4615384615384616E-003   5.7692307692307696E-003   1624.9769839703104        1.0000000000000000     
   3.4615384615384616E-003   6.1538461538461538E-003   1625.0773780990296        1.0000000000000000     
   3.4615384615384616E-003   6.5384615384615381E-003   1625.1721414069755        1.0000000000000000     
   3.4615384615384616E-003   6.9230769230769233E-003   1625.2615650405273        1.0000000000000000     
   3.4615384615384616E-003   7.3076923076923076E-003   1625.3458817328785        1.0000000000000000     
   3.4615384615384616E-003   7.6923076923076927E-003   1625.4252588017198        1.0000000000000000     
   3.4615384615384616E-003   8.0769230769230770E-003   1625.4997939120833        1.0000000000000000     
   3.4615384615384616E-003   8.4615384615384613E-003   1625.5695161132949        1.0000000000000000     
   3.4615384615384616E-003   8.8461538461538456E-003   1625.6343954178378        1.0000000000000000     
   3.4615384615384616E-003   9.2307692307692299E-003   1625.6943635763032        1.0000000000000000     
   3.4615384615384616E-003   9.6153846153846159E-003   1625.7493451543594        1.0000000000000000     

   3.8461538461538464E-003   3.8461538461538462E-004   1622.8309001434752        1.0000000000000000     
   3.8461538461538464E-003   7.6923076923076923E-004   1623.0517520236965        1.0000000000000000     
   3.8461538461538464E-003   1.1538461538461537E-003   1623.2619110779133        1.0000000000000000     
   3.8461538461538464E-003   1.5384615384615385E-003   1623.4615156949073        1.0000000000000000     
   3.8461538461538464E-003   1.9230769230769232E-003   1623.6507697703516        1.0000000000000000     
   3.8461538461538464E-003   2.3076923076923075E-003   1623.8299373459499        1.0000000000000000     
   3.8461538461538464E-003   2.6923076923076922E-003   1623.9993357700066        1.0000000000000000     
   3.8461538461538464E-003   3.0769230769230769E-003   1624.1593276276296        1.0000000000000000     
   3.8461538461538464E-003   3.4615384615384616E-003   1624.3103117181176        1.0000000000000000     
   3.8461538461538464E-003   3.8461538461538464E-003   1624.4527133719348        1.0000000000000000     
   3.8461538461538464E-003   4.2307692307692307E-003   1624.5869743961300        1.0000000000000000     
   3.8461538461538464E-003   4.6153846153846149E-003   1624.7135429159011        1.0000000000000000     
   3.8461538461538464E-003   5.0000000000000001E-003   1624.8328633436431        1.0000000000000000     
   3.8461538461538464E-003   5.3846153846153844E-003   1624.9453666603142        1.0000000000000000     
   3.8461538461538464E-003   5.7692307692307696E-003   1625.0514611463527        1.0000000000000000     
   3.8461538461538464E-003   6.1538461538461538E-003   1625.1515236653090        1.0000000000000000     
   3.8461538461538464E-003   6.5384615384615381E-003   1625.2458916050871        1.0000000000000000     
   3.8461538461538464E-003   6.9230769230769233E-003   1625.3348556496849        1.0000000000000000     
   3.8461538461538464E-003   7.3076923076923076E-003   1625.4186537242995        1.0000000000000000     
   3.8461538461538464E-003   7.6923076923076927E-003   1625.4974667533895        1.0000000000000000     
   3.8461538461538464E-003   8.0769230769230770E-003   1625.5714172728281        1.0000000000000000     
   3.8461538461538464E-003   8.4615384615384613E-003   1625.6405723067380        1.0000000000000000     
   3.8461538461538464E-003   8.8461538461538456E-003   1625.7049519270870        1.0000000000000000     
   3.8461538461538464E-003   9.2307692307692299E-003   1625.7645440364288        1.0000000000000000     
   3.8461538461538464E-003   9.6153846153846159E-003   1625.8193237162850        1.0000000000000000     

   4.2307692307692307E-003   3.8461538461538462E-004   1622.8897158561981        1.0000000000000000     
   4.2307692307692307E-003   7.6923076923076923E-004   1623.1105781074675        1.0000000000000000     
   4.2307692307692307E-003   1.1538461538461537E-003   1623.3207470247373        1.0000000000000000     
   4.2307692307692307E-003   1.5384615384615385E-003   1623.5203598078526        1.0000000000000000     
   4.2307692307692307E-003   1.9230769230769232E-003   1623.7096185790951        1.0000000000000000     
   4.2307692307692307E-003   2.3076923076923075E-003   1623.8887850344395        1.0000000000000000     
   4.2307692307692307E-003   2.6923076923076922E-003   1624.0581736208374        1.0000000000000000     
   4.2307692307692307E-003   3.0769230769230769E-003   1624.2181434889724        1.0000000000000000     
   4.2307692307692307E-003   3.4615384615384616E-003   1624.3690895019793        1.0000000000000000     
   4.2307692307692307E-003   3.8461538461538464E-003   1624.5114325981092        1.0000000000000000     
   4.2307692307692307E-003   4.2307692307692307E-003   1624.6456098058759        1.0000000000000000     
   4.2307692307692307E-003   4.6153846153846149E-003   1624.7720641952451        1.0000000000000000     
   4.2307692307692307E-003   5.0000000000000001E-003   1624.8912350205676        1.0000000000000000     
   4.2307692307692307E-003   5.3846153846153844E-003   1625.0035482754861        1.0000000000000000     
   4.2307692307692307E-003   5.7692307692307696E-003   1625.1094078450533        1.0000000000000000     
   4.2307692307692307E-003   6.1538461538461538E-003   1625.2091874172831        1.0000000000000000     
   4.2307692307692307E-003   6.5384615384615381E-003   1625.3032233200440        1.0000000000000000     
   4.2307692307692307E-003   6.9230769230769233E-003   1625.3918084958989        1.0000000000000000     
   4.2307692307692307E-003   7.3076923076923076E-003   1625.4751879292739        1.0000000000000000     
   4.2307692307692307E-003   7.6923076923076927E-003   1625.5535559926493        1.0000000000000000     
   4.2307692307692307E-003   8.0769230769230770E-003   1625.6270563387327        1.0000000000000000     
   4.2307692307692307E-003   8.4615384615384613E-003   1625.6957850267891        1.0000000000000000     
   4.2307692307692307E-003   8.8461538461538456E-003   1625.7597973511445        1.0000000000000000     
   4.2307692307692307E-003   9.2307692307692299E-003   1625.8191181327611        1.0000000000000000     
   4.2307692307692307E-003   9.6153846153846159E-003   1625.8737539879180        1.0000000000000000     

   4.6153846153846149E-003   3.8461538461538462E-004   1622.9318356909671        1.0000000000000000     
   4.6153846153846149E-003   7.6923076923076923E-004   1623.1527062281061        1.0000000000000000     
   4.6153846153846149E-003   1.1538461538461537E-003   1623.3628837826052        1.0000000000000000     
   4.6153846153846149E-003   1.5384615384615385E-003   1623.5625044205474        1.0000000000000000     
   4.6153846153846149E-003   1.9230769230769232E-003   1623.7517685819050        1.0000000000000000     
   4.6153846153846149E-003   2.3076923076923075E-003   1623.9309357544614        1.0000000000000000     
   4.6153846153846149E-003   2.6923076923076922E-003   1624.1003176824995        1.0000000000000000     
   4.6153846153846149E-003   3.0769230769230769E-003   1624.2602703614605        1.0000000000000000     
   4.6153846153846149E-003   3.4615384615384616E-003   1624.4111851023840        1.0000000000000000     
   4.6153846153846149E-003   3.8461538461538464E-003   1624.5534789696212        1.0000000000000000     
   4.6153846153846149E-003   4.2307692307692307E-003   1624.6875848991617        1.0000000000000000     
   4.6153846153846149E-003   4.6153846153846149E-003   1624.8139417942662        1.0000000000000000     
   4.6153846153846149E-003   5.0000000000000001E-003   1624.9329848725197        1.0000000000000000     
   4.6153846153846149E-003   5.3846153846153844E-003   1625.0451365086687        1.0000000000000000     
   4.6153846153846149E-003   5.7692307692307696E-003   1625.1507977871006        1.0000000000000000     
   4.6153846153846149E-003   6.1538461538461538E-003   1625.2503409547810        1.0000000000000000     
   4.6153846153846149E-003   6.5384615384615381E-003   1625.3441029588068        1.0000000000000000     
   4.6153846153846149E-003   6.9230769230769233E-003   1625.4323802698009        1.0000000000000000     
   4.6153846153846149E-003   7.3076923076923076E-003   1625.5154252339998        1.0000000000000000     
   4.6153846153846149E-003   7.6923076923076927E-003   1625.5934442502178        1.0000000000000000     
   4.6153846153846149E-003   8.0769230769230770E-003   1625.6665980960918        1.0000000000000000     
   4.6153846153846149E-003   8.4615384615384613E-003   1625.7350046647136        1.0000000000000000     
   4.6153846153846149E-003   8.8461538461538456E-003   1625.7987441308010        1.0000000000000000     
   4.6153846153846149E-003   9.2307692307692299E-003   1625.8578660816881        1.0000000000000000     
   4.6153846153846149E-003   9.6153846153846159E-003   1625.9123974697761        1.0000000000000000     

   5.0000000000000001E-003   3.8461538461538462E-004   1622.9571347554015        1.0000000000000000     
   5.0000000000000001E-003   7.6923076923076923E-004   1623.1780114644182        1.0000000000000000     
   5.0000000000000001E-003   1.1538461538461537E-003   1623.3881964014797        1.0000000000000000     
   5.0000000000000001E-003   1.5384615384615385E-003   1623.5878245673578        1.0000000000000000     
   5.0000000000000001E-003   1.9230769230769232E-003   1623.7770948289262        1.0000000000000000     
   5.0000000000000001E-003   2.3076923076923075E-003   1623.9562646238858        1.0000000000000000     
   5.0000000000000001E-003   2.6923076923076922E-003   1624.1256432118287        1.0000000000000000     
   5.0000000000000001E-003   3.0769230769230769E-003   1624.2855837246807        1.0000000000000000     
   5.0000000000000001E-003   3.4615384615384616E-003   1624.4364743032850        1.0000000000000000     
   5.0000000000000001E-003   3.8461538461538464E-003   1624.5787286282962        1.0000000000000000     
   5.0000000000000001E-003   4.2307692307692307E-003   1624.7127761596480        1.0000000000000000     
   5.0000000000000001E-003   4.6153846153846149E-003   1624.8390523907976        1.0000000000000000     
   5.0000000000000001E-003   5.0000000000000001E-003   1624.9579894041026        1.0000000000000000     
   5.0000000000000001E-003   5.3846153846153844E-003   1625.0700069857999        1.0000000000000000     
   5.0000000000000001E-003   5.7692307692307696E-003   1625.1755045282343        1.0000000000000000     
   5.0000000000000001E-003   6.1538461538461538E-003   1625.2748539186719        1.0000000000000000     
   5.0000000000000001E-003   6.5384615384615381E-003   1625.3683935936663        1.0000000000000000     
   5.0000000000000001E-003   6.9230769230769233E-003   1625.4564239281005        1.0000000000000000     
   5.0000000000000001E-003   7.3076923076923076E-003   1625.5392041260693        1.0000000000000000     
   5.0000000000000001E-003   7.6923076923076927E-003   1625.6169507745822        1.0000000000000000     
   5.0000000000000001E-003   8.0769230769230770E-003   1625.6898381860690        1.0000000000000000     
   5.0000000000000001E-003   8.4615384615384613E-003   1625.7580005560440        1.0000000000000000     
   5.0000000000000001E-003   8.8461538461538456E-003   1625.8215357625345        1.0000000000000000     
   5.0000000000000001E-003   9.2307692307692299E-003   1625.8805103255329        1.0000000000000000     
   5.0000000000000001E-003   9.6153846153846159E-003   1625.9349646843939        1.0000000000000000     

   5.3846153846153844E-003   3.8461538461538462E-004   1622.9653941172051        1.0000000000000000     
   5.3846153846153844E-003   7.6923076923076923E-004   1623.1862747969669        1.0000000000000000     
   5.3846153846153844E-003   1.1538461538461537E-003   1623.3964657305169        1.0000000000000000     
   5.3846153846153844E-003   1.5384615384615385E-003   1623.5961009301755        1.0000000000000000     
   5.3846153846153844E-003   1.9230769230769232E-003   1623.7853778096437        1.0000000000000000     
   5.3846153846153844E-003   2.3076923076923075E-003   1623.9645519250746        1.0000000000000000     
   5.3846153846153844E-003   2.6923076923076922E-003   1624.1339302758163        1.0000000000000000     
   5.3846153846153844E-003   3.0769230769230769E-003   1624.2938634192417        1.0000000000000000     
   5.3846153846153844E-003   3.4615384615384616E-003   1624.4447366888021        1.0000000000000000     
   5.3846153846153844E-003   3.8461538461538464E-003   1624.5869608268420        1.0000000000000000     
   5.3846153846153844E-003   4.2307692307692307E-003   1624.7209623511992        1.0000000000000000     
   5.3846153846153844E-003   4.6153846153846149E-003   1624.8471739678041        1.0000000000000000     
   5.3846153846153844E-003   5.0000000000000001E-003   1624.9660253224715        1.0000000000000000     
   5.3846153846153844E-003   5.3846153846153844E-003   1625.0779343568938        1.0000000000000000     
   5.3846153846153844E-003   5.7692307692307696E-003   1625.1832995002680        1.0000000000000000     
   5.3846153846153844E-003   6.1538461538461538E-003   1625.2824928929931        1.0000000000000000     
   5.3846153846153844E-003   6.5384615384615381E-003   1625.3758548057783        1.0000000000000000     
   5.3846153846153844E-003   6.9230769230769233E-003   1625.4636893872905        1.0000000000000000     
   5.3846153846153844E-003   7.3076923076923076E-003   1625.5462618433967        1.0000000000000000     
   5.3846153846153844E-003   7.6923076923076927E-003   1625.6237971128480        1.0000000000000000     
   5.3846153846153844E-003   8.0769230769230770E-003   1625.6964800439698        1.0000000000000000     
   5.3846153846153844E-003   8.4615384615384613E-003   1625.7644569778413        1.0000000000000000     
   5.3846153846153844E-003   8.8461538461538456E-003   1625.8278384947146        1.0000000000000000     
   5.3846153846153844E-003   9.2307692307692299E-003   1625.8867028908198        1.0000000000000000     
   5.3846153846153844E-003   9.6153846153846159E-003   1625.9410997657722        1.0000000000000000     

   5.7692307692307696E-003   3.8461538461538462E-004   1622.9563021036206        1.0000000000000000     
   5.7692307692307696E-003   7.6923076923076923E-004   1623.1771844124899        1.0000000000000000     
   5.7692307692307696E-003   1.1538461538461537E-003   1623.3873797326523        1.0000000000000000     
   5.7692307692307696E-003   1.5384615384615385E-003   1623.5870211695408        1.0000000000000000     
   5.7692307692307696E-003   1.9230769230769232E-003   1623.7763048087375        1.0000000000000000     
   5.7692307692307696E-003   2.3076923076923075E-003   1623.9554844966128        1.0000000000000000     
   5.7692307692307696E-003   2.6923076923076922E-003   1624.1248651945693        1.0000000000000000     
   5.7692307692307696E-003   3.0769230769230769E-003   1624.2847951623548        1.0000000000000000     
   5.7692307692307696E-003   3.4615384615384616E-003   1624.4356572610238        1.0000000000000000     
   5.7692307692307696E-003   3.8461538461538464E-003   1624.5778596892087        1.0000000000000000     
   5.7692307692307696E-003   4.2307692307692307E-003   1624.7118264744147        1.0000000000000000     
   5.7692307692307696E-003   4.6153846153846149E-003   1624.8379880345988        1.0000000000000000     
   5.7692307692307696E-003   5.0000000000000001E-003   1624.9567721060157        1.0000000000000000     
   5.7692307692307696E-003   5.3846153846153844E-003   1625.0685953036939        1.0000000000000000     
   5.7692307692307696E-003   5.7692307692307696E-003   1625.1738555438560        1.0000000000000000     
   5.7692307692307696E-003   6.1538461538461538E-003   1625.2729255163943        1.0000000000000000     
   5.7692307692307696E-003   6.5384615384615381E-003   1625.3661473523778        1.0000000000000000     
   5.7692307692307696E-003   6.9230769230769233E-003   1625.4538285875203        1.0000000000000000     
   5.7692307692307696E-003   7.3076923076923076E-003   1625.5362394759979        1.0000000000000000     
   5.7692307692307696E-003   7.6923076923076927E-003   1625.6136116556102        1.0000000000000000     
   5.7692307692307696E-003   8.0769230769230770E-003   1625.6861380984788        1.0000000000000000     
   5.7692307692307696E-003   8.4615384615384613E-003   1625.7539741952435        1.0000000000000000     
   5.7692307692307696E-003   8.8461538461538456E-003   1625.8172397144506        1.0000000000000000     
   5.7692307692307696E-003   9.2307692307692299E-003   1625.8760212644727        1.0000000000000000     
   5.7692307692307696E-003   9.6153846153846159E-003   1625.9303747917186        1.0000000000000000     

   6.1538461538461538E-003   3.8461538461538462E-004   1622.9294614446662        1.0000000000000000     
   6.1538461538461538E-003   7.6923076923076923E-004   1623.1503428548688        1.0000000000000000     
   6.1538461538461538E-003   1.1538461538461537E-003   1623.3605406503468        1.0000000000000000     
   6.1538461538461538E-003   1.5384615384615385E-003   1623.5601871132283        1.0000000000000000     
   6.1538461538461538E-003   1.9230769230769232E-003   1623.7494771273894        1.0000000000000000     
   6.1538461538461538E-003   2.3076923076923075E-003   1623.9286629997116        1.0000000000000000     
   6.1538461538461538E-003   2.6923076923076922E-003   1624.0980478688070        1.0000000000000000     
   6.1538461538461538E-003   3.0769230769230769E-003   1624.2579779571674        1.0000000000000000     
   6.1538461538461538E-003   3.4615384615384616E-003   1624.4088339579855        1.0000000000000000     
   6.1538461538461538E-003   3.8461538461538464E-003   1624.5510218712620        1.0000000000000000     
   6.1538461538461538E-003   4.2307692307692307E-003   1624.6849636119211        1.0000000000000000     
   6.1538461538461538E-003   4.6153846153846149E-003   1624.8110877060014        1.0000000000000000     
   6.1538461538461538E-003   5.0000000000000001E-003   1624.9298203709454        1.0000000000000000     
   6.1538461538461538E-003   5.3846153846153844E-003   1625.0415772445190        1.0000000000000000     
   6.1538461538461538E-003   5.7692307692307696E-003   1625.1467559866401        1.0000000000000000     
   6.1538461538461538E-003   6.1538461538461538E-003   1625.2457299321634        1.0000000000000000     
   6.1538461538461538E-003   6.5384615384615381E-003   1625.3388429223676        1.0000000000000000     
   6.1538461538461538E-003   6.9230769230769233E-003   1625.4264053902837        1.0000000000000000     
   6.1538461538461538E-003   7.3076923076923076E-003   1625.5086917196816        1.0000000000000000     
   6.1538461538461538E-003   7.6923076923076927E-003   1625.5859388383524        1.0000000000000000     
   6.1538461538461538E-003   8.0769230769230770E-003   1625.6583459412486        1.0000000000000000     
   6.1538461538461538E-003   8.4615384615384613E-003   1625.7260751673218        1.0000000000000000     
   6.1538461538461538E-003   8.8461538461538456E-003   1625.7892529788589        1.0000000000000000     
   6.1538461538461538E-003   9.2307692307692299E-003   1625.8479719237907        1.0000000000000000     
   6.1538461538461538E-003   9.6153846153846159E-003   1625.9022924180526        1.0000000000000000     

   6.5384615384615381E-003   3.8461538461538462E-004   1622.8844020059767        1.0000000000000000     
   6.5384615384615381E-003   7.6923076923076923E-004   1623.1052797678565        1.0000000000000000     
   6.5384615384615381E-003   1.1538461538461537E-003   1623.3154777662696        1.0000000000000000     
   6.5384615384615381E-003   1.5384615384615385E-003   1623.5151275439341        1.0000000000000000     
   6.5384615384615381E-003   1.9230769230769232E-003   1623.7044229084379        1.0000000000000000     
   6.5384615384615381E-003   2.3076923076923075E-003   1623.8836147934305        1.0000000000000000     
   6.5384615384615381E-003   2.6923076923076922E-003   1624.0530047204741        1.0000000000000000     
   6.5384615384615381E-003   3.0769230769230769E-003   1624.2129371175261        1.0000000000000000     
   6.5384615384615381E-003   3.4615384615384616E-003   1624.3637907853454        1.0000000000000000     
   6.5384615384615381E-003   3.8461538461538464E-003   1624.5059698263931        1.0000000000000000     
   6.5384615384615381E-003   4.2307692307692307E-003   1624.6398943587606        1.0000000000000000     
   6.5384615384615381E-003   4.6153846153846149E-003   1624.7659913304867        1.0000000000000000     
   6.5384615384615381E-003   5.0000000000000001E-003   1624.8846857285948        1.0000000000000000     
   6.5384615384615381E-003   5.3846153846153844E-003   1624.9963924439189        1.0000000000000000     
   6.5384615384615381E-003   5.7692307692307696E-003   1625.1015090099813        1.0000000000000000     
   6.5384615384615381E-003   6.1538461538461538E-003   1625.2004093840708        1.0000000000000000     
   6.5384615384615381E-003   6.5384615384615381E-003   1625.2934388838855        1.0000000000000000     
   6.5384615384615381E-003   6.9230769230769233E-003   1625.3809103354488        1.0000000000000000     
   6.5384615384615381E-003   7.3076923076923076E-003   1625.4631014287213        1.0000000000000000     
   6.5384615384615381E-003   7.6923076923076927E-003   1625.5402532171101        1.0000000000000000     
   6.5384615384615381E-003   8.0769230769230770E-003   1625.6125696365245        1.0000000000000000     
   6.5384615384615381E-003   8.4615384615384613E-003   1625.6802178605365        1.0000000000000000     
   6.5384615384615381E-003   8.8461538461538456E-003   1625.7433292545982        1.0000000000000000     
   6.5384615384615381E-003   9.2307692307692299E-003   1625.8020006517277        1.0000000000000000     
   6.5384615384615381E-003   9.6153846153846159E-003   1625.8562956556555        1.0000000000000000     

   6.9230769230769233E-003   3.8461538461538462E-004   1622.8205985034849        1.0000000000000000     
   6.9230769230769233E-003   7.6923076923076923E-004   1623.0414696210321        1.0000000000000000     
   6.9230769230769233E-003   1.1538461538461537E-003   1623.2516651491014        1.0000000000000000     
   6.9230769230769233E-003   1.5384615384615385E-003   1623.4513159742100        1.0000000000000000     
   6.9230769230769233E-003   1.9230769230769232E-003   1623.6406149508900        1.0000000000000000     
   6.9230769230769233E-003   2.3076923076923075E-003   1623.8198118007376        1.0000000000000000     
   6.9230769230769233E-003   2.6923076923076922E-003   1623.9892066242414        1.0000000000000000     
   6.9230769230769233E-003   3.0769230769230769E-003   1624.1491422810436        1.0000000000000000     
   6.9230769230769233E-003   3.4615384615384616E-003   1624.2999959294359        1.0000000000000000     
   6.9230769230769233E-003   3.8461538461538464E-003   1624.4421700389623        1.0000000000000000     
   6.9230769230769233E-003   4.2307692307692307E-003   1624.5760831976577        1.0000000000000000     
   6.9230769230769233E-003   4.6153846153846149E-003   1624.7021610276636        1.0000000000000000     
   6.9230769230769233E-003   5.0000000000000001E-003   1624.8208275009515        1.0000000000000000     
   6.9230769230769233E-003   5.3846153846153844E-003   1624.9324969122072        1.0000000000000000     
   6.9230769230769233E-003   5.7692307692307696E-003   1625.0375667210978        1.0000000000000000     
   6.9230769230769233E-003   6.1538461538461538E-003   1625.1364114234461        1.0000000000000000     
   6.9230769230769233E-003   6.5384615384615381E-003   1625.2293775533442        1.0000000000000000     
   6.9230769230769233E-003   6.9230769230769233E-003   1625.3167798579539        1.0000000000000000     
   6.9230769230769233E-003   7.3076923076923076E-003   1625.3988986261145        1.0000000000000000     
   6.9230769230769233E-003   7.6923076923076927E-003   1625.4759780928050        1.0000000000000000     
   6.9230769230769233E-003   8.0769230769230770E-003   1625.5482257858785        1.0000000000000000     
   6.9230769230769233E-003   8.4615384615384613E-003   1625.6158126321077        1.0000000000000000     
   6.9230769230769233E-003   8.8461538461538456E-003   1625.6788736003227        1.0000000000000000     
   6.9230769230769233E-003   9.2307692307692299E-003   1625.7375086355050        1.0000000000000000     
   6.9230769230769233E-003   9.6153846153846159E-003   1625.7917836358361        1.0000000000000000     

   7.3076923076923076E-003   3.8461538461538462E-004   1622.7374922735678        1.0000000000000000     
   7.3076923076923076E-003   7.6923076923076923E-004   1622.9583534920066        1.0000000000000000     
   7.3076923076923076E-003   1.1538461538461537E-003   1623.1685434562937        1.0000000000000000     
   7.3076923076923076E-003   1.5384615384615385E-003   1623.3681924788470        1.0000000000000000     
   7.3076923076923076E-003   1.9230769230769232E-003   1623.5574925817989        1.0000000000000000     
   7.3076923076923076E-003   2.3076923076923075E-003   1623.7366924307707        1.0000000000000000     
   7.3076923076923076E-003   2.6923076923076922E-003   1623.9060908922474        1.0000000000000000     
   7.3076923076923076E-003   3.0769230769230769E-003   1624.0660294696252        1.0000000000000000     
   7.3076923076923076E-003   3.4615384615384616E-003   1624.2168839079000        1.0000000000000000     
   7.3076923076923076E-003   3.8461538461538464E-003   1624.3590552798066        1.0000000000000000     
   7.3076923076923076E-003   4.2307692307692307E-003   1624.4929608734144        1.0000000000000000     
   7.3076923076923076E-003   4.6153846153846149E-003   1624.6190251928906        1.0000000000000000     
   7.3076923076923076E-003   5.0000000000000001E-003   1624.7376713612382        1.0000000000000000     
   7.3076923076923076E-003   5.3846153846153844E-003   1624.8493131780772        1.0000000000000000     
   7.3076923076923076E-003   5.7692307692307696E-003   1624.9543480392113        1.0000000000000000     
   7.3076923076923076E-003   6.1538461538461538E-003   1625.0531508705187        1.0000000000000000     
   7.3076923076923076E-003   6.5384615384615381E-003   1625.1460691695449        1.0000000000000000     
   7.3076923076923076E-003   6.9230769230769233E-003   1625.2334191868847        1.0000000000000000     
   7.3076923076923076E-003   7.3076923076923076E-003   1625.3154832188006        1.0000000000000000     
   7.3076923076923076E-003   7.6923076923076927E-003   1625.3925079253247        1.0000000000000000     
   7.3076923076923076E-003   8.0769230769230770E-003   1625.4647035367821        1.0000000000000000     
   7.3076923076923076E-003   8.4615384615384613E-003   1625.5322437694617        1.0000000000000000     
   7.3076923076923076E-003   8.8461538461538456E-003   1625.5952662412590        1.0000000000000000     
   7.3076923076923076E-003   9.2307692307692299E-003   1625.6538731641158        1.0000000000000000     
   7.3076923076923076E-003   9.6153846153846159E-003   1625.7081320961281        1.0000000000000000     

   7.6923076923076927E-003   3.8461538461538462E-004   1622.6345159091247        1.0000000000000000     
   7.6923076923076927E-003   7.6923076923076923E-004   1622.8553637147133        1.0000000000000000     
   7.6923076923076927E-003   1.1538461538461537E-003   1623.0655446026797        1.0000000000000000     
   7.6923076923076927E-003   1.5384615384615385E-003   1623.2651883922456        1.0000000000000000     
   7.6923076923076927E-003   1.9230769230769232E-003   1623.4544863913382        1.0000000000000000     
   7.6923076923076927E-003   2.3076923076923075E-003   1623.6336863611903        1.0000000000000000     
   7.6923076923076927E-003   2.6923076923076922E-003   1623.8030861139137        1.0000000000000000     
   7.6923076923076927E-003   3.0769230769230769E-003   1623.9630259974035        1.0000000000000000     
   7.6923076923076927E-003   3.4615384615384616E-003   1624.1138805565440        1.0000000000000000     
   7.6923076923076927E-003   3.8461538461538464E-003   1624.2560496822366        1.0000000000000000     
   7.6923076923076927E-003   4.2307692307692307E-003   1624.3899495666026        1.0000000000000000     
   7.6923076923076927E-003   4.6153846153846149E-003   1624.5160037738851        1.0000000000000000     
   7.6923076923076927E-003   5.0000000000000001E-003   1624.6346347130448        1.0000000000000000     
   7.6923076923076927E-003   5.3846153846153844E-003   1624.7462557614488        1.0000000000000000     
   7.6923076923076927E-003   5.7692307692307696E-003   1624.8512642418277        1.0000000000000000     
   7.6923076923076927E-003   6.1538461538461538E-003   1624.9500353995031        1.0000000000000000     
   7.6923076923076927E-003   6.5384615384615381E-003   1625.0429174669659        1.0000000000000000     
   7.6923076923076927E-003   6.9230769230769233E-003   1625.1302278413284        1.0000000000000000     
   7.6923076923076927E-003   7.3076923076923076E-003   1625.2122503402152        1.0000000000000000     
   7.6923076923076927E-003   7.6923076923076927E-003   1625.2892334462558        1.0000000000000000     
   7.6923076923076927E-003   8.0769230769230770E-003   1625.3613894026664        1.0000000000000000     
   7.6923076923076927E-003   8.4615384615384613E-003   1625.4288939851551        1.0000000000000000     
   7.6923076923076927E-003   8.8461538461538456E-003   1625.4918867515471        1.0000000000000000     
   7.6923076923076927E-003   9.2307692307692299E-003   1625.5504715625304        1.0000000000000000     
   7.6923076923076927E-003   9.6153846153846159E-003   1625.6047171771513        1.0000000000000000     

   8.0769230769230770E-003   3.8461538461538462E-004   1622.5111193805922        1.0000000000000000     
   8.0769230769230770E-003   7.6923076923076923E-004   1622.7319500122776        1.0000000000000000     
   8.0769230769230770E-003   1.1538461538461537E-003   1622.9421179125732        1.0000000000000000     
   8.0769230769230770E-003   1.5384615384615385E-003   1623.1417524873509        1.0000000000000000     
   8.0769230769230770E-003   1.9230769230769232E-003   1623.3310444464498        1.0000000000000000     
   8.0769230769230770E-003   2.3076923076923075E-003   1623.5102407946761        1.0000000000000000     
   8.0769230769230770E-003   2.6923076923076922E-003   1623.6796384636273        1.0000000000000000     
   8.0769230769230770E-003   3.0769230769230769E-003   1623.8395768379376        1.0000000000000000     
   8.0769230769230770E-003   3.4615384615384616E-003   1623.9904294639250        1.0000000000000000     
   8.0769230769230770E-003   3.8461538461538464E-003   1624.1325952508114        1.0000000000000000     
   8.0769230769230770E-003   4.2307692307692307E-003   1624.2664894812624        1.0000000000000000     
   8.0769230769230770E-003   4.6153846153846149E-003   1624.3925349387166        1.0000000000000000     
   8.0769230769230770E-003   5.0000000000000001E-003   1624.5111534349523        1.0000000000000000     
   8.0769230769230770E-003   5.3846153846153844E-003   1624.6227579842059        1.0000000000000000     
   8.0769230769230770E-003   5.7692307692307696E-003   1624.7277458223159        1.0000000000000000     
   8.0769230769230770E-003   6.1538461538461538E-003   1624.8264924137127        1.0000000000000000     
   8.0769230769230770E-003   6.5384615384615381E-003   1624.9193465288492        1.0000000000000000     
   8.0769230769230770E-003   6.9230769230769233E-003   1625.0066264132872        1.0000000000000000     
   8.0769230769230770E-003   7.3076923076923076E-003   1625.0886170104432        1.0000000000000000     
   8.0769230769230770E-003   7.6923076923076927E-003   1625.1655681463699        1.0000000000000000     
   8.0769230769230770E-003   8.0769230769230770E-003   1625.2376935398397        1.0000000000000000     
   8.0769230769230770E-003   8.4615384615384613E-003   1625.3051704672789        1.0000000000000000     
   8.0769230769230770E-003   8.8461538461538456E-003   1625.3681398921481        1.0000000000000000     
   8.0769230769230770E-003   9.2307692307692299E-003   1625.4267068639028        1.0000000000000000     
   8.0769230769230770E-003   9.6153846153846159E-003   1625.4809410042092        1.0000000000000000     

   8.4615384615384613E-003   3.8461538461538462E-004   1622.3667961535109        1.0000000000000000     
   8.4615384615384613E-003   7.6923076923076923E-004   1622.5876056255968        1.0000000000000000     
   8.4615384615384613E-003   1.1538461538461537E-003   1622.7977562658750        1.0000000000000000     
   8.4615384615384613E-003   1.5384615384615385E-003   1622.9973771458710        1.0000000000000000     
   8.4615384615384613E-003   1.9230769230769232E-003   1623.1866584918694        1.0000000000000000     
   8.4615384615384613E-003   2.3076923076923075E-003   1623.3658466975110        1.0000000000000000     
   8.4615384615384613E-003   2.6923076923076922E-003   1623.5352379835269        1.0000000000000000     
   8.4615384615384613E-003   3.0769230769230769E-003   1623.6951709575262        1.0000000000000000     
   8.4615384615384613E-003   3.4615384615384616E-003   1623.8460183608086        1.0000000000000000     
   8.4615384615384613E-003   3.8461538461538464E-003   1623.9881783112523        1.0000000000000000     
   8.4615384615384613E-003   4.2307692307692307E-003   1624.1220653575119        1.0000000000000000     
   8.4615384615384613E-003   4.6153846153846149E-003   1624.2481016502677        1.0000000000000000     
   8.4615384615384613E-003   5.0000000000000001E-003   1624.3667085118116        1.0000000000000000     
   8.4615384615384613E-003   5.3846153846153844E-003   1624.4782986478458        1.0000000000000000     
   8.4615384615384613E-003   5.7692307692307696E-003   1624.5832691971148        1.0000000000000000     
   8.4615384615384613E-003   6.1538461538461538E-003   1624.6819957586258        1.0000000000000000     
   8.4615384615384613E-003   6.5384615384615381E-003   1624.7748274759979        1.0000000000000000     
   8.4615384615384613E-003   6.9230769230769233E-003   1624.8620831973087        1.0000000000000000     
   8.4615384615384613E-003   7.3076923076923076E-003   1624.9440486704909        1.0000000000000000     
   8.4615384615384613E-003   7.6923076923076927E-003   1625.0209746819469        1.0000000000000000     
   8.4615384615384613E-003   8.0769230769230770E-003   1625.0930760029128        1.0000000000000000     
   8.4615384615384613E-003   8.4615384615384613E-003   1625.1605309767269        1.0000000000000000     
   8.4615384615384613E-003   8.8461538461538456E-003   1625.2234815626541        1.0000000000000000     
   8.4615384615384613E-003   9.2307692307692299E-003   1625.2820336496191        1.0000000000000000     
   8.4615384615384613E-003   9.6153846153846159E-003   1625.3362574668949        1.0000000000000000     

   8.8461538461538456E-003   3.8461538461538462E-004   1622.2011077977661        1.0000000000000000     
   8.8461538461538456E-003   7.6923076923076923E-004   1622.4218919323771        1.0000000000000000     
   8.8461538461538456E-003   1.1538461538461537E-003   1622.6320207323975        1.0000000000000000     
   8.8461538461538456E-003   1.5384615384615385E-003   1622.8316230134110        1.0000000000000000     
   8.8461538461538456E-003   1.9230769230769232E-003   1623.0208886315570        1.0000000000000000     
   8.8461538461538456E-003   2.3076923076923075E-003   1623.2000635126997        1.0000000000000000     
   8.8461538461538456E-003   2.6923076923076922E-003   1623.3694433335083        1.0000000000000000     
   8.8461538461538456E-003   3.0769230769230769E-003   1623.5293661067876        1.0000000000000000     
   8.8461538461538456E-003   3.4615384615384616E-003   1623.6802039572099        1.0000000000000000     
   8.8461538461538456E-003   3.8461538461538464E-003   1623.8223543955362        1.0000000000000000     
   8.8461538461538456E-003   4.2307692307692307E-003   1623.9562314054067        1.0000000000000000     
   8.8461538461538456E-003   4.6153846153846149E-003   1624.0822566469735        1.0000000000000000     
   8.8461538461538456E-003   5.0000000000000001E-003   1624.2008510571115        1.0000000000000000     
   8.8461538461538456E-003   5.3846153846153844E-003   1624.3124270881790        1.0000000000000000     
   8.8461538461538456E-003   5.7692307692307696E-003   1624.4173817789031        1.0000000000000000     
   8.8461538461538456E-003   6.1538461538461538E-003   1624.5160907950872        1.0000000000000000     
   8.8461538461538456E-003   6.5384615384615381E-003   1624.6089035175412        1.0000000000000000     
   8.8461538461538456E-003   6.9230769230769233E-003   1624.6961391939647        1.0000000000000000     
   8.8461538461538456E-003   7.3076923076923076E-003   1624.7780841136830        1.0000000000000000     
   8.8461538461538456E-003   7.6923076923076927E-003   1624.8549897128230        1.0000000000000000     
   8.8461538461538456E-003   8.0769230769230770E-003   1624.9270714756512        1.0000000000000000     
   8.8461538461538456E-003   8.4615384615384613E-003   1624.9945084679568        1.0000000000000000     
   8.8461538461538456E-003   8.8461538461538456E-003   1625.0574433224244        1.0000000000000000     
   8.8461538461538456E-003   9.2307692307692299E-003   1625.1159824948054        1.0000000000000000     
   8.8461538461538456E-003   9.6153846153846159E-003   1625.1701966240928        1.0000000000000000     

   9.2307692307692299E-003   3.8461538461538462E-004   1622.0137056594713        1.0000000000000000     
   9.2307692307692299E-003   7.6923076923076923E-004   1622.2344601272393        1.0000000000000000     
   9.2307692307692299E-003   1.1538461538461537E-003   1622.4445622646299        1.0000000000000000     
   9.2307692307692299E-003   1.5384615384615385E-003   1622.6441407092950        1.0000000000000000     
   9.2307692307692299E-003   1.9230769230769232E-003   1622.8333850599086        1.0000000000000000     
   9.2307692307692299E-003   2.3076923076923075E-003   1623.0125409167495        1.0000000000000000     
   9.2307692307692299E-003   2.6923076923076922E-003   1623.1819035774226        1.0000000000000000     
   9.2307692307692299E-003   3.0769230769230769E-003   1623.3418106396698        1.0000000000000000     
   9.2307692307692299E-003   3.4615384615384616E-003   1623.4926337968031        1.0000000000000000     
   9.2307692307692299E-003   3.8461538461538464E-003   1623.6347701331931        1.0000000000000000     
   9.2307692307692299E-003   4.2307692307692307E-003   1623.7686332329986        1.0000000000000000     
   9.2307692307692299E-003   4.6153846153846149E-003   1623.8946444054875        1.0000000000000000     
   9.2307692307692299E-003   5.0000000000000001E-003   1624.0132243055468        1.0000000000000000     
   9.2307692307692299E-003   5.3846153846153844E-003   1624.1247851901148        1.0000000000000000     
   9.2307692307692299E-003   5.7692307692307696E-003   1624.2297240028090        1.0000000000000000     
   9.2307692307692299E-003   6.1538461538461538E-003   1624.3284164230790        1.0000000000000000     
   9.2307692307692299E-003   6.5384615384615381E-003   1624.4212119560837        1.0000000000000000     
   9.2307692307692299E-003   6.9230769230769233E-003   1624.5084300789915        1.0000000000000000     
   9.2307692307692299E-003   7.3076923076923076E-003   1624.5903574020913        1.0000000000000000     
   9.2307692307692299E-003   7.6923076923076927E-003   1624.6672457523537        1.0000000000000000     
   9.2307692307692299E-003   8.0769230769230770E-003   1624.7393110461071        1.0000000000000000     
   9.2307692307692299E-003   8.4615384615384613E-003   1624.8067327885251        1.0000000000000000     
   9.2307692307692299E-003   8.8461538461538456E-003   1624.8696540225510        1.0000000000000000     
   9.2307692307692299E-003   9.2307692307692299E-003   1624.9281815495028        1.0000000000000000     
   9.2307692307692299E-003   9.6153846153846159E-003   1624.9823862581982        1.0000000000000000     

   9.6153846153846159E-003   3.8461538461538462E-004   1621.8043483271317        1.0000000000000000     
   9.6153846153846159E-003   7.6923076923076923E-004   1622.0250686943084        1.0000000000000000     
   9.6153846153846159E-003   1.1538461538461537E-003   1622.2351391800776        1.0000000000000000     
   9.6153846153846159E-003   1.5384615384615385E-003   1622.4346883219346        1.0000000000000000     
   9.6153846153846159E-003   1.9230769230769232E-003   1622.6239055733579        1.0000000000000000     
   9.6153846153846159E-003   2.3076923076923075E-003   1622.8030363505252        1.0000000000000000     
   9.6153846153846159E-003   2.6923076923076922E-003   1622.9723757359457        1.0000000000000000     
   9.6153846153846159E-003   3.0769230769230769E-003   1623.1322610906329        1.0000000000000000     
   9.6153846153846159E-003   3.4615384615384616E-003   1623.2830638601172        1.0000000000000000     
   9.6153846153846159E-003   3.8461538461538464E-003   1623.4251808812528        1.0000000000000000     
   9.6153846153846159E-003   4.2307692307692307E-003   1623.5590255026229        1.0000000000000000     
   9.6153846153846159E-003   4.6153846153846149E-003   1623.6850188213446        1.0000000000000000     
   9.6153846153846159E-003   5.0000000000000001E-003   1623.8035813142687        1.0000000000000000     
   9.6153846153846159E-003   5.3846153846153844E-003   1623.9151251037204        1.0000000000000000     
   9.6153846153846159E-003   5.7692307692307696E-003   1624.0200470493480        1.0000000000000000     
   9.6153846153846159E-003   6.1538461538461538E-003   1624.1187228017868        1.0000000000000000     
   9.6153846153846159E-003   6.5384615384615381E-003   1624.2115018937134        1.0000000000000000     
   9.6153846153846159E-003   6.9230769230769233E-003   1624.2987038835906        1.0000000000000000     
   9.6153846153846159E-003   7.3076923076923076E-003   1624.3806155101952        1.0000000000000000     
   9.6153846153846159E-003   7.6923076923076927E-003   1624.4574887657441        1.0000000000000000     
   9.6153846153846159E-003   8.0769230769230770E-003   1624.5295397547204        1.0000000000000000     
   9.6153846153846159E-003   8.4615384615384613E-003   1624.5969481770233        1.0000000000000000     
   9.6153846153846159E-003   8.8461538461538456E-003   1624.6598572594173        1.0000000000000000     
   9.6153846153846159E-003   9.2307692307692299E-003   1624.7183739591137        1.0000000000000000     
   9.6153846153846159E-003   9.6153846153846159E-003   1624.7725692781230        1.0000000000000000     

