   3.8461538461538462E-004   3.8461538461538462E-004   882.35967360084214        1.0000000000000000     
   3.8461538461538462E-004   7.6923076923076923E-004   882.35482922267624        1.0000000000000000     
   3.8461538461538462E-004   1.1538461538461537E-003   882.35055481897029        1.0000000000000000     
   3.8461538461538462E-004   1.5384615384615385E-003   882.34684502390155        1.0000000000000000     
   3.8461538461538462E-004   1.9230769230769232E-003   882.34336386029361        1.0000000000000000     
   3.8461538461538462E-004   2.3076923076923075E-003   882.34026377101634        1.0000000000000000     
   3.8461538461538462E-004   2.6923076923076922E-003   882.33753050635835        1.0000000000000000     
   3.8461538461538462E-004   3.0769230769230769E-003   882.33522278075327        1.0000000000000000     
   3.8461538461538462E-004   3.4615384615384616E-003   882.33333662714301        1.0000000000000000     
   3.8461538461538462E-004   3.8461538461538464E-003   882.33187078065487        1.0000000000000000     
   3.8461538461538462E-004   4.2307692307692307E-003   882.33082434187475        1.0000000000000000     
   3.8461538461538462E-004   4.6153846153846149E-003   882.33019670882595        1.0000000000000000     
   3.8461538461538462E-004   5.0000000000000001E-003   882.32998753545405        1.0000000000000000     
   3.8461538461538462E-004   5.3846153846153844E-003   882.33019670882572        1.0000000000000000     
   3.8461538461538462E-004   5.7692307692307696E-003   882.33082434187475        1.0000000000000000     
   3.8461538461538462E-004   6.1538461538461538E-003   882.33187078065453        1.0000000000000000     
   3.8461538461538462E-004   6.5384615384615381E-003   882.33333662714301        1.0000000000000000     
   3.8461538461538462E-004   6.9230769230769233E-003   882.33522278075327        1.0000000000000000     
   3.8461538461538462E-004   7.3076923076923076E-003   882.33753050635835        1.0000000000000000     
   3.8461538461538462E-004   7.6923076923076927E-003   882.34026377101623        1.0000000000000000     
   3.8461538461538462E-004   8.0769230769230770E-003   882.34336386029338        1.0000000000000000     
   3.8461538461538462E-004   8.4615384615384613E-003   882.34684502390155        1.0000000000000000     
   3.8461538461538462E-004   8.8461538461538456E-003   882.35055481897018        1.0000000000000000     
   3.8461538461538462E-004   9.2307692307692299E-003   882.35482922267568        1.0000000000000000     
   3.8461538461538462E-004   9.6153846153846159E-003   882.35967360084226        1.0000000000000000     

   7.6923076923076923E-004   3.8461538461538462E-004   914.59392779293273        1.0000000000000000     
   7.6923076923076923E-004   7.6923076923076923E-004   914.58465612452403        1.0000000000000000     
   7.6923076923076923E-004   1.1538461538461537E-003   914.57629226477241        1.0000000000000000     
   7.6923076923076923E-004   1.5384615384615385E-003   914.56848539344674        1.0000000000000000     
   7.6923076923076923E-004   1.9230769230769232E-003   914.56175843004246        1.0000000000000000     
   7.6923076923076923E-004   2.3076923076923075E-003   914.55550754644116        1.0000000000000000     
   7.6923076923076923E-004   2.6923076923076922E-003   914.55005754150250        1.0000000000000000     
   7.6923076923076923E-004   3.0769230769230769E-003   914.54545396922651        1.0000000000000000     
   7.6923076923076923E-004   3.4615384615384616E-003   914.54169122290637        1.0000000000000000     
   7.6923076923076923E-004   3.8461538461538464E-003   914.53876688186017        1.0000000000000000     
   7.6923076923076923E-004   4.2307692307692307E-003   914.53667921474073        1.0000000000000000     
   7.6923076923076923E-004   4.6153846153846149E-003   914.53542705964207        1.0000000000000000     
   7.6923076923076923E-004   5.0000000000000001E-003   914.53500974745418        1.0000000000000000     
   7.6923076923076923E-004   5.3846153846153844E-003   914.53542705964185        1.0000000000000000     
   7.6923076923076923E-004   5.7692307692307696E-003   914.53667921473993        1.0000000000000000     
   7.6923076923076923E-004   6.1538461538461538E-003   914.53876688185926        1.0000000000000000     
   7.6923076923076923E-004   6.5384615384615381E-003   914.54169122290580        1.0000000000000000     
   7.6923076923076923E-004   6.9230769230769233E-003   914.54545396922617        1.0000000000000000     
   7.6923076923076923E-004   7.3076923076923076E-003   914.55005754150250        1.0000000000000000     
   7.6923076923076923E-004   7.6923076923076927E-003   914.55550754644128        1.0000000000000000     
   7.6923076923076923E-004   8.0769230769230770E-003   914.56175843004223        1.0000000000000000     
   7.6923076923076923E-004   8.4615384615384613E-003   914.56848539344685        1.0000000000000000     
   7.6923076923076923E-004   8.8461538461538456E-003   914.57629226477206        1.0000000000000000     
   7.6923076923076923E-004   9.2307692307692299E-003   914.58465612452369        1.0000000000000000     
   7.6923076923076923E-004   9.6153846153846159E-003   914.59392779293296        1.0000000000000000     

   1.1538461538461537E-003   3.8461538461538462E-004   946.57871947969102        1.0000000000000000     
   1.1538461538461537E-003   7.6923076923076923E-004   946.56498737624827        1.0000000000000000     
   1.1538461538461537E-003   1.1538461538461537E-003   946.55194219853820        1.0000000000000000     
   1.1538461538461537E-003   1.5384615384615385E-003   946.54084019840400        1.0000000000000000     
   1.1538461538461537E-003   1.9230769230769232E-003   946.53056880897202        1.0000000000000000     
   1.1538461538461537E-003   2.3076923076923075E-003   946.52121345233536        1.0000000000000000     
   1.1538461538461537E-003   2.6923076923076922E-003   946.51307499440804        1.0000000000000000     
   1.1538461538461537E-003   3.0769230769230769E-003   946.50619905374379        1.0000000000000000     
   1.1538461538461537E-003   3.4615384615384616E-003   946.50057865213410        1.0000000000000000     
   1.1538461538461537E-003   3.8461538461538464E-003   946.49621039216072        1.0000000000000000     
   1.1538461538461537E-003   4.2307692307692307E-003   946.49309183251899        1.0000000000000000     
   1.1538461538461537E-003   4.6153846153846149E-003   946.49122132851858        1.0000000000000000     
   1.1538461538461537E-003   5.0000000000000001E-003   946.49059793068318        1.0000000000000000     
   1.1538461538461537E-003   5.3846153846153844E-003   946.49122132851858        1.0000000000000000     
   1.1538461538461537E-003   5.7692307692307696E-003   946.49309183251842        1.0000000000000000     
   1.1538461538461537E-003   6.1538461538461538E-003   946.49621039216026        1.0000000000000000     
   1.1538461538461537E-003   6.5384615384615381E-003   946.50057865213330        1.0000000000000000     
   1.1538461538461537E-003   6.9230769230769233E-003   946.50619905374344        1.0000000000000000     
   1.1538461538461537E-003   7.3076923076923076E-003   946.51307499440793        1.0000000000000000     
   1.1538461538461537E-003   7.6923076923076927E-003   946.52121345233536        1.0000000000000000     
   1.1538461538461537E-003   8.0769230769230770E-003   946.53056880897202        1.0000000000000000     
   1.1538461538461537E-003   8.4615384615384613E-003   946.54084019840366        1.0000000000000000     
   1.1538461538461537E-003   8.8461538461538456E-003   946.55194219853740        1.0000000000000000     
   1.1538461538461537E-003   9.2307692307692299E-003   946.56498737624804        1.0000000000000000     
   1.1538461538461537E-003   9.6153846153846159E-003   946.57871947969136        1.0000000000000000     

   1.5384615384615385E-003   3.8461538461538462E-004   978.19063349945202        1.0000000000000000     
   1.5384615384615385E-003   7.6923076923076923E-004   978.17205377831181        1.0000000000000000     
   1.5384615384615385E-003   1.1538461538461537E-003   978.15535465122150        1.0000000000000000     
   1.5384615384615385E-003   1.5384615384615385E-003   978.14035244775698        1.0000000000000000     
   1.5384615384615385E-003   1.9230769230769232E-003   978.12662539366136        1.0000000000000000     
   1.5384615384615385E-003   2.3076923076923075E-003   978.11421454475226        1.0000000000000000     
   1.5384615384615385E-003   2.6923076923076922E-003   978.10342924341273        1.0000000000000000     
   1.5384615384615385E-003   3.0769230769230769E-003   978.09431556896595        1.0000000000000000     
   1.5384615384615385E-003   3.4615384615384616E-003   978.08686549064100        1.0000000000000000     
   1.5384615384615385E-003   3.8461538461538464E-003   978.08107487046038        1.0000000000000000     
   1.5384615384615385E-003   4.2307692307692307E-003   978.07694071715844        1.0000000000000000     
   1.5384615384615385E-003   4.6153846153846149E-003   978.07446100579341        1.0000000000000000     
   1.5384615384615385E-003   5.0000000000000001E-003   978.07363456341579        1.0000000000000000     
   1.5384615384615385E-003   5.3846153846153844E-003   978.07446100579352        1.0000000000000000     
   1.5384615384615385E-003   5.7692307692307696E-003   978.07694071715821        1.0000000000000000     
   1.5384615384615385E-003   6.1538461538461538E-003   978.08107487046038        1.0000000000000000     
   1.5384615384615385E-003   6.5384615384615381E-003   978.08686549064089        1.0000000000000000     
   1.5384615384615385E-003   6.9230769230769233E-003   978.09431556896538        1.0000000000000000     
   1.5384615384615385E-003   7.3076923076923076E-003   978.10342924341285        1.0000000000000000     
   1.5384615384615385E-003   7.6923076923076927E-003   978.11421454475226        1.0000000000000000     
   1.5384615384615385E-003   8.0769230769230770E-003   978.12662539366170        1.0000000000000000     
   1.5384615384615385E-003   8.4615384615384613E-003   978.14035244775653        1.0000000000000000     
   1.5384615384615385E-003   8.8461538461538456E-003   978.15535465122150        1.0000000000000000     
   1.5384615384615385E-003   9.2307692307692299E-003   978.17205377831192        1.0000000000000000     
   1.5384615384615385E-003   9.6153846153846159E-003   978.19063349945270        1.0000000000000000     

   1.9230769230769232E-003   3.8461538461538462E-004   1009.3075029473184        1.0000000000000000     
   1.9230769230769232E-003   7.6923076923076923E-004   1009.2846572418422        1.0000000000000000     
   1.9230769230769232E-003   1.1538461538461537E-003   1009.2637510891535        1.0000000000000000     
   1.9230769230769232E-003   1.5384615384615385E-003   1009.2449782920287        1.0000000000000000     
   1.9230769230769232E-003   1.9230769230769232E-003   1009.2278698413514        1.0000000000000000     
   1.9230769230769232E-003   2.3076923076923075E-003   1009.2124673210734        1.0000000000000000     
   1.9230769230769232E-003   2.6923076923076922E-003   1009.1990893976085        1.0000000000000000     
   1.9230769230769232E-003   3.0769230769230769E-003   1009.1877831764388        1.0000000000000000     
   1.9230769230769232E-003   3.4615384615384616E-003   1009.1785399819926        1.0000000000000000     
   1.9230769230769232E-003   3.8461538461538464E-003   1009.1713552079193        1.0000000000000000     
   1.9230769230769232E-003   4.2307692307692307E-003   1009.1662254951950        1.0000000000000000     
   1.9230769230769232E-003   4.6153846153846149E-003   1009.1631485544049        1.0000000000000000     
   1.9230769230769232E-003   5.0000000000000001E-003   1009.1621230532853        1.0000000000000000     
   1.9230769230769232E-003   5.3846153846153844E-003   1009.1631485544046        1.0000000000000000     
   1.9230769230769232E-003   5.7692307692307696E-003   1009.1662254951949        1.0000000000000000     
   1.9230769230769232E-003   6.1538461538461538E-003   1009.1713552079192        1.0000000000000000     
   1.9230769230769232E-003   6.5384615384615381E-003   1009.1785399819926        1.0000000000000000     
   1.9230769230769232E-003   6.9230769230769233E-003   1009.1877831764388        1.0000000000000000     
   1.9230769230769232E-003   7.3076923076923076E-003   1009.1990893976078        1.0000000000000000     
   1.9230769230769232E-003   7.6923076923076927E-003   1009.2124673210733        1.0000000000000000     
   1.9230769230769232E-003   8.0769230769230770E-003   1009.2278698413515        1.0000000000000000     
   1.9230769230769232E-003   8.4615384615384613E-003   1009.2449782920286        1.0000000000000000     
   1.9230769230769232E-003   8.8461538461538456E-003   1009.2637510891534        1.0000000000000000     
   1.9230769230769232E-003   9.2307692307692299E-003   1009.2846572418422        1.0000000000000000     
   1.9230769230769232E-003   9.6153846153846159E-003   1009.3075029473189        1.0000000000000000     

   2.3076923076923075E-003   3.8461538461538462E-004   1039.8099721061053        1.0000000000000000     
   2.3076923076923075E-003   7.6923076923076923E-004   1039.7826839024547        1.0000000000000000     
   2.3076923076923075E-003   1.1538461538461537E-003   1039.7577239937584        1.0000000000000000     
   2.3076923076923075E-003   1.5384615384615385E-003   1039.7352841544543        1.0000000000000000     
   2.3076923076923075E-003   1.9230769230769232E-003   1039.7148837781217        1.0000000000000000     
   2.3076923076923075E-003   2.3076923076923075E-003   1039.6965668053504        1.0000000000000000     
   2.3076923076923075E-003   2.6923076923076922E-003   1039.6806620562988        1.0000000000000000     
   2.3076923076923075E-003   3.0769230769230769E-003   1039.6672182705140        1.0000000000000000     
   2.3076923076923075E-003   3.4615384615384616E-003   1039.6562265375226        1.0000000000000000     
   2.3076923076923075E-003   3.8461538461538464E-003   1039.6476820541898        1.0000000000000000     
   2.3076923076923075E-003   4.2307692307692307E-003   1039.6415812736598        1.0000000000000000     
   2.3076923076923075E-003   4.6153846153846149E-003   1039.6379217563001        1.0000000000000000     
   2.3076923076923075E-003   5.0000000000000001E-003   1039.6367020739458        1.0000000000000000     
   2.3076923076923075E-003   5.3846153846153844E-003   1039.6379217562990        1.0000000000000000     
   2.3076923076923075E-003   5.7692307692307696E-003   1039.6415812736589        1.0000000000000000     
   2.3076923076923075E-003   6.1538461538461538E-003   1039.6476820541891        1.0000000000000000     
   2.3076923076923075E-003   6.5384615384615381E-003   1039.6562265375226        1.0000000000000000     
   2.3076923076923075E-003   6.9230769230769233E-003   1039.6672182705136        1.0000000000000000     
   2.3076923076923075E-003   7.3076923076923076E-003   1039.6806620562982        1.0000000000000000     
   2.3076923076923075E-003   7.6923076923076927E-003   1039.6965668053497        1.0000000000000000     
   2.3076923076923075E-003   8.0769230769230770E-003   1039.7148837781217        1.0000000000000000     
   2.3076923076923075E-003   8.4615384615384613E-003   1039.7352841544539        1.0000000000000000     
   2.3076923076923075E-003   8.8461538461538456E-003   1039.7577239937582        1.0000000000000000     
   2.3076923076923075E-003   9.2307692307692299E-003   1039.7826839024544        1.0000000000000000     
   2.3076923076923075E-003   9.6153846153846159E-003   1039.8099721061049        1.0000000000000000     

   2.6923076923076922E-003   3.8461538461538462E-004   1069.5812324226827        1.0000000000000000     
   2.6923076923076922E-003   7.6923076923076923E-004   1069.5496682734163        1.0000000000000000     
   2.6923076923076922E-003   1.1538461538461537E-003   1069.5207878124265        1.0000000000000000     
   2.6923076923076922E-003   1.5384615384615385E-003   1069.4947974927402        1.0000000000000000     
   2.6923076923076922E-003   1.9230769230769232E-003   1069.4712074022509        1.0000000000000000     
   2.6923076923076922E-003   2.3076923076923075E-003   1069.4500649470672        1.0000000000000000     
   2.6923076923076922E-003   2.6923076923076922E-003   1069.4317096045841        1.0000000000000000     
   2.6923076923076922E-003   3.0769230769230769E-003   1069.4161921911950        1.0000000000000000     
   2.6923076923076922E-003   3.4615384615384616E-003   1069.4035038908053        1.0000000000000000     
   2.6923076923076922E-003   3.8461538461538464E-003   1069.3936399275367        1.0000000000000000     
   2.6923076923076922E-003   4.2307692307692307E-003   1069.3865967184470        1.0000000000000000     
   2.6923076923076922E-003   4.6153846153846149E-003   1069.3823717715748        1.0000000000000000     
   2.6923076923076922E-003   5.0000000000000001E-003   1069.3809636177709        1.0000000000000000     
   2.6923076923076922E-003   5.3846153846153844E-003   1069.3823717715736        1.0000000000000000     
   2.6923076923076922E-003   5.7692307692307696E-003   1069.3865967184463        1.0000000000000000     
   2.6923076923076922E-003   6.1538461538461538E-003   1069.3936399275356        1.0000000000000000     
   2.6923076923076922E-003   6.5384615384615381E-003   1069.4035038908046        1.0000000000000000     
   2.6923076923076922E-003   6.9230769230769233E-003   1069.4161921911950        1.0000000000000000     
   2.6923076923076922E-003   7.3076923076923076E-003   1069.4317096045836        1.0000000000000000     
   2.6923076923076922E-003   7.6923076923076927E-003   1069.4500649470672        1.0000000000000000     
   2.6923076923076922E-003   8.0769230769230770E-003   1069.4712074022507        1.0000000000000000     
   2.6923076923076922E-003   8.4615384615384613E-003   1069.4947974927397        1.0000000000000000     
   2.6923076923076922E-003   8.8461538461538456E-003   1069.5207878124263        1.0000000000000000     
   2.6923076923076922E-003   9.2307692307692299E-003   1069.5496682734149        1.0000000000000000     
   2.6923076923076922E-003   9.6153846153846159E-003   1069.5812324226827        1.0000000000000000     

   3.0769230769230769E-003   3.8461538461538462E-004   1098.5077995670110        1.0000000000000000     
   3.0769230769230769E-003   7.6923076923076923E-004   1098.4721102500732        1.0000000000000000     
   3.0769230769230769E-003   1.1538461538461537E-003   1098.4394496766868        1.0000000000000000     
   3.0769230769230769E-003   1.5384615384615385E-003   1098.4100356818205        1.0000000000000000     
   3.0769230769230769E-003   1.9230769230769232E-003   1098.3833688939271        1.0000000000000000     
   3.0769230769230769E-003   2.3076923076923075E-003   1098.3595002757127        1.0000000000000000     
   3.0769230769230769E-003   2.6923076923076922E-003   1098.3387799392829        1.0000000000000000     
   3.0769230769230769E-003   3.0769230769230769E-003   1098.3212609694833        1.0000000000000000     
   3.0769230769230769E-003   3.4615384615384616E-003   1098.3069348386693        1.0000000000000000     
   3.0769230769230769E-003   3.8461538461538464E-003   1098.2957969437559        1.0000000000000000     
   3.0769230769230769E-003   4.2307692307692307E-003   1098.2878437708064        1.0000000000000000     
   3.0769230769230769E-003   4.6153846153846149E-003   1098.2830728461936        1.0000000000000000     
   3.0769230769230769E-003   5.0000000000000001E-003   1098.2814827004420        1.0000000000000000     
   3.0769230769230769E-003   5.3846153846153844E-003   1098.2830728461929        1.0000000000000000     
   3.0769230769230769E-003   5.7692307692307696E-003   1098.2878437708055        1.0000000000000000     
   3.0769230769230769E-003   6.1538461538461538E-003   1098.2957969437552        1.0000000000000000     
   3.0769230769230769E-003   6.5384615384615381E-003   1098.3069348386691        1.0000000000000000     
   3.0769230769230769E-003   6.9230769230769233E-003   1098.3212609694833        1.0000000000000000     
   3.0769230769230769E-003   7.3076923076923076E-003   1098.3387799392826        1.0000000000000000     
   3.0769230769230769E-003   7.6923076923076927E-003   1098.3595002757127        1.0000000000000000     
   3.0769230769230769E-003   8.0769230769230770E-003   1098.3833688939269        1.0000000000000000     
   3.0769230769230769E-003   8.4615384615384613E-003   1098.4100356818199        1.0000000000000000     
   3.0769230769230769E-003   8.8461538461538456E-003   1098.4394496766865        1.0000000000000000     
   3.0769230769230769E-003   9.2307692307692299E-003   1098.4721102500730        1.0000000000000000     
   3.0769230769230769E-003   9.6153846153846159E-003   1098.5077995670117        1.0000000000000000     

   3.4615384615384616E-003   3.8461538461538462E-004   1126.4797956015286        1.0000000000000000     
   3.4615384615384616E-003   7.6923076923076923E-004   1126.4401415180898        1.0000000000000000     
   3.4615384615384616E-003   1.1538461538461537E-003   1126.4038506157199        1.0000000000000000     
   3.4615384615384616E-003   1.5384615384615385E-003   1126.3711495684963        1.0000000000000000     
   3.4615384615384616E-003   1.9230769230769232E-003   1126.3415289407892        1.0000000000000000     
   3.4615384615384616E-003   2.3076923076923075E-003   1126.3150428300505        1.0000000000000000     
   3.4615384615384616E-003   2.6923076923076922E-003   1126.2920515840444        1.0000000000000000     
   3.4615384615384616E-003   3.0769230769230769E-003   1126.2726105257123        1.0000000000000000     
   3.4615384615384616E-003   3.4615384615384616E-003   1126.2567114753701        1.0000000000000000     
   3.4615384615384616E-003   3.8461538461538464E-003   1126.2443500637787        1.0000000000000000     
   3.4615384615384616E-003   4.2307692307692307E-003   1126.2355228984638        1.0000000000000000     
   3.4615384615384616E-003   4.6153846153846149E-003   1126.2302275631414        1.0000000000000000     
   3.4615384615384616E-003   5.0000000000000001E-003   1126.2284626117953        1.0000000000000000     
   3.4615384615384616E-003   5.3846153846153844E-003   1126.2302275631409        1.0000000000000000     
   3.4615384615384616E-003   5.7692307692307696E-003   1126.2355228984638        1.0000000000000000     
   3.4615384615384616E-003   6.1538461538461538E-003   1126.2443500637787        1.0000000000000000     
   3.4615384615384616E-003   6.5384615384615381E-003   1126.2567114753699        1.0000000000000000     
   3.4615384615384616E-003   6.9230769230769233E-003   1126.2726105257123        1.0000000000000000     
   3.4615384615384616E-003   7.3076923076923076E-003   1126.2920515840442        1.0000000000000000     
   3.4615384615384616E-003   7.6923076923076927E-003   1126.3150428300501        1.0000000000000000     
   3.4615384615384616E-003   8.0769230769230770E-003   1126.3415289407892        1.0000000000000000     
   3.4615384615384616E-003   8.4615384615384613E-003   1126.3711495684965        1.0000000000000000     
   3.4615384615384616E-003   8.8461538461538456E-003   1126.4038506157199        1.0000000000000000     
   3.4615384615384616E-003   9.2307692307692299E-003   1126.4401415180901        1.0000000000000000     
   3.4615384615384616E-003   9.6153846153846159E-003   1126.4797956015282        1.0000000000000000     

   3.8461538461538464E-003   3.8461538461538462E-004   1153.3914542703089        1.0000000000000000     
   3.8461538461538464E-003   7.6923076923076923E-004   1153.3480080533216        1.0000000000000000     
   3.8461538461538464E-003   1.1538461538461537E-003   1153.3082471716396        1.0000000000000000     
   3.8461538461538464E-003   1.5384615384615385E-003   1153.2724055423389        1.0000000000000000     
   3.8461538461538464E-003   1.9230769230769232E-003   1153.2399632431882        1.0000000000000000     
   3.8461538461538464E-003   2.3076923076923075E-003   1153.2109769520328        1.0000000000000000     
   3.8461538461538464E-003   2.6923076923076922E-003   1153.1858166516774        1.0000000000000000     
   3.8461538461538464E-003   3.0769230769230769E-003   1153.1645397265881        1.0000000000000000     
   3.8461538461538464E-003   3.4615384615384616E-003   1153.1471383012645        1.0000000000000000     
   3.8461538461538464E-003   3.8461538461538464E-003   1153.1336082294488        1.0000000000000000     
   3.8461538461538464E-003   4.2307692307692307E-003   1153.1239462448052        1.0000000000000000     
   3.8461538461538464E-003   4.6153846153846149E-003   1153.1181499975291        1.0000000000000000     
   3.8461538461538464E-003   5.0000000000000001E-003   1153.1162180725678        1.0000000000000000     
   3.8461538461538464E-003   5.3846153846153844E-003   1153.1181499975289        1.0000000000000000     
   3.8461538461538464E-003   5.7692307692307696E-003   1153.1239462448048        1.0000000000000000     
   3.8461538461538464E-003   6.1538461538461538E-003   1153.1336082294476        1.0000000000000000     
   3.8461538461538464E-003   6.5384615384615381E-003   1153.1471383012642        1.0000000000000000     
   3.8461538461538464E-003   6.9230769230769233E-003   1153.1645397265881        1.0000000000000000     
   3.8461538461538464E-003   7.3076923076923076E-003   1153.1858166516772        1.0000000000000000     
   3.8461538461538464E-003   7.6923076923076927E-003   1153.2109769520330        1.0000000000000000     
   3.8461538461538464E-003   8.0769230769230770E-003   1153.2399632431882        1.0000000000000000     
   3.8461538461538464E-003   8.4615384615384613E-003   1153.2724055423389        1.0000000000000000     
   3.8461538461538464E-003   8.8461538461538456E-003   1153.3082471716393        1.0000000000000000     
   3.8461538461538464E-003   9.2307692307692299E-003   1153.3480080533216        1.0000000000000000     
   3.8461538461538464E-003   9.6153846153846159E-003   1153.3914542703085        1.0000000000000000     

   4.2307692307692307E-003   3.8461538461538462E-004   1179.1415217737422        1.0000000000000000     
   4.2307692307692307E-003   7.6923076923076923E-004   1179.0944684722499        1.0000000000000000     
   4.2307692307692307E-003   1.1538461538461537E-003   1179.0514087392203        1.0000000000000000     
   4.2307692307692307E-003   1.5384615384615385E-003   1179.0125826873177        1.0000000000000000     
   4.2307692307692307E-003   1.9230769230769232E-003   1178.9774597524781        1.0000000000000000     
   4.2307692307692307E-003   2.3076923076923075E-003   1178.9460986546010        1.0000000000000000     
   4.2307692307692307E-003   2.6923076923076922E-003   1178.9188783197999        1.0000000000000000     
   4.2307692307692307E-003   3.0769230769230769E-003   1178.8958579368223        1.0000000000000000     
   4.2307692307692307E-003   3.4615384615384616E-003   1178.8770298237780        1.0000000000000000     
   4.2307692307692307E-003   3.8461538461538464E-003   1178.8623899946954        1.0000000000000000     
   4.2307692307692307E-003   4.2307692307692307E-003   1178.8519352773747        1.0000000000000000     
   4.2307692307692307E-003   4.6153846153846149E-003   1178.8456633738390        1.0000000000000000     
   4.2307692307692307E-003   5.0000000000000001E-003   1178.8435728942966        1.0000000000000000     
   4.2307692307692307E-003   5.3846153846153844E-003   1178.8456633738385        1.0000000000000000     
   4.2307692307692307E-003   5.7692307692307696E-003   1178.8519352773737        1.0000000000000000     
   4.2307692307692307E-003   6.1538461538461538E-003   1178.8623899946951        1.0000000000000000     
   4.2307692307692307E-003   6.5384615384615381E-003   1178.8770298237773        1.0000000000000000     
   4.2307692307692307E-003   6.9230769230769233E-003   1178.8958579368223        1.0000000000000000     
   4.2307692307692307E-003   7.3076923076923076E-003   1178.9188783197999        1.0000000000000000     
   4.2307692307692307E-003   7.6923076923076927E-003   1178.9460986546010        1.0000000000000000     
   4.2307692307692307E-003   8.0769230769230770E-003   1178.9774597524777        1.0000000000000000     
   4.2307692307692307E-003   8.4615384615384613E-003   1179.0125826873175        1.0000000000000000     
   4.2307692307692307E-003   8.8461538461538456E-003   1179.0514087392203        1.0000000000000000     
   4.2307692307692307E-003   9.2307692307692299E-003   1179.0944684722497        1.0000000000000000     
   4.2307692307692307E-003   9.6153846153846159E-003   1179.1415217737419        1.0000000000000000     

   4.6153846153846149E-003   3.8461538461538462E-004   1203.6336239429643        1.0000000000000000     
   4.6153846153846149E-003   7.6923076923076923E-004   1203.5831603697616        1.0000000000000000     
   4.6153846153846149E-003   1.1538461538461537E-003   1203.5369833040158        1.0000000000000000     
   4.6153846153846149E-003   1.5384615384615385E-003   1203.4953382736596        1.0000000000000000     
   4.6153846153846149E-003   1.9230769230769232E-003   1203.4576841189071        1.0000000000000000     
   4.6153846153846149E-003   2.3076923076923075E-003   1203.4240811074583        1.0000000000000000     
   4.6153846153846149E-003   2.6923076923076922E-003   1203.3949163740904        1.0000000000000000     
   4.6153846153846149E-003   3.0769230769230769E-003   1203.3702506144632        1.0000000000000000     
   4.6153846153846149E-003   3.4615384615384616E-003   1203.3500761923260        1.0000000000000000     
   4.6153846153846149E-003   3.8461538461538464E-003   1203.3343891876139        1.0000000000000000     
   4.6153846153846149E-003   4.2307692307692307E-003   1203.3231864669269        1.0000000000000000     
   4.6153846153846149E-003   4.6153846153846149E-003   1203.3164657541045        1.0000000000000000     
   4.6153846153846149E-003   5.0000000000000001E-003   1203.3142256703529        1.0000000000000000     
   4.6153846153846149E-003   5.3846153846153844E-003   1203.3164657541049        1.0000000000000000     
   4.6153846153846149E-003   5.7692307692307696E-003   1203.3231864669265        1.0000000000000000     
   4.6153846153846149E-003   6.1538461538461538E-003   1203.3343891876129        1.0000000000000000     
   4.6153846153846149E-003   6.5384615384615381E-003   1203.3500761923256        1.0000000000000000     
   4.6153846153846149E-003   6.9230769230769233E-003   1203.3702506144623        1.0000000000000000     
   4.6153846153846149E-003   7.3076923076923076E-003   1203.3949163740904        1.0000000000000000     
   4.6153846153846149E-003   7.6923076923076927E-003   1203.4240811074578        1.0000000000000000     
   4.6153846153846149E-003   8.0769230769230770E-003   1203.4576841189059        1.0000000000000000     
   4.6153846153846149E-003   8.4615384615384613E-003   1203.4953382736589        1.0000000000000000     
   4.6153846153846149E-003   8.8461538461538456E-003   1203.5369833040161        1.0000000000000000     
   4.6153846153846149E-003   9.2307692307692299E-003   1203.5831603697620        1.0000000000000000     
   4.6153846153846149E-003   9.6153846153846159E-003   1203.6336239429645        1.0000000000000000     

   5.0000000000000001E-003   3.8461538461538462E-004   1226.7765976703333        1.0000000000000000     
   5.0000000000000001E-003   7.6923076923076923E-004   1226.7229314444426        1.0000000000000000     
   5.0000000000000001E-003   1.1538461538461537E-003   1226.6738282767653        1.0000000000000000     
   5.0000000000000001E-003   1.5384615384615385E-003   1226.6295384300893        1.0000000000000000     
   5.0000000000000001E-003   1.9230769230769232E-003   1226.5895103111629        1.0000000000000000     
   5.0000000000000001E-003   2.3076923076923075E-003   1226.5538052646948        1.0000000000000000     
   5.0000000000000001E-003   2.6923076923076922E-003   1226.5228178676853        1.0000000000000000     
   5.0000000000000001E-003   3.0769230769230769E-003   1226.4966100053159        1.0000000000000000     
   5.0000000000000001E-003   3.4615384615384616E-003   1226.4751739222552        1.0000000000000000     
   5.0000000000000001E-003   3.8461538461538464E-003   1226.4585056560538        1.0000000000000000     
   5.0000000000000001E-003   4.2307692307692307E-003   1226.4466020471834        1.0000000000000000     
   5.0000000000000001E-003   4.6153846153846149E-003   1226.4394608055100        1.0000000000000000     
   5.0000000000000001E-003   5.0000000000000001E-003   1226.4370805460337        1.0000000000000000     
   5.0000000000000001E-003   5.3846153846153844E-003   1226.4394608055100        1.0000000000000000     
   5.0000000000000001E-003   5.7692307692307696E-003   1226.4466020471830        1.0000000000000000     
   5.0000000000000001E-003   6.1538461538461538E-003   1226.4585056560531        1.0000000000000000     
   5.0000000000000001E-003   6.5384615384615381E-003   1226.4751739222536        1.0000000000000000     
   5.0000000000000001E-003   6.9230769230769233E-003   1226.4966100053152        1.0000000000000000     
   5.0000000000000001E-003   7.3076923076923076E-003   1226.5228178676848        1.0000000000000000     
   5.0000000000000001E-003   7.6923076923076927E-003   1226.5538052646953        1.0000000000000000     
   5.0000000000000001E-003   8.0769230769230770E-003   1226.5895103111634        1.0000000000000000     
   5.0000000000000001E-003   8.4615384615384613E-003   1226.6295384300893        1.0000000000000000     
   5.0000000000000001E-003   8.8461538461538456E-003   1226.6738282767649        1.0000000000000000     
   5.0000000000000001E-003   9.2307692307692299E-003   1226.7229314444423        1.0000000000000000     
   5.0000000000000001E-003   9.6153846153846159E-003   1226.7765976703333        1.0000000000000000     

   5.3846153846153844E-003   3.8461538461538462E-004   1248.4847867861602        1.0000000000000000     
   5.3846153846153844E-003   7.6923076923076923E-004   1248.4281352883802        1.0000000000000000     
   5.3846153846153844E-003   1.1538461538461537E-003   1248.3763061825005        1.0000000000000000     
   5.3846153846153844E-003   1.5384615384615385E-003   1248.3295537737731        1.0000000000000000     
   5.3846153846153844E-003   1.9230769230769232E-003   1248.2873162324365        1.0000000000000000     
   5.3846153846153844E-003   2.3076923076923075E-003   1248.2496554953220        1.0000000000000000     
   5.3846153846153844E-003   2.6923076923076922E-003   1248.2169727774067        1.0000000000000000     
   5.3846153846153844E-003   3.0769230769230769E-003   1248.1893308251460        1.0000000000000000     
   5.3846153846153844E-003   3.4615384615384616E-003   1248.1667215983280        1.0000000000000000     
   5.3846153846153844E-003   3.8461538461538464E-003   1248.1491409864316        1.0000000000000000     
   5.3846153846153844E-003   4.2307692307692307E-003   1248.1365857435117        1.0000000000000000     
   5.3846153846153844E-003   4.6153846153846149E-003   1248.1290535344681        1.0000000000000000     
   5.3846153846153844E-003   5.0000000000000001E-003   1248.1265429543505        1.0000000000000000     
   5.3846153846153844E-003   5.3846153846153844E-003   1248.1290535344681        1.0000000000000000     
   5.3846153846153844E-003   5.7692307692307696E-003   1248.1365857435117        1.0000000000000000     
   5.3846153846153844E-003   6.1538461538461538E-003   1248.1491409864313        1.0000000000000000     
   5.3846153846153844E-003   6.5384615384615381E-003   1248.1667215983275        1.0000000000000000     
   5.3846153846153844E-003   6.9230769230769233E-003   1248.1893308251456        1.0000000000000000     
   5.3846153846153844E-003   7.3076923076923076E-003   1248.2169727774067        1.0000000000000000     
   5.3846153846153844E-003   7.6923076923076927E-003   1248.2496554953211        1.0000000000000000     
   5.3846153846153844E-003   8.0769230769230770E-003   1248.2873162324363        1.0000000000000000     
   5.3846153846153844E-003   8.4615384615384613E-003   1248.3295537737729        1.0000000000000000     
   5.3846153846153844E-003   8.8461538461538456E-003   1248.3763061825000        1.0000000000000000     
   5.3846153846153844E-003   9.2307692307692299E-003   1248.4281352883802        1.0000000000000000     
   5.3846153846153844E-003   9.6153846153846159E-003   1248.4847867861606        1.0000000000000000     

   5.7692307692307696E-003   3.8461538461538462E-004   1268.6783030388538        1.0000000000000000     
   5.7692307692307696E-003   7.6923076923076923E-004   1268.6188924003402        1.0000000000000000     
   5.7692307692307696E-003   1.1538461538461537E-003   1268.5645457062521        1.0000000000000000     
   5.7692307692307696E-003   1.5384615384615385E-003   1268.5155204940033        1.0000000000000000     
   5.7692307692307696E-003   1.9230769230769232E-003   1268.4712448442874        1.0000000000000000     
   5.7692307692307696E-003   2.3076923076923075E-003   1268.4317807438056        1.0000000000000000     
   5.7692307692307696E-003   2.6923076923076922E-003   1268.3975351935926        1.0000000000000000     
   5.7692307692307696E-003   3.0769230769230769E-003   1268.3685714703865        1.0000000000000000     
   5.7692307692307696E-003   3.4615384615384616E-003   1268.3448810988502        1.0000000000000000     
   5.7692307692307696E-003   3.8461538461538464E-003   1268.3264597356992        1.0000000000000000     
   5.7692307692307696E-003   4.2307692307692307E-003   1268.3133040090545        1.0000000000000000     
   5.7692307692307696E-003   4.6153846153846149E-003   1268.3054115246498        1.0000000000000000     
   5.7692307692307696E-003   5.0000000000000001E-003   1268.3027808545919        1.0000000000000000     
   5.7692307692307696E-003   5.3846153846153844E-003   1268.3054115246493        1.0000000000000000     
   5.7692307692307696E-003   5.7692307692307696E-003   1268.3133040090543        1.0000000000000000     
   5.7692307692307696E-003   6.1538461538461538E-003   1268.3264597357002        1.0000000000000000     
   5.7692307692307696E-003   6.5384615384615381E-003   1268.3448810988500        1.0000000000000000     
   5.7692307692307696E-003   6.9230769230769233E-003   1268.3685714703863        1.0000000000000000     
   5.7692307692307696E-003   7.3076923076923076E-003   1268.3975351935931        1.0000000000000000     
   5.7692307692307696E-003   7.6923076923076927E-003   1268.4317807438056        1.0000000000000000     
   5.7692307692307696E-003   8.0769230769230770E-003   1268.4712448442879        1.0000000000000000     
   5.7692307692307696E-003   8.4615384615384613E-003   1268.5155204940038        1.0000000000000000     
   5.7692307692307696E-003   8.8461538461538456E-003   1268.5645457062517        1.0000000000000000     
   5.7692307692307696E-003   9.2307692307692299E-003   1268.6188924003402        1.0000000000000000     
   5.7692307692307696E-003   9.6153846153846159E-003   1268.6783030388538        1.0000000000000000     

   6.1538461538461538E-003   3.8461538461538462E-004   1287.2832533378519        1.0000000000000000     
   6.1538461538461538E-003   7.6923076923076923E-004   1287.2213175656134        1.0000000000000000     
   6.1538461538461538E-003   1.1538461538461537E-003   1287.1646692300114        1.0000000000000000     
   6.1538461538461538E-003   1.5384615384615385E-003   1287.1135680249592        1.0000000000000000     
   6.1538461538461538E-003   1.9230769230769232E-003   1287.0674319372126        1.0000000000000000     
   6.1538461538461538E-003   2.3076923076923075E-003   1287.0263223614618        1.0000000000000000     
   6.1538461538461538E-003   2.6923076923076922E-003   1286.9906511838096        1.0000000000000000     
   6.1538461538461538E-003   3.0769230769230769E-003   1286.9604818952489        1.0000000000000000     
   6.1538461538461538E-003   3.4615384615384616E-003   1286.9358054753859        1.0000000000000000     
   6.1538461538461538E-003   3.8461538461538464E-003   1286.9166173086828        1.0000000000000000     
   6.1538461538461538E-003   4.2307692307692307E-003   1286.9029138984017        1.0000000000000000     
   6.1538461538461538E-003   4.6153846153846149E-003   1286.8946928078215        1.0000000000000000     
   6.1538461538461538E-003   5.0000000000000001E-003   1286.8919526021200        1.0000000000000000     
   6.1538461538461538E-003   5.3846153846153844E-003   1286.8946928078210        1.0000000000000000     
   6.1538461538461538E-003   5.7692307692307696E-003   1286.9029138984015        1.0000000000000000     
   6.1538461538461538E-003   6.1538461538461538E-003   1286.9166173086828        1.0000000000000000     
   6.1538461538461538E-003   6.5384615384615381E-003   1286.9358054753852        1.0000000000000000     
   6.1538461538461538E-003   6.9230769230769233E-003   1286.9604818952489        1.0000000000000000     
   6.1538461538461538E-003   7.3076923076923076E-003   1286.9906511838099        1.0000000000000000     
   6.1538461538461538E-003   7.6923076923076927E-003   1287.0263223614616        1.0000000000000000     
   6.1538461538461538E-003   8.0769230769230770E-003   1287.0674319372126        1.0000000000000000     
   6.1538461538461538E-003   8.4615384615384613E-003   1287.1135680249592        1.0000000000000000     
   6.1538461538461538E-003   8.8461538461538456E-003   1287.1646692300114        1.0000000000000000     
   6.1538461538461538E-003   9.2307692307692299E-003   1287.2213175656134        1.0000000000000000     
   6.1538461538461538E-003   9.6153846153846159E-003   1287.2832533378519        1.0000000000000000     

   6.5384615384615381E-003   3.8461538461538462E-004   1304.2319348578012        1.0000000000000000     
   6.5384615384615381E-003   7.6923076923076923E-004   1304.1677152460184        1.0000000000000000     
   6.5384615384615381E-003   1.1538461538461537E-003   1304.1089885426545        1.0000000000000000     
   6.5384615384615381E-003   1.5384615384615385E-003   1304.0560150027723        1.0000000000000000     
   6.5384615384615381E-003   1.9230769230769232E-003   1304.0082022394238        1.0000000000000000     
   6.5384615384615381E-003   2.3076923076923075E-003   1303.9656102895456        1.0000000000000000     
   6.5384615384615381E-003   2.6923076923076922E-003   1303.9286549997455        1.0000000000000000     
   6.5384615384615381E-003   3.0769230769230769E-003   1303.8973998148517        1.0000000000000000     
   6.5384615384615381E-003   3.4615384615384616E-003   1303.8718351404975        1.0000000000000000     
   6.5384615384615381E-003   3.8461538461538464E-003   1303.8519561285018        1.0000000000000000     
   6.5384615384615381E-003   4.2307692307692307E-003   1303.8377592237816        1.0000000000000000     
   6.5384615384615381E-003   4.6153846153846149E-003   1303.8292420110351        1.0000000000000000     
   6.5384615384615381E-003   5.0000000000000001E-003   1303.8264030925191        1.0000000000000000     
   6.5384615384615381E-003   5.3846153846153844E-003   1303.8292420110349        1.0000000000000000     
   6.5384615384615381E-003   5.7692307692307696E-003   1303.8377592237812        1.0000000000000000     
   6.5384615384615381E-003   6.1538461538461538E-003   1303.8519561285011        1.0000000000000000     
   6.5384615384615381E-003   6.5384615384615381E-003   1303.8718351404968        1.0000000000000000     
   6.5384615384615381E-003   6.9230769230769233E-003   1303.8973998148517        1.0000000000000000     
   6.5384615384615381E-003   7.3076923076923076E-003   1303.9286549997453        1.0000000000000000     
   6.5384615384615381E-003   7.6923076923076927E-003   1303.9656102895447        1.0000000000000000     
   6.5384615384615381E-003   8.0769230769230770E-003   1304.0082022394242        1.0000000000000000     
   6.5384615384615381E-003   8.4615384615384613E-003   1304.0560150027723        1.0000000000000000     
   6.5384615384615381E-003   8.8461538461538456E-003   1304.1089885426541        1.0000000000000000     
   6.5384615384615381E-003   9.2307692307692299E-003   1304.1677152460177        1.0000000000000000     
   6.5384615384615381E-003   9.6153846153846159E-003   1304.2319348578010        1.0000000000000000     

   6.9230769230769233E-003   3.8461538461538462E-004   1319.4629999002202        1.0000000000000000     
   6.9230769230769233E-003   7.6923076923076923E-004   1319.3967450392429        1.0000000000000000     
   6.9230769230769233E-003   1.1538461538461537E-003   1319.3361708844279        1.0000000000000000     
   6.9230769230769233E-003   1.5384615384615385E-003   1319.2815356876154        1.0000000000000000     
   6.9230769230769233E-003   1.9230769230769232E-003   1319.2322360235348        1.0000000000000000     
   6.9230769230769233E-003   2.3076923076923075E-003   1319.1883297242871        1.0000000000000000     
   6.9230769230769233E-003   2.6923076923076922E-003   1319.1502357324284        1.0000000000000000     
   6.9230769230769233E-003   3.0769230769230769E-003   1319.1180173216630        1.0000000000000000     
   6.9230769230769233E-003   3.4615384615384616E-003   1319.0916644397225        1.0000000000000000     
   6.9230769230769233E-003   3.8461538461538464E-003   1319.0711721701168        1.0000000000000000     
   6.9230769230769233E-003   4.2307692307692307E-003   1319.0565370608119        1.0000000000000000     
   6.9230769230769233E-003   4.6153846153846149E-003   1319.0477568460378        1.0000000000000000     
   6.9230769230769233E-003   5.0000000000000001E-003   1319.0448302456514        1.0000000000000000     
   6.9230769230769233E-003   5.3846153846153844E-003   1319.0477568460374        1.0000000000000000     
   6.9230769230769233E-003   5.7692307692307696E-003   1319.0565370608113        1.0000000000000000     
   6.9230769230769233E-003   6.1538461538461538E-003   1319.0711721701168        1.0000000000000000     
   6.9230769230769233E-003   6.5384615384615381E-003   1319.0916644397221        1.0000000000000000     
   6.9230769230769233E-003   6.9230769230769233E-003   1319.1180173216633        1.0000000000000000     
   6.9230769230769233E-003   7.3076923076923076E-003   1319.1502357324275        1.0000000000000000     
   6.9230769230769233E-003   7.6923076923076927E-003   1319.1883297242866        1.0000000000000000     
   6.9230769230769233E-003   8.0769230769230770E-003   1319.2322360235344        1.0000000000000000     
   6.9230769230769233E-003   8.4615384615384613E-003   1319.2815356876158        1.0000000000000000     
   6.9230769230769233E-003   8.8461538461538456E-003   1319.3361708844279        1.0000000000000000     
   6.9230769230769233E-003   9.2307692307692299E-003   1319.3967450392424        1.0000000000000000     
   6.9230769230769233E-003   9.6153846153846159E-003   1319.4629999002195        1.0000000000000000     

   7.3076923076923076E-003   3.8461538461538462E-004   1332.9215924391478        1.0000000000000000     
   7.3076923076923076E-003   7.6923076923076923E-004   1332.8535596351655        1.0000000000000000     
   7.3076923076923076E-003   1.1538461538461537E-003   1332.7913779487396        1.0000000000000000     
   7.3076923076923076E-003   1.5384615384615385E-003   1332.7352994534424        1.0000000000000000     
   7.3076923076923076E-003   1.9230769230769232E-003   1332.6847087438182        1.0000000000000000     
   7.3076923076923076E-003   2.3076923076923075E-003   1332.6396607357563        1.0000000000000000     
   7.3076923076923076E-003   2.6923076923076922E-003   1332.6005768461087        1.0000000000000000     
   7.3076923076923076E-003   3.0769230769230769E-003   1332.5675203205185        1.0000000000000000     
   7.3076923076923076E-003   3.4615384615384616E-003   1332.5404809996919        1.0000000000000000     
   7.3076923076923076E-003   3.8461538461538464E-003   1332.5194542431946        1.0000000000000000     
   7.3076923076923076E-003   4.2307692307692307E-003   1332.5044369883406        1.0000000000000000     
   7.3076923076923076E-003   4.6153846153846149E-003   1332.4954273253575        1.0000000000000000     
   7.3076923076923076E-003   5.0000000000000001E-003   1332.4924242142349        1.0000000000000000     
   7.3076923076923076E-003   5.3846153846153844E-003   1332.4954273253575        1.0000000000000000     
   7.3076923076923076E-003   5.7692307692307696E-003   1332.5044369883406        1.0000000000000000     
   7.3076923076923076E-003   6.1538461538461538E-003   1332.5194542431941        1.0000000000000000     
   7.3076923076923076E-003   6.5384615384615381E-003   1332.5404809996908        1.0000000000000000     
   7.3076923076923076E-003   6.9230769230769233E-003   1332.5675203205183        1.0000000000000000     
   7.3076923076923076E-003   7.3076923076923076E-003   1332.6005768461089        1.0000000000000000     
   7.3076923076923076E-003   7.6923076923076927E-003   1332.6396607357558        1.0000000000000000     
   7.3076923076923076E-003   8.0769230769230770E-003   1332.6847087438175        1.0000000000000000     
   7.3076923076923076E-003   8.4615384615384613E-003   1332.7352994534417        1.0000000000000000     
   7.3076923076923076E-003   8.8461538461538456E-003   1332.7913779487396        1.0000000000000000     
   7.3076923076923076E-003   9.2307692307692299E-003   1332.8535596351651        1.0000000000000000     
   7.3076923076923076E-003   9.6153846153846159E-003   1332.9215924391474        1.0000000000000000     

   7.6923076923076927E-003   3.8461538461538462E-004   1344.5594611506251        1.0000000000000000     
   7.6923076923076927E-003   7.6923076923076923E-004   1344.4899217545683        1.0000000000000000     
   7.6923076923076927E-003   1.1538461538461537E-003   1344.4263844897935        1.0000000000000000     
   7.6923076923076927E-003   1.5384615384615385E-003   1344.3690897854674        1.0000000000000000     
   7.6923076923076927E-003   1.9230769230769232E-003   1344.3174099630221        1.0000000000000000     
   7.6923076923076927E-003   2.3076923076923075E-003   1344.2713969975714        1.0000000000000000     
   7.6923076923076927E-003   2.6923076923076922E-003   1344.2314746927875        1.0000000000000000     
   7.6923076923076927E-003   3.0769230769230769E-003   1344.1977068562544        1.0000000000000000     
   7.6923076923076927E-003   3.4615384615384616E-003   1344.1700839152197        1.0000000000000000     
   7.6923076923076927E-003   3.8461538461538464E-003   1344.1486020851885        1.0000000000000000     
   7.6923076923076927E-003   4.2307692307692307E-003   1344.1332591253581        1.0000000000000000     
   7.6923076923076927E-003   4.6153846153846149E-003   1344.1240537705528        1.0000000000000000     
   7.6923076923076927E-003   5.0000000000000001E-003   1344.1209853834221        1.0000000000000000     
   7.6923076923076927E-003   5.3846153846153844E-003   1344.1240537705528        1.0000000000000000     
   7.6923076923076927E-003   5.7692307692307696E-003   1344.1332591253574        1.0000000000000000     
   7.6923076923076927E-003   6.1538461538461538E-003   1344.1486020851873        1.0000000000000000     
   7.6923076923076927E-003   6.5384615384615381E-003   1344.1700839152195        1.0000000000000000     
   7.6923076923076927E-003   6.9230769230769233E-003   1344.1977068562544        1.0000000000000000     
   7.6923076923076927E-003   7.3076923076923076E-003   1344.2314746927875        1.0000000000000000     
   7.6923076923076927E-003   7.6923076923076927E-003   1344.2713969975709        1.0000000000000000     
   7.6923076923076927E-003   8.0769230769230770E-003   1344.3174099630205        1.0000000000000000     
   7.6923076923076927E-003   8.4615384615384613E-003   1344.3690897854669        1.0000000000000000     
   7.6923076923076927E-003   8.8461538461538456E-003   1344.4263844897935        1.0000000000000000     
   7.6923076923076927E-003   9.2307692307692299E-003   1344.4899217545683        1.0000000000000000     
   7.6923076923076927E-003   9.6153846153846159E-003   1344.5594611506251        1.0000000000000000     

   8.0769230769230770E-003   3.8461538461538462E-004   1354.3349345666052        1.0000000000000000     
   8.0769230769230770E-003   7.6923076923076923E-004   1354.2642160003625        1.0000000000000000     
   8.0769230769230770E-003   1.1538461538461537E-003   1354.1995915905102        1.0000000000000000     
   8.0769230769230770E-003   1.5384615384615385E-003   1354.1413169601271        1.0000000000000000     
   8.0769230769230770E-003   1.9230769230769232E-003   1354.0887554342198        1.0000000000000000     
   8.0769230769230770E-003   2.3076923076923075E-003   1354.0419573807806        1.0000000000000000     
   8.0769230769230770E-003   2.6923076923076922E-003   1354.0013497150978        1.0000000000000000     
   8.0769230769230770E-003   3.0769230769230769E-003   1353.9669980242375        1.0000000000000000     
   8.0769230769230770E-003   3.4615384615384616E-003   1353.9388944658178        1.0000000000000000     
   8.0769230769230770E-003   3.8461538461538464E-003   1353.9170369641222        1.0000000000000000     
   8.0769230769230770E-003   4.2307692307692307E-003   1353.9014246749716        1.0000000000000000     
   8.0769230769230770E-003   4.6153846153846149E-003   1353.8920573302132        1.0000000000000000     
   8.0769230769230770E-003   5.0000000000000001E-003   1353.8889348817145        1.0000000000000000     
   8.0769230769230770E-003   5.3846153846153844E-003   1353.8920573302130        1.0000000000000000     
   8.0769230769230770E-003   5.7692307692307696E-003   1353.9014246749716        1.0000000000000000     
   8.0769230769230770E-003   6.1538461538461538E-003   1353.9170369641213        1.0000000000000000     
   8.0769230769230770E-003   6.5384615384615381E-003   1353.9388944658174        1.0000000000000000     
   8.0769230769230770E-003   6.9230769230769233E-003   1353.9669980242377        1.0000000000000000     
   8.0769230769230770E-003   7.3076923076923076E-003   1354.0013497150981        1.0000000000000000     
   8.0769230769230770E-003   7.6923076923076927E-003   1354.0419573807806        1.0000000000000000     
   8.0769230769230770E-003   8.0769230769230770E-003   1354.0887554342191        1.0000000000000000     
   8.0769230769230770E-003   8.4615384615384613E-003   1354.1413169601267        1.0000000000000000     
   8.0769230769230770E-003   8.8461538461538456E-003   1354.1995915905097        1.0000000000000000     
   8.0769230769230770E-003   9.2307692307692299E-003   1354.2642160003616        1.0000000000000000     
   8.0769230769230770E-003   9.6153846153846159E-003   1354.3349345666049        1.0000000000000000     

   8.4615384615384613E-003   3.8461538461538462E-004   1362.2132876738906        1.0000000000000000     
   8.4615384615384613E-003   7.6923076923076923E-004   1362.1411935397839        1.0000000000000000     
   8.4615384615384613E-003   1.1538461538461537E-003   1362.0758119977838        1.0000000000000000     
   8.4615384615384613E-003   1.5384615384615385E-003   1362.0168000180486        1.0000000000000000     
   8.4615384615384613E-003   1.9230769230769232E-003   1361.9635677276685        1.0000000000000000     
   8.4615384615384613E-003   2.3076923076923075E-003   1361.9161658489668        1.0000000000000000     
   8.4615384615384613E-003   2.6923076923076922E-003   1361.8750257705267        1.0000000000000000     
   8.4615384615384613E-003   3.0769230769230769E-003   1361.8402168988346        1.0000000000000000     
   8.4615384615384613E-003   3.4615384615384616E-003   1361.8117348160822        1.0000000000000000     
   8.4615384615384613E-003   3.8461538461538464E-003   1361.7895802718967        1.0000000000000000     
   8.4615384615384613E-003   4.2307692307692307E-003   1361.7737544790393        1.0000000000000000     
   8.4615384615384613E-003   4.6153846153846149E-003   1361.7642585256906        1.0000000000000000     
   8.4615384615384613E-003   5.0000000000000001E-003   1361.7610931259615        1.0000000000000000     
   8.4615384615384613E-003   5.3846153846153844E-003   1361.7642585256901        1.0000000000000000     
   8.4615384615384613E-003   5.7692307692307696E-003   1361.7737544790386        1.0000000000000000     
   8.4615384615384613E-003   6.1538461538461538E-003   1361.7895802718967        1.0000000000000000     
   8.4615384615384613E-003   6.5384615384615381E-003   1361.8117348160818        1.0000000000000000     
   8.4615384615384613E-003   6.9230769230769233E-003   1361.8402168988343        1.0000000000000000     
   8.4615384615384613E-003   7.3076923076923076E-003   1361.8750257705267        1.0000000000000000     
   8.4615384615384613E-003   7.6923076923076927E-003   1361.9161658489668        1.0000000000000000     
   8.4615384615384613E-003   8.0769230769230770E-003   1361.9635677276676        1.0000000000000000     
   8.4615384615384613E-003   8.4615384615384613E-003   1362.0168000180479        1.0000000000000000     
   8.4615384615384613E-003   8.8461538461538456E-003   1362.0758119977831        1.0000000000000000     
   8.4615384615384613E-003   9.2307692307692299E-003   1362.1411935397837        1.0000000000000000     
   8.4615384615384613E-003   9.6153846153846159E-003   1362.2132876738906        1.0000000000000000     

   8.8461538461538456E-003   3.8461538461538462E-004   1368.1663364265187        1.0000000000000000     
   8.8461538461538456E-003   7.6923076923076923E-004   1368.0939270479237        1.0000000000000000     
   8.8461538461538456E-003   1.1538461538461537E-003   1368.0270060333801        1.0000000000000000     
   8.8461538461538456E-003   1.5384615384615385E-003   1367.9675716712006        1.0000000000000000     
   8.8461538461538456E-003   1.9230769230769232E-003   1367.9138806855849        1.0000000000000000     
   8.8461538461538456E-003   2.3076923076923075E-003   1367.8660552254082        1.0000000000000000     
   8.8461538461538456E-003   2.6923076923076922E-003   1367.8245331228393        1.0000000000000000     
   8.8461538461538456E-003   3.0769230769230769E-003   1367.7893909961911        1.0000000000000000     
   8.8461538461538456E-003   3.4615384615384616E-003   1367.7606302354022        1.0000000000000000     
   8.8461538461538456E-003   3.8461538461538464E-003   1367.7382556744617        1.0000000000000000     
   8.8461538461538456E-003   4.2307692307692307E-003   1367.7222711729139        1.0000000000000000     
   8.8461538461538456E-003   4.6153846153846149E-003   1367.7126794262228        1.0000000000000000     
   8.8461538461538456E-003   5.0000000000000001E-003   1367.7094820057875        1.0000000000000000     
   8.8461538461538456E-003   5.3846153846153844E-003   1367.7126794262226        1.0000000000000000     
   8.8461538461538456E-003   5.7692307692307696E-003   1367.7222711729130        1.0000000000000000     
   8.8461538461538456E-003   6.1538461538461538E-003   1367.7382556744615        1.0000000000000000     
   8.8461538461538456E-003   6.5384615384615381E-003   1367.7606302354020        1.0000000000000000     
   8.8461538461538456E-003   6.9230769230769233E-003   1367.7893909961906        1.0000000000000000     
   8.8461538461538456E-003   7.3076923076923076E-003   1367.8245331228384        1.0000000000000000     
   8.8461538461538456E-003   7.6923076923076927E-003   1367.8660552254078        1.0000000000000000     
   8.8461538461538456E-003   8.0769230769230770E-003   1367.9138806855847        1.0000000000000000     
   8.8461538461538456E-003   8.4615384615384613E-003   1367.9675716711997        1.0000000000000000     
   8.8461538461538456E-003   8.8461538461538456E-003   1368.0270060333801        1.0000000000000000     
   8.8461538461538456E-003   9.2307692307692299E-003   1368.0939270479241        1.0000000000000000     
   8.8461538461538456E-003   9.6153846153846159E-003   1368.1663364265173        1.0000000000000000     

   9.2307692307692299E-003   3.8461538461538462E-004   1372.1737427575965        1.0000000000000000     
   9.2307692307692299E-003   7.6923076923076923E-004   1372.1005341987095        1.0000000000000000     
   9.2307692307692299E-003   1.1538461538461537E-003   1372.0338793917158        1.0000000000000000     
   9.2307692307692299E-003   1.5384615384615385E-003   1371.9731875900698        1.0000000000000000     
   9.2307692307692299E-003   1.9230769230769232E-003   1371.9193010764959        1.0000000000000000     
   9.2307692307692299E-003   2.3076923076923075E-003   1371.8712284072049        1.0000000000000000     
   9.2307692307692299E-003   2.6923076923076922E-003   1371.8294682863254        1.0000000000000000     
   9.2307692307692299E-003   3.0769230769230769E-003   1371.7941114746002        1.0000000000000000     
   9.2307692307692299E-003   3.4615384615384616E-003   1371.7651681805980        1.0000000000000000     
   9.2307692307692299E-003   3.8461538461538464E-003   1371.7426482852686        1.0000000000000000     
   9.2307692307692299E-003   4.2307692307692307E-003   1371.7265584815748        1.0000000000000000     
   9.2307692307692299E-003   4.6153846153846149E-003   1371.7169030315652        1.0000000000000000     
   9.2307692307692299E-003   5.0000000000000001E-003   1371.7136842963187        1.0000000000000000     
   9.2307692307692299E-003   5.3846153846153844E-003   1371.7169030315652        1.0000000000000000     
   9.2307692307692299E-003   5.7692307692307696E-003   1371.7265584815746        1.0000000000000000     
   9.2307692307692299E-003   6.1538461538461538E-003   1371.7426482852679        1.0000000000000000     
   9.2307692307692299E-003   6.5384615384615381E-003   1371.7651681805971        1.0000000000000000     
   9.2307692307692299E-003   6.9230769230769233E-003   1371.7941114745997        1.0000000000000000     
   9.2307692307692299E-003   7.3076923076923076E-003   1371.8294682863252        1.0000000000000000     
   9.2307692307692299E-003   7.6923076923076927E-003   1371.8712284072046        1.0000000000000000     
   9.2307692307692299E-003   8.0769230769230770E-003   1371.9193010764959        1.0000000000000000     
   9.2307692307692299E-003   8.4615384615384613E-003   1371.9731875900695        1.0000000000000000     
   9.2307692307692299E-003   8.8461538461538456E-003   1372.0338793917160        1.0000000000000000     
   9.2307692307692299E-003   9.2307692307692299E-003   1372.1005341987104        1.0000000000000000     
   9.2307692307692299E-003   9.6153846153846159E-003   1372.1737427575963        1.0000000000000000     

   9.6153846153846159E-003   3.8461538461538462E-004   1374.2213910779710        1.0000000000000000     
   9.6153846153846159E-003   7.6923076923076923E-004   1374.1474678649079        1.0000000000000000     
   9.6153846153846159E-003   1.1538461538461537E-003   1374.0802962765806        1.0000000000000000     
   9.6153846153846159E-003   1.5384615384615385E-003   1374.0198530527364        1.0000000000000000     
   9.6153846153846159E-003   1.9230769230769232E-003   1373.9654343718255        1.0000000000000000     
   9.6153846153846159E-003   2.3076923076923075E-003   1373.9173045894565        1.0000000000000000     
   9.6153846153846159E-003   2.6923076923076922E-003   1373.8754368903171        1.0000000000000000     
   9.6153846153846159E-003   3.0769230769230769E-003   1373.8399754210761        1.0000000000000000     
   9.6153846153846159E-003   3.4615384615384616E-003   1373.8109409466840        1.0000000000000000     
   9.6153846153846159E-003   3.8461538461538464E-003   1373.7883477663622        1.0000000000000000     
   9.6153846153846159E-003   4.2307692307692307E-003   1373.7722046460722        1.0000000000000000     
   9.6153846153846159E-003   4.6153846153846149E-003   1373.7625168811494        1.0000000000000000     
   9.6153846153846159E-003   5.0000000000000001E-003   1373.7592873253327        1.0000000000000000     
   9.6153846153846159E-003   5.3846153846153844E-003   1373.7625168811496        1.0000000000000000     
   9.6153846153846159E-003   5.7692307692307696E-003   1373.7722046460722        1.0000000000000000     
   9.6153846153846159E-003   6.1538461538461538E-003   1373.7883477663622        1.0000000000000000     
   9.6153846153846159E-003   6.5384615384615381E-003   1373.8109409466840        1.0000000000000000     
   9.6153846153846159E-003   6.9230769230769233E-003   1373.8399754210761        1.0000000000000000     
   9.6153846153846159E-003   7.3076923076923076E-003   1373.8754368903176        1.0000000000000000     
   9.6153846153846159E-003   7.6923076923076927E-003   1373.9173045894565        1.0000000000000000     
   9.6153846153846159E-003   8.0769230769230770E-003   1373.9654343718259        1.0000000000000000     
   9.6153846153846159E-003   8.4615384615384613E-003   1374.0198530527373        1.0000000000000000     
   9.6153846153846159E-003   8.8461538461538456E-003   1374.0802962765815        1.0000000000000000     
   9.6153846153846159E-003   9.2307692307692299E-003   1374.1474678649085        1.0000000000000000     
   9.6153846153846159E-003   9.6153846153846159E-003   1374.2213910779710        1.0000000000000000     

