   3.8461538461538462E-004   3.8461538461538462E-004   1621.4218045518833        1.0000000000000000     
   3.8461538461538462E-004   7.6923076923076923E-004   1621.6427187723891        1.0000000000000000     
   3.8461538461538462E-004   1.1538461538461537E-003   1621.8532456875712        1.0000000000000000     
   3.8461538461538462E-004   1.5384615384615385E-003   1622.0535176686874        1.0000000000000000     
   3.8461538461538462E-004   1.9230769230769232E-003   1622.2437304577581        1.0000000000000000     
   3.8461538461538462E-004   2.3076923076923075E-003   1622.4241388777966        1.0000000000000000     
   3.8461538461538462E-004   2.6923076923076922E-003   1622.5950514121382        1.0000000000000000     
   3.8461538461538462E-004   3.0769230769230769E-003   1622.7568239044642        1.0000000000000000     
   3.8461538461538462E-004   3.4615384615384616E-003   1622.9098526767943        1.0000000000000000     
   3.8461538461538462E-004   3.8461538461538464E-003   1623.0545674058746        1.0000000000000000     
   3.8461538461538462E-004   4.2307692307692307E-003   1623.1914241402699        1.0000000000000000     
   3.8461538461538462E-004   4.6153846153846149E-003   1623.3208988898361        1.0000000000000000     
   3.8461538461538462E-004   5.0000000000000001E-003   1623.4434822915000        1.0000000000000000     
   3.8461538461538462E-004   5.3846153846153844E-003   1623.5596759797302        1.0000000000000000     
   3.8461538461538462E-004   5.7692307692307696E-003   1623.6699915226675        1.0000000000000000     
   3.8461538461538462E-004   6.1538461538461538E-003   1623.7749532375799        1.0000000000000000     
   3.8461538461538462E-004   6.5384615384615381E-003   1623.8751071115134        1.0000000000000000     
   3.8461538461538462E-004   6.9230769230769233E-003   1623.9710399707196        1.0000000000000000     
   3.8461538461538462E-004   7.3076923076923076E-003   1624.0634173112942        1.0000000000000000     
   3.8461538461538462E-004   7.6923076923076927E-003   1624.1530584164070        1.0000000000000000     
   3.8461538461538462E-004   8.0769230769230770E-003   1624.2410939932836        1.0000000000000000     
   3.8461538461538462E-004   8.4615384615384613E-003   1624.3293276806914        1.0000000000000000     
   3.8461538461538462E-004   8.8461538461538456E-003   1624.4211623300498        1.0000000000000000     
   3.8461538461538462E-004   9.2307692307692299E-003   1624.5242773713576        1.0000000000000000     
   3.8461538461538462E-004   9.6153846153846159E-003   1624.6593268062734        1.0000000000000000     

   7.6923076923076923E-004   3.8461538461538462E-004   1621.6355114725034        1.0000000000000000     
   7.6923076923076923E-004   7.6923076923076923E-004   1621.8564605731719        1.0000000000000000     
   7.6923076923076923E-004   1.1538461538461537E-003   1622.0670197753916        1.0000000000000000     
   7.6923076923076923E-004   1.5384615384615385E-003   1622.2673212213192        1.0000000000000000     
   7.6923076923076923E-004   1.9230769230769232E-003   1622.4575602952641        1.0000000000000000     
   7.6923076923076923E-004   2.3076923076923075E-003   1622.6379913144883        1.0000000000000000     
   7.6923076923076923E-004   2.6923076923076922E-003   1622.8089220783168        1.0000000000000000     
   7.6923076923076923E-004   3.0769230769230769E-003   1622.9707075223537        1.0000000000000000     
   7.6923076923076923E-004   3.4615384615384616E-003   1623.1237427674027        1.0000000000000000     
   7.6923076923076923E-004   3.8461538461538464E-003   1623.2684558909798        1.0000000000000000     
   7.6923076923076923E-004   4.2307692307692307E-003   1623.4053007829093        1.0000000000000000     
   7.6923076923076923E-004   4.6153846153846149E-003   1623.5347504809970        1.0000000000000000     
   7.6923076923076923E-004   5.0000000000000001E-003   1623.6572914273963        1.0000000000000000     
   7.6923076923076923E-004   5.3846153846153844E-003   1623.7734191571476        1.0000000000000000     
   7.6923076923076923E-004   5.7692307692307696E-003   1623.8836360534794        1.0000000000000000     
   7.6923076923076923E-004   6.1538461538461538E-003   1623.9884520211012        1.0000000000000000     
   7.6923076923076923E-004   6.5384615384615381E-003   1624.0883892978895        1.0000000000000000     
   7.6923076923076923E-004   6.9230769230769233E-003   1624.1839932011487        1.0000000000000000     
   7.6923076923076923E-004   7.3076923076923076E-003   1624.2758512837090        1.0000000000000000     
   7.6923076923076923E-004   7.6923076923076927E-003   1624.3646231415316        1.0000000000000000     
   7.6923076923076923E-004   8.0769230769230770E-003   1624.4510766131289        1.0000000000000000     
   7.6923076923076923E-004   8.4615384615384613E-003   1624.5360883170824        1.0000000000000000     
   7.6923076923076923E-004   8.8461538461538456E-003   1624.6203836435454        1.0000000000000000     
   7.6923076923076923E-004   9.2307692307692299E-003   1624.7029448892044        1.0000000000000000     
   7.6923076923076923E-004   9.6153846153846159E-003   1624.7731080206329        1.0000000000000000     

   1.1538461538461537E-003   3.8461538461538462E-004   1621.8315953759752        1.0000000000000000     
   1.1538461538461537E-003   7.6923076923076923E-004   1622.0525756813761        1.0000000000000000     
   1.1538461538461537E-003   1.1538461538461537E-003   1622.2631627838689        1.0000000000000000     
   1.1538461538461537E-003   1.5384615384615385E-003   1622.4634883582046        1.0000000000000000     
   1.1538461538461537E-003   1.9230769230769232E-003   1622.6537470619503        1.0000000000000000     
   1.1538461538461537E-003   2.3076923076923075E-003   1622.8341921909816        1.0000000000000000     
   1.1538461538461537E-003   2.6923076923076922E-003   1623.0051301737240        1.0000000000000000     
   1.1538461538461537E-003   3.0769230769230769E-003   1623.1669141423768        1.0000000000000000     
   1.1538461538461537E-003   3.4615384615384616E-003   1623.3199368572284        1.0000000000000000     
   1.1538461538461537E-003   3.8461538461538464E-003   1623.4646232903103        1.0000000000000000     
   1.1538461538461537E-003   4.2307692307692307E-003   1623.6014231946979        1.0000000000000000     
   1.1538461538461537E-003   4.6153846153846149E-003   1623.7308039968275        1.0000000000000000     
   1.1538461538461537E-003   5.0000000000000001E-003   1623.8532443517513        1.0000000000000000     
   1.1538461538461537E-003   5.3846153846153844E-003   1623.9692286946577        1.0000000000000000     
   1.1538461538461537E-003   5.7692307692307696E-003   1624.0792430970969        1.0000000000000000     
   1.1538461538461537E-003   6.1538461538461538E-003   1624.1837726608705        1.0000000000000000     
   1.1538461538461537E-003   6.5384615384615381E-003   1624.2833004576366        1.0000000000000000     
   1.1538461538461537E-003   6.9230769230769233E-003   1624.3783073628238        1.0000000000000000     
   1.1538461538461537E-003   7.3076923076923076E-003   1624.4692702400571        1.0000000000000000     
   1.1538461538461537E-003   7.6923076923076927E-003   1624.5566506099588        1.0000000000000000     
   1.1538461538461537E-003   8.0769230769230770E-003   1624.6408513534386        1.0000000000000000     
   1.1538461538461537E-003   8.4615384615384613E-003   1624.7220810390904        1.0000000000000000     
   1.1538461538461537E-003   8.8461538461538456E-003   1624.7999788144521        1.0000000000000000     
   1.1538461538461537E-003   9.2307692307692299E-003   1624.8727327347935        1.0000000000000000     
   1.1538461538461537E-003   9.6153846153846159E-003   1624.9358153751318        1.0000000000000000     

   1.5384615384615385E-003   3.8461538461538462E-004   1622.0101305660396        1.0000000000000000     
   1.5384615384615385E-003   7.6923076923076923E-004   1622.2311385262130        1.0000000000000000     
   1.5384615384615385E-003   1.1538461538461537E-003   1622.4417493926296        1.0000000000000000     
   1.5384615384615385E-003   1.5384615384615385E-003   1622.6420941606580        1.0000000000000000     
   1.5384615384615385E-003   1.9230769230769232E-003   1622.8323664351026        1.0000000000000000     
   1.5384615384615385E-003   2.3076923076923075E-003   1623.0128180395664        1.0000000000000000     
   1.5384615384615385E-003   2.6923076923076922E-003   1623.1837534393392        1.0000000000000000     
   1.5384615384615385E-003   3.0769230769230769E-003   1623.3455232056026        1.0000000000000000     
   1.5384615384615385E-003   3.4615384615384616E-003   1623.4985167807797        1.0000000000000000     
   1.5384615384615385E-003   3.8461538461538464E-003   1623.6431548260675        1.0000000000000000     
   1.5384615384615385E-003   4.2307692307692307E-003   1623.7798814379198        1.0000000000000000     
   1.5384615384615385E-003   4.6153846153846149E-003   1623.9091565076694        1.0000000000000000     
   1.5384615384615385E-003   5.0000000000000001E-003   1624.0314484618048        1.0000000000000000     
   1.5384615384615385E-003   5.3846153846153844E-003   1624.1472275473106        1.0000000000000000     
   1.5384615384615385E-003   5.7692307692307696E-003   1624.2569596885642        1.0000000000000000     
   1.5384615384615385E-003   6.1538461538461538E-003   1624.3611006768385        1.0000000000000000     
   1.5384615384615385E-003   6.5384615384615381E-003   1624.4600899223617        1.0000000000000000     
   1.5384615384615385E-003   6.9230769230769233E-003   1624.5543419058915        1.0000000000000000     
   1.5384615384615385E-003   7.3076923076923076E-003   1624.6442312025076        1.0000000000000000     
   1.5384615384615385E-003   7.6923076923076927E-003   1624.7300623734764        1.0000000000000000     
   1.5384615384615385E-003   8.0769230769230770E-003   1624.8120074728088        1.0000000000000000     
   1.5384615384615385E-003   8.4615384615384613E-003   1624.8899811029673        1.0000000000000000     
   1.5384615384615385E-003   8.8461538461538456E-003   1624.9634172129747        1.0000000000000000     
   1.5384615384615385E-003   9.2307692307692299E-003   1625.0309736744493        1.0000000000000000     
   1.5384615384615385E-003   9.6153846153846159E-003   1625.0905126042803        1.0000000000000000     

   1.9230769230769232E-003   3.8461538461538462E-004   1622.1712202686210        1.0000000000000000     
   1.9230769230769232E-003   7.6923076923076923E-004   1622.3922525072255        1.0000000000000000     
   1.9230769230769232E-003   1.1538461538461537E-003   1622.6028833473817        1.0000000000000000     
   1.9230769230769232E-003   1.5384615384615385E-003   1622.8032429287705        1.0000000000000000     
   1.9230769230769232E-003   1.9230769230769232E-003   1622.9935235353789        1.0000000000000000     
   1.9230769230769232E-003   2.3076923076923075E-003   1623.1739751540929        1.0000000000000000     
   1.9230769230769232E-003   2.6923076923076922E-003   1623.3448998197496        1.0000000000000000     
   1.9230769230769232E-003   3.0769230769230769E-003   1623.5066449638996        1.0000000000000000     
   1.9230769230769232E-003   3.4615384615384616E-003   1623.6595960113964        1.0000000000000000     
   1.9230769230769232E-003   3.8461538461538464E-003   1623.8041684824752        1.0000000000000000     
   1.9230769230769232E-003   4.2307692307692307E-003   1623.9407998523300        1.0000000000000000     
   1.9230769230769232E-003   4.6153846153846149E-003   1624.0699413905638        1.0000000000000000     
   1.9230769230769232E-003   5.0000000000000001E-003   1624.1920501410143        1.0000000000000000     
   1.9230769230769232E-003   5.3846153846153844E-003   1624.3075810931750        1.0000000000000000     
   1.9230769230769232E-003   5.7692307692307696E-003   1624.4169794111922        1.0000000000000000     
   1.9230769230769232E-003   6.1538461538461538E-003   1624.5206722718654        1.0000000000000000     
   1.9230769230769232E-003   6.5384615384615381E-003   1624.6190593253352        1.0000000000000000     
   1.9230769230769232E-003   6.9230769230769233E-003   1624.7124998778609        1.0000000000000000     
   1.9230769230769232E-003   7.3076923076923076E-003   1624.8012934044252        1.0000000000000000     
   1.9230769230769232E-003   7.6923076923076927E-003   1624.8856478294017        1.0000000000000000     
   1.9230769230769232E-003   8.0769230769230770E-003   1624.9656277915474        1.0000000000000000     
   1.9230769230769232E-003   8.4615384615384613E-003   1625.0410761129508        1.0000000000000000     
   1.9230769230769232E-003   8.8461538461538456E-003   1625.1115163471438        1.0000000000000000     
   1.9230769230769232E-003   9.2307692307692299E-003   1625.1760955235129        1.0000000000000000     
   1.9230769230769232E-003   9.6153846153846159E-003   1625.2337316836649        1.0000000000000000     

   2.3076923076923075E-003   3.8461538461538462E-004   1622.3149856631569        1.0000000000000000     
   2.3076923076923075E-003   7.6923076923076923E-004   1622.5360390097483        1.0000000000000000     
   2.3076923076923075E-003   1.1538461538461537E-003   1622.7466864438218        1.0000000000000000     
   2.3076923076923075E-003   1.5384615384615385E-003   1622.9470571143452        1.0000000000000000     
   2.3076923076923075E-003   1.9230769230769232E-003   1623.1373417829002        1.0000000000000000     
   2.3076923076923075E-003   2.3076923076923075E-003   1623.3177883331643        1.0000000000000000     
   2.3076923076923075E-003   2.6923076923076922E-003   1623.4886960414105        1.0000000000000000     
   2.3076923076923075E-003   3.0769230769230769E-003   1623.6504088163449        1.0000000000000000     
   2.3076923076923075E-003   3.4615384615384616E-003   1623.8033076396459        1.0000000000000000     
   2.3076923076923075E-003   3.8461538461538464E-003   1623.9478024471018        1.0000000000000000     
   2.3076923076923075E-003   4.2307692307692307E-003   1624.0843236781532        1.0000000000000000     
   2.3076923076923075E-003   4.6153846153846149E-003   1624.2133136839063        1.0000000000000000     
   2.3076923076923075E-003   5.0000000000000001E-003   1624.3352181134330        1.0000000000000000     
   2.3076923076923075E-003   5.3846153846153844E-003   1624.4504772835778        1.0000000000000000     
   2.3076923076923075E-003   5.7692307692307696E-003   1624.5595173605523        1.0000000000000000     
   2.3076923076923075E-003   6.1538461538461538E-003   1624.6627409153812        1.0000000000000000     
   2.3076923076923075E-003   6.5384615384615381E-003   1624.7605160267667        1.0000000000000000     
   2.3076923076923075E-003   6.9230769230769233E-003   1624.8531625737198        1.0000000000000000     
   2.3076923076923075E-003   7.3076923076923076E-003   1624.9409337441537        1.0000000000000000     
   2.3076923076923075E-003   7.6923076923076927E-003   1625.0239904007365        1.0000000000000000     
   2.3076923076923075E-003   8.0769230769230770E-003   1625.1023667744014        1.0000000000000000     
   2.3076923076923075E-003   8.4615384615384613E-003   1625.1759303491381        1.0000000000000000     
   2.3076923076923075E-003   8.8461538461538456E-003   1625.2443509199595        1.0000000000000000     
   2.3076923076923075E-003   9.2307692307692299E-003   1625.3071167964179        1.0000000000000000     
   2.3076923076923075E-003   9.6153846153846159E-003   1625.3636573622305        1.0000000000000000     

   2.6923076923076922E-003   3.8461538461538462E-004   1622.4415524643689        1.0000000000000000     
   2.6923076923076922E-003   7.6923076923076923E-004   1622.6626239685759        1.0000000000000000     
   2.6923076923076922E-003   1.1538461538461537E-003   1622.8732850555966        1.0000000000000000     
   2.6923076923076922E-003   1.5384615384615385E-003   1623.0736637916518        1.0000000000000000     
   2.6923076923076922E-003   1.9230769230769232E-003   1623.2639492828066        1.0000000000000000     
   2.6923076923076922E-003   2.3076923076923075E-003   1623.4443871423273        1.0000000000000000     
   2.6923076923076922E-003   2.6923076923076922E-003   1623.6152736980137        1.0000000000000000     
   2.6923076923076922E-003   3.0769230769230769E-003   1623.7769491413687        1.0000000000000000     
   2.6923076923076922E-003   3.4615384615384616E-003   1623.9297898414525        1.0000000000000000     
   2.6923076923076922E-003   3.8461538461538464E-003   1624.0742000527976        1.0000000000000000     
   2.6923076923076922E-003   4.2307692307692307E-003   1624.2106032328968        1.0000000000000000     
   2.6923076923076922E-003   4.6153846153846149E-003   1624.3394331472584        1.0000000000000000     
   2.6923076923076922E-003   5.0000000000000001E-003   1624.4611248742456        1.0000000000000000     
   2.6923076923076922E-003   5.3846153846153844E-003   1624.5761057224431        1.0000000000000000     
   2.6923076923076922E-003   5.7692307692307696E-003   1624.6847859342520        1.0000000000000000     
   2.6923076923076922E-003   6.1538461538461538E-003   1624.7875488674065        1.0000000000000000     
   2.6923076923076922E-003   6.5384615384615381E-003   1624.8847401305029        1.0000000000000000     
   2.6923076923076922E-003   6.9230769230769233E-003   1624.9766549455999        1.0000000000000000     
   2.6923076923076922E-003   7.3076923076923076E-003   1625.0635229571124        1.0000000000000000     
   2.6923076923076922E-003   7.6923076923076927E-003   1625.1454901251968        1.0000000000000000     
   2.6923076923076922E-003   8.0769230769230770E-003   1625.2225988740388        1.0000000000000000     
   2.6923076923076922E-003   8.4615384615384613E-003   1625.2947712881207        1.0000000000000000     
   2.6923076923076922E-003   8.8461538461538456E-003   1625.3618065840969        1.0000000000000000     
   2.6923076923076922E-003   9.2307692307692299E-003   1625.4234114483907        1.0000000000000000     
   2.6923076923076922E-003   9.6153846153846159E-003   1625.4792806457897        1.0000000000000000     

   3.0769230769230769E-003   3.8461538461538462E-004   1622.5510359935736        1.0000000000000000     
   3.0769230769230769E-003   7.6923076923076923E-004   1622.7721229207791        1.0000000000000000     
   3.0769230769230769E-003   1.1538461538461537E-003   1622.9827951511406        1.0000000000000000     
   3.0769230769230769E-003   1.5384615384615385E-003   1623.1831796173342        1.0000000000000000     
   3.0769230769230769E-003   1.9230769230769232E-003   1623.3734637015984        1.0000000000000000     
   3.0769230769230769E-003   2.3076923076923075E-003   1623.5538906717454        1.0000000000000000     
   3.0769230769230769E-003   2.6923076923076922E-003   1623.7247538421436        1.0000000000000000     
   3.0769230769230769E-003   3.0769230769230769E-003   1623.8863896578009        1.0000000000000000     
   3.0769230769230769E-003   3.4615384615384616E-003   1624.0391699202728        1.0000000000000000     
   3.0769230769230769E-003   3.8461538461538464E-003   1624.1834933809046        1.0000000000000000     
   3.0769230769230769E-003   4.2307692307692307E-003   1624.3197769151893        1.0000000000000000     
   3.0769230769230769E-003   4.6153846153846149E-003   1624.4484464597117        1.0000000000000000     
   3.0769230769230769E-003   5.0000000000000001E-003   1624.5699278389984        1.0000000000000000     
   3.0769230769230769E-003   5.3846153846153844E-003   1624.6846375333705        1.0000000000000000     
   3.0769230769230769E-003   5.7692307692307696E-003   1624.7929733436210        1.0000000000000000     
   3.0769230769230769E-003   6.1538461538461538E-003   1624.8953048042706        1.0000000000000000     
   3.0769230769230769E-003   6.5384615384615381E-003   1624.9919631112698        1.0000000000000000     
   3.0769230769230769E-003   6.9230769230769233E-003   1625.0832303216916        1.0000000000000000     
   3.0769230769230769E-003   7.3076923076923076E-003   1625.1693277703557        1.0000000000000000     
   3.0769230769230769E-003   7.6923076923076927E-003   1625.2504042333896        1.0000000000000000     
   3.0769230769230769E-003   8.0769230769230770E-003   1625.3265256281466        1.0000000000000000     
   3.0769230769230769E-003   8.4615384615384613E-003   1625.3976701711449        1.0000000000000000     
   3.0769230769230769E-003   8.8461538461538456E-003   1625.4637355500365        1.0000000000000000     
   3.0769230769230769E-003   9.2307692307692299E-003   1625.5245658759477        1.0000000000000000     
   3.0769230769230769E-003   9.6153846153846159E-003   1625.5800016428266        1.0000000000000000     

   3.4615384615384616E-003   3.8461538461538462E-004   1622.6435257900021        1.0000000000000000     
   3.4615384615384616E-003   7.6923076923076923E-004   1622.8646255999406        1.0000000000000000     
   3.4615384615384616E-003   1.1538461538461537E-003   1623.0753068551255        1.0000000000000000     
   3.4615384615384616E-003   1.5384615384615385E-003   1623.2756953407556        1.0000000000000000     
   3.4615384615384616E-003   1.9230769230769232E-003   1623.4659767039025        1.0000000000000000     
   3.4615384615384616E-003   2.3076923076923075E-003   1623.6463918709774        1.0000000000000000     
   3.4615384615384616E-003   2.6923076923076922E-003   1623.8172311817630        1.0000000000000000     
   3.4615384615384616E-003   3.0769230769230769E-003   1623.9788274368620        1.0000000000000000     
   3.4615384615384616E-003   3.4615384615384616E-003   1624.1315480767125        1.0000000000000000     
   3.4615384615384616E-003   3.8461538461538464E-003   1624.2757867190976        1.0000000000000000     
   3.4615384615384616E-003   4.2307692307692307E-003   1624.4119542743313        1.0000000000000000     
   3.4615384615384616E-003   4.6153846153846149E-003   1624.5404698324937        1.0000000000000000     
   3.4615384615384616E-003   5.0000000000000001E-003   1624.6617514762418        1.0000000000000000     
   3.4615384615384616E-003   5.3846153846153844E-003   1624.7762071189668        1.0000000000000000     
   3.4615384615384616E-003   5.7692307692307696E-003   1624.8842254087826        1.0000000000000000     
   3.4615384615384616E-003   6.1538461538461538E-003   1624.9861666889410        1.0000000000000000     
   3.4615384615384616E-003   6.5384615384615381E-003   1625.0823539924277        1.0000000000000000     
   3.4615384615384616E-003   6.9230769230769233E-003   1625.1730641201070        1.0000000000000000     
   3.4615384615384616E-003   7.3076923076923076E-003   1625.2585190808304        1.0000000000000000     
   3.4615384615384616E-003   7.6923076923076927E-003   1625.3388786490441        1.0000000000000000     
   3.4615384615384616E-003   8.0769230769230770E-003   1625.4142355849963        1.0000000000000000     
   3.4615384615384616E-003   8.4615384615384613E-003   1625.4846160764471        1.0000000000000000     
   3.4615384615384616E-003   8.8461538461538456E-003   1625.5499887211670        1.0000000000000000     
   3.4615384615384616E-003   9.2307692307692299E-003   1625.6102847538828        1.0000000000000000     
   3.4615384615384616E-003   9.6153846153846159E-003   1625.6654286680430        1.0000000000000000     

   3.8461538461538464E-003   3.8461538461538462E-004   1622.7190708583096        1.0000000000000000     
   3.8461538461538464E-003   7.6923076923076923E-004   1622.9401811692983        1.0000000000000000     
   3.8461538461538464E-003   1.1538461538461537E-003   1623.1508696546621        1.0000000000000000     
   3.8461538461538464E-003   1.5384615384615385E-003   1623.3512609690144        1.0000000000000000     
   3.8461538461538464E-003   1.9230769230769232E-003   1623.5415390596143        1.0000000000000000     
   3.8461538461538464E-003   2.3076923076923075E-003   1623.7219425784551        1.0000000000000000     
   3.8461538461538464E-003   2.6923076923076922E-003   1623.8927590087910        1.0000000000000000     
   3.8461538461538464E-003   3.0769230769230769E-003   1624.0543177034617        1.0000000000000000     
   3.8461538461538464E-003   3.4615384615384616E-003   1624.2069820551349        1.0000000000000000     
   3.8461538461538464E-003   3.8461538461538464E-003   1624.3511410300155        1.0000000000000000     
   3.8461538461538464E-003   4.2307692307692307E-003   1624.4872002933118        1.0000000000000000     
   3.8461538461538464E-003   4.6153846153846149E-003   1624.6155731374911        1.0000000000000000     
   3.8461538461538464E-003   5.0000000000000001E-003   1624.7366713950476        1.0000000000000000     
   3.8461538461538464E-003   5.3846153846153844E-003   1624.8508964809828        1.0000000000000000     
   3.8461538461538464E-003   5.7692307692307696E-003   1624.9586306746999        1.0000000000000000     
   3.8461538461538464E-003   6.1538461538461538E-003   1625.0602287305107        1.0000000000000000     
   3.8461538461538464E-003   6.5384615384615381E-003   1625.1560099217249        1.0000000000000000     
   3.8461538461538464E-003   6.9230769230769233E-003   1625.2462507050793        1.0000000000000000     
   3.8461538461538464E-003   7.3076923076923076E-003   1625.3311783747224        1.0000000000000000     
   3.8461538461538464E-003   7.6923076923076927E-003   1625.4109663823835        1.0000000000000000     
   3.8461538461538464E-003   8.0769230769230770E-003   1625.4857324097043        1.0000000000000000     
   3.8461538461538464E-003   8.4615384615384613E-003   1625.5555406531087        1.0000000000000000     
   3.8461538461538464E-003   8.8461538461538456E-003   1625.6204097905520        1.0000000000000000     
   3.8461538461538464E-003   9.2307692307692299E-003   1625.6803272198258        1.0000000000000000     
   3.8461538461538464E-003   9.6153846153846159E-003   1625.7352679551934        1.0000000000000000     

   4.2307692307692307E-003   3.8461538461538462E-004   1622.7776666228924        1.0000000000000000     
   4.2307692307692307E-003   7.6923076923076923E-004   1622.9987851653646        1.0000000000000000     
   4.2307692307692307E-003   1.1538461538461537E-003   1623.2094793234101        1.0000000000000000     
   4.2307692307692307E-003   1.5384615384615385E-003   1623.4098726620609        1.0000000000000000     
   4.2307692307692307E-003   1.9230769230769232E-003   1623.6001474997352        1.0000000000000000     
   4.2307692307692307E-003   2.3076923076923075E-003   1623.7805403271511        1.0000000000000000     
   4.2307692307692307E-003   2.6923076923076922E-003   1623.9513359438836        1.0000000000000000     
   4.2307692307692307E-003   3.0769230769230769E-003   1624.1128605116014        1.0000000000000000     
   4.2307692307692307E-003   3.4615384615384616E-003   1624.2654737473756        1.0000000000000000     
   4.2307692307692307E-003   3.8461538461538464E-003   1624.4095604945912        1.0000000000000000     
   4.2307692307692307E-003   4.2307692307692307E-003   1624.5455219098819        1.0000000000000000     
   4.2307692307692307E-003   4.6153846153846149E-003   1624.6737664933132        1.0000000000000000     
   4.2307692307692307E-003   5.0000000000000001E-003   1624.7947011682777        1.0000000000000000     
   4.2307692307692307E-003   5.3846153846153844E-003   1624.9087225919181        1.0000000000000000     
   4.2307692307692307E-003   5.7692307692307696E-003   1625.0162088540349        1.0000000000000000     
   4.2307692307692307E-003   6.1538461538461538E-003   1625.1175117127711        1.0000000000000000     
   4.2307692307692307E-003   6.5384615384615381E-003   1625.2129495330983        1.0000000000000000     
   4.2307692307692307E-003   6.9230769230769233E-003   1625.3028011544693        1.0000000000000000     
   4.2307692307692307E-003   7.3076923076923076E-003   1625.3873010282480        1.0000000000000000     
   4.2307692307692307E-003   7.6923076923076927E-003   1625.4666361283507        1.0000000000000000     
   4.2307692307692307E-003   8.0769230769230770E-003   1625.5409453066945        1.0000000000000000     
   4.2307692307692307E-003   8.4615384615384613E-003   1625.6103218311302        1.0000000000000000     
   4.2307692307692307E-003   8.8461538461538456E-003   1625.6748196248320        1.0000000000000000     
   4.2307692307692307E-003   9.2307692307692299E-003   1625.7344630170967        1.0000000000000000     
   4.2307692307692307E-003   9.6153846153846159E-003   1625.7892585635475        1.0000000000000000     

   4.6153846153846149E-003   3.8461538461538462E-004   1622.8192445645893        1.0000000000000000     
   4.6153846153846149E-003   7.6923076923076923E-004   1623.0403691279821        1.0000000000000000     
   4.6153846153846149E-003   1.1538461538461537E-003   1623.2510675401779        1.0000000000000000     
   4.6153846153846149E-003   1.5384615384615385E-003   1623.4514623351643        1.0000000000000000     
   4.6153846153846149E-003   1.9230769230769232E-003   1623.6417342984964        1.0000000000000000     
   4.6153846153846149E-003   2.3076923076923075E-003   1623.8221179033865        1.0000000000000000     
   4.6153846153846149E-003   2.6923076923076922E-003   1623.9928954717684        1.0000000000000000     
   4.6153846153846149E-003   3.0769230769230769E-003   1624.1543902615324        1.0000000000000000     
   4.6153846153846149E-003   3.4615384615384616E-003   1624.3069587069949        1.0000000000000000     
   4.6153846153846149E-003   3.8461538461538464E-003   1624.4509820560916        1.0000000000000000     
   4.6153846153846149E-003   4.2307692307692307E-003   1624.5868576519381        1.0000000000000000     
   4.6153846153846149E-003   4.6153846153846149E-003   1624.7149900995094        1.0000000000000000     
   4.6153846153846149E-003   5.0000000000000001E-003   1624.8357825426469        1.0000000000000000     
   4.6153846153846149E-003   5.3846153846153844E-003   1624.9496282566502        1.0000000000000000     
   4.6153846153846149E-003   5.7692307692307696E-003   1625.0569027432018        1.0000000000000000     
   4.6153846153846149E-003   6.1538461538461538E-003   1625.1579565046059        1.0000000000000000     
   4.6153846153846149E-003   6.5384615384615381E-003   1625.2531086816748        1.0000000000000000     
   4.6153846153846149E-003   6.9230769230769233E-003   1625.3426417700914        1.0000000000000000     
   4.6153846153846149E-003   7.3076923076923076E-003   1625.4267976842143        1.0000000000000000     
   4.6153846153846149E-003   7.6923076923076927E-003   1625.5057755009839        1.0000000000000000     
   4.6153846153846149E-003   8.0769230769230770E-003   1625.5797312527138        1.0000000000000000     
   4.6153846153846149E-003   8.4615384615384613E-003   1625.6487800790439        1.0000000000000000     
   4.6153846153846149E-003   8.8461538461538456E-003   1625.7130008078655        1.0000000000000000     
   4.6153846153846149E-003   9.2307692307692299E-003   1625.7724425492117        1.0000000000000000     
   4.6153846153846149E-003   9.6153846153846159E-003   1625.8271322024282        1.0000000000000000     

   5.0000000000000001E-003   3.8461538461538462E-004   1622.8436653567267        1.0000000000000000     
   5.0000000000000001E-003   7.6923076923076923E-004   1623.0647937338169        1.0000000000000000     
   5.0000000000000001E-003   1.1538461538461537E-003   1623.2754950188032        1.0000000000000000     
   5.0000000000000001E-003   1.5384615384615385E-003   1623.4758907847975        1.0000000000000000     
   5.0000000000000001E-003   1.9230769230769232E-003   1623.6661603962266        1.0000000000000000     
   5.0000000000000001E-003   2.3076923076923075E-003   1623.8465364700990        1.0000000000000000     
   5.0000000000000001E-003   2.6923076923076922E-003   1624.0172990724673        1.0000000000000000     
   5.0000000000000001E-003   3.0769230769230769E-003   1624.1787688533743        1.0000000000000000     
   5.0000000000000001E-003   3.4615384615384616E-003   1624.3312993507745        1.0000000000000000     
   5.0000000000000001E-003   3.8461538461538464E-003   1624.4752687119837        1.0000000000000000     
   5.0000000000000001E-003   4.2307692307692307E-003   1624.6110710876874        1.0000000000000000     
   5.0000000000000001E-003   4.6153846153846149E-003   1624.7391079491379        1.0000000000000000     
   5.0000000000000001E-003   5.0000000000000001E-003   1624.8597795663654        1.0000000000000000     
   5.0000000000000001E-003   5.3846153846153844E-003   1624.9734768670578        1.0000000000000000     
   5.0000000000000001E-003   5.7692307692307696E-003   1625.0805738768020        1.0000000000000000     
   5.0000000000000001E-003   6.1538461538461538E-003   1625.1814209263655        1.0000000000000000     
   5.0000000000000001E-003   6.5384615384615381E-003   1625.2763388050957        1.0000000000000000     
   5.0000000000000001E-003   6.9230769230769233E-003   1625.3656140431306        1.0000000000000000     
   5.0000000000000001E-003   7.3076923076923076E-003   1625.4494955154960        1.0000000000000000     
   5.0000000000000001E-003   7.6923076923076927E-003   1625.5281925653412        1.0000000000000000     
   5.0000000000000001E-003   8.0769230769230770E-003   1625.6018748163269        1.0000000000000000     
   5.0000000000000001E-003   8.4615384615384613E-003   1625.6706737494162        1.0000000000000000     
   5.0000000000000001E-003   8.8461538461538456E-003   1625.7346859209679        1.0000000000000000     
   5.0000000000000001E-003   9.2307692307692299E-003   1625.7939773887690        1.0000000000000000     
   5.0000000000000001E-003   9.6153846153846159E-003   1625.8485885472805        1.0000000000000000     

   5.3846153846153844E-003   3.8461538461538462E-004   1622.8507161053594        1.0000000000000000     
   5.3846153846153844E-003   7.6923076923076923E-004   1623.0718460378080        1.0000000000000000     
   5.3846153846153844E-003   1.1538461538461537E-003   1623.2825487529612        1.0000000000000000     
   5.3846153846153844E-003   1.5384615384615385E-003   1623.4829449399992        1.0000000000000000     
   5.3846153846153844E-003   1.9230769230769232E-003   1623.6732126622408        1.0000000000000000     
   5.3846153846153844E-003   2.3076923076923075E-003   1623.8535828491745        1.0000000000000000     
   5.3846153846153844E-003   2.6923076923076922E-003   1624.0243335355597        1.0000000000000000     
   5.3846153846153844E-003   3.0769230769230769E-003   1624.1857830527247        1.0000000000000000     
   5.3846153846153844E-003   3.4615384615384616E-003   1624.3382824052201        1.0000000000000000     
   5.3846153846153844E-003   3.8461538461538464E-003   1624.4822070852852        1.0000000000000000     
   5.3846153846153844E-003   4.2307692307692307E-003   1624.6179485852658        1.0000000000000000     
   5.3846153846153844E-003   4.6153846153846149E-003   1624.7459058650772        1.0000000000000000     
   5.3846153846153844E-003   5.0000000000000001E-003   1624.8664770197040        1.0000000000000000     
   5.3846153846153844E-003   5.3846153846153844E-003   1624.9800513732257        1.0000000000000000     
   5.3846153846153844E-003   5.7692307692307696E-003   1625.0870022040515        1.0000000000000000     
   5.3846153846153844E-003   6.1538461538461538E-003   1625.1876802842348        1.0000000000000000     
   5.3846153846153844E-003   6.5384615384615381E-003   1625.2824083963385        1.0000000000000000     
   5.3846153846153844E-003   6.9230769230769233E-003   1625.3714769744647        1.0000000000000000     
   5.3846153846153844E-003   7.3076923076923076E-003   1625.4551409982448        1.0000000000000000     
   5.3846153846153844E-003   7.6923076923076927E-003   1625.5336182406420        1.0000000000000000     
   5.3846153846153844E-003   8.0769230769230770E-003   1625.6070889179068        1.0000000000000000     
   5.3846153846153844E-003   8.4615384615384613E-003   1625.6756966956832        1.0000000000000000     
   5.3846153846153844E-003   8.8461538461538456E-003   1625.7395508579784        1.0000000000000000     
   5.3846153846153844E-003   9.2307692307692299E-003   1625.7987292542132        1.0000000000000000     
   5.3846153846153844E-003   9.6153846153846159E-003   1625.8532814475132        1.0000000000000000     

   5.7692307692307696E-003   3.8461538461538462E-004   1622.8401120460396        1.0000000000000000     
   5.7692307692307696E-003   7.6923076923076923E-004   1623.0612411743959        1.0000000000000000     
   5.7692307692307696E-003   1.1538461538461537E-003   1623.2719437265434        1.0000000000000000     
   5.7692307692307696E-003   1.5384615384615385E-003   1623.4723395877147        1.0000000000000000     
   5.7692307692307696E-003   1.9230769230769232E-003   1623.6626056428981        1.0000000000000000     
   5.7692307692307696E-003   2.3076923076923075E-003   1623.8429713028936        1.0000000000000000     
   5.7692307692307696E-003   2.6923076923076922E-003   1624.0137127900241        1.0000000000000000     
   5.7692307692307696E-003   3.0769230769230769E-003   1624.1751463899548        1.0000000000000000     
   5.7692307692307696E-003   3.4615384615384616E-003   1624.3276209046828        1.0000000000000000     
   5.7692307692307696E-003   3.8461538461538464E-003   1624.4715095616616        1.0000000000000000     
   5.7692307692307696E-003   4.2307692307692307E-003   1624.6072016423329        1.0000000000000000     
   5.7692307692307696E-003   4.6153846153846149E-003   1624.7350940905924        1.0000000000000000     
   5.7692307692307696E-003   5.0000000000000001E-003   1624.8555833493360        1.0000000000000000     
   5.7692307692307696E-003   5.3846153846153844E-003   1624.9690576531834        1.0000000000000000     
   5.7692307692307696E-003   5.7692307692307696E-003   1625.0758899801688        1.0000000000000000     
   5.7692307692307696E-003   6.1538461538461538E-003   1625.1764318370431        1.0000000000000000     
   5.7692307692307696E-003   6.5384615384615381E-003   1625.2710080232855        1.0000000000000000     
   5.7692307692307696E-003   6.9230769230769233E-003   1625.3599124881753        1.0000000000000000     
   5.7692307692307696E-003   7.3076923076923076E-003   1625.4434053608829        1.0000000000000000     
   5.7692307692307696E-003   7.6923076923076927E-003   1625.5217111903075        1.0000000000000000     
   5.7692307692307696E-003   8.0769230769230770E-003   1625.5950183723851        1.0000000000000000     
   5.7692307692307696E-003   8.4615384615384613E-003   1625.6634796609421        1.0000000000000000     
   5.7692307692307696E-003   8.8461538461538456E-003   1625.7272135534699        1.0000000000000000     
   5.7692307692307696E-003   9.2307692307692299E-003   1625.7863062268480        1.0000000000000000     
   5.7692307692307696E-003   9.6153846153846159E-003   1625.8408135994175        1.0000000000000000     

   6.1538461538461538E-003   3.8461538461538462E-004   1622.8115027724477        1.0000000000000000     
   6.1538461538461538E-003   7.6923076923076923E-004   1623.0326285931972        1.0000000000000000     
   6.1538461538461538E-003   1.1538461538461537E-003   1623.2433291628611        1.0000000000000000     
   6.1538461538461538E-003   1.5384615384615385E-003   1623.4437236431295        1.0000000000000000     
   6.1538461538461538E-003   1.9230769230769232E-003   1623.6339878624308        1.0000000000000000     
   6.1538461538461538E-003   2.3076923076923075E-003   1623.8143498772579        1.0000000000000000     
   6.1538461538461538E-003   2.6923076923076922E-003   1623.9850843056645        1.0000000000000000     
   6.1538461538461538E-003   3.0769230769230769E-003   1624.1465056402085        1.0000000000000000     
   6.1538461538461538E-003   3.4615384615384616E-003   1624.2989607764898        1.0000000000000000     
   6.1538461538461538E-003   3.8461538461538464E-003   1624.4428210135875        1.0000000000000000     
   6.1538461538461538E-003   4.2307692307692307E-003   1624.5784737910838        1.0000000000000000     
   6.1538461538461538E-003   4.6153846153846149E-003   1624.7063144244278        1.0000000000000000     
   6.1538461538461538E-003   5.0000000000000001E-003   1624.8267380871230        1.0000000000000000     
   6.1538461538461538E-003   5.3846153846153844E-003   1624.9401322662884        1.0000000000000000     
   6.1538461538461538E-003   5.7692307692307696E-003   1625.0468698895752        1.0000000000000000     
   6.1538461538461538E-003   6.1538461538461538E-003   1625.1473032880594        1.0000000000000000     
   6.1538461538461538E-003   6.5384615384615381E-003   1625.2417591230374        1.0000000000000000     
   6.1538461538461538E-003   6.9230769230769233E-003   1625.3305343651916        1.0000000000000000     
   6.1538461538461538E-003   7.3076923076923076E-003   1625.4138933713120        1.0000000000000000     
   6.1538461538461538E-003   7.6923076923076927E-003   1625.4920660547778        1.0000000000000000     
   6.1538461538461538E-003   8.0769230769230770E-003   1625.5652470885125        1.0000000000000000     
   6.1538461538461538E-003   8.4615384615384613E-003   1625.6335960121269        1.0000000000000000     
   6.1538461538461538E-003   8.8461538461538456E-003   1625.6972380413386        1.0000000000000000     
   6.1538461538461538E-003   9.2307692307692299E-003   1625.7562653075008        1.0000000000000000     
   6.1538461538461538E-003   9.6153846153846159E-003   1625.8107382067080        1.0000000000000000     

   6.5384615384615381E-003   3.8461538461538462E-004   1622.7644827878210        1.0000000000000000     
   6.5384615384615381E-003   7.6923076923076923E-004   1622.9856026194091        1.0000000000000000     
   6.5384615384615381E-003   1.1538461538461537E-003   1623.1962991016192        1.0000000000000000     
   6.5384615384615381E-003   1.5384615384615385E-003   1623.3966907517472        1.0000000000000000     
   6.5384615384615381E-003   1.9230769230769232E-003   1623.5869524601837        1.0000000000000000     
   6.5384615384615381E-003   2.3076923076923075E-003   1623.7673110865699        1.0000000000000000     
   6.5384615384615381E-003   2.6923076923076922E-003   1623.9380398400299        1.0000000000000000     
   6.5384615384615381E-003   3.0769230769230769E-003   1624.0994516511225        1.0000000000000000     
   6.5384615384615381E-003   3.4615384615384616E-003   1624.2518917720274        1.0000000000000000     
   6.5384615384615381E-003   3.8461538461538464E-003   1624.3957298616515        1.0000000000000000     
   6.5384615384615381E-003   4.2307692307692307E-003   1624.5313518205564        1.0000000000000000     
   6.5384615384615381E-003   4.6153846153846149E-003   1624.6591516370763        1.0000000000000000     
   6.5384615384615381E-003   5.0000000000000001E-003   1624.7795234917751        1.0000000000000000     
   6.5384615384615381E-003   5.3846153846153844E-003   1624.8928543436052        1.0000000000000000     
   6.5384615384615381E-003   5.7692307692307696E-003   1624.9995171898572        1.0000000000000000     
   6.5384615384615381E-003   6.1538461538461538E-003   1625.0998651547795        1.0000000000000000     
   6.5384615384615381E-003   6.5384615384615381E-003   1625.1942265203982        1.0000000000000000     
   6.5384615384615381E-003   6.9230769230769233E-003   1625.2829007684807        1.0000000000000000     
   6.5384615384615381E-003   7.3076923076923076E-003   1625.3661556553163        1.0000000000000000     
   6.5384615384615381E-003   7.6923076923076927E-003   1625.4442252907925        1.0000000000000000     
   6.5384615384615381E-003   8.0769230769230770E-003   1625.5173091403526        1.0000000000000000     
   6.5384615384615381E-003   8.4615384615384613E-003   1625.5855718139287        1.0000000000000000     
   6.5384615384615381E-003   8.8461538461538456E-003   1625.6491434537352        1.0000000000000000     
   6.5384615384615381E-003   9.2307692307692299E-003   1625.7081204904543        1.0000000000000000     
   6.5384615384615381E-003   9.6153846153846159E-003   1625.7625665158434        1.0000000000000000     

   6.9230769230769233E-003   3.8461538461538462E-004   1622.6986058963307        1.0000000000000000     
   6.9230769230769233E-003   7.6923076923076923E-004   1622.9197168554076        1.0000000000000000     
   6.9230769230769233E-003   1.1538461538461537E-003   1623.1304068188133        1.0000000000000000     
   6.9230769230769233E-003   1.5384615384615385E-003   1623.3307937364473        1.0000000000000000     
   6.9230769230769233E-003   1.9230769230769232E-003   1623.5210516748512        1.0000000000000000     
   6.9230769230769233E-003   2.3076923076923075E-003   1623.7014064464477        1.0000000000000000     
   6.9230769230769233E-003   2.6923076923076922E-003   1623.8721300337918        1.0000000000000000     
   6.9230769230769233E-003   3.0769230769230769E-003   1624.0335340164334        1.0000000000000000     
   6.9230769230769233E-003   3.4615384615384616E-003   1624.1859622367815        1.0000000000000000     
   6.9230769230769233E-003   3.8461538461538464E-003   1624.3297829613302        1.0000000000000000     
   6.9230769230769233E-003   4.2307692307692307E-003   1624.4653808014818        1.0000000000000000     
   6.9230769230769233E-003   4.6153846153846149E-003   1624.5931486540901        1.0000000000000000     
   6.9230769230769233E-003   5.0000000000000001E-003   1624.7134799065416        1.0000000000000000     
   6.9230769230769233E-003   5.3846153846153844E-003   1624.8267611260167        1.0000000000000000     
   6.9230769230769233E-003   5.7692307692307696E-003   1624.9333654190625        1.0000000000000000     
   6.9230769230769233E-003   6.1538461538461538E-003   1625.0336466079448        1.0000000000000000     
   6.9230769230769233E-003   6.5384615384615381E-003   1625.1279343258575        1.0000000000000000     
   6.9230769230769233E-003   6.9230769230769233E-003   1625.2165300859961        1.0000000000000000     
   6.9230769230769233E-003   7.3076923076923076E-003   1625.2997043306473        1.0000000000000000     
   6.9230769230769233E-003   7.6923076923076927E-003   1625.3776944174701        1.0000000000000000     
   6.9230769230769233E-003   8.0769230769230770E-003   1625.4507034520022        1.0000000000000000     
   6.9230769230769233E-003   8.4615384615384613E-003   1625.5188998307053        1.0000000000000000     
   6.9230769230769233E-003   8.8461538461538456E-003   1625.5824173209744        1.0000000000000000     
   6.9230769230769233E-003   9.2307692307692299E-003   1625.6413554787623        1.0000000000000000     
   6.9230769230769233E-003   9.6153846153846159E-003   1625.6957801976341        1.0000000000000000     

   7.3076923076923076E-003   3.8461538461538462E-004   1622.6134027052035        1.0000000000000000     
   7.3076923076923076E-003   7.6923076923076923E-004   1622.8345016937285        1.0000000000000000     
   7.3076923076923076E-003   1.1538461538461537E-003   1623.0451823586504        1.0000000000000000     
   7.3076923076923076E-003   1.5384615384615385E-003   1623.2455621569866        1.0000000000000000     
   7.3076923076923076E-003   1.9230769230769232E-003   1623.4358144410473        1.0000000000000000     
   7.3076923076923076E-003   2.3076923076923075E-003   1623.6161641180352        1.0000000000000000     
   7.3076923076923076E-003   2.6923076923076922E-003   1623.7868821143784        1.0000000000000000     
   7.3076923076923076E-003   3.0769230769230769E-003   1623.9482788521093        1.0000000000000000     
   7.3076923076923076E-003   3.4615384615384616E-003   1624.1006969731429        1.0000000000000000     
   7.3076923076923076E-003   3.8461538461538464E-003   1624.2445035670883        1.0000000000000000     
   7.3076923076923076E-003   4.2307692307692307E-003   1624.3800821656566        1.0000000000000000     
   7.3076923076923076E-003   4.6153846153846149E-003   1624.5078247620595        1.0000000000000000     
   7.3076923076923076E-003   5.0000000000000001E-003   1624.6281240975788        1.0000000000000000     
   7.3076923076923076E-003   5.3846153846153844E-003   1624.7413664311512        1.0000000000000000     
   7.3076923076923076E-003   5.7692307692307696E-003   1624.8479249728659        1.0000000000000000     
   7.3076923076923076E-003   6.1538461538461538E-003   1624.9481541208002        1.0000000000000000     
   7.3076923076923076E-003   6.5384615384615381E-003   1625.0423845947785        1.0000000000000000     
   7.3076923076923076E-003   6.9230769230769233E-003   1625.1309195121971        1.0000000000000000     
   7.3076923076923076E-003   7.3076923076923076E-003   1625.2140314023734        1.0000000000000000     
   7.3076923076923076E-003   7.6923076923076927E-003   1625.2919601084845        1.0000000000000000     
   7.3076923076923076E-003   8.0769230769230770E-003   1625.3649114825193        1.0000000000000000     
   7.3076923076923076E-003   8.4615384615384613E-003   1625.4330567408963        1.0000000000000000     
   7.3076923076923076E-003   8.8461538461538456E-003   1625.4965323199826        1.0000000000000000     
   7.3076923076923076E-003   9.2307692307692299E-003   1625.5554400548467        1.0000000000000000     
   7.3076923076923076E-003   9.6153846153846159E-003   1625.6098475056831        1.0000000000000000     

   7.6923076923076927E-003   3.8461538461538462E-004   1622.5084003051838        1.0000000000000000     
   7.6923076923076927E-003   7.6923076923076923E-004   1622.7294840084703        1.0000000000000000     
   7.6923076923076927E-003   1.1538461538461537E-003   1622.9401522436015        1.0000000000000000     
   7.6923076923076927E-003   1.5384615384615385E-003   1623.1405220467789        1.0000000000000000     
   7.6923076923076927E-003   1.9230769230769232E-003   1623.3307661614247        1.0000000000000000     
   7.6923076923076927E-003   2.3076923076923075E-003   1623.5111087247092        1.0000000000000000     
   7.6923076923076927E-003   2.6923076923076922E-003   1623.6818197672194        1.0000000000000000     
   7.6923076923076927E-003   3.0769230769230769E-003   1623.8432087325884        1.0000000000000000     
   7.6923076923076927E-003   3.4615384615384616E-003   1623.9956172522527        1.0000000000000000     
   7.6923076923076927E-003   3.8461538461538464E-003   1624.1394114299653        1.0000000000000000     
   7.6923076923076927E-003   4.2307692307692307E-003   1624.2749738977700        1.0000000000000000     
   7.6923076923076927E-003   4.6153846153846149E-003   1624.4026958999223        1.0000000000000000     
   7.6923076923076927E-003   5.0000000000000001E-003   1624.5229696443960        1.0000000000000000     
   7.6923076923076927E-003   5.3846153846153844E-003   1624.6361811343170        1.0000000000000000     
   7.6923076923076927E-003   5.7692307692307696E-003   1624.7427036558047        1.0000000000000000     
   7.6923076923076927E-003   6.1538461538461538E-003   1624.8428920562069        1.0000000000000000     
   7.6923076923076927E-003   6.5384615384615381E-003   1624.9370778999692        1.0000000000000000     
   7.6923076923076927E-003   6.9230769230769233E-003   1625.0255655407386        1.0000000000000000     
   7.6923076923076927E-003   7.3076923076923076E-003   1625.1086291000424        1.0000000000000000     
   7.6923076923076927E-003   7.6923076923076927E-003   1625.1865102974755        1.0000000000000000     
   7.6923076923076927E-003   8.0769230769230770E-003   1625.2594170370410        1.0000000000000000     
   7.6923076923076927E-003   8.4615384615384613E-003   1625.3275226216472        1.0000000000000000     
   7.6923076923076927E-003   8.8461538461538456E-003   1625.3909654452875        1.0000000000000000     
   7.6923076923076927E-003   9.2307692307692299E-003   1625.4498490025758        1.0000000000000000     
   7.6923076923076927E-003   9.6153846153846159E-003   1625.5042420606214        1.0000000000000000     

   8.0769230769230770E-003   3.8461538461538462E-004   1622.3831430495047        1.0000000000000000     
   8.0769230769230770E-003   7.6923076923076923E-004   1622.6042079448403        1.0000000000000000     
   8.0769230769230770E-003   1.1538461538461537E-003   1622.8148602815374        1.0000000000000000     
   8.0769230769230770E-003   1.5384615384615385E-003   1623.0152167449000        1.0000000000000000     
   8.0769230769230770E-003   1.9230769230769232E-003   1623.2054495711247        1.0000000000000000     
   8.0769230769230770E-003   2.3076923076923075E-003   1623.3857822568650        1.0000000000000000     
   8.0769230769230770E-003   2.6923076923076922E-003   1623.5564840889485        1.0000000000000000     
   8.0769230769230770E-003   3.0769230769230769E-003   1623.7178637005316        1.0000000000000000     
   8.0769230769230770E-003   3.4615384615384616E-003   1623.8702618880677        1.0000000000000000     
   8.0769230769230770E-003   3.8461538461538464E-003   1624.0140439426752        1.0000000000000000     
   8.0769230769230770E-003   4.2307692307692307E-003   1624.1495917562363        1.0000000000000000     
   8.0769230769230770E-003   4.6153846153846149E-003   1624.2772959569043        1.0000000000000000     
   8.0769230769230770E-003   5.0000000000000001E-003   1624.3975483113340        1.0000000000000000     
   8.0769230769230770E-003   5.3846153846153844E-003   1624.5107346030368        1.0000000000000000     
   8.0769230769230770E-003   5.7692307692307696E-003   1624.6172281597956        1.0000000000000000     
   8.0769230769230770E-003   6.1538461538461538E-003   1624.7173841599720        1.0000000000000000     
   8.0769230769230770E-003   6.5384615384615381E-003   1624.8115348005115        1.0000000000000000     
   8.0769230769230770E-003   6.9230769230769233E-003   1624.8999853608195        1.0000000000000000     
   8.0769230769230770E-003   7.3076923076923076E-003   1624.9830111492504        1.0000000000000000     
   8.0769230769230770E-003   7.6923076923076927E-003   1625.0608552751585        1.0000000000000000     
   8.0769230769230770E-003   8.0769230769230770E-003   1625.1337271517752        1.0000000000000000     
   8.0769230769230770E-003   8.4615384615384613E-003   1625.2018016060172        1.0000000000000000     
   8.0769230769230770E-003   8.8461538461538456E-003   1625.2652184527201        1.0000000000000000     
   8.0769230769230770E-003   9.2307692307692299E-003   1625.3240823845395        1.0000000000000000     
   8.0769230769230770E-003   9.6153846153846159E-003   1625.3784630363232        1.0000000000000000     

   8.4615384615384613E-003   3.8461538461538462E-004   1622.2372132694220        1.0000000000000000     
   8.4615384615384613E-003   7.6923076923076923E-004   1622.4582556444298        1.0000000000000000     
   8.4615384615384613E-003   1.1538461538461537E-003   1622.6688883069935        1.0000000000000000     
   8.4615384615384613E-003   1.5384615384615385E-003   1622.8692276596378        1.0000000000000000     
   8.4615384615384613E-003   1.9230769230769232E-003   1623.0594455300331        1.0000000000000000     
   8.4615384615384613E-003   2.3076923076923075E-003   1623.2397648993756        1.0000000000000000     
   8.4615384615384613E-003   2.6923076923076922E-003   1623.4104544565578        1.0000000000000000     
   8.4615384615384613E-003   3.0769230769230769E-003   1623.5718221838531        1.0000000000000000     
   8.4615384615384613E-003   3.4615384615384616E-003   1623.7242082077562        1.0000000000000000     
   8.4615384615384613E-003   3.8461538461538464E-003   1623.8679771676007        1.0000000000000000     
   8.4615384615384613E-003   4.2307692307692307E-003   1624.0035103610139        1.0000000000000000     
   8.4615384615384613E-003   4.6153846153846149E-003   1624.1311979193347        1.0000000000000000     
   8.4615384615384613E-003   5.0000000000000001E-003   1624.2514312483720        1.0000000000000000     
   8.4615384615384613E-003   5.3846153846153844E-003   1624.3645959415367        1.0000000000000000     
   8.4615384615384613E-003   5.7692307692307696E-003   1624.4710653355762        1.0000000000000000     
   8.4615384615384613E-003   6.1538461538461538E-003   1624.5711948357496        1.0000000000000000     
   8.4615384615384613E-003   6.5384615384615381E-003   1624.6653170901186        1.0000000000000000     
   8.4615384615384613E-003   6.9230769230769233E-003   1624.7537380443393        1.0000000000000000     
   8.4615384615384613E-003   7.3076923076923076E-003   1624.8367338615756        1.0000000000000000     
   8.4615384615384613E-003   7.6923076923076927E-003   1624.9145486496934        1.0000000000000000     
   8.4615384615384613E-003   8.0769230769230770E-003   1624.9873929021035        1.0000000000000000     
   8.4615384615384613E-003   8.4615384615384613E-003   1625.0554425317757        1.0000000000000000     
   8.4615384615384613E-003   8.8461538461538456E-003   1625.1188383618442        1.0000000000000000     
   8.4615384615384613E-003   9.2307692307692299E-003   1625.1776859320371        1.0000000000000000     
   8.4615384615384613E-003   9.6153846153846159E-003   1625.2320554889945        1.0000000000000000     

   8.8461538461538456E-003   3.8461538461538462E-004   1622.0702507526917        1.0000000000000000     
   8.8461538461538456E-003   7.6923076923076923E-004   1622.2912667323515        1.0000000000000000     
   8.8461538461538456E-003   1.1538461538461537E-003   1622.5018756821732        1.0000000000000000     
   8.8461538461538456E-003   1.5384615384615385E-003   1622.7021937886523        1.0000000000000000     
   8.8461538461538456E-003   1.9230769230769232E-003   1622.8923925673826        1.0000000000000000     
   8.8461538461538456E-003   2.3076923076923075E-003   1623.0726946058692        1.0000000000000000     
   8.8461538461538456E-003   2.6923076923076922E-003   1623.2433681363427        1.0000000000000000     
   8.8461538461538456E-003   3.0769230769230769E-003   1623.4047206438888        1.0000000000000000     
   8.8461538461538456E-003   3.4615384615384616E-003   1623.5570917428940        1.0000000000000000     
   8.8461538461538456E-003   3.8461538461538464E-003   1623.7008455735631        1.0000000000000000     
   8.8461538461538456E-003   4.2307692307692307E-003   1623.8363629766236        1.0000000000000000     
   8.8461538461538456E-003   4.6153846153846149E-003   1623.9640336980628        1.0000000000000000     
   8.8461538461538456E-003   5.0000000000000001E-003   1624.0842488577578        1.0000000000000000     
   8.8461538461538456E-003   5.3846153846153844E-003   1624.1973938873477        1.0000000000000000     
   8.8461538461538456E-003   5.7692307692307696E-003   1624.3038421055662        1.0000000000000000     
   8.8461538461538456E-003   6.1538461538461538E-003   1624.4039490557959        1.0000000000000000     
   8.8461538461538456E-003   6.5384615384615381E-003   1624.4980476835151        1.0000000000000000     
   8.8461538461538456E-003   6.9230769230769233E-003   1624.5864443832058        1.0000000000000000     
   8.8461538461538456E-003   7.3076923076923076E-003   1624.6694158982273        1.0000000000000000     
   8.8461538461538456E-003   7.6923076923076927E-003   1624.7472070155875        1.0000000000000000     
   8.8461538461538456E-003   8.0769230769230770E-003   1624.8200289630604        1.0000000000000000     
   8.8461538461538456E-003   8.4615384615384613E-003   1624.8880583907892        1.0000000000000000     
   8.8461538461538456E-003   8.8461538461538456E-003   1624.9514368049113        1.0000000000000000     
   8.8461538461538456E-003   9.2307692307692299E-003   1625.0102703177988        1.0000000000000000     
   8.8461538461538456E-003   9.6153846153846159E-003   1625.0646295890085        1.0000000000000000     

   9.2307692307692299E-003   3.8461538461538462E-004   1621.8819698714324        1.0000000000000000     
   9.2307692307692299E-003   7.6923076923076923E-004   1622.1029554523211        1.0000000000000000     
   9.2307692307692299E-003   1.1538461538461537E-003   1622.3135364434931        1.0000000000000000     
   9.2307692307692299E-003   1.5384615384615385E-003   1622.5138288811879        1.0000000000000000     
   9.2307692307692299E-003   1.9230769230769232E-003   1622.7040040638010        1.0000000000000000     
   9.2307692307692299E-003   2.3076923076923075E-003   1622.8842843046064        1.0000000000000000     
   9.2307692307692299E-003   2.6923076923076922E-003   1623.0549375173500        1.0000000000000000     
   9.2307692307692299E-003   3.0769230769230769E-003   1623.2162708397213        1.0000000000000000     
   9.2307692307692299E-003   3.4615384615384616E-003   1623.3686235271782        1.0000000000000000     
   9.2307692307692299E-003   3.8461538461538464E-003   1623.5123593683556        1.0000000000000000     
   9.2307692307692299E-003   4.2307692307692307E-003   1623.6478588794018        1.0000000000000000     
   9.2307692307692299E-003   4.6153846153846149E-003   1623.7755115282537        1.0000000000000000     
   9.2307692307692299E-003   5.0000000000000001E-003   1623.8957082216780        1.0000000000000000     
   9.2307692307692299E-003   5.3846153846153844E-003   1624.0088342592744        1.0000000000000000     
   9.2307692307692299E-003   5.7692307692307696E-003   1624.1152629213780        1.0000000000000000     
   9.2307692307692299E-003   6.1538461538461538E-003   1624.2153498143380        1.0000000000000000     
   9.2307692307692299E-003   6.5384615384615381E-003   1624.3094280495752        1.0000000000000000     
   9.2307692307692299E-003   6.9230769230769233E-003   1624.3978042849974        1.0000000000000000     
   9.2307692307692299E-003   7.3076923076923076E-003   1624.4807556116650        1.0000000000000000     
   9.2307692307692299E-003   7.6923076923076927E-003   1624.5585272276717        1.0000000000000000     
   9.2307692307692299E-003   8.0769230769230770E-003   1624.6313308074991        1.0000000000000000     
   9.2307692307692299E-003   8.4615384615384613E-003   1624.6993434507488        1.0000000000000000     
   9.2307692307692299E-003   8.8461538461538456E-003   1624.7627070803480        1.0000000000000000     
   9.2307692307692299E-003   9.2307692307692299E-003   1624.8215281581831        1.0000000000000000     
   9.2307692307692299E-003   9.6153846153846159E-003   1624.8758775957933        1.0000000000000000     

   9.6153846153846159E-003   3.8461538461538462E-004   1621.6721733709567        1.0000000000000000     
   9.6153846153846159E-003   7.6923076923076923E-004   1621.8931244610928        1.0000000000000000     
   9.6153846153846159E-003   1.1538461538461537E-003   1622.1036731048223        1.0000000000000000     
   9.6153846153846159E-003   1.5384615384615385E-003   1622.3039352532676        1.0000000000000000     
   9.6153846153846159E-003   1.9230769230769232E-003   1622.4940820814993        1.0000000000000000     
   9.6153846153846159E-003   2.3076923076923075E-003   1622.6743357465887        1.0000000000000000     
   9.6153846153846159E-003   2.6923076923076922E-003   1622.8449639800842        1.0000000000000000     
   9.6153846153846159E-003   3.0769230769230769E-003   1623.0062737196915        1.0000000000000000     
   9.6153846153846159E-003   3.4615384615384616E-003   1623.1586040123859        1.0000000000000000     
   9.6153846153846159E-003   3.8461538461538464E-003   1623.3023184398758        1.0000000000000000     
   9.6153846153846159E-003   4.2307692307692307E-003   1623.4377973233472        1.0000000000000000     
   9.6153846153846159E-003   4.6153846153846149E-003   1623.5654299580401        1.0000000000000000     
   9.6153846153846159E-003   5.0000000000000001E-003   1623.6856071099728        1.0000000000000000     
   9.6153846153846159E-003   5.3846153846153844E-003   1623.7987139784004        1.0000000000000000     
   9.6153846153846159E-003   5.7692307692307696E-003   1623.9051237903154        1.0000000000000000     
   9.6153846153846159E-003   6.1538461538461538E-003   1624.0051921498423        1.0000000000000000     
   9.6153846153846159E-003   6.5384615384615381E-003   1624.0992522182967        1.0000000000000000     
   9.6153846153846159E-003   6.9230769230769233E-003   1624.1876107530925        1.0000000000000000     
   9.6153846153846159E-003   7.3076923076923076E-003   1624.2705449880816        1.0000000000000000     
   9.6153846153846159E-003   7.6923076923076927E-003   1624.3483002973715        1.0000000000000000     
   9.6153846153846159E-003   8.0769230769230770E-003   1624.4210885513451        1.0000000000000000     
   9.6153846153846159E-003   8.4615384615384613E-003   1624.4890870496092        1.0000000000000000     
   9.6153846153846159E-003   8.8461538461538456E-003   1624.5524379022997        1.0000000000000000     
   9.6153846153846159E-003   9.2307692307692299E-003   1624.6112477292145        1.0000000000000000     
   9.6153846153846159E-003   9.6153846153846159E-003   1624.6655875561664        1.0000000000000000     

