   3.8461538461538462E-004   3.8461538461538462E-004   881.36124362298756        1.0000000000000000     
   3.8461538461538462E-004   7.6923076923076923E-004   881.35656527434742        1.0000000000000000     
   3.8461538461538462E-004   1.1538461538461537E-003   881.35244242664442        1.0000000000000000     
   3.8461538461538462E-004   1.5384615384615385E-003   881.34886962139956        1.0000000000000000     
   3.8461538461538462E-004   1.9230769230769232E-003   881.34551134772880        1.0000000000000000     
   3.8461538461538462E-004   2.3076923076923075E-003   881.34251996849741        1.0000000000000000     
   3.8461538461538462E-004   2.6923076923076922E-003   881.33988095498523        1.0000000000000000     
   3.8461538461538462E-004   3.0769230769230769E-003   881.33765296883576        1.0000000000000000     
   3.8461538461538462E-004   3.4615384615384616E-003   881.33583204991407        1.0000000000000000     
   3.8461538461538462E-004   3.8461538461538464E-003   881.33441693718839        1.0000000000000000     
   3.8461538461538462E-004   4.2307692307692307E-003   881.33340673441774        1.0000000000000000     
   3.8461538461538462E-004   4.6153846153846149E-003   881.33280084199703        1.0000000000000000     
   3.8461538461538462E-004   5.0000000000000001E-003   881.33259891533612        1.0000000000000000     
   3.8461538461538462E-004   5.3846153846153844E-003   881.33280084199703        1.0000000000000000     
   3.8461538461538462E-004   5.7692307692307696E-003   881.33340673441774        1.0000000000000000     
   3.8461538461538462E-004   6.1538461538461538E-003   881.33441693718839        1.0000000000000000     
   3.8461538461538462E-004   6.5384615384615381E-003   881.33583204991407        1.0000000000000000     
   3.8461538461538462E-004   6.9230769230769233E-003   881.33765296883576        1.0000000000000000     
   3.8461538461538462E-004   7.3076923076923076E-003   881.33988095498478        1.0000000000000000     
   3.8461538461538462E-004   7.6923076923076927E-003   881.34251996849684        1.0000000000000000     
   3.8461538461538462E-004   8.0769230769230770E-003   881.34551134772892        1.0000000000000000     
   3.8461538461538462E-004   8.4615384615384613E-003   881.34886962139910        1.0000000000000000     
   3.8461538461538462E-004   8.8461538461538456E-003   881.35244242664430        1.0000000000000000     
   3.8461538461538462E-004   9.2307692307692299E-003   881.35656527434787        1.0000000000000000     
   3.8461538461538462E-004   9.6153846153846159E-003   881.36124362298744        1.0000000000000000     

   7.6923076923076923E-004   3.8461538461538462E-004   912.60150596058486        1.0000000000000000     
   7.6923076923076923E-004   7.6923076923076923E-004   912.59256468936326        1.0000000000000000     
   7.6923076923076923E-004   1.1538461538461537E-003   912.58450247252767        1.0000000000000000     
   7.6923076923076923E-004   1.5384615384615385E-003   912.57696849845365        1.0000000000000000     
   7.6923076923076923E-004   1.9230769230769232E-003   912.57048618130864        1.0000000000000000     
   7.6923076923076923E-004   2.3076923076923075E-003   912.56445176188902        1.0000000000000000     
   7.6923076923076923E-004   2.6923076923076922E-003   912.55918942803203        1.0000000000000000     
   7.6923076923076923E-004   3.0769230769230769E-003   912.55474463137728        1.0000000000000000     
   7.6923076923076923E-004   3.4615384615384616E-003   912.55111177899823        1.0000000000000000     
   7.6923076923076923E-004   3.8461538461538464E-003   912.54828845790360        1.0000000000000000     
   7.6923076923076923E-004   4.2307692307692307E-003   912.54627294310501        1.0000000000000000     
   7.6923076923076923E-004   4.6153846153846149E-003   912.54506407744088        1.0000000000000000     
   7.6923076923076923E-004   5.0000000000000001E-003   912.54466119473432        1.0000000000000000     
   7.6923076923076923E-004   5.3846153846153844E-003   912.54506407744077        1.0000000000000000     
   7.6923076923076923E-004   5.7692307692307696E-003   912.54627294310501        1.0000000000000000     
   7.6923076923076923E-004   6.1538461538461538E-003   912.54828845790416        1.0000000000000000     
   7.6923076923076923E-004   6.5384615384615381E-003   912.55111177899869        1.0000000000000000     
   7.6923076923076923E-004   6.9230769230769233E-003   912.55474463137682        1.0000000000000000     
   7.6923076923076923E-004   7.3076923076923076E-003   912.55918942803157        1.0000000000000000     
   7.6923076923076923E-004   7.6923076923076927E-003   912.56445176188879        1.0000000000000000     
   7.6923076923076923E-004   8.0769230769230770E-003   912.57048618130818        1.0000000000000000     
   7.6923076923076923E-004   8.4615384615384613E-003   912.57696849845331        1.0000000000000000     
   7.6923076923076923E-004   8.8461538461538456E-003   912.58450247252779        1.0000000000000000     
   7.6923076923076923E-004   9.2307692307692299E-003   912.59256468936348        1.0000000000000000     
   7.6923076923076923E-004   9.6153846153846159E-003   912.60150596058531        1.0000000000000000     

   1.1538461538461537E-003   3.8461538461538462E-004   943.60114218472995        1.0000000000000000     
   1.1538461538461537E-003   7.6923076923076923E-004   943.58790189287504        1.0000000000000000     
   1.1538461538461537E-003   1.1538461538461537E-003   943.57530612864662        1.0000000000000000     
   1.1538461538461537E-003   1.5384615384615385E-003   943.56461035111761        1.0000000000000000     
   1.1538461538461537E-003   1.9230769230769232E-003   943.55470323445093        1.0000000000000000     
   1.1538461538461537E-003   2.3076923076923075E-003   943.54567020059028        1.0000000000000000     
   1.1538461538461537E-003   2.6923076923076922E-003   943.53781119060670        1.0000000000000000     
   1.1538461538461537E-003   3.0769230769230769E-003   943.53117167138396        1.0000000000000000     
   1.1538461538461537E-003   3.4615384615384616E-003   943.52574468537057        1.0000000000000000     
   1.1538461538461537E-003   3.8461538461538464E-003   943.52152684671660        1.0000000000000000     
   1.1538461538461537E-003   4.2307692307692307E-003   943.51851572367752        1.0000000000000000     
   1.1538461538461537E-003   4.6153846153846149E-003   943.51670967869632        1.0000000000000000     
   1.1538461538461537E-003   5.0000000000000001E-003   943.51610776670384        1.0000000000000000     
   1.1538461538461537E-003   5.3846153846153844E-003   943.51670967869654        1.0000000000000000     
   1.1538461538461537E-003   5.7692307692307696E-003   943.51851572367775        1.0000000000000000     
   1.1538461538461537E-003   6.1538461538461538E-003   943.52152684671773        1.0000000000000000     
   1.1538461538461537E-003   6.5384615384615381E-003   943.52574468537114        1.0000000000000000     
   1.1538461538461537E-003   6.9230769230769233E-003   943.53117167138373        1.0000000000000000     
   1.1538461538461537E-003   7.3076923076923076E-003   943.53781119060670        1.0000000000000000     
   1.1538461538461537E-003   7.6923076923076927E-003   943.54567020059017        1.0000000000000000     
   1.1538461538461537E-003   8.0769230769230770E-003   943.55470323445036        1.0000000000000000     
   1.1538461538461537E-003   8.4615384615384613E-003   943.56461035111693        1.0000000000000000     
   1.1538461538461537E-003   8.8461538461538456E-003   943.57530612864639        1.0000000000000000     
   1.1538461538461537E-003   9.2307692307692299E-003   943.58790189287515        1.0000000000000000     
   1.1538461538461537E-003   9.6153846153846159E-003   943.60114218473063        1.0000000000000000     

   1.5384615384615385E-003   3.8461538461538462E-004   974.24105822049796        1.0000000000000000     
   1.5384615384615385E-003   7.6923076923076923E-004   974.22312770891699        1.0000000000000000     
   1.5384615384615385E-003   1.1538461538461537E-003   974.20702159949667        1.0000000000000000     
   1.5384615384615385E-003   1.5384615384615385E-003   974.19255545315514        1.0000000000000000     
   1.5384615384615385E-003   1.9230769230769232E-003   974.17930914298631        1.0000000000000000     
   1.5384615384615385E-003   2.3076923076923075E-003   974.16732368723865        1.0000000000000000     
   1.5384615384615385E-003   2.6923076923076922E-003   974.15690719342740        1.0000000000000000     
   1.5384615384615385E-003   3.0769230769230769E-003   974.14810554075223        1.0000000000000000     
   1.5384615384615385E-003   3.4615384615384616E-003   974.14091072602412        1.0000000000000000     
   1.5384615384615385E-003   3.8461538461538464E-003   974.13531862676109        1.0000000000000000     
   1.5384615384615385E-003   4.2307692307692307E-003   974.13132626448817        1.0000000000000000     
   1.5384615384615385E-003   4.6153846153846149E-003   974.12893162380726        1.0000000000000000     
   1.5384615384615385E-003   5.0000000000000001E-003   974.12813353766080        1.0000000000000000     
   1.5384615384615385E-003   5.3846153846153844E-003   974.12893162380783        1.0000000000000000     
   1.5384615384615385E-003   5.7692307692307696E-003   974.13132626448885        1.0000000000000000     
   1.5384615384615385E-003   6.1538461538461538E-003   974.13531862676189        1.0000000000000000     
   1.5384615384615385E-003   6.5384615384615381E-003   974.14091072602446        1.0000000000000000     
   1.5384615384615385E-003   6.9230769230769233E-003   974.14810554075223        1.0000000000000000     
   1.5384615384615385E-003   7.3076923076923076E-003   974.15690719342740        1.0000000000000000     
   1.5384615384615385E-003   7.6923076923076927E-003   974.16732368723819        1.0000000000000000     
   1.5384615384615385E-003   8.0769230769230770E-003   974.17930914298597        1.0000000000000000     
   1.5384615384615385E-003   8.4615384615384613E-003   974.19255545315434        1.0000000000000000     
   1.5384615384615385E-003   8.8461538461538456E-003   974.20702159949576        1.0000000000000000     
   1.5384615384615385E-003   9.2307692307692299E-003   974.22312770891631        1.0000000000000000     
   1.5384615384615385E-003   9.6153846153846159E-003   974.24105822049842        1.0000000000000000     

   1.9230769230769232E-003   3.8461538461538462E-004   1004.4032939547600        1.0000000000000000     
   1.9230769230769232E-003   7.6923076923076923E-004   1004.3812491515882        1.0000000000000000     
   1.9230769230769232E-003   1.1538461538461537E-003   1004.3610745997731        1.0000000000000000     
   1.9230769230769232E-003   1.5384615384615385E-003   1004.3429631255564        1.0000000000000000     
   1.9230769230769232E-003   1.9230769230769232E-003   1004.3264477966779        1.0000000000000000     
   1.9230769230769232E-003   2.3076923076923075E-003   1004.3115701221353        1.0000000000000000     
   1.9230769230769232E-003   2.6923076923076922E-003   1004.2986472292847        1.0000000000000000     
   1.9230769230769232E-003   3.0769230769230769E-003   1004.2877259761359        1.0000000000000000     
   1.9230769230769232E-003   3.4615384615384616E-003   1004.2787977216727        1.0000000000000000     
   1.9230769230769232E-003   3.8461538461538464E-003   1004.2718578790301        1.0000000000000000     
   1.9230769230769232E-003   4.2307692307692307E-003   1004.2669031052477        1.0000000000000000     
   1.9230769230769232E-003   4.6153846153846149E-003   1004.2639311228896        1.0000000000000000     
   1.9230769230769232E-003   5.0000000000000001E-003   1004.2629406070813        1.0000000000000000     
   1.9230769230769232E-003   5.3846153846153844E-003   1004.2639311228896        1.0000000000000000     
   1.9230769230769232E-003   5.7692307692307696E-003   1004.2669031052484        1.0000000000000000     
   1.9230769230769232E-003   6.1538461538461538E-003   1004.2718578790307        1.0000000000000000     
   1.9230769230769232E-003   6.5384615384615381E-003   1004.2787977216731        1.0000000000000000     
   1.9230769230769232E-003   6.9230769230769233E-003   1004.2877259761365        1.0000000000000000     
   1.9230769230769232E-003   7.3076923076923076E-003   1004.2986472292856        1.0000000000000000     
   1.9230769230769232E-003   7.6923076923076927E-003   1004.3115701221346        1.0000000000000000     
   1.9230769230769232E-003   8.0769230769230770E-003   1004.3264477966778        1.0000000000000000     
   1.9230769230769232E-003   8.4615384615384613E-003   1004.3429631255559        1.0000000000000000     
   1.9230769230769232E-003   8.8461538461538456E-003   1004.3610745997729        1.0000000000000000     
   1.9230769230769232E-003   9.2307692307692299E-003   1004.3812491515878        1.0000000000000000     
   1.9230769230769232E-003   9.6153846153846159E-003   1004.4032939547601        1.0000000000000000     

   2.3076923076923075E-003   3.8461538461538462E-004   1033.9725522343592        1.0000000000000000     
   2.3076923076923075E-003   7.6923076923076923E-004   1033.9462099727909        1.0000000000000000     
   2.3076923076923075E-003   1.1538461538461537E-003   1033.9221141537762        1.0000000000000000     
   2.3076923076923075E-003   1.5384615384615385E-003   1033.9004553907528        1.0000000000000000     
   2.3076923076923075E-003   1.9230769230769232E-003   1033.8807555742710        1.0000000000000000     
   2.3076923076923075E-003   2.3076923076923075E-003   1033.8630585337610        1.0000000000000000     
   2.3076923076923075E-003   2.6923076923076922E-003   1033.8476912532567        1.0000000000000000     
   2.3076923076923075E-003   3.0769230769230769E-003   1033.8347021787949        1.0000000000000000     
   2.3076923076923075E-003   3.4615384615384616E-003   1033.8240824414693        1.0000000000000000     
   2.3076923076923075E-003   3.8461538461538464E-003   1033.8158272616931        1.0000000000000000     
   2.3076923076923075E-003   4.2307692307692307E-003   1033.8099331119968        1.0000000000000000     
   2.3076923076923075E-003   4.6153846153846149E-003   1033.8063975671910        1.0000000000000000     
   2.3076923076923075E-003   5.0000000000000001E-003   1033.8052192080181        1.0000000000000000     
   2.3076923076923075E-003   5.3846153846153844E-003   1033.8063975671912        1.0000000000000000     
   2.3076923076923075E-003   5.7692307692307696E-003   1033.8099331119970        1.0000000000000000     
   2.3076923076923075E-003   6.1538461538461538E-003   1033.8158272616931        1.0000000000000000     
   2.3076923076923075E-003   6.5384615384615381E-003   1033.8240824414702        1.0000000000000000     
   2.3076923076923075E-003   6.9230769230769233E-003   1033.8347021787954        1.0000000000000000     
   2.3076923076923075E-003   7.3076923076923076E-003   1033.8476912532567        1.0000000000000000     
   2.3076923076923075E-003   7.6923076923076927E-003   1033.8630585337603        1.0000000000000000     
   2.3076923076923075E-003   8.0769230769230770E-003   1033.8807555742710        1.0000000000000000     
   2.3076923076923075E-003   8.4615384615384613E-003   1033.9004553907521        1.0000000000000000     
   2.3076923076923075E-003   8.8461538461538456E-003   1033.9221141537755        1.0000000000000000     
   2.3076923076923075E-003   9.2307692307692299E-003   1033.9462099727905        1.0000000000000000     
   2.3076923076923075E-003   9.6153846153846159E-003   1033.9725522343590        1.0000000000000000     

   2.6923076923076922E-003   3.8461538461538462E-004   1062.8359044285353        1.0000000000000000     
   2.6923076923076922E-003   7.6923076923076923E-004   1062.8054235897155        1.0000000000000000     
   2.6923076923076922E-003   1.1538461538461537E-003   1062.7775327021677        1.0000000000000000     
   2.6923076923076922E-003   1.5384615384615385E-003   1062.7524368769689        1.0000000000000000     
   2.6923076923076922E-003   1.9230769230769232E-003   1062.7296491075419        1.0000000000000000     
   2.6923076923076922E-003   2.3076923076923075E-003   1062.7092166536372        1.0000000000000000     
   2.6923076923076922E-003   2.6923076923076922E-003   1062.6914768677236        1.0000000000000000     
   2.6923076923076922E-003   3.0769230769230769E-003   1062.6764802281309        1.0000000000000000     
   2.6923076923076922E-003   3.4615384615384616E-003   1062.6642179673795        1.0000000000000000     
   2.6923076923076922E-003   3.8461538461538464E-003   1062.6546853372743        1.0000000000000000     
   2.6923076923076922E-003   4.2307692307692307E-003   1062.6478787776402        1.0000000000000000     
   2.6923076923076922E-003   4.6153846153846149E-003   1062.6437958134654        1.0000000000000000     
   2.6923076923076922E-003   5.0000000000000001E-003   1062.6424349860517        1.0000000000000000     
   2.6923076923076922E-003   5.3846153846153844E-003   1062.6437958134659        1.0000000000000000     
   2.6923076923076922E-003   5.7692307692307696E-003   1062.6478787776402        1.0000000000000000     
   2.6923076923076922E-003   6.1538461538461538E-003   1062.6546853372745        1.0000000000000000     
   2.6923076923076922E-003   6.5384615384615381E-003   1062.6642179673797        1.0000000000000000     
   2.6923076923076922E-003   6.9230769230769233E-003   1062.6764802281311        1.0000000000000000     
   2.6923076923076922E-003   7.3076923076923076E-003   1062.6914768677236        1.0000000000000000     
   2.6923076923076922E-003   7.6923076923076927E-003   1062.7092166536372        1.0000000000000000     
   2.6923076923076922E-003   8.0769230769230770E-003   1062.7296491075419        1.0000000000000000     
   2.6923076923076922E-003   8.4615384615384613E-003   1062.7524368769677        1.0000000000000000     
   2.6923076923076922E-003   8.8461538461538456E-003   1062.7775327021675        1.0000000000000000     
   2.6923076923076922E-003   9.2307692307692299E-003   1062.8054235897143        1.0000000000000000     
   2.6923076923076922E-003   9.6153846153846159E-003   1062.8359044285353        1.0000000000000000     

   3.0769230769230769E-003   3.8461538461538462E-004   1090.8835407440292        1.0000000000000000     
   3.0769230769230769E-003   7.6923076923076923E-004   1090.8490636060596        1.0000000000000000     
   3.0769230769230769E-003   1.1538461538461537E-003   1090.8175103278397        1.0000000000000000     
   3.0769230769230769E-003   1.5384615384615385E-003   1090.7890972262899        1.0000000000000000     
   3.0769230769230769E-003   1.9230769230769232E-003   1090.7633282305617        1.0000000000000000     
   3.0769230769230769E-003   2.3076923076923075E-003   1090.7402541228355        1.0000000000000000     
   3.0769230769230769E-003   2.6923076923076922E-003   1090.7202226108880        1.0000000000000000     
   3.0769230769230769E-003   3.0769230769230769E-003   1090.7032863986376        1.0000000000000000     
   3.0769230769230769E-003   3.4615384615384616E-003   1090.6894370141392        1.0000000000000000     
   3.0769230769230769E-003   3.8461538461538464E-003   1090.6786698862209        1.0000000000000000     
   3.0769230769230769E-003   4.2307692307692307E-003   1090.6709815271731        1.0000000000000000     
   3.0769230769230769E-003   4.6153846153846149E-003   1090.6663694828765        1.0000000000000000     
   3.0769230769230769E-003   5.0000000000000001E-003   1090.6648322958772        1.0000000000000000     
   3.0769230769230769E-003   5.3846153846153844E-003   1090.6663694828765        1.0000000000000000     
   3.0769230769230769E-003   5.7692307692307696E-003   1090.6709815271731        1.0000000000000000     
   3.0769230769230769E-003   6.1538461538461538E-003   1090.6786698862218        1.0000000000000000     
   3.0769230769230769E-003   6.5384615384615381E-003   1090.6894370141401        1.0000000000000000     
   3.0769230769230769E-003   6.9230769230769233E-003   1090.7032863986383        1.0000000000000000     
   3.0769230769230769E-003   7.3076923076923076E-003   1090.7202226108877        1.0000000000000000     
   3.0769230769230769E-003   7.6923076923076927E-003   1090.7402541228362        1.0000000000000000     
   3.0769230769230769E-003   8.0769230769230770E-003   1090.7633282305617        1.0000000000000000     
   3.0769230769230769E-003   8.4615384615384613E-003   1090.7890972262887        1.0000000000000000     
   3.0769230769230769E-003   8.8461538461538456E-003   1090.8175103278390        1.0000000000000000     
   3.0769230769230769E-003   9.2307692307692299E-003   1090.8490636060590        1.0000000000000000     
   3.0769230769230769E-003   9.6153846153846159E-003   1090.8835407440299        1.0000000000000000     

   3.4615384615384616E-003   3.8461538461538462E-004   1118.0090303539891        1.0000000000000000     
   3.4615384615384616E-003   7.6923076923076923E-004   1117.9707081724493        1.0000000000000000     
   3.4615384615384616E-003   1.1538461538461537E-003   1117.9356339343237        1.0000000000000000     
   3.4615384615384616E-003   1.5384615384615385E-003   1117.9040326255504        1.0000000000000000     
   3.4615384615384616E-003   1.9230769230769232E-003   1117.8753984915818        1.0000000000000000     
   3.4615384615384616E-003   2.3076923076923075E-003   1117.8497854164218        1.0000000000000000     
   3.4615384615384616E-003   2.6923076923076922E-003   1117.8275510746803        1.0000000000000000     
   3.4615384615384616E-003   3.0769230769230769E-003   1117.8087503674440        1.0000000000000000     
   3.4615384615384616E-003   3.4615384615384616E-003   1117.7933751778876        1.0000000000000000     
   3.4615384615384616E-003   3.8461538461538464E-003   1117.7814211730547        1.0000000000000000     
   3.4615384615384616E-003   4.2307692307692307E-003   1117.7728849902553        1.0000000000000000     
   3.4615384615384616E-003   4.6153846153846149E-003   1117.7677642353437        1.0000000000000000     
   3.4615384615384616E-003   5.0000000000000001E-003   1117.7660574759345        1.0000000000000000     
   3.4615384615384616E-003   5.3846153846153844E-003   1117.7677642353444        1.0000000000000000     
   3.4615384615384616E-003   5.7692307692307696E-003   1117.7728849902558        1.0000000000000000     
   3.4615384615384616E-003   6.1538461538461538E-003   1117.7814211730547        1.0000000000000000     
   3.4615384615384616E-003   6.5384615384615381E-003   1117.7933751778878        1.0000000000000000     
   3.4615384615384616E-003   6.9230769230769233E-003   1117.8087503674444        1.0000000000000000     
   3.4615384615384616E-003   7.3076923076923076E-003   1117.8275510746803        1.0000000000000000     
   3.4615384615384616E-003   7.6923076923076927E-003   1117.8497854164218        1.0000000000000000     
   3.4615384615384616E-003   8.0769230769230770E-003   1117.8753984915813        1.0000000000000000     
   3.4615384615384616E-003   8.4615384615384613E-003   1117.9040326255506        1.0000000000000000     
   3.4615384615384616E-003   8.8461538461538456E-003   1117.9356339343242        1.0000000000000000     
   3.4615384615384616E-003   9.2307692307692299E-003   1117.9707081724496        1.0000000000000000     
   3.4615384615384616E-003   9.6153846153846159E-003   1118.0090303539891        1.0000000000000000     

   3.8461538461538464E-003   3.8461538461538462E-004   1144.1098094562749        1.0000000000000000     
   3.8461538461538464E-003   7.6923076923076923E-004   1144.0678052625458        1.0000000000000000     
   3.8461538461538464E-003   1.1538461538461537E-003   1144.0293616439405        1.0000000000000000     
   3.8461538461538464E-003   1.5384615384615385E-003   1143.9947106663269        1.0000000000000000     
   3.8461538461538464E-003   1.9230769230769232E-003   1143.9633364530123        1.0000000000000000     
   3.8461538461538464E-003   2.3076923076923075E-003   1143.9352954370697        1.0000000000000000     
   3.8461538461538464E-003   2.6923076923076922E-003   1143.9109546711013        1.0000000000000000     
   3.8461538461538464E-003   3.0769230769230769E-003   1143.8903710790185        1.0000000000000000     
   3.8461538461538464E-003   3.4615384615384616E-003   1143.8735368554946        1.0000000000000000     
   3.8461538461538464E-003   3.8461538461538464E-003   1143.8604478951170        1.0000000000000000     
   3.8461538461538464E-003   4.2307692307692307E-003   1143.8511009650347        1.0000000000000000     
   3.8461538461538464E-003   4.6153846153846149E-003   1143.8454937402914        1.0000000000000000     
   3.8461538461538464E-003   5.0000000000000001E-003   1143.8436248211221        1.0000000000000000     
   3.8461538461538464E-003   5.3846153846153844E-003   1143.8454937402917        1.0000000000000000     
   3.8461538461538464E-003   5.7692307692307696E-003   1143.8511009650349        1.0000000000000000     
   3.8461538461538464E-003   6.1538461538461538E-003   1143.8604478951170        1.0000000000000000     
   3.8461538461538464E-003   6.5384615384615381E-003   1143.8735368554946        1.0000000000000000     
   3.8461538461538464E-003   6.9230769230769233E-003   1143.8903710790185        1.0000000000000000     
   3.8461538461538464E-003   7.3076923076923076E-003   1143.9109546711009        1.0000000000000000     
   3.8461538461538464E-003   7.6923076923076927E-003   1143.9352954370697        1.0000000000000000     
   3.8461538461538464E-003   8.0769230769230770E-003   1143.9633364530118        1.0000000000000000     
   3.8461538461538464E-003   8.4615384615384613E-003   1143.9947106663260        1.0000000000000000     
   3.8461538461538464E-003   8.8461538461538456E-003   1144.0293616439408        1.0000000000000000     
   3.8461538461538464E-003   9.2307692307692299E-003   1144.0678052625469        1.0000000000000000     
   3.8461538461538464E-003   9.6153846153846159E-003   1144.1098094562756        1.0000000000000000     

   4.2307692307692307E-003   3.8461538461538462E-004   1169.0875698889402        1.0000000000000000     
   4.2307692307692307E-003   7.6923076923076923E-004   1169.0420588656518        1.0000000000000000     
   4.2307692307692307E-003   1.1538461538461537E-003   1169.0004079809319        1.0000000000000000     
   4.2307692307692307E-003   1.5384615384615385E-003   1168.9628553411796        1.0000000000000000     
   4.2307692307692307E-003   1.9230769230769232E-003   1168.9288747754526        1.0000000000000000     
   4.2307692307692307E-003   2.3076923076923075E-003   1168.8985247296084        1.0000000000000000     
   4.2307692307692307E-003   2.6923076923076922E-003   1168.8721809554943        1.0000000000000000     
   4.2307692307692307E-003   3.0769230769230769E-003   1168.8499021451826        1.0000000000000000     
   4.2307692307692307E-003   3.4615384615384616E-003   1168.8316806945454        1.0000000000000000     
   4.2307692307692307E-003   3.8461538461538464E-003   1168.8175126632818        1.0000000000000000     
   4.2307692307692307E-003   4.2307692307692307E-003   1168.8073949165462        1.0000000000000000     
   4.2307692307692307E-003   4.6153846153846149E-003   1168.8013251840193        1.0000000000000000     
   4.2307692307692307E-003   5.0000000000000001E-003   1168.7993020929032        1.0000000000000000     
   4.2307692307692307E-003   5.3846153846153844E-003   1168.8013251840196        1.0000000000000000     
   4.2307692307692307E-003   5.7692307692307696E-003   1168.8073949165462        1.0000000000000000     
   4.2307692307692307E-003   6.1538461538461538E-003   1168.8175126632825        1.0000000000000000     
   4.2307692307692307E-003   6.5384615384615381E-003   1168.8316806945465        1.0000000000000000     
   4.2307692307692307E-003   6.9230769230769233E-003   1168.8499021451826        1.0000000000000000     
   4.2307692307692307E-003   7.3076923076923076E-003   1168.8721809554936        1.0000000000000000     
   4.2307692307692307E-003   7.6923076923076927E-003   1168.8985247296084        1.0000000000000000     
   4.2307692307692307E-003   8.0769230769230770E-003   1168.9288747754522        1.0000000000000000     
   4.2307692307692307E-003   8.4615384615384613E-003   1168.9628553411792        1.0000000000000000     
   4.2307692307692307E-003   8.8461538461538456E-003   1169.0004079809323        1.0000000000000000     
   4.2307692307692307E-003   9.2307692307692299E-003   1169.0420588656523        1.0000000000000000     
   4.2307692307692307E-003   9.6153846153846159E-003   1169.0875698889404        1.0000000000000000     

   4.6153846153846149E-003   3.8461538461538462E-004   1192.8486192620007        1.0000000000000000     
   4.6153846153846149E-003   7.6923076923076923E-004   1192.7997882773598        1.0000000000000000     
   4.6153846153846149E-003   1.1538461538461537E-003   1192.7551025582707        1.0000000000000000     
   4.6153846153846149E-003   1.5384615384615385E-003   1192.7148054803661        1.0000000000000000     
   4.6153846153846149E-003   1.9230769230769232E-003   1192.6783606070198        1.0000000000000000     
   4.6153846153846149E-003   2.3076923076923075E-003   1192.6458279052583        1.0000000000000000     
   4.6153846153846149E-003   2.6923076923076922E-003   1192.6175911057317        1.0000000000000000     
   4.6153846153846149E-003   3.0769230769230769E-003   1192.5937103742763        1.0000000000000000     
   4.6153846153846149E-003   3.4615384615384616E-003   1192.5741781603947        1.0000000000000000     
   4.6153846153846149E-003   3.8461538461538464E-003   1192.5589905948555        1.0000000000000000     
   4.6153846153846149E-003   4.2307692307692307E-003   1192.5481445856672        1.0000000000000000     
   4.6153846153846149E-003   4.6153846153846149E-003   1192.5416378872399        1.0000000000000000     
   4.6153846153846149E-003   5.0000000000000001E-003   1192.5394691395170        1.0000000000000000     
   4.6153846153846149E-003   5.3846153846153844E-003   1192.5416378872396        1.0000000000000000     
   4.6153846153846149E-003   5.7692307692307696E-003   1192.5481445856667        1.0000000000000000     
   4.6153846153846149E-003   6.1538461538461538E-003   1192.5589905948552        1.0000000000000000     
   4.6153846153846149E-003   6.5384615384615381E-003   1192.5741781603951        1.0000000000000000     
   4.6153846153846149E-003   6.9230769230769233E-003   1192.5937103742763        1.0000000000000000     
   4.6153846153846149E-003   7.3076923076923076E-003   1192.6175911057310        1.0000000000000000     
   4.6153846153846149E-003   7.6923076923076927E-003   1192.6458279052574        1.0000000000000000     
   4.6153846153846149E-003   8.0769230769230770E-003   1192.6783606070189        1.0000000000000000     
   4.6153846153846149E-003   8.4615384615384613E-003   1192.7148054803654        1.0000000000000000     
   4.6153846153846149E-003   8.8461538461538456E-003   1192.7551025582702        1.0000000000000000     
   4.6153846153846149E-003   9.2307692307692299E-003   1192.7997882773591        1.0000000000000000     
   4.6153846153846149E-003   9.6153846153846159E-003   1192.8486192620007        1.0000000000000000     

   5.0000000000000001E-003   3.8461538461538462E-004   1215.3042103494070        1.0000000000000000     
   5.0000000000000001E-003   7.6923076923076923E-004   1215.2522571760735        1.0000000000000000     
   5.0000000000000001E-003   1.1538461538461537E-003   1215.2047188537365        1.0000000000000000     
   5.0000000000000001E-003   1.5384615384615385E-003   1215.1618433570513        1.0000000000000000     
   5.0000000000000001E-003   1.9230769230769232E-003   1215.1230841280760        1.0000000000000000     
   5.0000000000000001E-003   2.3076923076923075E-003   1215.0885021876038        1.0000000000000000     
   5.0000000000000001E-003   2.6923076923076922E-003   1215.0584884941061        1.0000000000000000     
   5.0000000000000001E-003   3.0769230769230769E-003   1215.0331043731703        1.0000000000000000     
   5.0000000000000001E-003   3.4615384615384616E-003   1215.0123421637527        1.0000000000000000     
   5.0000000000000001E-003   3.8461538461538464E-003   1214.9961979597670        1.0000000000000000     
   5.0000000000000001E-003   4.2307692307692307E-003   1214.9846686473286        1.0000000000000000     
   5.0000000000000001E-003   4.6153846153846149E-003   1214.9777519698453        1.0000000000000000     
   5.0000000000000001E-003   5.0000000000000001E-003   1214.9754465628021        1.0000000000000000     
   5.0000000000000001E-003   5.3846153846153844E-003   1214.9777519698446        1.0000000000000000     
   5.0000000000000001E-003   5.7692307692307696E-003   1214.9846686473284        1.0000000000000000     
   5.0000000000000001E-003   6.1538461538461538E-003   1214.9961979597670        1.0000000000000000     
   5.0000000000000001E-003   6.5384615384615381E-003   1215.0123421637522        1.0000000000000000     
   5.0000000000000001E-003   6.9230769230769233E-003   1215.0331043731696        1.0000000000000000     
   5.0000000000000001E-003   7.3076923076923076E-003   1215.0584884941061        1.0000000000000000     
   5.0000000000000001E-003   7.6923076923076927E-003   1215.0885021876029        1.0000000000000000     
   5.0000000000000001E-003   8.0769230769230770E-003   1215.1230841280756        1.0000000000000000     
   5.0000000000000001E-003   8.4615384615384613E-003   1215.1618433570497        1.0000000000000000     
   5.0000000000000001E-003   8.8461538461538456E-003   1215.2047188537351        1.0000000000000000     
   5.0000000000000001E-003   9.2307692307692299E-003   1215.2522571760730        1.0000000000000000     
   5.0000000000000001E-003   9.6153846153846159E-003   1215.3042103494056        1.0000000000000000     

   5.3846153846153844E-003   3.8461538461538462E-004   1236.3708396641082        1.0000000000000000     
   5.3846153846153844E-003   7.6923076923076923E-004   1236.3159720953649        1.0000000000000000     
   5.3846153846153844E-003   1.1538461538461537E-003   1236.2657725668957        1.0000000000000000     
   5.3846153846153844E-003   1.5384615384615385E-003   1236.2204929717318        1.0000000000000000     
   5.3846153846153844E-003   1.9230769230769232E-003   1236.1795768098309        1.0000000000000000     
   5.3846153846153844E-003   2.3076923076923075E-003   1236.1430856752449        1.0000000000000000     
   5.3846153846153844E-003   2.6923076923076922E-003   1236.1114169667428        1.0000000000000000     
   5.3846153846153844E-003   3.0769230769230769E-003   1236.0846328452067        1.0000000000000000     
   5.3846153846153844E-003   3.4615384615384616E-003   1236.0627253738721        1.0000000000000000     
   5.3846153846153844E-003   3.8461538461538464E-003   1236.0456905044564        1.0000000000000000     
   5.3846153846153844E-003   4.2307692307692307E-003   1236.0335250409807        1.0000000000000000     
   5.3846153846153844E-003   4.6153846153846149E-003   1236.0262266848083        1.0000000000000000     
   5.3846153846153844E-003   5.0000000000000001E-003   1236.0237940531674        1.0000000000000000     
   5.3846153846153844E-003   5.3846153846153844E-003   1236.0262266848076        1.0000000000000000     
   5.3846153846153844E-003   5.7692307692307696E-003   1236.0335250409803        1.0000000000000000     
   5.3846153846153844E-003   6.1538461538461538E-003   1236.0456905044568        1.0000000000000000     
   5.3846153846153844E-003   6.5384615384615381E-003   1236.0627253738717        1.0000000000000000     
   5.3846153846153844E-003   6.9230769230769233E-003   1236.0846328452060        1.0000000000000000     
   5.3846153846153844E-003   7.3076923076923076E-003   1236.1114169667421        1.0000000000000000     
   5.3846153846153844E-003   7.6923076923076927E-003   1236.1430856752440        1.0000000000000000     
   5.3846153846153844E-003   8.0769230769230770E-003   1236.1795768098300        1.0000000000000000     
   5.3846153846153844E-003   8.4615384615384613E-003   1236.2204929717304        1.0000000000000000     
   5.3846153846153844E-003   8.8461538461538456E-003   1236.2657725668942        1.0000000000000000     
   5.3846153846153844E-003   9.2307692307692299E-003   1236.3159720953631        1.0000000000000000     
   5.3846153846153844E-003   9.6153846153846159E-003   1236.3708396641066        1.0000000000000000     

   5.7692307692307696E-003   3.8461538461538462E-004   1255.9705154616104        1.0000000000000000     
   5.7692307692307696E-003   7.6923076923076923E-004   1255.9129504396640        1.0000000000000000     
   5.7692307692307696E-003   1.1538461538461537E-003   1255.8602896478601        1.0000000000000000     
   5.7692307692307696E-003   1.5384615384615385E-003   1255.8127881012774        1.0000000000000000     
   5.7692307692307696E-003   1.9230769230769232E-003   1255.7698794878436        1.0000000000000000     
   5.7692307692307696E-003   2.3076923076923075E-003   1255.7316254382754        1.0000000000000000     
   5.7692307692307696E-003   2.6923076923076922E-003   1255.6984289577131        1.0000000000000000     
   5.7692307692307696E-003   3.0769230769230769E-003   1255.6703527154789        1.0000000000000000     
   5.7692307692307696E-003   3.4615384615384616E-003   1255.6473883494314        1.0000000000000000     
   5.7692307692307696E-003   3.8461538461538464E-003   1255.6295315845662        1.0000000000000000     
   5.7692307692307696E-003   4.2307692307692307E-003   1255.6167791031555        1.0000000000000000     
   5.7692307692307696E-003   4.6153846153846149E-003   1255.6091285501016        1.0000000000000000     
   5.7692307692307696E-003   5.0000000000000001E-003   1255.6065785211881        1.0000000000000000     
   5.7692307692307696E-003   5.3846153846153844E-003   1255.6091285501020        1.0000000000000000     
   5.7692307692307696E-003   5.7692307692307696E-003   1255.6167791031557        1.0000000000000000     
   5.7692307692307696E-003   6.1538461538461538E-003   1255.6295315845659        1.0000000000000000     
   5.7692307692307696E-003   6.5384615384615381E-003   1255.6473883494311        1.0000000000000000     
   5.7692307692307696E-003   6.9230769230769233E-003   1255.6703527154773        1.0000000000000000     
   5.7692307692307696E-003   7.3076923076923076E-003   1255.6984289577131        1.0000000000000000     
   5.7692307692307696E-003   7.6923076923076927E-003   1255.7316254382742        1.0000000000000000     
   5.7692307692307696E-003   8.0769230769230770E-003   1255.7698794878420        1.0000000000000000     
   5.7692307692307696E-003   8.4615384615384613E-003   1255.8127881012765        1.0000000000000000     
   5.7692307692307696E-003   8.8461538461538456E-003   1255.8602896478587        1.0000000000000000     
   5.7692307692307696E-003   9.2307692307692299E-003   1255.9129504396617        1.0000000000000000     
   5.7692307692307696E-003   9.6153846153846159E-003   1255.9705154616086        1.0000000000000000     

   6.1538461538461538E-003   3.8461538461538462E-004   1274.0309957906561        1.0000000000000000     
   6.1538461538461538E-003   7.6923076923076923E-004   1273.9709586462832        1.0000000000000000     
   6.1538461538461538E-003   1.1538461538461537E-003   1273.9160445924674        1.0000000000000000     
   6.1538461538461538E-003   1.5384615384615385E-003   1273.8665107082543        1.0000000000000000     
   6.1538461538461538E-003   1.9230769230769232E-003   1273.8217808500945        1.0000000000000000     
   6.1538461538461538E-003   2.3076923076923075E-003   1273.7819160507704        1.0000000000000000     
   6.1538461538461538E-003   2.6923076923076922E-003   1273.7473240399538        1.0000000000000000     
   6.1538461538461538E-003   3.0769230769230769E-003   1273.7180676836292        1.0000000000000000     
   6.1538461538461538E-003   3.4615384615384616E-003   1273.6941380846408        1.0000000000000000     
   6.1538461538461538E-003   3.8461538461538464E-003   1273.6755307015251        1.0000000000000000     
   6.1538461538461538E-003   4.2307692307692307E-003   1273.6622420953506        1.0000000000000000     
   6.1538461538461538E-003   4.6153846153846149E-003   1273.6542698707151        1.0000000000000000     
   6.1538461538461538E-003   5.0000000000000001E-003   1273.6516126175759        1.0000000000000000     
   6.1538461538461538E-003   5.3846153846153844E-003   1273.6542698707144        1.0000000000000000     
   6.1538461538461538E-003   5.7692307692307696E-003   1273.6622420953508        1.0000000000000000     
   6.1538461538461538E-003   6.1538461538461538E-003   1273.6755307015251        1.0000000000000000     
   6.1538461538461538E-003   6.5384615384615381E-003   1273.6941380846408        1.0000000000000000     
   6.1538461538461538E-003   6.9230769230769233E-003   1273.7180676836288        1.0000000000000000     
   6.1538461538461538E-003   7.3076923076923076E-003   1273.7473240399538        1.0000000000000000     
   6.1538461538461538E-003   7.6923076923076927E-003   1273.7819160507700        1.0000000000000000     
   6.1538461538461538E-003   8.0769230769230770E-003   1273.8217808500940        1.0000000000000000     
   6.1538461538461538E-003   8.4615384615384613E-003   1273.8665107082536        1.0000000000000000     
   6.1538461538461538E-003   8.8461538461538456E-003   1273.9160445924663        1.0000000000000000     
   6.1538461538461538E-003   9.2307692307692299E-003   1273.9709586462816        1.0000000000000000     
   6.1538461538461538E-003   9.6153846153846159E-003   1274.0309957906541        1.0000000000000000     

   6.5384615384615381E-003   3.8461538461538462E-004   1290.4859975394888        1.0000000000000000     
   6.5384615384615381E-003   7.6923076923076923E-004   1290.4237214873926        1.0000000000000000     
   6.5384615384615381E-003   1.1538461538461537E-003   1290.3667700358708        1.0000000000000000     
   6.5384615384615381E-003   1.5384615384615385E-003   1290.3154007564724        1.0000000000000000     
   6.5384615384615381E-003   1.9230769230769232E-003   1290.2690273825194        1.0000000000000000     
   6.5384615384615381E-003   2.3076923076923075E-003   1290.2277095921511        1.0000000000000000     
   6.5384615384615381E-003   2.6923076923076922E-003   1290.1918589349191        1.0000000000000000     
   6.5384615384615381E-003   3.0769230769230769E-003   1290.1615382169282        1.0000000000000000     
   6.5384615384615381E-003   3.4615384615384616E-003   1290.1367379766343        1.0000000000000000     
   6.5384615384615381E-003   3.8461538461538464E-003   1290.1174534446916        1.0000000000000000     
   6.5384615384615381E-003   4.2307692307692307E-003   1290.1036811262838        1.0000000000000000     
   6.5384615384615381E-003   4.6153846153846149E-003   1290.0954186485328        1.0000000000000000     
   6.5384615384615381E-003   5.0000000000000001E-003   1290.0926646388968        1.0000000000000000     
   6.5384615384615381E-003   5.3846153846153844E-003   1290.0954186485328        1.0000000000000000     
   6.5384615384615381E-003   5.7692307692307696E-003   1290.1036811262834        1.0000000000000000     
   6.5384615384615381E-003   6.1538461538461538E-003   1290.1174534446918        1.0000000000000000     
   6.5384615384615381E-003   6.5384615384615381E-003   1290.1367379766341        1.0000000000000000     
   6.5384615384615381E-003   6.9230769230769233E-003   1290.1615382169277        1.0000000000000000     
   6.5384615384615381E-003   7.3076923076923076E-003   1290.1918589349186        1.0000000000000000     
   6.5384615384615381E-003   7.6923076923076927E-003   1290.2277095921504        1.0000000000000000     
   6.5384615384615381E-003   8.0769230769230770E-003   1290.2690273825185        1.0000000000000000     
   6.5384615384615381E-003   8.4615384615384613E-003   1290.3154007564717        1.0000000000000000     
   6.5384615384615381E-003   8.8461538461538456E-003   1290.3667700358701        1.0000000000000000     
   6.5384615384615381E-003   9.2307692307692299E-003   1290.4237214873917        1.0000000000000000     
   6.5384615384615381E-003   9.6153846153846159E-003   1290.4859975394879        1.0000000000000000     

   6.9230769230769233E-003   3.8461538461538462E-004   1305.2753776387840        1.0000000000000000     
   6.9230769230769233E-003   7.6923076923076923E-004   1305.2111038349560        1.0000000000000000     
   6.9230769230769233E-003   1.1538461538461537E-003   1305.1523390695656        1.0000000000000000     
   6.9230769230769233E-003   1.5384615384615385E-003   1305.0993388773909        1.0000000000000000     
   6.9230769230769233E-003   1.9230769230769232E-003   1305.0515061964354        1.0000000000000000     
   6.9230769230769233E-003   2.3076923076923075E-003   1305.0088985133552        1.0000000000000000     
   6.9230769230769233E-003   2.6923076923076922E-003   1304.9719303526438        1.0000000000000000     
   6.9230769230769233E-003   3.0769230769230769E-003   1304.9406643381449        1.0000000000000000     
   6.9230769230769233E-003   3.4615384615384616E-003   1304.9150905580514        1.0000000000000000     
   6.9230769230769233E-003   3.8461538461538464E-003   1304.8952041771529        1.0000000000000000     
   6.9230769230769233E-003   4.2307692307692307E-003   1304.8810018039485        1.0000000000000000     
   6.9230769230769233E-003   4.6153846153846149E-003   1304.8724812144892        1.0000000000000000     
   6.9230769230769233E-003   5.0000000000000001E-003   1304.8696411531764        1.0000000000000000     
   6.9230769230769233E-003   5.3846153846153844E-003   1304.8724812144887        1.0000000000000000     
   6.9230769230769233E-003   5.7692307692307696E-003   1304.8810018039485        1.0000000000000000     
   6.9230769230769233E-003   6.1538461538461538E-003   1304.8952041771522        1.0000000000000000     
   6.9230769230769233E-003   6.5384615384615381E-003   1304.9150905580507        1.0000000000000000     
   6.9230769230769233E-003   6.9230769230769233E-003   1304.9406643381449        1.0000000000000000     
   6.9230769230769233E-003   7.3076923076923076E-003   1304.9719303526426        1.0000000000000000     
   6.9230769230769233E-003   7.6923076923076927E-003   1305.0088985133543        1.0000000000000000     
   6.9230769230769233E-003   8.0769230769230770E-003   1305.0515061964340        1.0000000000000000     
   6.9230769230769233E-003   8.4615384615384613E-003   1305.0993388773893        1.0000000000000000     
   6.9230769230769233E-003   8.8461538461538456E-003   1305.1523390695647        1.0000000000000000     
   6.9230769230769233E-003   9.2307692307692299E-003   1305.2111038349549        1.0000000000000000     
   6.9230769230769233E-003   9.6153846153846159E-003   1305.2753776387824        1.0000000000000000     

   7.3076923076923076E-003   3.8461538461538462E-004   1318.3452875552073        1.0000000000000000     
   7.3076923076923076E-003   7.6923076923076923E-004   1318.2792665190959        1.0000000000000000     
   7.3076923076923076E-003   1.1538461538461537E-003   1318.2189221060903        1.0000000000000000     
   7.3076923076923076E-003   1.5384615384615385E-003   1318.1645036925011        1.0000000000000000     
   7.3076923076923076E-003   1.9230769230769232E-003   1318.1154024746143        1.0000000000000000     
   7.3076923076923076E-003   2.3076923076923075E-003   1318.0716730451097        1.0000000000000000     
   7.3076923076923076E-003   2.6923076923076922E-003   1318.0337322989851        1.0000000000000000     
   7.3076923076923076E-003   3.0769230769230769E-003   1318.0016428206416        1.0000000000000000     
   7.3076923076923076E-003   3.4615384615384616E-003   1317.9753945944522        1.0000000000000000     
   7.3076923076923076E-003   3.8461538461538464E-003   1317.9549830594779        1.0000000000000000     
   7.3076923076923076E-003   4.2307692307692307E-003   1317.9404052103102        1.0000000000000000     
   7.3076923076923076E-003   4.6153846153846149E-003   1317.9316591758493        1.0000000000000000     
   7.3076923076923076E-003   5.0000000000000001E-003   1317.9287439384580        1.0000000000000000     
   7.3076923076923076E-003   5.3846153846153844E-003   1317.9316591758493        1.0000000000000000     
   7.3076923076923076E-003   5.7692307692307696E-003   1317.9404052103102        1.0000000000000000     
   7.3076923076923076E-003   6.1538461538461538E-003   1317.9549830594776        1.0000000000000000     
   7.3076923076923076E-003   6.5384615384615381E-003   1317.9753945944517        1.0000000000000000     
   7.3076923076923076E-003   6.9230769230769233E-003   1318.0016428206416        1.0000000000000000     
   7.3076923076923076E-003   7.3076923076923076E-003   1318.0337322989844        1.0000000000000000     
   7.3076923076923076E-003   7.6923076923076927E-003   1318.0716730451088        1.0000000000000000     
   7.3076923076923076E-003   8.0769230769230770E-003   1318.1154024746133        1.0000000000000000     
   7.3076923076923076E-003   8.4615384615384613E-003   1318.1645036925004        1.0000000000000000     
   7.3076923076923076E-003   8.8461538461538456E-003   1318.2189221060887        1.0000000000000000     
   7.3076923076923076E-003   9.2307692307692299E-003   1318.2792665190946        1.0000000000000000     
   7.3076923076923076E-003   9.6153846153846159E-003   1318.3452875552050        1.0000000000000000     

   7.6923076923076927E-003   3.8461538461538462E-004   1329.6483050197226        1.0000000000000000     
   7.6923076923076927E-003   7.6923076923076923E-004   1329.5808018914713        1.0000000000000000     
   7.6923076923076927E-003   1.1538461538461537E-003   1329.5191240653421        1.0000000000000000     
   7.6923076923076927E-003   1.5384615384615385E-003   1329.4635093604722        1.0000000000000000     
   7.6923076923076927E-003   1.9230769230769232E-003   1329.4133369263766        1.0000000000000000     
   7.6923076923076927E-003   2.3076923076923075E-003   1329.3686584385048        1.0000000000000000     
   7.6923076923076927E-003   2.6923076923076922E-003   1329.3298930863825        1.0000000000000000     
   7.6923076923076927E-003   3.0769230769230769E-003   1329.2971039999250        1.0000000000000000     
   7.6923076923076927E-003   3.4615384615384616E-003   1329.2702817451107        1.0000000000000000     
   7.6923076923076927E-003   3.8461538461538464E-003   1329.2494226083857        1.0000000000000000     
   7.6923076923076927E-003   4.2307692307692307E-003   1329.2345243978853        1.0000000000000000     
   7.6923076923076927E-003   4.6153846153846149E-003   1329.2255858805308        1.0000000000000000     
   7.6923076923076927E-003   5.0000000000000001E-003   1329.2226064372401        1.0000000000000000     
   7.6923076923076927E-003   5.3846153846153844E-003   1329.2255858805308        1.0000000000000000     
   7.6923076923076927E-003   5.7692307692307696E-003   1329.2345243978850        1.0000000000000000     
   7.6923076923076927E-003   6.1538461538461538E-003   1329.2494226083850        1.0000000000000000     
   7.6923076923076927E-003   6.5384615384615381E-003   1329.2702817451104        1.0000000000000000     
   7.6923076923076927E-003   6.9230769230769233E-003   1329.2971039999250        1.0000000000000000     
   7.6923076923076927E-003   7.3076923076923076E-003   1329.3298930863818        1.0000000000000000     
   7.6923076923076927E-003   7.6923076923076927E-003   1329.3686584385039        1.0000000000000000     
   7.6923076923076927E-003   8.0769230769230770E-003   1329.4133369263755        1.0000000000000000     
   7.6923076923076927E-003   8.4615384615384613E-003   1329.4635093604716        1.0000000000000000     
   7.6923076923076927E-003   8.8461538461538456E-003   1329.5191240653410        1.0000000000000000     
   7.6923076923076927E-003   9.2307692307692299E-003   1329.5808018914704        1.0000000000000000     
   7.6923076923076927E-003   9.6153846153846159E-003   1329.6483050197216        1.0000000000000000     

   8.0769230769230770E-003   3.8461538461538462E-004   1339.1434291441287        1.0000000000000000     
   8.0769230769230770E-003   7.6923076923076923E-004   1339.0747651907129        1.0000000000000000     
   8.0769230769230770E-003   1.1538461538461537E-003   1339.0120171149199        1.0000000000000000     
   8.0769230769230770E-003   1.5384615384615385E-003   1338.9554377124928        1.0000000000000000     
   8.0769230769230770E-003   1.9230769230769232E-003   1338.9043973100972        1.0000000000000000     
   8.0769230769230770E-003   2.3076923076923075E-003   1338.8589459859261        1.0000000000000000     
   8.0769230769230770E-003   2.6923076923076922E-003   1338.8195059516167        1.0000000000000000     
   8.0769230769230770E-003   3.0769230769230769E-003   1338.7861420883000        1.0000000000000000     
   8.0769230769230770E-003   3.4615384615384616E-003   1338.7588466743641        1.0000000000000000     
   8.0769230769230770E-003   3.8461538461538464E-003   1338.7376176867440        1.0000000000000000     
   8.0769230769230770E-003   4.2307692307692307E-003   1338.7224543152331        1.0000000000000000     
   8.0769230769230770E-003   4.6153846153846149E-003   1338.7133563131035        1.0000000000000000     
   8.0769230769230770E-003   5.0000000000000001E-003   1338.7103236441937        1.0000000000000000     
   8.0769230769230770E-003   5.3846153846153844E-003   1338.7133563131028        1.0000000000000000     
   8.0769230769230770E-003   5.7692307692307696E-003   1338.7224543152331        1.0000000000000000     
   8.0769230769230770E-003   6.1538461538461538E-003   1338.7376176867447        1.0000000000000000     
   8.0769230769230770E-003   6.5384615384615381E-003   1338.7588466743641        1.0000000000000000     
   8.0769230769230770E-003   6.9230769230769233E-003   1338.7861420882996        1.0000000000000000     
   8.0769230769230770E-003   7.3076923076923076E-003   1338.8195059516163        1.0000000000000000     
   8.0769230769230770E-003   7.6923076923076927E-003   1338.8589459859256        1.0000000000000000     
   8.0769230769230770E-003   8.0769230769230770E-003   1338.9043973100963        1.0000000000000000     
   8.0769230769230770E-003   8.4615384615384613E-003   1338.9554377124928        1.0000000000000000     
   8.0769230769230770E-003   8.8461538461538456E-003   1339.0120171149199        1.0000000000000000     
   8.0769230769230770E-003   9.2307692307692299E-003   1339.0747651907118        1.0000000000000000     
   8.0769230769230770E-003   9.6153846153846159E-003   1339.1434291441276        1.0000000000000000     

   8.4615384615384613E-003   3.8461538461538462E-004   1346.7964613043482        1.0000000000000000     
   8.4615384615384613E-003   7.6923076923076923E-004   1346.7264406513743        1.0000000000000000     
   8.4615384615384613E-003   1.1538461538461537E-003   1346.6629469412101        1.0000000000000000     
   8.4615384615384613E-003   1.5384615384615385E-003   1346.6056411768832        1.0000000000000000     
   8.4615384615384613E-003   1.9230769230769232E-003   1346.5539400065347        1.0000000000000000     
   8.4615384615384613E-003   2.3076923076923075E-003   1346.5078938527558        1.0000000000000000     
   8.4615384615384613E-003   2.6923076923076922E-003   1346.4679293073616        1.0000000000000000     
   8.4615384615384613E-003   3.0769230769230769E-003   1346.4341150219109        1.0000000000000000     
   8.4615384615384613E-003   3.4615384615384616E-003   1346.4064466623474        1.0000000000000000     
   8.4615384615384613E-003   3.8461538461538464E-003   1346.3849250000339        1.0000000000000000     
   8.4615384615384613E-003   4.2307692307692307E-003   1346.3695512592003        1.0000000000000000     
   8.4615384615384613E-003   4.6153846153846149E-003   1346.3603265346342        1.0000000000000000     
   8.4615384615384613E-003   5.0000000000000001E-003   1346.3572515441019        1.0000000000000000     
   8.4615384615384613E-003   5.3846153846153844E-003   1346.3603265346337        1.0000000000000000     
   8.4615384615384613E-003   5.7692307692307696E-003   1346.3695512591999        1.0000000000000000     
   8.4615384615384613E-003   6.1538461538461538E-003   1346.3849250000344        1.0000000000000000     
   8.4615384615384613E-003   6.5384615384615381E-003   1346.4064466623470        1.0000000000000000     
   8.4615384615384613E-003   6.9230769230769233E-003   1346.4341150219097        1.0000000000000000     
   8.4615384615384613E-003   7.3076923076923076E-003   1346.4679293073605        1.0000000000000000     
   8.4615384615384613E-003   7.6923076923076927E-003   1346.5078938527556        1.0000000000000000     
   8.4615384615384613E-003   8.0769230769230770E-003   1346.5539400065343        1.0000000000000000     
   8.4615384615384613E-003   8.4615384615384613E-003   1346.6056411768830        1.0000000000000000     
   8.4615384615384613E-003   8.8461538461538456E-003   1346.6629469412101        1.0000000000000000     
   8.4615384615384613E-003   9.2307692307692299E-003   1346.7264406513737        1.0000000000000000     
   8.4615384615384613E-003   9.6153846153846159E-003   1346.7964613043480        1.0000000000000000     

   8.8461538461538456E-003   3.8461538461538462E-004   1352.5796213015094        1.0000000000000000     
   8.8461538461538456E-003   7.6923076923076923E-004   1352.5092905913446        1.0000000000000000     
   8.8461538461538456E-003   1.1538461538461537E-003   1352.4442768093522        1.0000000000000000     
   8.8461538461538456E-003   1.5384615384615385E-003   1352.3865550210191        1.0000000000000000     
   8.8461538461538456E-003   1.9230769230769232E-003   1352.3344017951886        1.0000000000000000     
   8.8461538461538456E-003   2.3076923076923075E-003   1352.2879381578773        1.0000000000000000     
   8.8461538461538456E-003   2.6923076923076922E-003   1352.2475970420344        1.0000000000000000     
   8.8461538461538456E-003   3.0769230769230769E-003   1352.2134542264662        1.0000000000000000     
   8.8461538461538456E-003   3.4615384615384616E-003   1352.1855111210914        1.0000000000000000     
   8.8461538461538456E-003   3.8461538461538464E-003   1352.1637725364953        1.0000000000000000     
   8.8461538461538456E-003   4.2307692307692307E-003   1352.1482423144496        1.0000000000000000     
   8.8461538461538456E-003   4.6153846153846149E-003   1352.1389231392900        1.0000000000000000     
   8.8461538461538456E-003   5.0000000000000001E-003   1352.1358165766203        1.0000000000000000     
   8.8461538461538456E-003   5.3846153846153844E-003   1352.1389231392893        1.0000000000000000     
   8.8461538461538456E-003   5.7692307692307696E-003   1352.1482423144500        1.0000000000000000     
   8.8461538461538456E-003   6.1538461538461538E-003   1352.1637725364958        1.0000000000000000     
   8.8461538461538456E-003   6.5384615384615381E-003   1352.1855111210914        1.0000000000000000     
   8.8461538461538456E-003   6.9230769230769233E-003   1352.2134542264660        1.0000000000000000     
   8.8461538461538456E-003   7.3076923076923076E-003   1352.2475970420339        1.0000000000000000     
   8.8461538461538456E-003   7.6923076923076927E-003   1352.2879381578766        1.0000000000000000     
   8.8461538461538456E-003   8.0769230769230770E-003   1352.3344017951874        1.0000000000000000     
   8.8461538461538456E-003   8.4615384615384613E-003   1352.3865550210176        1.0000000000000000     
   8.8461538461538456E-003   8.8461538461538456E-003   1352.4442768093518        1.0000000000000000     
   8.8461538461538456E-003   9.2307692307692299E-003   1352.5092905913443        1.0000000000000000     
   8.8461538461538456E-003   9.6153846153846159E-003   1352.5796213015101        1.0000000000000000     

   9.2307692307692299E-003   3.8461538461538462E-004   1356.4728514023800        1.0000000000000000     
   9.2307692307692299E-003   7.6923076923076923E-004   1356.4017318471751        1.0000000000000000     
   9.2307692307692299E-003   1.1538461538461537E-003   1356.3369817614318        1.0000000000000000     
   9.2307692307692299E-003   1.5384615384615385E-003   1356.2780178548528        1.0000000000000000     
   9.2307692307692299E-003   1.9230769230769232E-003   1356.2256721075628        1.0000000000000000     
   9.2307692307692299E-003   2.3076923076923075E-003   1356.1789647772741        1.0000000000000000     
   9.2307692307692299E-003   2.6923076923076922E-003   1356.1383889571459        1.0000000000000000     
   9.2307692307692299E-003   3.0769230769230769E-003   1356.1040344081750        1.0000000000000000     
   9.2307692307692299E-003   3.4615384615384616E-003   1356.0759112610808        1.0000000000000000     
   9.2307692307692299E-003   3.8461538461538464E-003   1356.0540293172817        1.0000000000000000     
   9.2307692307692299E-003   4.2307692307692307E-003   1356.0383952204816        1.0000000000000000     
   9.2307692307692299E-003   4.6153846153846149E-003   1356.0290132042196        1.0000000000000000     
   9.2307692307692299E-003   5.0000000000000001E-003   1356.0258856150328        1.0000000000000000     
   9.2307692307692299E-003   5.3846153846153844E-003   1356.0290132042189        1.0000000000000000     
   9.2307692307692299E-003   5.7692307692307696E-003   1356.0383952204811        1.0000000000000000     
   9.2307692307692299E-003   6.1538461538461538E-003   1356.0540293172819        1.0000000000000000     
   9.2307692307692299E-003   6.5384615384615381E-003   1356.0759112610806        1.0000000000000000     
   9.2307692307692299E-003   6.9230769230769233E-003   1356.1040344081748        1.0000000000000000     
   9.2307692307692299E-003   7.3076923076923076E-003   1356.1383889571457        1.0000000000000000     
   9.2307692307692299E-003   7.6923076923076927E-003   1356.1789647772730        1.0000000000000000     
   9.2307692307692299E-003   8.0769230769230770E-003   1356.2256721075623        1.0000000000000000     
   9.2307692307692299E-003   8.4615384615384613E-003   1356.2780178548517        1.0000000000000000     
   9.2307692307692299E-003   8.8461538461538456E-003   1356.3369817614314        1.0000000000000000     
   9.2307692307692299E-003   9.2307692307692299E-003   1356.4017318471751        1.0000000000000000     
   9.2307692307692299E-003   9.6153846153846159E-003   1356.4728514023800        1.0000000000000000     

   9.6153846153846159E-003   3.8461538461538462E-004   1358.4622227168873        1.0000000000000000     
   9.6153846153846159E-003   7.6923076923076923E-004   1358.3903972945720        1.0000000000000000     
   9.6153846153846159E-003   1.1538461538461537E-003   1358.3251369508648        1.0000000000000000     
   9.6153846153846159E-003   1.5384615384615385E-003   1358.2664189090719        1.0000000000000000     
   9.6153846153846159E-003   1.9230769230769232E-003   1358.2135474864574        1.0000000000000000     
   9.6153846153846159E-003   2.3076923076923075E-003   1358.1667840016592        1.0000000000000000     
   9.6153846153846159E-003   2.6923076923076922E-003   1358.1261020932225        1.0000000000000000     
   9.6153846153846159E-003   3.0769230769230769E-003   1358.0916442999867        1.0000000000000000     
   9.6153846153846159E-003   3.4615384615384616E-003   1358.0634311907879        1.0000000000000000     
   9.6153846153846159E-003   3.8461538461538464E-003   1358.0414769359134        1.0000000000000000     
   9.6153846153846159E-003   4.2307692307692307E-003   1358.0257902289513        1.0000000000000000     
   9.6153846153846159E-003   4.6153846153846149E-003   1358.0163763252419        1.0000000000000000     
   9.6153846153846159E-003   5.0000000000000001E-003   1358.0132380585144        1.0000000000000000     
   9.6153846153846159E-003   5.3846153846153844E-003   1358.0163763252415        1.0000000000000000     
   9.6153846153846159E-003   5.7692307692307696E-003   1358.0257902289513        1.0000000000000000     
   9.6153846153846159E-003   6.1538461538461538E-003   1358.0414769359140        1.0000000000000000     
   9.6153846153846159E-003   6.5384615384615381E-003   1358.0634311907882        1.0000000000000000     
   9.6153846153846159E-003   6.9230769230769233E-003   1358.0916442999867        1.0000000000000000     
   9.6153846153846159E-003   7.3076923076923076E-003   1358.1261020932222        1.0000000000000000     
   9.6153846153846159E-003   7.6923076923076927E-003   1358.1667840016582        1.0000000000000000     
   9.6153846153846159E-003   8.0769230769230770E-003   1358.2135474864569        1.0000000000000000     
   9.6153846153846159E-003   8.4615384615384613E-003   1358.2664189090708        1.0000000000000000     
   9.6153846153846159E-003   8.8461538461538456E-003   1358.3251369508648        1.0000000000000000     
   9.6153846153846159E-003   9.2307692307692299E-003   1358.3903972945727        1.0000000000000000     
   9.6153846153846159E-003   9.6153846153846159E-003   1358.4622227168886        1.0000000000000000     

