   3.8461538461538462E-004   3.8461538461538462E-004   880.39765476464061        1.0000000000000000     
   3.8461538461538462E-004   7.6923076923076923E-004   880.39313155570392        1.0000000000000000     
   3.8461538461538462E-004   1.1538461538461537E-003   880.38915032514467        1.0000000000000000     
   3.8461538461538462E-004   1.5384615384615385E-003   880.38570552652084        1.0000000000000000     
   3.8461538461538462E-004   1.9230769230769232E-003   880.38246209854447        1.0000000000000000     
   3.8461538461538462E-004   2.3076923076923075E-003   880.37957232451458        1.0000000000000000     
   3.8461538461538462E-004   2.6923076923076922E-003   880.37702140623674        1.0000000000000000     
   3.8461538461538462E-004   3.0769230769230769E-003   880.37486795326424        1.0000000000000000     
   3.8461538461538462E-004   3.4615384615384616E-003   880.37310801113267        1.0000000000000000     
   3.8461538461538462E-004   3.8461538461538464E-003   880.37174032162750        1.0000000000000000     
   3.8461538461538462E-004   4.2307692307692307E-003   880.37076399083514        1.0000000000000000     
   3.8461538461538462E-004   4.6153846153846149E-003   880.37017842088449        1.0000000000000000     
   3.8461538461538462E-004   5.0000000000000001E-003   880.36998326825972        1.0000000000000000     
   3.8461538461538462E-004   5.3846153846153844E-003   880.37017842088449        1.0000000000000000     
   3.8461538461538462E-004   5.7692307692307696E-003   880.37076399083514        1.0000000000000000     
   3.8461538461538462E-004   6.1538461538461538E-003   880.37174032162750        1.0000000000000000     
   3.8461538461538462E-004   6.5384615384615381E-003   880.37310801113313        1.0000000000000000     
   3.8461538461538462E-004   6.9230769230769233E-003   880.37486795326436        1.0000000000000000     
   3.8461538461538462E-004   7.3076923076923076E-003   880.37702140623708        1.0000000000000000     
   3.8461538461538462E-004   7.6923076923076927E-003   880.37957232451458        1.0000000000000000     
   3.8461538461538462E-004   8.0769230769230770E-003   880.38246209854492        1.0000000000000000     
   3.8461538461538462E-004   8.4615384615384613E-003   880.38570552652095        1.0000000000000000     
   3.8461538461538462E-004   8.8461538461538456E-003   880.38915032514524        1.0000000000000000     
   3.8461538461538462E-004   9.2307692307692299E-003   880.39313155570403        1.0000000000000000     
   3.8461538461538462E-004   9.6153846153846159E-003   880.39765476464083        1.0000000000000000     

   7.6923076923076923E-004   3.8461538461538462E-004   910.67847495079468        1.0000000000000000     
   7.6923076923076923E-004   7.6923076923076923E-004   910.66984254305510        1.0000000000000000     
   7.6923076923076923E-004   1.1538461538461537E-003   910.66206231532601        1.0000000000000000     
   7.6923076923076923E-004   1.5384615384615385E-003   910.65478347191072        1.0000000000000000     
   7.6923076923076923E-004   1.9230769230769232E-003   910.64852989306769        1.0000000000000000     
   7.6923076923076923E-004   2.3076923076923075E-003   910.64269788702165        1.0000000000000000     
   7.6923076923076923E-004   2.6923076923076922E-003   910.63761105011747        1.0000000000000000     
   7.6923076923076923E-004   3.0769230769230769E-003   910.63331473300104        1.0000000000000000     
   7.6923076923076923E-004   3.4615384615384616E-003   910.62980335404814        1.0000000000000000     
   7.6923076923076923E-004   3.8461538461538464E-003   910.62707450591824        1.0000000000000000     
   7.6923076923076923E-004   4.2307692307692307E-003   910.62512646829214        1.0000000000000000     
   7.6923076923076923E-004   4.6153846153846149E-003   910.62395808749568        1.0000000000000000     
   7.6923076923076923E-004   5.0000000000000001E-003   910.62356869950304        1.0000000000000000     
   7.6923076923076923E-004   5.3846153846153844E-003   910.62395808749636        1.0000000000000000     
   7.6923076923076923E-004   5.7692307692307696E-003   910.62512646829214        1.0000000000000000     
   7.6923076923076923E-004   6.1538461538461538E-003   910.62707450591790        1.0000000000000000     
   7.6923076923076923E-004   6.5384615384615381E-003   910.62980335404791        1.0000000000000000     
   7.6923076923076923E-004   6.9230769230769233E-003   910.63331473300104        1.0000000000000000     
   7.6923076923076923E-004   7.3076923076923076E-003   910.63761105011770        1.0000000000000000     
   7.6923076923076923E-004   7.6923076923076927E-003   910.64269788702188        1.0000000000000000     
   7.6923076923076923E-004   8.0769230769230770E-003   910.64852989306803        1.0000000000000000     
   7.6923076923076923E-004   8.4615384615384613E-003   910.65478347191106        1.0000000000000000     
   7.6923076923076923E-004   8.8461538461538456E-003   910.66206231532624        1.0000000000000000     
   7.6923076923076923E-004   9.2307692307692299E-003   910.66984254305532        1.0000000000000000     
   7.6923076923076923E-004   9.6153846153846159E-003   910.67847495079536        1.0000000000000000     

   1.1538461538461537E-003   3.8461538461538462E-004   940.72692911311071        1.0000000000000000     
   1.1538461538461537E-003   7.6923076923076923E-004   940.71414893558108        1.0000000000000000     
   1.1538461538461537E-003   1.1538461538461537E-003   940.70197365031731        1.0000000000000000     
   1.1538461538461537E-003   1.5384615384615385E-003   940.69165794323021        1.0000000000000000     
   1.1538461538461537E-003   1.9230769230769232E-003   940.68209168184842        1.0000000000000000     
   1.1538461538461537E-003   2.3076923076923075E-003   940.67336028671889        1.0000000000000000     
   1.1538461538461537E-003   2.6923076923076922E-003   940.66576280330787        1.0000000000000000     
   1.1538461538461537E-003   3.0769230769230769E-003   940.65934454887042        1.0000000000000000     
   1.1538461538461537E-003   3.4615384615384616E-003   940.65409858283033        1.0000000000000000     
   1.1538461538461537E-003   3.8461538461538464E-003   940.65002152788020        1.0000000000000000     
   1.1538461538461537E-003   4.2307692307692307E-003   940.64711095932330        1.0000000000000000     
   1.1538461538461537E-003   4.6153846153846149E-003   940.64536524486573        1.0000000000000000     
   1.1538461538461537E-003   5.0000000000000001E-003   940.64478344268230        1.0000000000000000     
   1.1538461538461537E-003   5.3846153846153844E-003   940.64536524486607        1.0000000000000000     
   1.1538461538461537E-003   5.7692307692307696E-003   940.64711095932330        1.0000000000000000     
   1.1538461538461537E-003   6.1538461538461538E-003   940.65002152787986        1.0000000000000000     
   1.1538461538461537E-003   6.5384615384615381E-003   940.65409858282976        1.0000000000000000     
   1.1538461538461537E-003   6.9230769230769233E-003   940.65934454886963        1.0000000000000000     
   1.1538461538461537E-003   7.3076923076923076E-003   940.66576280330742        1.0000000000000000     
   1.1538461538461537E-003   7.6923076923076927E-003   940.67336028671900        1.0000000000000000     
   1.1538461538461537E-003   8.0769230769230770E-003   940.68209168184831        1.0000000000000000     
   1.1538461538461537E-003   8.4615384615384613E-003   940.69165794323033        1.0000000000000000     
   1.1538461538461537E-003   8.8461538461538456E-003   940.70197365031788        1.0000000000000000     
   1.1538461538461537E-003   9.2307692307692299E-003   940.71414893558108        1.0000000000000000     
   1.1538461538461537E-003   9.6153846153846159E-003   940.72692911311128        1.0000000000000000     

   1.5384615384615385E-003   3.8461538461538462E-004   970.42797221140233        1.0000000000000000     
   1.5384615384615385E-003   7.6923076923076923E-004   970.41064974614130        1.0000000000000000     
   1.5384615384615385E-003   1.1538461538461537E-003   970.39509908113394        1.0000000000000000     
   1.5384615384615385E-003   1.5384615384615385E-003   970.38113503194961        1.0000000000000000     
   1.5384615384615385E-003   1.9230769230769232E-003   970.36833905597894        1.0000000000000000     
   1.5384615384615385E-003   2.3076923076923075E-003   970.35675213264790        1.0000000000000000     
   1.5384615384615385E-003   2.6923076923076922E-003   970.34668117334456        1.0000000000000000     
   1.5384615384615385E-003   3.0769230769230769E-003   970.33817185985936        1.0000000000000000     
   1.5384615384615385E-003   3.4615384615384616E-003   970.33121621174416        1.0000000000000000     
   1.5384615384615385E-003   3.8461538461538464E-003   970.32581011803052        1.0000000000000000     
   1.5384615384615385E-003   4.2307692307692307E-003   970.32195060973334        1.0000000000000000     
   1.5384615384615385E-003   4.6153846153846149E-003   970.31963567852642        1.0000000000000000     
   1.5384615384615385E-003   5.0000000000000001E-003   970.31886416171335        1.0000000000000000     
   1.5384615384615385E-003   5.3846153846153844E-003   970.31963567852699        1.0000000000000000     
   1.5384615384615385E-003   5.7692307692307696E-003   970.32195060973379        1.0000000000000000     
   1.5384615384615385E-003   6.1538461538461538E-003   970.32581011802984        1.0000000000000000     
   1.5384615384615385E-003   6.5384615384615381E-003   970.33121621174269        1.0000000000000000     
   1.5384615384615385E-003   6.9230769230769233E-003   970.33817185985833        1.0000000000000000     
   1.5384615384615385E-003   7.3076923076923076E-003   970.34668117334388        1.0000000000000000     
   1.5384615384615385E-003   7.6923076923076927E-003   970.35675213264756        1.0000000000000000     
   1.5384615384615385E-003   8.0769230769230770E-003   970.36833905597871        1.0000000000000000     
   1.5384615384615385E-003   8.4615384615384613E-003   970.38113503194961        1.0000000000000000     
   1.5384615384615385E-003   8.8461538461538456E-003   970.39509908113394        1.0000000000000000     
   1.5384615384615385E-003   9.2307692307692299E-003   970.41064974614130        1.0000000000000000     
   1.5384615384615385E-003   9.6153846153846159E-003   970.42797221140302        1.0000000000000000     

   1.9230769230769232E-003   3.8461538461538462E-004   999.66759761710864        1.0000000000000000     
   1.9230769230769232E-003   7.6923076923076923E-004   999.64630398739462        1.0000000000000000     
   1.9230769230769232E-003   1.1538461538461537E-003   999.62681564439220        1.0000000000000000     
   1.9230769230769232E-003   1.5384615384615385E-003   999.60932446697814        1.0000000000000000     
   1.9230769230769232E-003   1.9230769230769232E-003   999.59336552160960        1.0000000000000000     
   1.9230769230769232E-003   2.3076923076923075E-003   999.57898024113558        1.0000000000000000     
   1.9230769230769232E-003   2.6923076923076922E-003   999.56648426181187        1.0000000000000000     
   1.9230769230769232E-003   3.0769230769230769E-003   999.55592419756147        1.0000000000000000     
   1.9230769230769232E-003   3.4615384615384616E-003   999.54729143598115        1.0000000000000000     
   1.9230769230769232E-003   3.8461538461538464E-003   999.54058140479458        1.0000000000000000     
   1.9230769230769232E-003   4.2307692307692307E-003   999.53579077304562        1.0000000000000000     
   1.9230769230769232E-003   4.6153846153846149E-003   999.53291727223154        1.0000000000000000     
   1.9230769230769232E-003   5.0000000000000001E-003   999.53195958298454        1.0000000000000000     
   1.9230769230769232E-003   5.3846153846153844E-003   999.53291727223154        1.0000000000000000     
   1.9230769230769232E-003   5.7692307692307696E-003   999.53579077304562        1.0000000000000000     
   1.9230769230769232E-003   6.1538461538461538E-003   999.54058140479412        1.0000000000000000     
   1.9230769230769232E-003   6.5384615384615381E-003   999.54729143598013        1.0000000000000000     
   1.9230769230769232E-003   6.9230769230769233E-003   999.55592419756090        1.0000000000000000     
   1.9230769230769232E-003   7.3076923076923076E-003   999.56648426181152        1.0000000000000000     
   1.9230769230769232E-003   7.6923076923076927E-003   999.57898024113570        1.0000000000000000     
   1.9230769230769232E-003   8.0769230769230770E-003   999.59336552160892        1.0000000000000000     
   1.9230769230769232E-003   8.4615384615384613E-003   999.60932446697814        1.0000000000000000     
   1.9230769230769232E-003   8.8461538461538456E-003   999.62681564439185        1.0000000000000000     
   1.9230769230769232E-003   9.2307692307692299E-003   999.64630398739428        1.0000000000000000     
   1.9230769230769232E-003   9.6153846153846159E-003   999.66759761710875        1.0000000000000000     

   2.3076923076923075E-003   3.8461538461538462E-004   1028.3343374838951        1.0000000000000000     
   2.3076923076923075E-003   7.6923076923076923E-004   1028.3088839379607        1.0000000000000000     
   2.3076923076923075E-003   1.1538461538461537E-003   1028.2855999727676        1.0000000000000000     
   2.3076923076923075E-003   1.5384615384615385E-003   1028.2646750754188        1.0000000000000000     
   2.3076923076923075E-003   1.9230769230769232E-003   1028.2456335409067        1.0000000000000000     
   2.3076923076923075E-003   2.3076923076923075E-003   1028.2285190864307        1.0000000000000000     
   2.3076923076923075E-003   2.6923076923076922E-003   1028.2136569167237        1.0000000000000000     
   2.3076923076923075E-003   3.0769230769230769E-003   1028.2010951883681        1.0000000000000000     
   2.3076923076923075E-003   3.4615384615384616E-003   1028.1908250670483        1.0000000000000000     
   2.3076923076923075E-003   3.8461538461538464E-003   1028.1828417909596        1.0000000000000000     
   2.3076923076923075E-003   4.2307692307692307E-003   1028.1771418472388        1.0000000000000000     
   2.3076923076923075E-003   4.6153846153846149E-003   1028.1737228215545        1.0000000000000000     
   2.3076923076923075E-003   5.0000000000000001E-003   1028.1725833013354        1.0000000000000000     
   2.3076923076923075E-003   5.3846153846153844E-003   1028.1737228215541        1.0000000000000000     
   2.3076923076923075E-003   5.7692307692307696E-003   1028.1771418472388        1.0000000000000000     
   2.3076923076923075E-003   6.1538461538461538E-003   1028.1828417909596        1.0000000000000000     
   2.3076923076923075E-003   6.5384615384615381E-003   1028.1908250670488        1.0000000000000000     
   2.3076923076923075E-003   6.9230769230769233E-003   1028.2010951883678        1.0000000000000000     
   2.3076923076923075E-003   7.3076923076923076E-003   1028.2136569167242        1.0000000000000000     
   2.3076923076923075E-003   7.6923076923076927E-003   1028.2285190864304        1.0000000000000000     
   2.3076923076923075E-003   8.0769230769230770E-003   1028.2456335409067        1.0000000000000000     
   2.3076923076923075E-003   8.4615384615384613E-003   1028.2646750754193        1.0000000000000000     
   2.3076923076923075E-003   8.8461538461538456E-003   1028.2855999727672        1.0000000000000000     
   2.3076923076923075E-003   9.2307692307692299E-003   1028.3088839379604        1.0000000000000000     
   2.3076923076923075E-003   9.6153846153846159E-003   1028.3343374838951        1.0000000000000000     

   2.6923076923076922E-003   3.8461538461538462E-004   1056.3189424333912        1.0000000000000000     
   2.6923076923076922E-003   7.6923076923076923E-004   1056.2894813848648        1.0000000000000000     
   2.6923076923076922E-003   1.1538461538461537E-003   1056.2625220899602        1.0000000000000000     
   2.6923076923076922E-003   1.5384615384615385E-003   1056.2382683577657        1.0000000000000000     
   2.6923076923076922E-003   1.9230769230769232E-003   1056.2162359811207        1.0000000000000000     
   2.6923076923076922E-003   2.3076923076923075E-003   1056.1964720725432        1.0000000000000000     
   2.6923076923076922E-003   2.6923076923076922E-003   1056.1793119248621        1.0000000000000000     
   2.6923076923076922E-003   3.0769230769230769E-003   1056.1648056830661        1.0000000000000000     
   2.6923076923076922E-003   3.4615384615384616E-003   1056.1529446203394        1.0000000000000000     
   2.6923076923076922E-003   3.8461538461538464E-003   1056.1437240096020        1.0000000000000000     
   2.6923076923076922E-003   4.2307692307692307E-003   1056.1371403079906        1.0000000000000000     
   2.6923076923076922E-003   4.6153846153846149E-003   1056.1331910533486        1.0000000000000000     
   2.6923076923076922E-003   5.0000000000000001E-003   1056.1318747948885        1.0000000000000000     
   2.6923076923076922E-003   5.3846153846153844E-003   1056.1331910533495        1.0000000000000000     
   2.6923076923076922E-003   5.7692307692307696E-003   1056.1371403079911        1.0000000000000000     
   2.6923076923076922E-003   6.1538461538461538E-003   1056.1437240096022        1.0000000000000000     
   2.6923076923076922E-003   6.5384615384615381E-003   1056.1529446203390        1.0000000000000000     
   2.6923076923076922E-003   6.9230769230769233E-003   1056.1648056830654        1.0000000000000000     
   2.6923076923076922E-003   7.3076923076923076E-003   1056.1793119248618        1.0000000000000000     
   2.6923076923076922E-003   7.6923076923076927E-003   1056.1964720725434        1.0000000000000000     
   2.6923076923076922E-003   8.0769230769230770E-003   1056.2162359811214        1.0000000000000000     
   2.6923076923076922E-003   8.4615384615384613E-003   1056.2382683577664        1.0000000000000000     
   2.6923076923076922E-003   8.8461538461538456E-003   1056.2625220899592        1.0000000000000000     
   2.6923076923076922E-003   9.2307692307692299E-003   1056.2894813848650        1.0000000000000000     
   2.6923076923076922E-003   9.6153846153846159E-003   1056.3189424333912        1.0000000000000000     

   3.0769230769230769E-003   3.8461538461538462E-004   1083.5151087589206        1.0000000000000000     
   3.0769230769230769E-003   7.6923076923076923E-004   1083.4817752875626        1.0000000000000000     
   3.0769230769230769E-003   1.1538461538461537E-003   1083.4512667667198        1.0000000000000000     
   3.0769230769230769E-003   1.5384615384615385E-003   1083.4237980403136        1.0000000000000000     
   3.0769230769230769E-003   1.9230769230769232E-003   1083.3988762193790        1.0000000000000000     
   3.0769230769230769E-003   2.3076923076923075E-003   1083.3765519049618        1.0000000000000000     
   3.0769230769230769E-003   2.6923076923076922E-003   1083.3571704738167        1.0000000000000000     
   3.0769230769230769E-003   3.0769230769230769E-003   1083.3407842543093        1.0000000000000000     
   3.0769230769230769E-003   3.4615384615384616E-003   1083.3273848213466        1.0000000000000000     
   3.0769230769230769E-003   3.8461538461538464E-003   1083.3169676283605        1.0000000000000000     
   3.0769230769230769E-003   4.2307692307692307E-003   1083.3095292077835        1.0000000000000000     
   3.0769230769230769E-003   4.6153846153846149E-003   1083.3050671204373        1.0000000000000000     
   3.0769230769230769E-003   5.0000000000000001E-003   1083.3035799180545        1.0000000000000000     
   3.0769230769230769E-003   5.3846153846153844E-003   1083.3050671204371        1.0000000000000000     
   3.0769230769230769E-003   5.7692307692307696E-003   1083.3095292077830        1.0000000000000000     
   3.0769230769230769E-003   6.1538461538461538E-003   1083.3169676283608        1.0000000000000000     
   3.0769230769230769E-003   6.5384615384615381E-003   1083.3273848213469        1.0000000000000000     
   3.0769230769230769E-003   6.9230769230769233E-003   1083.3407842543088        1.0000000000000000     
   3.0769230769230769E-003   7.3076923076923076E-003   1083.3571704738174        1.0000000000000000     
   3.0769230769230769E-003   7.6923076923076927E-003   1083.3765519049621        1.0000000000000000     
   3.0769230769230769E-003   8.0769230769230770E-003   1083.3988762193794        1.0000000000000000     
   3.0769230769230769E-003   8.4615384615384613E-003   1083.4237980403150        1.0000000000000000     
   3.0769230769230769E-003   8.8461538461538456E-003   1083.4512667667195        1.0000000000000000     
   3.0769230769230769E-003   9.2307692307692299E-003   1083.4817752875615        1.0000000000000000     
   3.0769230769230769E-003   9.6153846153846159E-003   1083.5151087589206        1.0000000000000000     

   3.4615384615384616E-003   3.8461538461538462E-004   1109.8197191248200        1.0000000000000000     
   3.4615384615384616E-003   7.6923076923076923E-004   1109.7826566987494        1.0000000000000000     
   3.4615384615384616E-003   1.1538461538461537E-003   1109.7487332697538        1.0000000000000000     
   3.4615384615384616E-003   1.5384615384615385E-003   1109.7181721855115        1.0000000000000000     
   3.4615384615384616E-003   1.9230769230769232E-003   1109.6904712419905        1.0000000000000000     
   3.4615384615384616E-003   2.3076923076923075E-003   1109.6656841094814        1.0000000000000000     
   3.4615384615384616E-003   2.6923076923076922E-003   1109.6441658702745        1.0000000000000000     
   3.4615384615384616E-003   3.0769230769230769E-003   1109.6259710096108        1.0000000000000000     
   3.4615384615384616E-003   3.4615384615384616E-003   1109.6110914638632        1.0000000000000000     
   3.4615384615384616E-003   3.8461538461538464E-003   1109.5995229283633        1.0000000000000000     
   3.4615384615384616E-003   4.2307692307692307E-003   1109.5912620635484        1.0000000000000000     
   3.4615384615384616E-003   4.6153846153846149E-003   1109.5863064924017        1.0000000000000000     
   3.4615384615384616E-003   5.0000000000000001E-003   1109.5846547930644        1.0000000000000000     
   3.4615384615384616E-003   5.3846153846153844E-003   1109.5863064924017        1.0000000000000000     
   3.4615384615384616E-003   5.7692307692307696E-003   1109.5912620635484        1.0000000000000000     
   3.4615384615384616E-003   6.1538461538461538E-003   1109.5995229283621        1.0000000000000000     
   3.4615384615384616E-003   6.5384615384615381E-003   1109.6110914638627        1.0000000000000000     
   3.4615384615384616E-003   6.9230769230769233E-003   1109.6259710096108        1.0000000000000000     
   3.4615384615384616E-003   7.3076923076923076E-003   1109.6441658702752        1.0000000000000000     
   3.4615384615384616E-003   7.6923076923076927E-003   1109.6656841094809        1.0000000000000000     
   3.4615384615384616E-003   8.0769230769230770E-003   1109.6904712419901        1.0000000000000000     
   3.4615384615384616E-003   8.4615384615384613E-003   1109.7181721855113        1.0000000000000000     
   3.4615384615384616E-003   8.8461538461538456E-003   1109.7487332697528        1.0000000000000000     
   3.4615384615384616E-003   9.2307692307692299E-003   1109.7826566987480        1.0000000000000000     
   3.4615384615384616E-003   9.6153846153846159E-003   1109.8197191248191        1.0000000000000000     

   3.8461538461538464E-003   3.8461538461538462E-004   1135.1333149089050        1.0000000000000000     
   3.8461538461538464E-003   7.6923076923076923E-004   1135.0926783302423        1.0000000000000000     
   3.8461538461538464E-003   1.1538461538461537E-003   1135.0554840549012        1.0000000000000000     
   3.8461538461538464E-003   1.5384615384615385E-003   1135.0219623519881        1.0000000000000000     
   3.8461538461538464E-003   1.9230769230769232E-003   1134.9916012490146        1.0000000000000000     
   3.8461538461538464E-003   2.3076923076923075E-003   1134.9644569344191        1.0000000000000000     
   3.8461538461538464E-003   2.6923076923076922E-003   1134.9408936184388        1.0000000000000000     
   3.8461538461538464E-003   3.0769230769230769E-003   1134.9209677710585        1.0000000000000000     
   3.8461538461538464E-003   3.4615384615384616E-003   1134.9046716467285        1.0000000000000000     
   3.8461538461538464E-003   3.8461538461538464E-003   1134.8920011722662        1.0000000000000000     
   3.8461538461538464E-003   4.2307692307692307E-003   1134.8829531411186        1.0000000000000000     
   3.8461538461538464E-003   4.6153846153846149E-003   1134.8775252477722        1.0000000000000000     
   3.8461538461538464E-003   5.0000000000000001E-003   1134.8757161043945        1.0000000000000000     
   3.8461538461538464E-003   5.3846153846153844E-003   1134.8775252477717        1.0000000000000000     
   3.8461538461538464E-003   5.7692307692307696E-003   1134.8829531411177        1.0000000000000000     
   3.8461538461538464E-003   6.1538461538461538E-003   1134.8920011722657        1.0000000000000000     
   3.8461538461538464E-003   6.5384615384615381E-003   1134.9046716467280        1.0000000000000000     
   3.8461538461538464E-003   6.9230769230769233E-003   1134.9209677710587        1.0000000000000000     
   3.8461538461538464E-003   7.3076923076923076E-003   1134.9408936184398        1.0000000000000000     
   3.8461538461538464E-003   7.6923076923076927E-003   1134.9644569344191        1.0000000000000000     
   3.8461538461538464E-003   8.0769230769230770E-003   1134.9916012490146        1.0000000000000000     
   3.8461538461538464E-003   8.4615384615384613E-003   1135.0219623519874        1.0000000000000000     
   3.8461538461538464E-003   8.8461538461538456E-003   1135.0554840548991        1.0000000000000000     
   3.8461538461538464E-003   9.2307692307692299E-003   1135.0926783302407        1.0000000000000000     
   3.8461538461538464E-003   9.6153846153846159E-003   1135.1333149089032        1.0000000000000000     

   4.2307692307692307E-003   3.8461538461538462E-004   1159.3604730375189        1.0000000000000000     
   4.2307692307692307E-003   7.6923076923076923E-004   1159.3164289664605        1.0000000000000000     
   4.2307692307692307E-003   1.1538461538461537E-003   1159.2761181723463        1.0000000000000000     
   4.2307692307692307E-003   1.5384615384615385E-003   1159.2397768140263        1.0000000000000000     
   4.2307692307692307E-003   1.9230769230769232E-003   1159.2068829625819        1.0000000000000000     
   4.2307692307692307E-003   2.3076923076923075E-003   1159.1774947904228        1.0000000000000000     
   4.2307692307692307E-003   2.6923076923076922E-003   1159.1519849694212        1.0000000000000000     
   4.2307692307692307E-003   3.0769230769230769E-003   1159.1304117021848        1.0000000000000000     
   4.2307692307692307E-003   3.4615384615384616E-003   1159.1127674512882        1.0000000000000000     
   4.2307692307692307E-003   3.8461538461538464E-003   1159.0990483129310        1.0000000000000000     
   4.2307692307692307E-003   4.2307692307692307E-003   1159.0892511819534        1.0000000000000000     
   4.2307692307692307E-003   4.6153846153846149E-003   1159.0833738099320        1.0000000000000000     
   4.2307692307692307E-003   5.0000000000000001E-003   1159.0814148374795        1.0000000000000000     
   4.2307692307692307E-003   5.3846153846153844E-003   1159.0833738099307        1.0000000000000000     
   4.2307692307692307E-003   5.7692307692307696E-003   1159.0892511819518        1.0000000000000000     
   4.2307692307692307E-003   6.1538461538461538E-003   1159.0990483129299        1.0000000000000000     
   4.2307692307692307E-003   6.5384615384615381E-003   1159.1127674512877        1.0000000000000000     
   4.2307692307692307E-003   6.9230769230769233E-003   1159.1304117021843        1.0000000000000000     
   4.2307692307692307E-003   7.3076923076923076E-003   1159.1519849694221        1.0000000000000000     
   4.2307692307692307E-003   7.6923076923076927E-003   1159.1774947904228        1.0000000000000000     
   4.2307692307692307E-003   8.0769230769230770E-003   1159.2068829625816        1.0000000000000000     
   4.2307692307692307E-003   8.4615384615384613E-003   1159.2397768140254        1.0000000000000000     
   4.2307692307692307E-003   8.8461538461538456E-003   1159.2761181723449        1.0000000000000000     
   4.2307692307692307E-003   9.2307692307692299E-003   1159.3164289664592        1.0000000000000000     
   4.2307692307692307E-003   9.6153846153846159E-003   1159.3604730375164        1.0000000000000000     

   4.6153846153846149E-003   3.8461538461538462E-004   1182.4101583155129        1.0000000000000000     
   4.6153846153846149E-003   7.6923076923076923E-004   1182.3628849501831        1.0000000000000000     
   4.6153846153846149E-003   1.1538461538461537E-003   1182.3196221455978        1.0000000000000000     
   4.6153846153846149E-003   1.5384615384615385E-003   1182.2806111877583        1.0000000000000000     
   4.6153846153846149E-003   1.9230769230769232E-003   1182.2453202033253        1.0000000000000000     
   4.6153846153846149E-003   2.3076923076923075E-003   1182.2138088597319        1.0000000000000000     
   4.6153846153846149E-003   2.6923076923076922E-003   1182.1864575836830        1.0000000000000000     
   4.6153846153846149E-003   3.0769230769230769E-003   1182.1633260189292        1.0000000000000000     
   4.6153846153846149E-003   3.4615384615384616E-003   1182.1444066890829        1.0000000000000000     
   4.6153846153846149E-003   3.8461538461538464E-003   1182.1296957660695        1.0000000000000000     
   4.6153846153846149E-003   4.2307692307692307E-003   1182.1191901912177        1.0000000000000000     
   4.6153846153846149E-003   4.6153846153846149E-003   1182.1128877434171        1.0000000000000000     
   4.6153846153846149E-003   5.0000000000000001E-003   1182.1107870775591        1.0000000000000000     
   4.6153846153846149E-003   5.3846153846153844E-003   1182.1128877434166        1.0000000000000000     
   4.6153846153846149E-003   5.7692307692307696E-003   1182.1191901912171        1.0000000000000000     
   4.6153846153846149E-003   6.1538461538461538E-003   1182.1296957660691        1.0000000000000000     
   4.6153846153846149E-003   6.5384615384615381E-003   1182.1444066890826        1.0000000000000000     
   4.6153846153846149E-003   6.9230769230769233E-003   1182.1633260189294        1.0000000000000000     
   4.6153846153846149E-003   7.3076923076923076E-003   1182.1864575836830        1.0000000000000000     
   4.6153846153846149E-003   7.6923076923076927E-003   1182.2138088597319        1.0000000000000000     
   4.6153846153846149E-003   8.0769230769230770E-003   1182.2453202033255        1.0000000000000000     
   4.6153846153846149E-003   8.4615384615384613E-003   1182.2806111877585        1.0000000000000000     
   4.6153846153846149E-003   8.8461538461538456E-003   1182.3196221455960        1.0000000000000000     
   4.6153846153846149E-003   9.2307692307692299E-003   1182.3628849501804        1.0000000000000000     
   4.6153846153846149E-003   9.6153846153846159E-003   1182.4101583155100        1.0000000000000000     

   5.0000000000000001E-003   3.8461538461538462E-004   1204.1960489192511        1.0000000000000000     
   5.0000000000000001E-003   7.6923076923076923E-004   1204.1457353526023        1.0000000000000000     
   5.0000000000000001E-003   1.1538461538461537E-003   1204.0996948340619        1.0000000000000000     
   5.0000000000000001E-003   1.5384615384615385E-003   1204.0581731164389        1.0000000000000000     
   5.0000000000000001E-003   1.9230769230769232E-003   1204.0206285094139        1.0000000000000000     
   5.0000000000000001E-003   2.3076923076923075E-003   1203.9871217114319        1.0000000000000000     
   5.0000000000000001E-003   2.6923076923076922E-003   1203.9580401679123        1.0000000000000000     
   5.0000000000000001E-003   3.0769230769230769E-003   1203.9334446530675        1.0000000000000000     
   5.0000000000000001E-003   3.4615384615384616E-003   1203.9133275879683        1.0000000000000000     
   5.0000000000000001E-003   3.8461538461538464E-003   1203.8976851127720        1.0000000000000000     
   5.0000000000000001E-003   4.2307692307692307E-003   1203.8865141507713        1.0000000000000000     
   5.0000000000000001E-003   4.6153846153846149E-003   1203.8798124725265        1.0000000000000000     
   5.0000000000000001E-003   5.0000000000000001E-003   1203.8775787300472        1.0000000000000000     
   5.0000000000000001E-003   5.3846153846153844E-003   1203.8798124725258        1.0000000000000000     
   5.0000000000000001E-003   5.7692307692307696E-003   1203.8865141507704        1.0000000000000000     
   5.0000000000000001E-003   6.1538461538461538E-003   1203.8976851127713        1.0000000000000000     
   5.0000000000000001E-003   6.5384615384615381E-003   1203.9133275879669        1.0000000000000000     
   5.0000000000000001E-003   6.9230769230769233E-003   1203.9334446530670        1.0000000000000000     
   5.0000000000000001E-003   7.3076923076923076E-003   1203.9580401679116        1.0000000000000000     
   5.0000000000000001E-003   7.6923076923076927E-003   1203.9871217114317        1.0000000000000000     
   5.0000000000000001E-003   8.0769230769230770E-003   1204.0206285094132        1.0000000000000000     
   5.0000000000000001E-003   8.4615384615384613E-003   1204.0581731164375        1.0000000000000000     
   5.0000000000000001E-003   8.8461538461538456E-003   1204.0996948340603        1.0000000000000000     
   5.0000000000000001E-003   9.2307692307692299E-003   1204.1457353525993        1.0000000000000000     
   5.0000000000000001E-003   9.6153846153846159E-003   1204.1960489192488        1.0000000000000000     

   5.3846153846153844E-003   3.8461538461538462E-004   1224.6368347817586        1.0000000000000000     
   5.3846153846153844E-003   7.6923076923076923E-004   1224.5836802440022        1.0000000000000000     
   5.3846153846153844E-003   1.1538461538461537E-003   1224.5350455773721        1.0000000000000000     
   5.3846153846153844E-003   1.5384615384615385E-003   1224.4911803321907        1.0000000000000000     
   5.3846153846153844E-003   1.9230769230769232E-003   1224.4515331635257        1.0000000000000000     
   5.3846153846153844E-003   2.3076923076923075E-003   1224.4161653246763        1.0000000000000000     
   5.3846153846153844E-003   2.6923076923076922E-003   1224.3854705083670        1.0000000000000000     
   5.3846153846153844E-003   3.0769230769230769E-003   1224.3595102985489        1.0000000000000000     
   5.3846153846153844E-003   3.4615384615384616E-003   1224.3382768492579        1.0000000000000000     
   5.3846153846153844E-003   3.8461538461538464E-003   1224.3217661639314        1.0000000000000000     
   5.3846153846153844E-003   4.2307692307692307E-003   1224.3099750877502        1.0000000000000000     
   5.3846153846153844E-003   4.6153846153846149E-003   1224.3029013519144        1.0000000000000000     
   5.3846153846153844E-003   5.0000000000000001E-003   1224.3005435917039        1.0000000000000000     
   5.3846153846153844E-003   5.3846153846153844E-003   1224.3029013519138        1.0000000000000000     
   5.3846153846153844E-003   5.7692307692307696E-003   1224.3099750877500        1.0000000000000000     
   5.3846153846153844E-003   6.1538461538461538E-003   1224.3217661639303        1.0000000000000000     
   5.3846153846153844E-003   6.5384615384615381E-003   1224.3382768492572        1.0000000000000000     
   5.3846153846153844E-003   6.9230769230769233E-003   1224.3595102985485        1.0000000000000000     
   5.3846153846153844E-003   7.3076923076923076E-003   1224.3854705083666        1.0000000000000000     
   5.3846153846153844E-003   7.6923076923076927E-003   1224.4161653246756        1.0000000000000000     
   5.3846153846153844E-003   8.0769230769230770E-003   1224.4515331635250        1.0000000000000000     
   5.3846153846153844E-003   8.4615384615384613E-003   1224.4911803321902        1.0000000000000000     
   5.3846153846153844E-003   8.8461538461538456E-003   1224.5350455773710        1.0000000000000000     
   5.3846153846153844E-003   9.2307692307692299E-003   1224.5836802440006        1.0000000000000000     
   5.3846153846153844E-003   9.6153846153846159E-003   1224.6368347817572        1.0000000000000000     

   5.7692307692307696E-003   3.8461538461538462E-004   1243.6564888115304        1.0000000000000000     
   5.7692307692307696E-003   7.6923076923076923E-004   1243.6007019090259        1.0000000000000000     
   5.7692307692307696E-003   1.1538461538461537E-003   1243.5496654089918        1.0000000000000000     
   5.7692307692307696E-003   1.5384615384615385E-003   1243.5036318764780        1.0000000000000000     
   5.7692307692307696E-003   1.9230769230769232E-003   1243.4620404259117        1.0000000000000000     
   5.7692307692307696E-003   2.3076923076923075E-003   1243.4249523344336        1.0000000000000000     
   5.7692307692307696E-003   2.6923076923076922E-003   1243.3927667255341        1.0000000000000000     
   5.7692307692307696E-003   3.0769230769230769E-003   1243.3655456700992        1.0000000000000000     
   5.7692307692307696E-003   3.4615384615384616E-003   1243.3432809061128        1.0000000000000000     
   5.7692307692307696E-003   3.8461538461538464E-003   1243.3259682159812        1.0000000000000000     
   5.7692307692307696E-003   4.2307692307692307E-003   1243.3136043270433        1.0000000000000000     
   5.7692307692307696E-003   4.6153846153846149E-003   1243.3061869165253        1.0000000000000000     
   5.7692307692307696E-003   5.0000000000000001E-003   1243.3037145996311        1.0000000000000000     
   5.7692307692307696E-003   5.3846153846153844E-003   1243.3061869165251        1.0000000000000000     
   5.7692307692307696E-003   5.7692307692307696E-003   1243.3136043270440        1.0000000000000000     
   5.7692307692307696E-003   6.1538461538461538E-003   1243.3259682159812        1.0000000000000000     
   5.7692307692307696E-003   6.5384615384615381E-003   1243.3432809061126        1.0000000000000000     
   5.7692307692307696E-003   6.9230769230769233E-003   1243.3655456700983        1.0000000000000000     
   5.7692307692307696E-003   7.3076923076923076E-003   1243.3927667255334        1.0000000000000000     
   5.7692307692307696E-003   7.6923076923076927E-003   1243.4249523344329        1.0000000000000000     
   5.7692307692307696E-003   8.0769230769230770E-003   1243.4620404259122        1.0000000000000000     
   5.7692307692307696E-003   8.4615384615384613E-003   1243.5036318764780        1.0000000000000000     
   5.7692307692307696E-003   8.8461538461538456E-003   1243.5496654089900        1.0000000000000000     
   5.7692307692307696E-003   9.2307692307692299E-003   1243.6007019090248        1.0000000000000000     
   5.7692307692307696E-003   9.6153846153846159E-003   1243.6564888115292        1.0000000000000000     

   6.1538461538461538E-003   3.8461538461538462E-004   1261.1845111614293        1.0000000000000000     
   6.1538461538461538E-003   7.6923076923076923E-004   1261.1263092075139        1.0000000000000000     
   6.1538461538461538E-003   1.1538461538461537E-003   1261.0730715319321        1.0000000000000000     
   6.1538461538461538E-003   1.5384615384615385E-003   1261.0250526734430        1.0000000000000000     
   6.1538461538461538E-003   1.9230769230769232E-003   1260.9816821720001        1.0000000000000000     
   6.1538461538461538E-003   2.3076923076923075E-003   1260.9430207011153        1.0000000000000000     
   6.1538461538461538E-003   2.6923076923076922E-003   1260.9094719517568        1.0000000000000000     
   6.1538461538461538E-003   3.0769230769230769E-003   1260.8810981741333        1.0000000000000000     
   6.1538461538461538E-003   3.4615384615384616E-003   1260.8578905808765        1.0000000000000000     
   6.1538461538461538E-003   3.8461538461538464E-003   1260.8398446934350        1.0000000000000000     
   6.1538461538461538E-003   4.2307692307692307E-003   1260.8269571213734        1.0000000000000000     
   6.1538461538461538E-003   4.6153846153846149E-003   1260.8192255035933        1.0000000000000000     
   6.1538461538461538E-003   5.0000000000000001E-003   1260.8166484504798        1.0000000000000000     
   6.1538461538461538E-003   5.3846153846153844E-003   1260.8192255035929        1.0000000000000000     
   6.1538461538461538E-003   5.7692307692307696E-003   1260.8269571213741        1.0000000000000000     
   6.1538461538461538E-003   6.1538461538461538E-003   1260.8398446934361        1.0000000000000000     
   6.1538461538461538E-003   6.5384615384615381E-003   1260.8578905808763        1.0000000000000000     
   6.1538461538461538E-003   6.9230769230769233E-003   1260.8810981741324        1.0000000000000000     
   6.1538461538461538E-003   7.3076923076923076E-003   1260.9094719517564        1.0000000000000000     
   6.1538461538461538E-003   7.6923076923076927E-003   1260.9430207011151        1.0000000000000000     
   6.1538461538461538E-003   8.0769230769230770E-003   1260.9816821719994        1.0000000000000000     
   6.1538461538461538E-003   8.4615384615384613E-003   1261.0250526734430        1.0000000000000000     
   6.1538461538461538E-003   8.8461538461538456E-003   1261.0730715319314        1.0000000000000000     
   6.1538461538461538E-003   9.2307692307692299E-003   1261.1263092075130        1.0000000000000000     
   6.1538461538461538E-003   9.6153846153846159E-003   1261.1845111614286        1.0000000000000000     

   6.5384615384615381E-003   3.8461538461538462E-004   1277.1561470106467        1.0000000000000000     
   6.5384615384615381E-003   7.6923076923076923E-004   1277.0957555890357        1.0000000000000000     
   6.5384615384615381E-003   1.1538461538461537E-003   1277.0405256029787        1.0000000000000000     
   6.5384615384615381E-003   1.5384615384615385E-003   1276.9907120166733        1.0000000000000000     
   6.5384615384615381E-003   1.9230769230769232E-003   1276.9457344925361        1.0000000000000000     
   6.5384615384615381E-003   2.3076923076923075E-003   1276.9056523525874        1.0000000000000000     
   6.5384615384615381E-003   2.6923076923076922E-003   1276.8708729699276        1.0000000000000000     
   6.5384615384615381E-003   3.0769230769230769E-003   1276.8414585213538        1.0000000000000000     
   6.5384615384615381E-003   3.4615384615384616E-003   1276.8173996643675        1.0000000000000000     
   6.5384615384615381E-003   3.8461538461538464E-003   1276.7986916970817        1.0000000000000000     
   6.5384615384615381E-003   4.2307692307692307E-003   1276.7853311754700        1.0000000000000000     
   6.5384615384615381E-003   4.6153846153846149E-003   1276.7773157619586        1.0000000000000000     
   6.5384615384615381E-003   5.0000000000000001E-003   1276.7746441047827        1.0000000000000000     
   6.5384615384615381E-003   5.3846153846153844E-003   1276.7773157619583        1.0000000000000000     
   6.5384615384615381E-003   5.7692307692307696E-003   1276.7853311754695        1.0000000000000000     
   6.5384615384615381E-003   6.1538461538461538E-003   1276.7986916970819        1.0000000000000000     
   6.5384615384615381E-003   6.5384615384615381E-003   1276.8173996643668        1.0000000000000000     
   6.5384615384615381E-003   6.9230769230769233E-003   1276.8414585213534        1.0000000000000000     
   6.5384615384615381E-003   7.3076923076923076E-003   1276.8708729699272        1.0000000000000000     
   6.5384615384615381E-003   7.6923076923076927E-003   1276.9056523525867        1.0000000000000000     
   6.5384615384615381E-003   8.0769230769230770E-003   1276.9457344925347        1.0000000000000000     
   6.5384615384615381E-003   8.4615384615384613E-003   1276.9907120166722        1.0000000000000000     
   6.5384615384615381E-003   8.8461538461538456E-003   1277.0405256029771        1.0000000000000000     
   6.5384615384615381E-003   9.2307692307692299E-003   1277.0957555890343        1.0000000000000000     
   6.5384615384615381E-003   9.6153846153846159E-003   1277.1561470106449        1.0000000000000000     

   6.9230769230769233E-003   3.8461538461538462E-004   1291.5125784702823        1.0000000000000000     
   6.9230769230769233E-003   7.6923076923076923E-004   1291.4502315324157        1.0000000000000000     
   6.9230769230769233E-003   1.1538461538461537E-003   1291.3932266981965        1.0000000000000000     
   6.9230769230769233E-003   1.5384615384615385E-003   1291.3418168620824        1.0000000000000000     
   6.9230769230769233E-003   1.9230769230769232E-003   1291.2954111294794        1.0000000000000000     
   6.9230769230769233E-003   2.3076923076923075E-003   1291.2540666440445        1.0000000000000000     
   6.9230769230769233E-003   2.6923076923076922E-003   1291.2181936351478        1.0000000000000000     
   6.9230769230769233E-003   3.0769230769230769E-003   1291.1878540863233        1.0000000000000000     
   6.9230769230769233E-003   3.4615384615384616E-003   1291.1630382122210        1.0000000000000000     
   6.9230769230769233E-003   3.8461538461538464E-003   1291.1437412474208        1.0000000000000000     
   6.9230769230769233E-003   4.2307692307692307E-003   1291.1299598514017        1.0000000000000000     
   6.9230769230769233E-003   4.6153846153846149E-003   1291.1216918348730        1.0000000000000000     
   6.9230769230769233E-003   5.0000000000000001E-003   1291.1189359623422        1.0000000000000000     
   6.9230769230769233E-003   5.3846153846153844E-003   1291.1216918348732        1.0000000000000000     
   6.9230769230769233E-003   5.7692307692307696E-003   1291.1299598514017        1.0000000000000000     
   6.9230769230769233E-003   6.1538461538461538E-003   1291.1437412474211        1.0000000000000000     
   6.9230769230769233E-003   6.5384615384615381E-003   1291.1630382122210        1.0000000000000000     
   6.9230769230769233E-003   6.9230769230769233E-003   1291.1878540863231        1.0000000000000000     
   6.9230769230769233E-003   7.3076923076923076E-003   1291.2181936351467        1.0000000000000000     
   6.9230769230769233E-003   7.6923076923076927E-003   1291.2540666440443        1.0000000000000000     
   6.9230769230769233E-003   8.0769230769230770E-003   1291.2954111294789        1.0000000000000000     
   6.9230769230769233E-003   8.4615384615384613E-003   1291.3418168620808        1.0000000000000000     
   6.9230769230769233E-003   8.8461538461538456E-003   1291.3932266981944        1.0000000000000000     
   6.9230769230769233E-003   9.2307692307692299E-003   1291.4502315324146        1.0000000000000000     
   6.9230769230769233E-003   9.6153846153846159E-003   1291.5125784702802        1.0000000000000000     

   7.3076923076923076E-003   3.8461538461538462E-004   1304.2010911526777        1.0000000000000000     
   7.3076923076923076E-003   7.6923076923076923E-004   1304.1370324421064        1.0000000000000000     
   7.3076923076923076E-003   1.1538461538461537E-003   1304.0784801838495        1.0000000000000000     
   7.3076923076923076E-003   1.5384615384615385E-003   1304.0256811327592        1.0000000000000000     
   7.3076923076923076E-003   1.9230769230769232E-003   1303.9780328863781        1.0000000000000000     
   7.3076923076923076E-003   2.3076923076923075E-003   1303.9355897161731        1.0000000000000000     
   7.3076923076923076E-003   2.6923076923076922E-003   1303.8987641201015        1.0000000000000000     
   7.3076923076923076E-003   3.0769230769230769E-003   1303.8676180310547        1.0000000000000000     
   7.3076923076923076E-003   3.4615384615384616E-003   1303.8421415629932        1.0000000000000000     
   7.3076923076923076E-003   3.8461538461538464E-003   1303.8223302230087        1.0000000000000000     
   7.3076923076923076E-003   4.2307692307692307E-003   1303.8081810534738        1.0000000000000000     
   7.3076923076923076E-003   4.6153846153846149E-003   1303.7996922148454        1.0000000000000000     
   7.3076923076923076E-003   5.0000000000000001E-003   1303.7968627074533        1.0000000000000000     
   7.3076923076923076E-003   5.3846153846153844E-003   1303.7996922148459        1.0000000000000000     
   7.3076923076923076E-003   5.7692307692307696E-003   1303.8081810534750        1.0000000000000000     
   7.3076923076923076E-003   6.1538461538461538E-003   1303.8223302230090        1.0000000000000000     
   7.3076923076923076E-003   6.5384615384615381E-003   1303.8421415629937        1.0000000000000000     
   7.3076923076923076E-003   6.9230769230769233E-003   1303.8676180310545        1.0000000000000000     
   7.3076923076923076E-003   7.3076923076923076E-003   1303.8987641201013        1.0000000000000000     
   7.3076923076923076E-003   7.6923076923076927E-003   1303.9355897161731        1.0000000000000000     
   7.3076923076923076E-003   8.0769230769230770E-003   1303.9780328863781        1.0000000000000000     
   7.3076923076923076E-003   8.4615384615384613E-003   1304.0256811327581        1.0000000000000000     
   7.3076923076923076E-003   8.8461538461538456E-003   1304.0784801838486        1.0000000000000000     
   7.3076923076923076E-003   9.2307692307692299E-003   1304.1370324421043        1.0000000000000000     
   7.3076923076923076E-003   9.6153846153846159E-003   1304.2010911526759        1.0000000000000000     

   7.6923076923076927E-003   3.8461538461538462E-004   1315.1752186994779        1.0000000000000000     
   7.6923076923076927E-003   7.6923076923076923E-004   1315.1097069461177        1.0000000000000000     
   7.6923076923076927E-003   1.1538461538461537E-003   1315.0498475988124        1.0000000000000000     
   7.6923076923076927E-003   1.5384615384615385E-003   1314.9958759396220        1.0000000000000000     
   7.6923076923076927E-003   1.9230769230769232E-003   1314.9471777412737        1.0000000000000000     
   7.6923076923076927E-003   2.3076923076923075E-003   1314.9038043810572        1.0000000000000000     
   7.6923076923076927E-003   2.6923076923076922E-003   1314.8661705607985        1.0000000000000000     
   7.6923076923076927E-003   3.0769230769230769E-003   1314.8343387428220        1.0000000000000000     
   7.6923076923076927E-003   3.4615384615384616E-003   1314.8082996179394        1.0000000000000000     
   7.6923076923076927E-003   3.8461538461538464E-003   1314.7880495323122        1.0000000000000000     
   7.6923076923076927E-003   4.2307692307692307E-003   1314.7735863337293        1.0000000000000000     
   7.6923076923076927E-003   4.6153846153846149E-003   1314.7649088142587        1.0000000000000000     
   7.6923076923076927E-003   5.0000000000000001E-003   1314.7620163687691        1.0000000000000000     
   7.6923076923076927E-003   5.3846153846153844E-003   1314.7649088142593        1.0000000000000000     
   7.6923076923076927E-003   5.7692307692307696E-003   1314.7735863337305        1.0000000000000000     
   7.6923076923076927E-003   6.1538461538461538E-003   1314.7880495323127        1.0000000000000000     
   7.6923076923076927E-003   6.5384615384615381E-003   1314.8082996179401        1.0000000000000000     
   7.6923076923076927E-003   6.9230769230769233E-003   1314.8343387428215        1.0000000000000000     
   7.6923076923076927E-003   7.3076923076923076E-003   1314.8661705607979        1.0000000000000000     
   7.6923076923076927E-003   7.6923076923076927E-003   1314.9038043810565        1.0000000000000000     
   7.6923076923076927E-003   8.0769230769230770E-003   1314.9471777412730        1.0000000000000000     
   7.6923076923076927E-003   8.4615384615384613E-003   1314.9958759396206        1.0000000000000000     
   7.6923076923076927E-003   8.8461538461538456E-003   1315.0498475988111        1.0000000000000000     
   7.6923076923076927E-003   9.2307692307692299E-003   1315.1097069461168        1.0000000000000000     
   7.6923076923076927E-003   9.6153846153846159E-003   1315.1752186994759        1.0000000000000000     

   8.0769230769230770E-003   3.8461538461538462E-004   1324.3947521024093        1.0000000000000000     
   8.0769230769230770E-003   7.6923076923076923E-004   1324.3281020367185        1.0000000000000000     
   8.0769230769230770E-003   1.1538461538461537E-003   1324.2671931356256        1.0000000000000000     
   8.0769230769230770E-003   1.5384615384615385E-003   1324.2122754463803        1.0000000000000000     
   8.0769230769230770E-003   1.9230769230769232E-003   1324.1627260893542        1.0000000000000000     
   8.0769230769230770E-003   2.3076923076923075E-003   1324.1185948543371        1.0000000000000000     
   8.0769230769230770E-003   2.6923076923076922E-003   1324.0802993774325        1.0000000000000000     
   8.0769230769230770E-003   3.0769230769230769E-003   1324.0479038446258        1.0000000000000000     
   8.0769230769230770E-003   3.4615384615384616E-003   1324.0214006417402        1.0000000000000000     
   8.0769230769230770E-003   3.8461538461538464E-003   1324.0007877876617        1.0000000000000000     
   8.0769230769230770E-003   4.2307692307692307E-003   1323.9860644972887        1.0000000000000000     
   8.0769230769230770E-003   4.6153846153846149E-003   1323.9772305386591        1.0000000000000000     
   8.0769230769230770E-003   5.0000000000000001E-003   1323.9742858834288        1.0000000000000000     
   8.0769230769230770E-003   5.3846153846153844E-003   1323.9772305386593        1.0000000000000000     
   8.0769230769230770E-003   5.7692307692307696E-003   1323.9860644972900        1.0000000000000000     
   8.0769230769230770E-003   6.1538461538461538E-003   1324.0007877876621        1.0000000000000000     
   8.0769230769230770E-003   6.5384615384615381E-003   1324.0214006417405        1.0000000000000000     
   8.0769230769230770E-003   6.9230769230769233E-003   1324.0479038446251        1.0000000000000000     
   8.0769230769230770E-003   7.3076923076923076E-003   1324.0802993774316        1.0000000000000000     
   8.0769230769230770E-003   7.6923076923076927E-003   1324.1185948543359        1.0000000000000000     
   8.0769230769230770E-003   8.0769230769230770E-003   1324.1627260893531        1.0000000000000000     
   8.0769230769230770E-003   8.4615384615384613E-003   1324.2122754463790        1.0000000000000000     
   8.0769230769230770E-003   8.8461538461538456E-003   1324.2671931356247        1.0000000000000000     
   8.0769230769230770E-003   9.2307692307692299E-003   1324.3281020367181        1.0000000000000000     
   8.0769230769230770E-003   9.6153846153846159E-003   1324.3947521024095        1.0000000000000000     

   8.4615384615384613E-003   3.8461538461538462E-004   1331.8261296285616        1.0000000000000000     
   8.4615384615384613E-003   7.6923076923076923E-004   1331.7581451651413        1.0000000000000000     
   8.4615384615384613E-003   1.1538461538461537E-003   1331.6965054260738        1.0000000000000000     
   8.4615384615384613E-003   1.5384615384615385E-003   1331.6408753290611        1.0000000000000000     
   8.4615384615384613E-003   1.9230769230769232E-003   1331.5906778507147        1.0000000000000000     
   8.4615384615384613E-003   2.3076923076923075E-003   1331.5459631157451        1.0000000000000000     
   8.4615384615384613E-003   2.6923076923076922E-003   1331.5071530492319        1.0000000000000000     
   8.4615384615384613E-003   3.0769230769230769E-003   1331.4743155599376        1.0000000000000000     
   8.4615384615384613E-003   3.4615384615384616E-003   1331.4474463853294        1.0000000000000000     
   8.4615384615384613E-003   3.8461538461538464E-003   1331.4265463087015        1.0000000000000000     
   8.4615384615384613E-003   4.2307692307692307E-003   1331.4116165575249        1.0000000000000000     
   8.4615384615384613E-003   4.6153846153846149E-003   1331.4026582269423        1.0000000000000000     
   8.4615384615384613E-003   5.0000000000000001E-003   1331.3996720344508        1.0000000000000000     
   8.4615384615384613E-003   5.3846153846153844E-003   1331.4026582269419        1.0000000000000000     
   8.4615384615384613E-003   5.7692307692307696E-003   1331.4116165575253        1.0000000000000000     
   8.4615384615384613E-003   6.1538461538461538E-003   1331.4265463087017        1.0000000000000000     
   8.4615384615384613E-003   6.5384615384615381E-003   1331.4474463853289        1.0000000000000000     
   8.4615384615384613E-003   6.9230769230769233E-003   1331.4743155599374        1.0000000000000000     
   8.4615384615384613E-003   7.3076923076923076E-003   1331.5071530492312        1.0000000000000000     
   8.4615384615384613E-003   7.6923076923076927E-003   1331.5459631157444        1.0000000000000000     
   8.4615384615384613E-003   8.0769230769230770E-003   1331.5906778507147        1.0000000000000000     
   8.4615384615384613E-003   8.4615384615384613E-003   1331.6408753290616        1.0000000000000000     
   8.4615384615384613E-003   8.8461538461538456E-003   1331.6965054260738        1.0000000000000000     
   8.4615384615384613E-003   9.2307692307692299E-003   1331.7581451651404        1.0000000000000000     
   8.4615384615384613E-003   9.6153846153846159E-003   1331.8261296285616        1.0000000000000000     

   8.8461538461538456E-003   3.8461538461538462E-004   1337.4420696926677        1.0000000000000000     
   8.8461538461538456E-003   7.6923076923076923E-004   1337.3737833301684        1.0000000000000000     
   8.8461538461538456E-003   1.1538461538461537E-003   1337.3106452110280        1.0000000000000000     
   8.8461538461538456E-003   1.5384615384615385E-003   1337.2546078413859        1.0000000000000000     
   8.8461538461538456E-003   1.9230769230769232E-003   1337.2039670614004        1.0000000000000000     
   8.8461538461538456E-003   2.3076923076923075E-003   1337.1588427998527        1.0000000000000000     
   8.8461538461538456E-003   2.6923076923076922E-003   1337.1196632228846        1.0000000000000000     
   8.8461538461538456E-003   3.0769230769230769E-003   1337.0865032843069        1.0000000000000000     
   8.8461538461538456E-003   3.4615384615384616E-003   1337.0593644036594        1.0000000000000000     
   8.8461538461538456E-003   3.8461538461538464E-003   1337.0382513596319        1.0000000000000000     
   8.8461538461538456E-003   4.2307692307692307E-003   1337.0231679688206        1.0000000000000000     
   8.8461538461538456E-003   4.6153846153846149E-003   1337.0141168986770        1.0000000000000000     
   8.8461538461538456E-003   5.0000000000000001E-003   1337.0110997053532        1.0000000000000000     
   8.8461538461538456E-003   5.3846153846153844E-003   1337.0141168986775        1.0000000000000000     
   8.8461538461538456E-003   5.7692307692307696E-003   1337.0231679688211        1.0000000000000000     
   8.8461538461538456E-003   6.1538461538461538E-003   1337.0382513596317        1.0000000000000000     
   8.8461538461538456E-003   6.5384615384615381E-003   1337.0593644036594        1.0000000000000000     
   8.8461538461538456E-003   6.9230769230769233E-003   1337.0865032843071        1.0000000000000000     
   8.8461538461538456E-003   7.3076923076923076E-003   1337.1196632228846        1.0000000000000000     
   8.8461538461538456E-003   7.6923076923076927E-003   1337.1588427998522        1.0000000000000000     
   8.8461538461538456E-003   8.0769230769230770E-003   1337.2039670614001        1.0000000000000000     
   8.8461538461538456E-003   8.4615384615384613E-003   1337.2546078413861        1.0000000000000000     
   8.8461538461538456E-003   8.8461538461538456E-003   1337.3106452110278        1.0000000000000000     
   8.8461538461538456E-003   9.2307692307692299E-003   1337.3737833301686        1.0000000000000000     
   8.8461538461538456E-003   9.6153846153846159E-003   1337.4420696926677        1.0000000000000000     

   9.2307692307692299E-003   3.8461538461538462E-004   1341.2228703033111        1.0000000000000000     
   9.2307692307692299E-003   7.6923076923076923E-004   1341.1538072896733        1.0000000000000000     
   9.2307692307692299E-003   1.1538461538461537E-003   1341.0909323968879        1.0000000000000000     
   9.2307692307692299E-003   1.5384615384615385E-003   1341.0336695714802        1.0000000000000000     
   9.2307692307692299E-003   1.9230769230769232E-003   1340.9828407835269        1.0000000000000000     
   9.2307692307692299E-003   2.3076923076923075E-003   1340.9374776503807        1.0000000000000000     
   9.2307692307692299E-003   2.6923076923076922E-003   1340.8980678067121        1.0000000000000000     
   9.2307692307692299E-003   3.0769230769230769E-003   1340.8647000328656        1.0000000000000000     
   9.2307692307692299E-003   3.4615384615384616E-003   1340.8373843741892        1.0000000000000000     
   9.2307692307692299E-003   3.8461538461538464E-003   1340.8161305456840        1.0000000000000000     
   9.2307692307692299E-003   4.2307692307692307E-003   1340.8009451352930        1.0000000000000000     
   9.2307692307692299E-003   4.6153846153846149E-003   1340.7918323427739        1.0000000000000000     
   9.2307692307692299E-003   5.0000000000000001E-003   1340.7887944967065        1.0000000000000000     
   9.2307692307692299E-003   5.3846153846153844E-003   1340.7918323427734        1.0000000000000000     
   9.2307692307692299E-003   5.7692307692307696E-003   1340.8009451352932        1.0000000000000000     
   9.2307692307692299E-003   6.1538461538461538E-003   1340.8161305456838        1.0000000000000000     
   9.2307692307692299E-003   6.5384615384615381E-003   1340.8373843741881        1.0000000000000000     
   9.2307692307692299E-003   6.9230769230769233E-003   1340.8647000328649        1.0000000000000000     
   9.2307692307692299E-003   7.3076923076923076E-003   1340.8980678067121        1.0000000000000000     
   9.2307692307692299E-003   7.6923076923076927E-003   1340.9374776503803        1.0000000000000000     
   9.2307692307692299E-003   8.0769230769230770E-003   1340.9828407835259        1.0000000000000000     
   9.2307692307692299E-003   8.4615384615384613E-003   1341.0336695714807        1.0000000000000000     
   9.2307692307692299E-003   8.8461538461538456E-003   1341.0909323968883        1.0000000000000000     
   9.2307692307692299E-003   9.2307692307692299E-003   1341.1538072896724        1.0000000000000000     
   9.2307692307692299E-003   9.6153846153846159E-003   1341.2228703033102        1.0000000000000000     

   9.6153846153846159E-003   3.8461538461538462E-004   1343.1548415999202        1.0000000000000000     
   9.6153846153846159E-003   7.6923076923076923E-004   1343.0850823727478        1.0000000000000000     
   9.6153846153846159E-003   1.1538461538461537E-003   1343.0217045790046        1.0000000000000000     
   9.6153846153846159E-003   1.5384615384615385E-003   1342.9646859082288        1.0000000000000000     
   9.6153846153846159E-003   1.9230769230769232E-003   1342.9133385780920        1.0000000000000000     
   9.6153846153846159E-003   2.3076923076923075E-003   1342.8679209515542        1.0000000000000000     
   9.6153846153846159E-003   2.6923076923076922E-003   1342.8284070995187        1.0000000000000000     
   9.6153846153846159E-003   3.0769230769230769E-003   1342.7949379895256        1.0000000000000000     
   9.6153846153846159E-003   3.4615384615384616E-003   1342.7675339901712        1.0000000000000000     
   9.6153846153846159E-003   3.8461538461538464E-003   1342.7462091373288        1.0000000000000000     
   9.6153846153846159E-003   4.2307692307692307E-003   1342.7309720463604        1.0000000000000000     
   9.6153846153846159E-003   4.6153846153846149E-003   1342.7218279276512        1.0000000000000000     
   9.6153846153846159E-003   5.0000000000000001E-003   1342.7187795916570        1.0000000000000000     
   9.6153846153846159E-003   5.3846153846153844E-003   1342.7218279276515        1.0000000000000000     
   9.6153846153846159E-003   5.7692307692307696E-003   1342.7309720463597        1.0000000000000000     
   9.6153846153846159E-003   6.1538461538461538E-003   1342.7462091373277        1.0000000000000000     
   9.6153846153846159E-003   6.5384615384615381E-003   1342.7675339901698        1.0000000000000000     
   9.6153846153846159E-003   6.9230769230769233E-003   1342.7949379895242        1.0000000000000000     
   9.6153846153846159E-003   7.3076923076923076E-003   1342.8284070995185        1.0000000000000000     
   9.6153846153846159E-003   7.6923076923076927E-003   1342.8679209515531        1.0000000000000000     
   9.6153846153846159E-003   8.0769230769230770E-003   1342.9133385780908        1.0000000000000000     
   9.6153846153846159E-003   8.4615384615384613E-003   1342.9646859082279        1.0000000000000000     
   9.6153846153846159E-003   8.8461538461538456E-003   1343.0217045790050        1.0000000000000000     
   9.6153846153846159E-003   9.2307692307692299E-003   1343.0850823727469        1.0000000000000000     
   9.6153846153846159E-003   9.6153846153846159E-003   1343.1548415999193        1.0000000000000000     

