   3.8461538461538462E-004   3.8461538461538462E-004   426.88897676960755        6.3024300901158757E-018
   3.8461538461538462E-004   7.6923076923076923E-004   439.79400163467659        5.9309993993984716E-017
   3.8461538461538462E-004   1.1538461538461537E-003   460.91051204048779        1.7652742528295701E-015
   3.8461538461538462E-004   1.5384615384615385E-003   487.45149103754852        8.2489472991572881E-014
   3.8461538461538462E-004   1.9230769230769232E-003   517.51080328656622        3.9769131212101133E-012
   3.8461538461538462E-004   2.3076923076923075E-003   549.64055389065516        1.5663234372639069E-010
   3.8461538461538462E-004   2.6923076923076922E-003   582.63096616493488        4.4713470564078280E-009
   3.8461538461538462E-004   3.0769230769230769E-003   615.36598074670133        8.7433559751506043E-008
   3.8461538461538462E-004   3.4615384615384616E-003   646.70372216429951        1.1401914217702128E-006
   3.8461538461538462E-004   3.8461538461538464E-003   675.35207514371700        9.7232647917573495E-006
   3.8461538461538462E-004   4.2307692307692307E-003   699.70297469178308        5.2570788006140124E-005
   3.8461538461538462E-004   4.6153846153846149E-003   717.54506578912662        1.6883253660977029E-004
   3.8461538461538462E-004   5.0000000000000001E-003   725.46364686224138        2.7875182849185849E-004
   3.8461538461538462E-004   5.3846153846153844E-003   717.42646706079552        1.6773063624828813E-004
   3.8461538461538462E-004   5.7692307692307696E-003   699.44833163906515        5.1789370935246327E-005
   3.8461538461538462E-004   6.1538461538461538E-003   674.92432639494882        9.4600004997929705E-006
   3.8461538461538462E-004   6.5384615384615381E-003   646.04322433922562        1.0877928242794125E-006
   3.8461538461538462E-004   6.9230769230769233E-003   614.38580065291319        8.0835580432061800E-008
   3.8461538461538462E-004   7.3076923076923076E-003   581.20930259178328        3.9300071808558313E-009
   3.8461538461538462E-004   7.6923076923076927E-003   547.60856027086174        1.2691149421886106E-010
   3.8461538461538462E-004   8.0769230769230770E-003   514.63168843097026        2.8278122937289592E-012
   3.8461538461538462E-004   8.4615384615384613E-003   483.38070677800039        4.7565696182072661E-014
   3.8461538461538462E-004   8.8461538461538456E-003   455.11012651188270        7.2586682891436921E-016
   3.8461538461538462E-004   9.2307692307692299E-003   431.32305745189598        1.3980403680355245E-017
   3.8461538461538462E-004   9.6153846153846159E-003   413.81804398456524        5.6733131838388005E-019

   7.6923076923076923E-004   3.8461538461538462E-004   410.99387503497678        3.2955201378867598E-019
   7.6923076923076923E-004   7.6923076923076923E-004   419.28283456984366        1.5697959166529519E-018
   7.6923076923076923E-004   1.1538461538461537E-003   434.01616684333482        2.1673374579252897E-017
   7.6923076923076923E-004   1.5384615384615385E-003   453.39449908572129        5.2674956341541057E-016
   7.6923076923076923E-004   1.9230769230769232E-003   475.91269288006453        1.5466606617790613E-014
   7.6923076923076923E-004   2.3076923076923075E-003   500.31646539456432        4.2739293549256063E-013
   7.6923076923076923E-004   2.6923076923076922E-003   525.51074740841273        9.5283387547018342E-012
   7.6923076923076923E-004   3.0769230769230769E-003   550.46810812077240        1.5626603284751512E-010
   7.6923076923076923E-004   3.4615384615384616E-003   574.14072803277031        1.7778509814578660E-009
   7.6923076923076923E-004   3.8461538461538464E-003   595.37090888993703        1.3395018237123468E-008
   7.6923076923076923E-004   4.2307692307692307E-003   612.79530845898501        6.3474490891582970E-008
   7.6923076923076923E-004   4.6153846153846149E-003   624.75139226054057        1.7590544730000861E-007
   7.6923076923076923E-004   5.0000000000000001E-003   629.27369875068905        2.5631542555414016E-007
   7.6923076923076923E-004   5.3846153846153844E-003   624.63789744713699        1.7441740687759700E-007
   7.6923076923076923E-004   5.7692307692307696E-003   612.55154731816924        6.2271720286787681E-008
   7.6923076923076923E-004   6.1538461538461538E-003   594.96194769255965        1.2941931998034956E-008
   7.6923076923076923E-004   6.5384615384615381E-003   573.51095885413008        1.6780955272141233E-009
   7.6923076923076923E-004   6.9230769230769233E-003   549.53740708339774        1.4223249662730599E-010
   7.6923076923076923E-004   7.3076923076923076E-003   524.16893989371749        8.1946581371592427E-012
   7.6923076923076923E-004   7.6923076923076927E-003   498.41561244120163        3.3669204327266213E-013
   7.6923076923076923E-004   8.0769230769230770E-003   473.25661909700699        1.0656095673080868E-014
   7.6923076923076923E-004   8.4615384615384613E-003   449.72601779901657        2.9699236315113421E-016
   7.6923076923076923E-004   8.8461538461538456E-003   429.00967779598506        9.1511796993822036E-018
   7.6923076923076923E-004   9.2307692307692299E-003   412.58636575053833        4.5067897181291814E-019
   7.6923076923076923E-004   9.6153846153846159E-003   402.53517066961416        6.3016270227113423E-020

   1.1538461538461537E-003   3.8461538461538462E-004   393.03613464613017        9.0490536210572876E-021
   1.1538461538461537E-003   7.6923076923076923E-004   398.65483911621203        2.8783079674050019E-020
   1.1538461538461537E-003   1.1538461538461537E-003   409.03766633576748        2.2437872526287711E-019
   1.1538461538461537E-003   1.5384615384615385E-003   423.08953937706042        3.0741679047853820E-018
   1.1538461538461537E-003   1.9230769230769232E-003   439.72895397583312        5.4895213313686550E-017
   1.1538461538461537E-003   2.3076923076923075E-003   457.96131458028088        1.0158686664071791E-015
   1.1538461538461537E-003   2.6923076923076922E-003   476.86909123961573        1.6568020714324085E-014
   1.1538461538461537E-003   3.0769230769230769E-003   495.57149303139147        2.1301597609417985E-013
   1.1538461538461537E-003   3.4615384615384616E-003   513.17502904251171        1.9934939354291704E-012
   1.1538461538461537E-003   3.8461538461538464E-003   528.72576783479667        1.2730831934030683E-011
   1.1538461538461537E-003   4.2307692307692307E-003   541.17617447046007        5.2132570842951724E-011
   1.1538461538461537E-003   4.6153846153846149E-003   549.39662784584164        1.2785925582486443E-010
   1.1538461538461537E-003   5.0000000000000001E-003   552.30804457220961        1.7467126679104365E-010
   1.1538461538461537E-003   5.3846153846153844E-003   549.29217473860319        1.2655343963873594E-010
   1.1538461538461537E-003   5.7692307692307696E-003   540.95223439582742        5.0955893420778789E-011
   1.1538461538461537E-003   6.1538461538461538E-003   528.35135832220192        1.2227303632149239E-011
   1.1538461538461537E-003   6.5384615384615381E-003   512.60151766156730        1.8655965698044649E-012
   1.1538461538461537E-003   6.9230769230769233E-003   494.73024287468633        1.9170256223088965E-013
   1.1538461538461537E-003   7.3076923076923076E-003   475.66872941929932        1.4059730916677218E-014
   1.1538461538461537E-003   7.6923076923076927E-003   456.28531731630272        7.9037382513131799E-016
   1.1538461538461537E-003   8.0769230769230770E-003   437.43535681414534        3.7689828767706718E-017
   1.1538461538461537E-003   8.4615384615384613E-003   420.01765937210928        1.7757792037988727E-018
   1.1538461538461537E-003   8.8461538461538456E-003   405.03488258113100        1.0375595819707806E-019
   1.1538461538461537E-003   9.2307692307692299E-003   393.65562082111842        1.0365296465473748E-020
   1.1538461538461537E-003   9.6153846153846159E-003   387.25504530166154        2.6688723776635277E-021

   1.5384615384615385E-003   3.8461538461538462E-004   375.35185969067129        1.9296227426905744E-022
   1.5384615384615385E-003   7.6923076923076923E-004   379.25279047066505        4.6444311224856320E-022
   1.5384615384615385E-003   1.1538461538461537E-003   386.60102479241289        2.3143769841658596E-021
   1.5384615384615385E-003   1.5384615384615385E-003   396.72130104424713        1.9169100262622125E-020
   1.5384615384615385E-003   1.9230769230769232E-003   408.86277198497135        2.1096008889648401E-019
   1.5384615384615385E-003   2.3076923076923075E-003   422.27615027023216        2.5445675020111269E-018
   1.5384615384615385E-003   2.6923076923076922E-003   436.23450530818656        2.8906560484052559E-017
   1.5384615384615385E-003   3.0769230769230769E-003   450.02455641049846        2.7556653206221522E-016
   1.5384615384615385E-003   3.4615384615384616E-003   462.92684089502927        2.0162260901998239E-015
   1.5384615384615385E-003   3.8461538461538464E-003   474.19857338369957        1.0520040780227135E-014
   1.5384615384615385E-003   4.2307692307692307E-003   483.07429186715484        3.6653165005257737E-014
   1.5384615384615385E-003   4.6153846153846149E-003   488.80663352824416        8.0201079531427574E-014
   1.5384615384615385E-003   5.0000000000000001E-003   490.77939862090250        1.0461315719109571E-013
   1.5384615384615385E-003   5.3846153846153844E-003   488.71416922495706        7.9279155489571128E-014
   1.5384615384615385E-003   5.7692307692307696E-003   482.87661460066425        3.5732556973274374E-014
   1.5384615384615385E-003   6.1538461538461538E-003   473.86967092182141        1.0064717772837176E-014
   1.5384615384615385E-003   6.5384615384615381E-003   462.42655978132348        1.8776249302943191E-015
   1.5384615384615385E-003   6.9230769230769233E-003   449.29767710804504        2.4674688936301068E-016
   1.5384615384615385E-003   7.3076923076923076E-003   435.21036812030746        2.4458912865791584E-017
   1.5384615384615385E-003   7.6923076923076927E-003   420.86997155249287        1.9879900487951523E-018
   1.5384615384615385E-003   8.0769230769230770E-003   406.98085049764239        1.4790356363056895E-019
   1.5384615384615385E-003   8.4615384615384613E-003   394.27431818518841        1.1697232265133699E-020
   1.5384615384615385E-003   8.8461538461538456E-003   383.53284561951580        1.2005148670775141E-021
   1.5384615384615385E-003   9.2307692307692299E-003   375.59466028838017        2.0506667463525015E-022
   1.5384615384615385E-003   9.6153846153846159E-003   371.30194131986087        7.6364716482961116E-023

   1.9230769230769232E-003   3.8461538461538462E-004   359.19191851135059        4.2554367504786176E-024
   1.9230769230769232E-003   7.6923076923076923E-004   361.92063917050081        8.2922825829752254E-024
   1.9230769230769232E-003   1.1538461538461537E-003   367.11291448748682        2.8717182188527913E-023
   1.9230769230769232E-003   1.5384615384615385E-003   374.34101705999961        1.5288686426386549E-022
   1.9230769230769232E-003   1.9230769230769232E-003   383.08951687760759        1.0643065100620601E-021
   1.9230769230769232E-003   2.3076923076923075E-003   392.81131540301925        8.3193742186535675E-021
   1.9230769230769232E-003   2.6923076923076922E-003   402.95364013103136        6.4065144006985880E-020
   1.9230769230769232E-003   3.0769230769230769E-003   412.96415835334096        4.3635743604729861E-019
   1.9230769230769232E-003   3.4615384615384616E-003   422.28858559305507        2.4061481967035128E-018
   1.9230769230769232E-003   3.8461538461538464E-003   430.37063586489990        9.9722024096610369E-018
   1.9230769230769232E-003   4.2307692307692307E-003   436.66550740003566        2.9137385197319442E-017
   1.9230769230769232E-003   4.6153846153846149E-003   440.67884388229584        5.6848592772734862E-017
   1.9230769230769232E-003   5.0000000000000001E-003   442.03997472923220        7.1144923936712329E-017
   1.9230769230769232E-003   5.3846153846153844E-003   440.60000335216859        5.6162619063693725E-017
   1.9230769230769232E-003   5.7692307692307696E-003   436.49752427691936        2.8376633224704100E-017
   1.9230769230769232E-003   6.1538461538461538E-003   430.09270675456696        9.5301850621729536E-018
   1.9230769230769232E-003   6.5384615384615381E-003   421.86917580731847        2.2399638881285550E-018
   1.9230769230769232E-003   6.9230769230769233E-003   412.36110436466362        3.9152761778508393E-019
   1.9230769230769232E-003   7.3076923076923076E-003   402.11521735456182        5.4622425696875112E-020
   1.9230769230769232E-003   7.6923076923076927E-003   391.67930642945583        6.6224104445406455E-021
   1.9230769230769232E-003   8.0769230769230770E-003   381.60589491102587        7.7564257586456431E-022
   1.9230769230769232E-003   8.4615384615384613E-003   372.46053459810668        1.0020758302851861E-022
   1.9230769230769232E-003   8.8461538461538456E-003   364.82405521450886        1.6778681144390016E-023
   1.9230769230769232E-003   9.2307692307692299E-003   359.27495854344431        4.3651130335431737E-024
   1.9230769230769232E-003   9.6153846153846159E-003   356.33184820988231        2.1007229883021573E-024

   2.3076923076923075E-003   3.8461538461538462E-004   345.16403058367115        1.2092851444998544E-025
   2.3076923076923075E-003   7.6923076923076923E-004   347.06950543132308        1.9933183472365507E-025
   2.3076923076923075E-003   1.1538461538461537E-003   350.71577888833230        5.1116282303257266E-025
   2.3076923076923075E-003   1.5384615384615385E-003   355.82571128846541        1.8537329703782369E-024
   2.3076923076923075E-003   1.9230769230769232E-003   362.04703842029119        8.4838760773891166E-024
   2.3076923076923075E-003   2.3076923076923075E-003   368.98884468687010        4.3676201560920503E-023
   2.3076923076923075E-003   2.6923076923076922E-003   376.24384813632548        2.2748650857700453E-022
   2.3076923076923075E-003   3.0769230769230769E-003   383.39936656802297        1.0921767160083590E-021
   2.3076923076923075E-003   3.4615384615384616E-003   390.04299097252812        4.4609972803123157E-021
   2.3076923076923075E-003   3.8461538461538464E-003   395.76986966688185        1.4471460006344953E-020
   2.3076923076923075E-003   4.2307692307692307E-003   400.19839776094841        3.5172242760453089E-020
   2.3076923076923075E-003   4.6153846153846149E-003   402.99967158735933        6.1104298348833938E-020
   2.3076923076923075E-003   5.0000000000000001E-003   403.94127000087536        7.3469861523391743E-020
   2.3076923076923075E-003   5.3846153846153844E-003   402.93480209540388        6.0382259660451932E-020
   2.3076923076923075E-003   5.7692307692307696E-003   400.06068172318413        3.4280397135338947E-020
   2.3076923076923075E-003   6.1538461538461538E-003   395.54336643128357        1.3856548235629710E-020
   2.3076923076923075E-003   6.5384615384615381E-003   389.70397773154883        4.1705572037318101E-021
   2.3076923076923075E-003   6.9230769230769233E-003   382.91700936684038        9.8846751621618243E-022
   2.3076923076923075E-003   7.3076923076923076E-003   375.58187572659813        1.9716097750786339E-022
   2.3076923076923075E-003   7.6923076923076927E-003   368.10895119211511        3.5799144822596386E-023
   2.3076923076923075E-003   8.0769230769230770E-003   360.91491914706978        6.4944579829417904E-024
   2.3076923076923075E-003   8.4615384615384613E-003   354.42058711337194        1.3128684392718563E-024
   2.3076923076923075E-003   8.8461538461538456E-003   349.04349668775399        3.3440718838852012E-025
   2.3076923076923075E-003   9.2307692307692299E-003   345.17687794680842        1.2188690449131864E-025
   2.3076923076923075E-003   9.6153846153846159E-003   343.14706543814617        7.1113716570291147E-026

   2.6923076923076922E-003   3.8461538461538462E-004   333.46876998386182        5.1898623128300760E-027
   2.6923076923076922E-003   7.6923076923076923E-004   334.78982272935343        7.4805912216039231E-027
   2.6923076923076922E-003   1.1538461538461537E-003   337.32612292436482        1.4985303118447562E-026
   2.6923076923076922E-003   1.5384615384615385E-003   340.89560229845262        3.9211980719184500E-026
   2.6923076923076922E-003   1.9230769230769232E-003   345.25854674521503        1.2397469304394458E-025
   2.6923076923076922E-003   2.3076923076923075E-003   350.14048547920106        4.3567913695774455E-025
   2.6923076923076922E-003   2.6923076923076922E-003   355.24898655910965        1.5686988196430308E-024
   2.6923076923076922E-003   3.0769230769230769E-003   360.28467390265536        5.3669538510273069E-024
   2.6923076923076922E-003   3.4615384615384616E-003   364.94934613946339        1.6308307941542351E-023
   2.6923076923076922E-003   3.8461538461538464E-003   368.95506217244184        4.1487508732678394E-023
   2.6923076923076922E-003   4.2307692307692307E-003   372.03783833489348        8.4049639131048967E-023
   2.6923076923076922E-003   4.6153846153846149E-003   373.97803756136273        1.3037052850904456E-022
   2.6923076923076922E-003   5.0000000000000001E-003   374.62605643146134        1.5085390784217139E-022
   2.6923076923076922E-003   5.3846153846153844E-003   373.92643566121512        1.2896249133400797E-022
   2.6923076923076922E-003   5.7692307692307696E-003   371.92868817619234        8.2115159028861236E-023
   2.6923076923076922E-003   6.1538461538461538E-003   368.77660108176019        3.9905006754944546E-023
   2.6923076923076922E-003   6.5384615384615381E-003   364.68437756800108        1.5368788649666302E-023
   2.6923076923076922E-003   6.9230769230769233E-003   359.91144533190641        4.9235366420179638E-024
   2.6923076923076922E-003   7.3076923076923076E-003   354.74291684351351        1.3900581173007787E-024
   2.6923076923076922E-003   7.6923076923076927E-003   349.47716925454131        3.6981273295904518E-025
   2.6923076923076922E-003   8.0769230769230770E-003   344.41843125967114        1.0004997790564307E-025
   2.6923076923076922E-003   8.4615384615384613E-003   339.87045191998106        2.9953944502389523E-026
   2.6923076923076922E-003   8.8461538461538456E-003   336.12662530982698        1.0851803979012353E-026
   2.6923076923076922E-003   9.2307692307692299E-003   333.45221835766193        5.1872148691419753E-027
   2.6923076923076922E-003   9.6153846153846159E-003   332.05642628634371        3.5135227408869562E-027

   3.0769230769230769E-003   3.8461538461538462E-004   324.04886820208134        3.7102331514301684E-028
   3.0769230769230769E-003   7.6923076923076923E-004   324.95501727764918        4.8057044690992878E-028
   3.0769230769230769E-003   1.1538461538461537E-003   326.69823633225468        7.8837626993303622E-028
   3.0769230769230769E-003   1.5384615384615385E-003   329.15828222374313        1.5751870239425009E-027
   3.0769230769230769E-003   1.9230769230769232E-003   332.17310003545180        3.6401947298267182E-027
   3.0769230769230769E-003   2.3076923076923075E-003   335.55305622840069        9.1800330715344225E-027
   3.0769230769230769E-003   2.6923076923076922E-003   339.09285315592950        2.3800042448057356E-026
   3.0769230769230769E-003   3.0769230769230769E-003   342.58075559620505        5.9882301482798092E-026
   3.0769230769230769E-003   3.4615384615384616E-003   345.80638053214727        1.3862055568966789E-025
   3.0769230769230769E-003   3.8461538461538464E-003   348.56901466082121        2.8150426381069988E-025
   3.0769230769230769E-003   4.2307692307692307E-003   350.68823483532810        4.8162325797117119E-025
   3.0769230769230769E-003   4.6153846153846149E-003   352.01748541537472        6.7269152424056464E-025
   3.0769230769230769E-003   5.0000000000000001E-003   352.45922038431104        7.5150053563683831E-025
   3.0769230769230769E-003   5.3846153846153844E-003   351.97772966949327        6.6649025132070260E-025
   3.0769230769230769E-003   5.7692307692307696E-003   350.60443904940570        4.7221550187320780E-025
   3.0769230769230769E-003   6.1538461538461538E-003   348.43278435587166        2.7247596104494753E-025
   3.0769230769230769E-003   6.5384615384615381E-003   345.60564591295417        1.3198753545226799E-025
   3.0769230769230769E-003   6.9230769230769233E-003   342.30063098891560        5.5831333400585383E-026
   3.0769230769230769E-003   7.3076923076923076E-003   338.71713719331535        2.1615135748825760E-026
   3.0769230769230769E-003   7.6923076923076927E-003   335.06658818542138        8.0789945082683683E-027
   3.0769230769230769E-003   8.0769230769230770E-003   331.56508465909019        3.0915203867468680E-027
   3.0769230769230769E-003   8.4615384615384613E-003   328.42641843063615        1.2888690935004668E-027
   3.0769230769230769E-003   8.8461538461538456E-003   325.85296511772401        6.2301813183945407E-028
   3.0769230769230769E-003   9.2307692307692299E-003   324.02246918636820        3.6959199768628767E-028
   3.0769230769230769E-003   9.6153846153846159E-003   323.07047393819289        2.8124113562804611E-028

   3.4615384615384616E-003   3.8461538461538462E-004   316.69351374955062        4.6261790751922244E-029
   3.4615384615384616E-003   7.6923076923076923E-004   317.30702696655851        5.5067007878322467E-029
   3.4615384615384616E-003   1.1538461538461537E-003   318.48876033660059        7.7046483074931867E-029
   3.4615384615384616E-003   1.5384615384615385E-003   320.15942827110990        1.2384359733365183E-028
   3.4615384615384616E-003   1.9230769230769232E-003   322.21048892793419        2.2144900542767011E-028
   3.4615384615384616E-003   2.3076923076923075E-003   324.51299702644280        4.2383758290031793E-028
   3.4615384615384616E-003   2.6923076923076922E-003   326.92576935890082        8.3281867402597688E-028
   3.4615384615384616E-003   3.0769230769230769E-003   329.30242772854291        1.6111010224228781E-027
   3.4615384615384616E-003   3.4615384615384616E-003   331.49779637675812        2.9482357917502738E-027
   3.4615384615384616E-003   3.8461538461538464E-003   333.37456615721931        4.9217159393042819E-027
   3.4615384615384616E-003   4.2307692307692307E-003   334.81100955987785        7.2665191981404736E-027
   3.4615384615384616E-003   4.6153846153846149E-003   335.70984963660106        9.2627518404736578E-027
   3.4615384615384616E-003   5.0000000000000001E-003   336.00729179306006        1.0037501212587570E-026
   3.4615384615384616E-003   5.3846153846153844E-003   335.68013691774075        9.1947181704556597E-027
   3.4615384615384616E-003   5.7692307692307696E-003   334.74859070201182        7.1539678256010137E-027
   3.4615384615384616E-003   6.1538461538461538E-003   333.27362706714081        4.7975470516171550E-027
   3.4615384615384616E-003   6.5384615384615381E-003   331.35010386498129        2.8384318653007537E-027
   3.4615384615384616E-003   6.9230769230769233E-003   329.09806049185255        1.5273297999362030E-027
   3.4615384615384616E-003   7.3076923076923076E-003   326.65429694250241        7.7486716927175994E-028
   3.4615384615384616E-003   7.6923076923076927E-003   324.16519589878953        3.8586928655508052E-028
   3.4615384615384616E-003   8.0769230769230770E-003   321.78058088009755        1.9688857871485348E-028
   3.4615384615384616E-003   8.4615384615384613E-003   319.64762247646553        1.0751810066997266E-028
   3.4615384615384616E-003   8.8461538461538456E-003   317.90357738091700        6.5479106697273416E-029
   3.4615384615384616E-003   9.2307692307692299E-003   316.66655911149809        4.6057947506883407E-029
   3.4615384615384616E-003   9.6153846153846159E-003   316.02465048117978        3.8378127322134007E-029

   3.8461538461538464E-003   3.8461538461538462E-004   311.11358812377449        1.0146711899563777E-029
   3.8461538461538464E-003   7.6923076923076923E-004   311.52291621648493        1.1306411922069285E-029
   3.8461538461538464E-003   1.1538461538461537E-003   312.31197784340986        1.3957476472864954E-029
   3.8461538461538464E-003   1.5384615384615385E-003   313.42884350256315        1.8876799958785122E-029
   3.8461538461538464E-003   1.9230769230769232E-003   314.80166121689388        2.7485489951424052E-029
   3.8461538461538464E-003   2.3076923076923075E-003   316.34417135385962        4.2099943738581696E-029
   3.8461538461538464E-003   2.6923076923076922E-003   317.96117155646471        6.6022877811346165E-029
   3.8461538461538464E-003   3.0769230769230769E-003   319.55358903121754        1.0299406169631733E-028
   3.8461538461538464E-003   3.4615384615384616E-003   321.02329824438476        1.5532845920986432E-028
   3.8461538461538464E-003   3.8461538461538464E-003   322.27806379057188        2.2057052759387723E-028
   3.8461538461538464E-003   4.2307692307692307E-003   323.23691125263377        2.8829011679148053E-028
   3.8461538461538464E-003   4.6153846153846149E-003   323.83585081570988        3.4074646638915537E-028
   3.8461538461538464E-003   5.0000000000000001E-003   324.03332443157052        3.6010917375875171E-028
   3.8461538461538464E-003   5.3846153846153844E-003   323.81427802725233        3.3889452574430010E-028
   3.8461538461538464E-003   5.7692307692307696E-003   323.19173196824966        2.8500055511627514E-028
   3.8461538461538464E-003   6.1538461538461538E-003   322.20535905241911        2.1650224623837635E-028
   3.8461538461538464E-003   6.5384615384615381E-003   320.91759433946663        1.5114315889898934E-028
   3.8461538461538464E-003   6.9230769230769233E-003   319.40842680509411        9.9169610478171388E-029
   3.8461538461538464E-003   7.3076923076923076E-003   317.76997254341637        6.2791451021962387E-029
   3.8461538461538464E-003   7.6923076923076927E-003   316.10142495727126        3.9492185882106836E-029
   3.8461538461538464E-003   8.0769230769230770E-003   314.50437649241684        2.5416130672990291E-029
   3.8461538461538464E-003   8.4615384615384613E-003   313.07807815940487        1.7218728442143230E-029
   3.8461538461538464E-003   8.8461538461538456E-003   311.91409602420828        1.2584827237606909E-029
   3.8461538461538464E-003   9.2307692307692299E-003   311.09009913969857        1.0110733838385333E-029
   3.8461538461538464E-003   9.6153846153846159E-003   310.66314394687129        9.0372759611390366E-030

   4.2307692307692307E-003   3.8461538461538462E-004   306.99496174863168        3.7659392436297833E-030
   4.2307692307692307E-003   7.6923076923076923E-004   307.26375024674235        3.9999615702732386E-030
   4.2307692307692307E-003   1.1538461538461537E-003   307.78215517783389        4.5026580416598796E-030
   4.2307692307692307E-003   1.5384615384615385E-003   308.51651642724352        5.3481704505951580E-030
   4.2307692307692307E-003   1.9230769230769232E-003   309.41991747029692        6.6512488131102062E-030
   4.2307692307692307E-003   2.3076923076923075E-003   310.43561841081947        8.5612034648945544E-030
   4.2307692307692307E-003   2.6923076923076922E-003   311.50064308126804        1.1233719348820012E-029
   4.2307692307692307E-003   3.0769230769230769E-003   312.54928283439352        1.4763912815746697E-029
   4.2307692307692307E-003   3.4615384615384616E-003   313.51652233167181        1.9075234720787313E-029
   4.2307692307692307E-003   3.8461538461538464E-003   314.34151911639685        2.3796038554689227E-029
   4.2307692307692307E-003   4.2307692307692307E-003   314.97122580479936        2.8210302566179484E-029
   4.2307692307692307E-003   4.6153846153846149E-003   315.36404542750881        3.1388277048972850E-029
   4.2307692307692307E-003   5.0000000000000001E-003   315.49313972466797        3.2516637016114598E-029
   4.2307692307692307E-003   5.3846153846153844E-003   315.34881122526491        3.1273508977876435E-029
   4.2307692307692307E-003   5.7692307692307696E-003   314.93941099481242        2.7994909852811923E-029
   4.2307692307692307E-003   6.1538461538461538E-003   314.29054742772155        2.3505094233896634E-029
   4.2307692307692307E-003   6.5384615384615381E-003   313.44283940523542        1.8738983235654122E-029
   4.2307692307692307E-003   6.9230769230769233E-003   312.44877267591164        1.4411201679192515E-029
   4.2307692307692307E-003   7.3076923076923076E-003   311.36923344771606        1.0886898624967255E-029
   4.2307692307692307E-003   7.6923076923076927E-003   310.27007112580173        8.2339317068052239E-030
   4.2307692307692307E-003   8.0769230769230770E-003   309.21874448857170        6.3490569797558758E-030
   4.2307692307692307E-003   8.4615384615384613E-003   308.28088483883153        5.0705686539935326E-030
   4.2307692307692307E-003   8.8461538461538456E-003   307.51656397924722        4.2455012804848000E-030
   4.2307692307692307E-003   9.2307692307692299E-003   306.97621891027018        3.7573155593873568E-030
   4.2307692307692307E-003   9.6153846153846159E-003   306.69652040901246        3.5312496121836667E-030

   4.6153846153846149E-003   3.8461538461538462E-004   304.03409701653925        2.1116498501132440E-030
   4.6153846153846149E-003   7.6923076923076923E-004   304.20765232593851        2.1776199007124467E-030
   4.6153846153846149E-003   1.1538461538461537E-003   304.54249106312079        2.3135655630072576E-030
   4.6153846153846149E-003   1.5384615384615385E-003   305.01707789768005        2.5276008273110462E-030
   4.6153846153846149E-003   1.9230769230769232E-003   305.60124184941486        2.8301687869141328E-030
   4.6153846153846149E-003   2.3076923076923075E-003   306.25830465615508        3.2310027720872543E-030
   4.6153846153846149E-003   2.6923076923076922E-003   306.94739334620272        3.7337642656852951E-030
   4.6153846153846149E-003   3.0769230769230769E-003   307.62578208363465        4.3282573758403324E-030
   4.6153846153846149E-003   3.4615384615384616E-003   308.25122701911897        4.9817810761735094E-030
   4.6153846153846149E-003   3.8461538461538464E-003   308.78432136242952        5.6336814842632066E-030
   4.6153846153846149E-003   4.2307692307692307E-003   309.19087505658848        6.1989332996336341E-030
   4.6153846153846149E-003   4.6153846153846149E-003   309.44422343195163        6.5848288917902843E-030
   4.6153846153846149E-003   5.0000000000000001E-003   309.52724037548188        6.7180447985018286E-030
   4.6153846153846149E-003   5.3846153846153844E-003   309.43374893598315        6.5707268848065543E-030
   4.6153846153846149E-003   5.7692307692307696E-003   309.16905598119030        6.1713830310696058E-030
   4.6153846153846149E-003   6.1538461538461538E-003   308.74950324949270        5.5940019546324213E-030
   4.6153846153846149E-003   6.5384615384615381E-003   308.20115211428612        4.9318922199382509E-030
   4.6153846153846149E-003   6.9230769230769233E-003   307.55787958672579        4.2704704487976220E-030
   4.6153846153846149E-003   7.3076923076923076E-003   306.85918622506932        3.6704594797962580E-030
   4.6153846153846149E-003   7.6923076923076927E-003   306.14791987799504        3.1643066206304711E-030
   4.6153846153846149E-003   8.0769230769230770E-003   305.46797594020791        2.7617380847694208E-030
   4.6153846153846149E-003   8.4615384615384613E-003   304.86192608219619        2.4585551314376872E-030
   4.6153846153846149E-003   8.8461538461538456E-003   304.36851010793043        2.2445441757688433E-030
   4.6153846153846149E-003   9.2307692307692299E-003   304.02001733240400        2.1089092245303856E-030
   4.6153846153846149E-003   9.6153846153846159E-003   303.83975511270245        2.0433312737769683E-030

   5.0000000000000001E-003   3.8461538461538462E-004   301.95940906846687        1.5406827066476260E-030
   5.0000000000000001E-003   7.6923076923076923E-004   302.06952282458889        1.5642972468142302E-030
   5.0000000000000001E-003   1.1538461538461537E-003   302.28200716235682        1.6116990001263745E-030
   5.0000000000000001E-003   1.5384615384615385E-003   302.58328827686091        1.6832607756171438E-030
   5.0000000000000001E-003   1.9230769230769232E-003   302.95427997110534        1.7789822450324708E-030
   5.0000000000000001E-003   2.3076923076923075E-003   303.37169330219507        1.8977777406172937E-030
   5.0000000000000001E-003   2.6923076923076922E-003   303.80950129680144        2.0365293077649622E-030
   5.0000000000000001E-003   3.0769230769230769E-003   304.24046096606264        2.1890684376076844E-030
   5.0000000000000001E-003   3.4615384615384616E-003   304.63765138292780        2.3454450564493296E-030
   5.0000000000000001E-003   3.8461538461538464E-003   304.97601744980045        2.4920101743636302E-030
   5.0000000000000001E-003   4.2307692307692307E-003   305.23389726481582        2.6128072979351873E-030
   5.0000000000000001E-003   4.6153846153846149E-003   305.39446204900145        2.6923726239352640E-030
   5.0000000000000001E-003   5.0000000000000001E-003   305.44693768317433        2.7193230326295827E-030
   5.0000000000000001E-003   5.3846153846153844E-003   305.38744379197192        2.6894442443272483E-030
   5.0000000000000001E-003   5.7692307692307696E-003   305.21931120146053        2.6069271752401997E-030
   5.0000000000000001E-003   6.1538461538461538E-003   304.95282438560650        2.4831633128565433E-030
   5.0000000000000001E-003   6.5384615384615381E-003   304.60444686322489        2.3336697597638265E-030
   5.0000000000000001E-003   6.9230769230769233E-003   304.19566973063195        2.1744905160927561E-030
   5.0000000000000001E-003   7.3076923076923076E-003   303.75164184529456        2.0193712555151979E-030
   5.0000000000000001E-003   7.6923076923076927E-003   303.29969888756835        1.8783440652539790E-030
   5.0000000000000001E-003   8.0769230769230770E-003   302.86784133006773        1.7576328138753699E-030
   5.0000000000000001E-003   8.4615384615384613E-003   302.48315976351540        1.6603855363176803E-030
   5.0000000000000001E-003   8.8461538461538456E-003   302.17020069302555        1.5877021238623530E-030
   5.0000000000000001E-003   9.2307692307692299E-003   301.94931518326371        1.5395916940382269E-030
   5.0000000000000001E-003   9.6153846153846159E-003   301.83511785809219        1.5156915260581813E-030

   5.3846153846153844E-003   3.8461538461538462E-004   300.54163755205008        1.3011491877718185E-030
   5.3846153846153844E-003   7.6923076923076923E-004   300.61024618070144        1.3110525101793971E-030
   5.3846153846153844E-003   1.1538461538461537E-003   300.74265520960580        1.3306158473536856E-030
   5.3846153846153844E-003   1.5384615384615385E-003   300.93044727474188        1.3594030218390339E-030
   5.3846153846153844E-003   1.9230769230769232E-003   301.16175567303702        1.3966268637085330E-030
   5.3846153846153844E-003   2.3076923076923075E-003   301.42206184179616        1.4410050079048944E-030
   5.3846153846153844E-003   2.6923076923076922E-003   301.69510658788147        1.4906028101291846E-030
   5.3846153846153844E-003   3.0769230769230769E-003   301.96385479201729        1.5427145384218916E-030
   5.3846153846153844E-003   3.4615384615384616E-003   302.21147960805303        1.5938565958106911E-030
   5.3846153846153844E-003   3.8461538461538464E-003   302.42234678849621        1.6399512314528971E-030
   5.3846153846153844E-003   4.2307692307692307E-003   302.58297391508893        1.6767464118382854E-030
   5.3846153846153844E-003   4.6153846153846149E-003   302.68291594418167        1.7004391458969357E-030
   5.3846153846153844E-003   5.0000000000000001E-003   302.71550125769238        1.7083668315473917E-030
   5.3846153846153844E-003   5.3846153846153844E-003   302.67832994725046        1.6995577727324308E-030
   5.3846153846153844E-003   5.7692307692307696E-003   302.57346234224042        1.6749455833002395E-030
   5.3846153846153844E-003   6.1538461538461538E-003   302.40727062753643        1.6371660851298787E-030
   5.3846153846153844E-003   6.5384615384615381E-003   302.18998262965761        1.5900145520628595E-030
   5.3846153846153844E-003   6.9230769230769233E-003   301.93498950445218        1.5377567640836636E-030
   5.3846153846153844E-003   7.3076923076923076E-003   301.65800146335516        1.4845032096411726E-030
   5.3846153846153844E-003   7.6923076923076927E-003   301.37611868290259        1.4337838971318130E-030
   5.3846153846153844E-003   8.0769230769230770E-003   301.10685382818684        1.3883586714989044E-030
   5.3846153846153844E-003   8.4615384615384613E-003   300.86711897265542        1.3502186582265572E-030
   5.3846153846153844E-003   8.8461538461538456E-003   300.67218886900616        1.3207005289763913E-030
   5.3846153846153844E-003   9.2307692307692299E-003   300.53467826345536        1.3006393316872803E-030
   5.3846153846153844E-003   9.6153846153846159E-003   300.46361242327561        1.2905083885110750E-030

   5.7692307692307696E-003   3.8461538461538462E-004   299.59631126468719        1.1873968350983262E-030
   5.7692307692307696E-003   7.6923076923076923E-004   299.63827362793955        1.1919815022621113E-030
   5.7692307692307696E-003   1.1538461538461537E-003   299.71926332450340        1.2009520015316126E-030
   5.7692307692307696E-003   1.5384615384615385E-003   299.83414998081844        1.2139517104364924E-030
   5.7692307692307696E-003   1.9230769230769232E-003   299.97568704933803        1.2304248091893868E-030
   5.7692307692307696E-003   2.3076923076923075E-003   300.13499122719412        1.2495978592243275E-030
   5.7692307692307696E-003   2.6923076923076922E-003   300.30209908798452        1.2704672953937198E-030
   5.7692307692307696E-003   3.0769230769230769E-003   300.46656447414239        1.2918060034889522E-030
   5.7692307692307696E-003   3.4615384615384616E-003   300.61807213182385        1.3122047282044395E-030
   5.7692307692307696E-003   3.8461538461538464E-003   300.74704981989680        1.3301613641832111E-030
   5.7692307692307696E-003   4.2307692307692307E-003   300.84525826711757        1.3442207122504346E-030
   5.7692307692307696E-003   4.6153846153846149E-003   300.90632744401188        1.3531496884110939E-030
   5.7692307692307696E-003   5.0000000000000001E-003   300.92619556936631        1.3561139530329983E-030
   5.7692307692307696E-003   5.3846153846153844E-003   300.90340312140518        1.3528111621453763E-030
   5.7692307692307696E-003   5.7692307692307696E-003   300.83920418212546        1.3435219921182543E-030
   5.7692307692307696E-003   6.1538461538461538E-003   300.73748104381173        1.3290632799891020E-030
   5.7692307692307696E-003   6.5384615384615381E-003   300.60447680194017        1.3106582458562878E-030
   5.7692307692307696E-003   6.9230769230769233E-003   300.44838298263471        1.2897621524939782E-030
   5.7692307692307696E-003   7.3076923076923076E-003   300.27882710747326        1.2678879924637468E-030
   5.7692307692307696E-003   7.6923076923076927E-003   300.10629853021754        1.2464662602172180E-030
   5.7692307692307696E-003   8.0769230769230770E-003   299.94153724481737        1.2267539469912418E-030
   5.7692307692307696E-003   8.4615384615384613E-003   299.79489989869438        1.2097902966919719E-030
   5.7692307692307696E-003   8.8461538461538456E-003   299.67571780490840        1.1963863892405129E-030
   5.7692307692307696E-003   9.2307692307692299E-003   299.59167492884376        1.1871330499932903E-030
   5.7692307692307696E-003   9.6153846153846159E-003   299.54825370650741        1.1824144526443698E-030

   6.1538461538461538E-003   3.8461538461538462E-004   298.98106327201538        1.1292408514247424E-030
   6.1538461538461538E-003   7.6923076923076923E-004   299.00624809531143        1.1314899992482865E-030
   6.1538461538461538E-003   1.1538461538461537E-003   299.05485799485524        1.1358659615051437E-030
   6.1538461538461538E-003   1.5384615384615385E-003   299.12382174495218        1.1421506395767163E-030
   6.1538461538461538E-003   1.9230769230769232E-003   299.20879518745573        1.1500202955216655E-030
   6.1538461538461538E-003   2.3076923076923075E-003   299.30444525216097        1.1590510617894423E-030
   6.1538461538461538E-003   2.6923076923076922E-003   299.40478370827333        1.1687288181743857E-030
   6.1538461538461538E-003   3.0769230769230769E-003   299.50352899000774        1.1784663989255955E-030
   6.1538461538461538E-003   3.4615384615384616E-003   299.59447971092737        1.1876314640486268E-030
   6.1538461538461538E-003   3.8461538461538464E-003   299.67188652367980        1.1955872127834484E-030
   6.1538461538461538E-003   4.2307692307692307E-003   299.73080761408124        1.2017450198729946E-030
   6.1538461538461538E-003   4.6153846153846149E-003   299.76742814046901        1.2056235289939377E-030
   6.1538461538461538E-003   5.0000000000000001E-003   299.77931876489612        1.2069043433817563E-030
   6.1538461538461538E-003   5.3846153846153844E-003   299.76560741374760        1.2054724450490760E-030
   6.1538461538461538E-003   5.7692307692307696E-003   299.72704440834866        1.2014315274353192E-030
   6.1538461538461538E-003   6.1538461538461538E-003   299.66595358163903        1.1950903889171175E-030
   6.1538461538461538E-003   6.5384615384615381E-003   299.58607687362456        1.1869241164268009E-030
   6.1538461538461538E-003   6.9230769230769233E-003   299.49233165332618        1.1775197407011144E-030
   6.1538461538461538E-003   7.3076923076923076E-003   299.39050480769691        1.1675180784504489E-030
   6.1538461538461538E-003   7.6923076923076927E-003   299.28690537835593        1.1575614460463032E-030
   6.1538461538461538E-003   8.0769230769230770E-003   299.18799168503557        1.1482525292694907E-030
   6.1538461538461538E-003   8.4615384615384613E-003   299.09998442834950        1.1401251889331921E-030
   6.1538461538461538E-003   8.8461538461538456E-003   299.02847804261091        1.1336250065258960E-030
   6.1538461538461538E-003   9.2307692307692299E-003   298.97806921862639        1.1290964325256535E-030
   6.1538461538461538E-003   9.6153846153846159E-003   298.95203090719076        1.1267740422733339E-030

   6.5384615384615381E-003   3.8461538461538462E-004   298.59007735193461        1.0982902510713478E-030
   6.5384615384615381E-003   7.6923076923076923E-004   298.60490613990072        1.0994282298932192E-030
   6.5384615384615381E-003   1.1538461538461537E-003   298.63352797595195        1.1016349765082751E-030
   6.5384615384615381E-003   1.5384615384615385E-003   298.67413800489112        1.1047877038897369E-030
   6.5384615384615381E-003   1.9230769230769232E-003   298.72418062016243        1.1087082611134436E-030
   6.5384615384615381E-003   2.3076923076923075E-003   298.78051505293047        1.1131702626863172E-030
   6.5384615384615381E-003   2.6923076923076922E-003   298.83961173721099        1.1179085505679488E-030
   6.5384615384615381E-003   3.0769230769230769E-003   298.89776680806995        1.1226314231759390E-030
   6.5384615384615381E-003   3.4615384615384616E-003   298.95132434409993        1.1270362027393838E-030
   6.5384615384615381E-003   3.8461538461538464E-003   298.99689730014774        1.1308283737347168E-030
   6.5384615384615381E-003   4.2307692307692307E-003   299.03157743369866        1.1337435985122446E-030
   6.5384615384615381E-003   4.6153846153846149E-003   299.05312231021031        1.1355705943641233E-030
   6.5384615384615381E-003   5.0000000000000001E-003   299.06010534919614        1.1361716467899812E-030
   6.5384615384615381E-003   5.3846153846153844E-003   299.05201491167270        1.1354970763497568E-030
   6.5384615384615381E-003   5.7692307692307696E-003   299.02929192401695        1.1335907032227563E-030
   6.5384615384615381E-003   6.1538461538461538E-003   298.99330213531999        1.1305851742777642E-030
   6.5384615384615381E-003   6.5384615384615381E-003   298.94624682744967        1.1266882753212265E-030
   6.5384615384615381E-003   6.9230769230769233E-003   298.89102200501270        1.1221631452017153E-030
   6.5384615384615381E-003   7.3076923076923076E-003   298.83103894151196        1.1173059905447020E-030
   6.5384615384615381E-003   7.6923076923076927E-003   298.77001836865873        1.1124243969346077E-030
   6.5384615384615381E-003   8.0769230769230770E-003   298.71176820727663        1.1078180998313405E-030
   6.5384615384615381E-003   8.4615384615384613E-003   298.65995294555461        1.1037627813752291E-030
   6.5384615384615381E-003   8.8461538461538456E-003   298.61786340754998        1.1004966225922242E-030
   6.5384615384615381E-003   9.2307692307692299E-003   298.58819896676056        1.0982091534402953E-030
   6.5384615384615381E-003   9.6153846153846159E-003   298.57287863240350        1.0970322565864988E-030

   6.9230769230769233E-003   3.8461538461538462E-004   298.34738985150886        1.0815169987718175E-030
   6.9230769230769233E-003   7.6923076923076923E-004   298.35595398685763        1.0821003754203638E-030
   6.9230769230769233E-003   1.1538461538461537E-003   298.37248406034405        1.0832294753255458E-030
   6.9230769230769233E-003   1.5384615384615385E-003   298.39593922639244        1.0848377396941326E-030
   6.9230769230769233E-003   1.9230769230769232E-003   298.42484450956783        1.0868297190718216E-030
   6.9230769230769233E-003   2.3076923076923075E-003   298.45738571858323        1.0890860084031647E-030
   6.9230769230769233E-003   2.6923076923076922E-003   298.49152278921224        1.0914693751701931E-030
   6.9230769230769233E-003   3.0769230769230769E-003   298.52511430508451        1.0938319866887448E-030
   6.9230769230769233E-003   3.4615384615384616E-003   298.55604687017819        1.0960237250442677E-030
   6.9230769230769233E-003   3.8461538461538464E-003   298.58236357446259        1.0979015015742156E-030
   6.9230769230769233E-003   4.2307692307692307E-003   298.60238549774454        1.0993391997447813E-030
   6.9230769230769233E-003   4.6153846153846149E-003   298.61481923484467        1.1002374554851913E-030
   6.9230769230769233E-003   5.0000000000000001E-003   298.61884260219551        1.1005321067902883E-030
   6.9230769230769233E-003   5.3846153846153844E-003   298.61416097853873        1.1002000250928592E-030
   6.9230769230769233E-003   5.7692307692307696E-003   298.60102872458896        1.0992613157372223E-030
   6.9230769230769233E-003   6.1538461538461538E-003   298.58023361376843        1.0977775055725402E-030
   6.9230769230769233E-003   6.5384615384615381E-003   298.55304621882539        1.0958461039133785E-030
   6.9230769230769233E-003   6.9230769230769233E-003   298.52113947673712        1.0935925356516380E-030
   6.9230769230769233E-003   7.3076923076923076E-003   298.48648531135143        1.0911606897962248E-030
   6.9230769230769233E-003   7.6923076923076927E-003   298.45123517888430        1.0887031763411004E-030
   6.9230769230769233E-003   8.0769230769230770E-003   298.41759048861707        1.0863719906605569E-030
   6.9230769230769233E-003   8.4615384615384613E-003   298.38766818110679        1.0843098785162635E-030
   6.9230769230769233E-003   8.8461538461538456E-003   298.36336718491168        1.0826424647741051E-030
   6.9230769230769233E-003   9.2307692307692299E-003   298.34624310414245        1.0814712200968833E-030
   6.9230769230769233E-003   9.6153846153846159E-003   298.33740049570093        1.0808675208563115E-030

   7.3076923076923076E-003   3.8461538461538462E-004   298.20021898733631        1.0723920433619349E-030
   7.3076923076923076E-003   7.6923076923076923E-004   298.20507003987638        1.0726915930244869E-030
   7.3076923076923076E-003   1.1538461538461537E-003   298.21443319790745        1.0732707171362399E-030
   7.3076923076923076E-003   1.5384615384615385E-003   298.22771954689460        1.0740942026311452E-030
   7.3076923076923076E-003   1.9230769230769232E-003   298.24409402837330        1.0751118565497389E-030
   7.3076923076923076E-003   2.3076923076923075E-003   298.26252889017297        1.0762614087619913E-030
   7.3076923076923076E-003   2.6923076923076922E-003   298.28186786035002        1.0774720262658542E-030
   7.3076923076923076E-003   3.0769230769230769E-003   298.30089696049765        1.0786682982633394E-030
   7.3076923076923076E-003   3.4615384615384616E-003   298.31841823248175        1.0797745978550598E-030
   7.3076923076923076E-003   3.8461538461538464E-003   298.33332288484041        1.0807197170989955E-030
   7.3076923076923076E-003   4.2307692307692307E-003   298.34466023092415        1.0814415840754372E-030
   7.3076923076923076E-003   4.6153846153846149E-003   298.35169838694935        1.0818917287409531E-030
   7.3076923076923076E-003   5.0000000000000001E-003   298.35397240775950        1.0820390369644853E-030
   7.3076923076923076E-003   5.3846153846153844E-003   298.35131581885111        1.0818722996893677E-030
   7.3076923076923076E-003   5.7692307692307696E-003   298.34387261752846        1.0814011756263654E-030
   7.3076923076923076E-003   6.1538461538461538E-003   298.33208864952962        1.0806554255378194E-030
   7.3076923076923076E-003   6.5384615384615381E-003   298.31668334824246        1.0796825638437839E-030
   7.3076923076923076E-003   6.9230769230769233E-003   298.29860454831737        1.0785443027889134E-030
   7.3076923076923076E-003   7.3076923076923076E-003   298.27897002988851        1.0773122589845420E-030
   7.3076923076923076E-003   7.6923076923076927E-003   298.25899958443608        1.0760633425654695E-030
   7.3076923076923076E-003   8.0769230769230770E-003   298.23994108137214        1.0748751130097517E-030
   7.3076923076923076E-003   8.4615384615384613E-003   298.22299379444814        1.0738212516581574E-030
   7.3076923076923076E-003   8.8461538461538456E-003   298.20923252281864        1.0729672418071175E-030
   7.3076923076923076E-003   9.2307692307692299E-003   298.19953683671241        1.0723663847178674E-030
   7.3076923076923076E-003   9.6153846153846159E-003   298.19453068408836        1.0720563773258904E-030

   7.6923076923076927E-003   3.8461538461538462E-004   298.11301260046281        1.0674546369365128E-030
   7.6923076923076927E-003   7.6923076923076923E-004   298.11570791213478        1.0676075786351945E-030
   7.6923076923076927E-003   1.1538461538461537E-003   298.12091011998274        1.0679030767099645E-030
   7.6923076923076927E-003   1.5384615384615385E-003   298.12829229961204        1.0683228633096356E-030
   7.6923076923076927E-003   1.9230769230769232E-003   298.13739066389326        1.0688409786195381E-030
   7.6923076923076927E-003   2.3076923076923075E-003   298.14763412574990        1.0694253551333165E-030
   7.6923076923076927E-003   2.6923076923076922E-003   298.15837994234153        1.0700397166929370E-030
   7.6923076923076927E-003   3.0769230769230769E-003   298.16895318145765        1.0706456939521815E-030
   7.6923076923076927E-003   3.4615384615384616E-003   298.17868787809533        1.0712050814358020E-030
   7.6923076923076927E-003   3.8461538461538464E-003   298.18696783935923        1.0716821648448235E-030
   7.6923076923076927E-003   4.2307692307692307E-003   298.19326499628295        1.0720460193192264E-030
   7.6923076923076927E-003   4.6153846153846149E-003   298.19717303836944        1.0722726293389014E-030
   7.6923076923076927E-003   5.0000000000000001E-003   298.19843398132303        1.0723466360101047E-030
   7.6923076923076927E-003   5.3846153846153844E-003   298.19695552326800        1.0722625095450958E-030
   7.6923076923076927E-003   5.7692307692307696E-003   298.19281765676493        1.0720249927517514E-030
   7.6923076923076927E-003   6.1538461538461538E-003   298.18626796124153        1.0716487587306040E-030
   7.6923076923076927E-003   6.5384615384615381E-003   298.17770607429549        1.0711573413144161E-030
   7.6923076923076927E-003   6.9230769230769233E-003   298.16765874246062        1.0705814889308659E-030
   7.6923076923076927E-003   7.3076923076923076E-003   298.15674737982323        1.0699571319428450E-030
   7.6923076923076927E-003   7.6923076923076927E-003   298.14565020017312        1.0693231369927067E-030
   7.6923076923076927E-003   8.0769230769230770E-003   298.13506090437505        1.0687189728493029E-030
   7.6923076923076927E-003   8.4615384615384613E-003   298.12564585130190        1.0681823667688493E-030
   7.6923076923076927E-003   8.8461538461538456E-003   298.11800180411268        1.0677470175589826E-030
   7.6923076923076927E-003   9.2307692307692299E-003   298.11261672721429        1.0674404585289017E-030
   7.6923076923076927E-003   9.6153846153846159E-003   298.10983651177906        1.0672822119471412E-030

   8.0769230769230770E-003   3.8461538461538462E-004   298.06253215548753        1.0648136411286069E-030
   8.0769230769230770E-003   7.6923076923076923E-004   298.06400214997620        1.0648909631605983E-030
   8.0769230769230770E-003   1.1538461538461537E-003   298.06683931742754        1.0650403032877257E-030
   8.0769230769230770E-003   1.5384615384615385E-003   298.07086547891777        1.0652523489438001E-030
   8.0769230769230770E-003   1.9230769230769232E-003   298.07582776836631        1.0655138851520845E-030
   8.0769230769230770E-003   2.3076923076923075E-003   298.08141469787552        1.0658086222583962E-030
   8.0769230769230770E-003   2.6923076923076922E-003   298.08727559280447        1.0661181852156655E-030
   8.0769230769230770E-003   3.0769230769230769E-003   298.09304216885528        1.0664232073805823E-030
   8.0769230769230770E-003   3.4615384615384616E-003   298.09835106168998        1.0667044826039405E-030
   8.0769230769230770E-003   3.8461538461538464E-003   298.10286615202227        1.0669441329605457E-030
   8.0769230769230770E-003   4.2307692307692307E-003   298.10629950324875        1.0671267403979961E-030
   8.0769230769230770E-003   4.6153846153846149E-003   298.10842966663347        1.0672403724235256E-030
   8.0769230769230770E-003   5.0000000000000001E-003   298.10911609520144        1.0672774158187514E-030
   8.0769230769230770E-003   5.3846153846153844E-003   298.10830853988864        1.0672351313116902E-030
   8.0769230769230770E-003   5.7692307692307696E-003   298.10605063186921        1.0671158637551971E-030
   8.0769230769230770E-003   6.1538461538461538E-003   298.10247735061972        1.0669268838247706E-030
   8.0769230769230770E-003   6.5384615384615381E-003   298.09780662781969        1.0666798857391912E-030
   8.0769230769230770E-003   6.9230769230769233E-003   298.09232580542448        1.0663902043955530E-030
   8.0769230769230770E-003   7.3076923076923076E-003   298.08637395574829        1.0660758327280704E-030
   8.0769230769230770E-003   7.6923076923076927E-003   298.08032117341673        1.0657563149707022E-030
   8.0769230769230770E-003   8.0769230769230770E-003   298.07454594189329        1.0654515736456750E-030
   8.0769230769230770E-003   8.4615384615384613E-003   298.06941167771271        1.0651807125131964E-030
   8.0769230769230770E-003   8.8461538461538456E-003   298.06524364840573        1.0649608363110584E-030
   8.0769230769230770E-003   9.2307692307692299E-003   298.06230764327347        1.0648059431652253E-030
   8.0769230769230770E-003   9.6153846153846159E-003   298.06079195157474        1.0647259682059699E-030

   8.4615384615384613E-003   3.8461538461538462E-004   298.03403394043380        1.0634240623804447E-030
   8.4615384615384613E-003   7.6923076923076923E-004   298.03482333804908        1.0634627470486444E-030
   8.4615384615384613E-003   1.1538461538461537E-003   298.03634687996401        1.0635374475539029E-030
   8.4615384615384613E-003   1.5384615384615385E-003   298.03850893547184        1.0636434856647613E-030
   8.4615384615384613E-003   1.9230769230769232E-003   298.04117374750581        1.0637742263501175E-030
   8.4615384615384613E-003   2.3076923076923075E-003   298.04417403490567        1.0639214983074682E-030
   8.4615384615384613E-003   2.6923076923076922E-003   298.04732142717216        1.0640760968060337E-030
   8.4615384615384613E-003   3.0769230769230769E-003   298.05041807432031        1.0642283383683575E-030
   8.4615384615384613E-003   3.4615384615384616E-003   298.05326878151396        1.0643686414511154E-030
   8.4615384615384613E-003   3.8461538461538464E-003   298.05569302831572        1.0644881093126960E-030
   8.4615384615384613E-003   4.2307692307692307E-003   298.05753622140486        1.0645790882205297E-030
   8.4615384615384613E-003   4.6153846153846149E-003   298.05867950790827        1.0646356674335844E-030
   8.4615384615384613E-003   5.0000000000000001E-003   298.05904748314686        1.0646540816180004E-030
   8.4615384615384613E-003   5.3846153846153844E-003   298.05861320651860        1.0646329769245191E-030
   8.4615384615384613E-003   5.7692307692307696E-003   298.05740011502957        1.0645735119830439E-030
   8.4615384615384613E-003   6.1538461538461538E-003   298.05548067870325        1.0644792832941064E-030
   8.4615384615384613E-003   6.5384615384615381E-003   298.05297192266164        1.0643560855564705E-030
   8.4615384615384613E-003   6.9230769230769233E-003   298.05002818202178        1.0642115344683671E-030
   8.4615384615384613E-003   7.3076923076923076E-003   298.04683161207930        1.0640545875896776E-030
   8.4615384615384613E-003   7.6923076923076927E-003   298.04358104290930        1.0638949975710308E-030
   8.4615384615384613E-003   8.0769230769230770E-003   298.04047978045679        1.0637427256079184E-030
   8.4615384615384613E-003   8.4615384615384613E-003   298.03772296907334        1.0636073376755374E-030
   8.4615384615384613E-003   8.8461538461538456E-003   298.03548518163876        1.0634974068563454E-030
   8.4615384615384613E-003   9.2307692307692299E-003   298.03390899012004        1.0634199525845405E-030
   8.4615384615384613E-003   9.6153846153846159E-003   298.03309534430366        1.0633799577631651E-030

   8.8461538461538456E-003   3.8461538461538462E-004   298.01845628941089        1.0627106534147359E-030
   8.8461538461538456E-003   7.6923076923076923E-004   298.01887889164976        1.0627299726865579E-030
   8.8461538461538456E-003   1.1538461538461537E-003   298.01969449427384        1.0627672739611655E-030
   8.8461538461538456E-003   1.5384615384615385E-003   298.02085192500454        1.0628202167540540E-030
   8.8461538461538456E-003   1.9230769230769232E-003   298.02227852163708        1.0628854818488885E-030
   8.8461538461538456E-003   2.3076923076923075E-003   298.02388472617116        1.0629589825789386E-030
   8.8461538461538456E-003   2.6923076923076922E-003   298.02556967017739        1.0630361180121615E-030
   8.8461538461538456E-003   3.0769230769230769E-003   298.02722740032641        1.0631120523363961E-030
   8.8461538461538456E-003   3.4615384615384616E-003   298.02875339076161        1.0631820066149802E-030
   8.8461538461538456E-003   3.8461538461538464E-003   298.03005099120583        1.0632415500364513E-030
   8.8461538461538456E-003   4.2307692307692307E-003   298.03103745513471        1.0632868767195394E-030
   8.8461538461538456E-003   4.6153846153846149E-003   298.03164918591779        1.0633150516130390E-030
   8.8461538461538456E-003   5.0000000000000001E-003   298.03184584868251        1.0633242069967555E-030
   8.8461538461538456E-003   5.3846153846153844E-003   298.03161304230434        1.0633136718158177E-030
   8.8461538461538456E-003   5.7692307692307696E-003   298.03096331927645        1.0632840208470772E-030
   8.8461538461538456E-003   6.1538461538461538E-003   298.02993547245148        1.0632370389314392E-030
   8.8461538461538456E-003   6.5384615384615381E-003   298.02859215118190        1.0631756049146259E-030
   8.8461538461538456E-003   6.9230769230769233E-003   298.02701599415565        1.0631035076001437E-030
   8.8461538461538456E-003   7.3076923076923076E-003   298.02530455039062        1.0630252098734192E-030
   8.8461538461538456E-003   7.6923076923076927E-003   298.02356430089031        1.0629455770584913E-030
   8.8461538461538456E-003   8.0769230769230770E-003   298.02190410789871        1.0628695833015595E-030
   8.8461538461538456E-003   8.4615384615384613E-003   298.02042843118772        1.0628020080148050E-030
   8.8461538461538456E-003   8.8461538461538456E-003   298.01923067865380        1.0627471352089166E-030
   8.8461538461538456E-003   9.2307692307692299E-003   298.01838709955570        1.0627084720890095E-030
   8.8461538461538456E-003   9.6153846153846159E-003   298.01795166009583        1.0626885076920680E-030

   9.2307692307692299E-003   3.8461538461538462E-004   298.01045183938362        1.0623629382041379E-030
   9.2307692307692299E-003   7.6923076923076923E-004   298.01068813570112        1.0623729970738098E-030
   9.2307692307692299E-003   1.1538461538461537E-003   298.01114416307939        1.0623924171172575E-030
   9.2307692307692299E-003   1.5384615384615385E-003   298.01179132003944        1.0624199791297705E-030
   9.2307692307692299E-003   1.9230769230769232E-003   298.01258898505534        1.0624539537456841E-030
   9.2307692307692299E-003   2.3076923076923075E-003   298.01348708000745        1.0624922115432549E-030
   9.2307692307692299E-003   2.6923076923076922E-003   298.01442919282914        1.0625323553905646E-030
   9.2307692307692299E-003   3.0769230769230769E-003   298.01535606345578        1.0625718667472118E-030
   9.2307692307692299E-003   3.4615384615384616E-003   298.01620923302062        1.0626082583695446E-030
   9.2307692307692299E-003   3.8461538461538464E-003   298.01693465589716        1.0626392262809195E-030
   9.2307692307692299E-003   4.2307692307692307E-003   298.01748607230257        1.0626627934619109E-030
   9.2307692307692299E-003   4.6153846153846149E-003   298.01782793809701        1.0626774367307005E-030
   9.2307692307692299E-003   5.0000000000000001E-003   298.01793771695435        1.0626821875801571E-030
   9.2307692307692299E-003   5.3846153846153844E-003   298.01780736801680        1.0626766983127144E-030
   9.2307692307692299E-003   5.7692307692307696E-003   298.01744391395215        1.0626612672160624E-030
   9.2307692307692299E-003   6.1538461538461538E-003   298.01686904523109        1.0626368204767530E-030
   9.2307692307692299E-003   6.5384615384615381E-003   298.01611779348718        1.0626048529966723E-030
   9.2307692307692299E-003   6.9230769230769233E-003   298.01523637449168        1.0625673339554898E-030
   9.2307692307692299E-003   7.3076923076923076E-003   298.01427934858816        1.0625265849337743E-030
   9.2307692307692299E-003   7.6923076923076927E-003   298.01330627202213        1.0624851386136075E-030
   9.2307692307692299E-003   8.0769230769230770E-003   298.01237802430211        1.0624455853001839E-030
   9.2307692307692299E-003   8.4615384615384613E-003   298.01155300639965        1.0624104139440296E-030
   9.2307692307692299E-003   8.8461538461538456E-003   298.01088342031142        1.0623818548785781E-030
   9.2307692307692299E-003   9.2307692307692299E-003   298.01041186079260        1.0623617331713809E-030
   9.2307692307692299E-003   9.6153846153846159E-003   298.01016846332465        1.0623513434257696E-030

   9.6153846153846159E-003   3.8461538461538462E-004   298.00709151436490        1.0622222858683090E-030
   9.6153846153846159E-003   7.6923076923076923E-004   298.00725021336467        1.0622286470551479E-030
   9.6153846153846159E-003   1.1538461538461537E-003   298.00755647824326        1.0622409276838121E-030
   9.6153846153846159E-003   1.5384615384615385E-003   298.00799110550741        1.0622583568352309E-030
   9.6153846153846159E-003   1.9230769230769232E-003   298.00852681689122        1.0622798407256684E-030
   9.6153846153846159E-003   2.3076923076923075E-003   298.00912997837332        1.0623040322402362E-030
   9.6153846153846159E-003   2.6923076923076922E-003   298.00976269719746        1.0623294147541165E-030
   9.6153846153846159E-003   3.0769230769230769E-003   298.01038516553160        1.0623543949828306E-030
   9.6153846153846159E-003   3.4615384615384616E-003   298.01095811517018        1.0623773999370151E-030
   9.6153846153846159E-003   3.8461538461538464E-003   298.01144524668388        1.0623969732615906E-030
   9.6153846153846159E-003   4.2307692307692307E-003   298.01181549547249        1.0624118660351411E-030
   9.6153846153846159E-003   4.6153846153846149E-003   298.01204499770381        1.0624211166258332E-030
   9.6153846153846159E-003   5.0000000000000001E-003   298.01211862634170        1.0624241139164194E-030
   9.6153846153846159E-003   5.3846153846153844E-003   298.01203098713853        1.0624206386683212E-030
   9.6153846153846159E-003   5.7692307692307696E-003   298.01178679906104        1.0624108792845647E-030
   9.6153846153846159E-003   6.1538461538461538E-003   298.01140063000742        1.0623954205876861E-030
   9.6153846153846159E-003   6.5384615384615381E-003   298.01089600884910        1.0623752068694287E-030
   9.6153846153846159E-003   6.9230769230769233E-003   298.01030397924740        1.0623514826638760E-030
   9.6153846153846159E-003   7.3076923076923076E-003   298.00966119262711        1.0623257159381156E-030
   9.6153846153846159E-003   7.6923076923076927E-003   298.00900765617354        1.0622995086462632E-030
   9.6153846153846159E-003   8.0769230769230770E-003   298.00838426137773        1.0622744992929362E-030
   9.6153846153846159E-003   8.4615384615384613E-003   298.00783022646760        1.0622522619496433E-030
   9.6153846153846159E-003   8.8461538461538456E-003   298.00738059664832        1.0622342065438824E-030
   9.6153846153846159E-003   9.2307692307692299E-003   298.00706395837551        1.0622214862050572E-030
   9.6153846153846159E-003   9.6153846153846159E-003   298.00690053064176        1.0622149184892613E-030

