   3.8461538461538462E-004   3.8461538461538462E-004   1621.1956866318392        1.0000000000000000     
   3.8461538461538462E-004   7.6923076923076923E-004   1621.4170576857518        1.0000000000000000     
   3.8461538461538462E-004   1.1538461538461537E-003   1621.6285263239477        1.0000000000000000     
   3.8461538461538462E-004   1.5384615384615385E-003   1621.8302022916896        1.0000000000000000     
   3.8461538461538462E-004   1.9230769230769232E-003   1622.0222483692137        1.0000000000000000     
   3.8461538461538462E-004   2.3076923076923075E-003   1622.2048772496698        1.0000000000000000     
   3.8461538461538462E-004   2.6923076923076922E-003   1622.3783475822561        1.0000000000000000     
   3.8461538461538462E-004   3.0769230769230769E-003   1622.5429593587949        1.0000000000000000     
   3.8461538461538462E-004   3.4615384615384616E-003   1622.6990488578326        1.0000000000000000     
   3.8461538461538462E-004   3.8461538461538464E-003   1622.8469833984411        1.0000000000000000     
   3.8461538461538462E-004   4.2307692307692307E-003   1622.9871561980171        1.0000000000000000     
   3.8461538461538462E-004   4.6153846153846149E-003   1623.1199816827711        1.0000000000000000     
   3.8461538461538462E-004   5.0000000000000001E-003   1623.2458916817861        1.0000000000000000     
   3.8461538461538462E-004   5.3846153846153844E-003   1623.3653330738894        1.0000000000000000     
   3.8461538461538462E-004   5.7692307692307696E-003   1623.4787677060754        1.0000000000000000     
   3.8461538461538462E-004   6.1538461538461538E-003   1623.5866758740631        1.0000000000000000     
   3.8461538461538462E-004   6.5384615384615381E-003   1623.6895655874055        1.0000000000000000     
   3.8461538461538462E-004   6.9230769230769233E-003   1623.7879917786572        1.0000000000000000     
   3.8461538461538462E-004   7.3076923076923076E-003   1623.8825939021701        1.0000000000000000     
   3.8461538461538462E-004   7.6923076923076927E-003   1623.9741705948647        1.0000000000000000     
   3.8461538461538462E-004   8.0769230769230770E-003   1624.0638366870101        1.0000000000000000     
   3.8461538461538462E-004   8.4615384615384613E-003   1624.1533839658534        1.0000000000000000     
   3.8461538461538462E-004   8.8461538461538456E-003   1624.2462066181768        1.0000000000000000     
   3.8461538461538462E-004   9.2307692307692299E-003   1624.3499775752375        1.0000000000000000     
   3.8461538461538462E-004   9.6153846153846159E-003   1624.4853448030822        1.0000000000000000     

   7.6923076923076923E-004   3.8461538461538462E-004   1621.4095684502340        1.0000000000000000     
   7.6923076923076923E-004   7.6923076923076923E-004   1621.6309740517747        1.0000000000000000     
   7.6923076923076923E-004   1.1538461538461537E-003   1621.8424742892687        1.0000000000000000     
   7.6923076923076923E-004   1.5384615384615385E-003   1622.0441786946565        1.0000000000000000     
   7.6923076923076923E-004   1.9230769230769232E-003   1622.2362497135043        1.0000000000000000     
   7.6923076923076923E-004   2.3076923076923075E-003   1622.4188995627514        1.0000000000000000     
   7.6923076923076923E-004   2.6923076923076922E-003   1622.5923862426612        1.0000000000000000     
   7.6923076923076923E-004   3.0769230769230769E-003   1622.7570088764974        1.0000000000000000     
   7.6923076923076923E-004   3.4615384615384616E-003   1622.9131025843392        1.0000000000000000     
   7.6923076923076923E-004   3.8461538461538464E-003   1623.0610331307896        1.0000000000000000     
   7.6923076923076923E-004   4.2307692307692307E-003   1623.2011916200570        1.0000000000000000     
   7.6923076923076923E-004   4.6153846153846149E-003   1623.3339895515023        1.0000000000000000     
   7.6923076923076923E-004   5.0000000000000001E-003   1623.4598546033048        1.0000000000000000     
   7.6923076923076923E-004   5.3846153846153844E-003   1623.5792275965666        1.0000000000000000     
   7.6923076923076923E-004   5.7692307692307696E-003   1623.6925612323655        1.0000000000000000     
   7.6923076923076923E-004   6.1538461538461538E-003   1623.8003214298890        1.0000000000000000     
   7.6923076923076923E-004   6.5384615384615381E-003   1623.9029924827953        1.0000000000000000     
   7.6923076923076923E-004   6.9230769230769233E-003   1624.0010878461887        1.0000000000000000     
   7.6923076923076923E-004   7.3076923076923076E-003   1624.0951690633626        1.0000000000000000     
   7.6923076923076923E-004   7.6923076923076927E-003   1624.1858751230477        1.0000000000000000     
   7.6923076923076923E-004   8.0769230769230770E-003   1624.2739580488587        1.0000000000000000     
   7.6923076923076923E-004   8.4615384615384613E-003   1624.3602827405962        1.0000000000000000     
   7.6923076923076923E-004   8.8461538461538456E-003   1624.4455662831019        1.0000000000000000     
   7.6923076923076923E-004   9.2307692307692299E-003   1624.5287856203406        1.0000000000000000     
   7.6923076923076923E-004   9.6153846153846159E-003   1624.5992747932396        1.0000000000000000     

   1.1538461538461537E-003   3.8461538461538462E-004   1621.6060171007850        1.0000000000000000     
   1.1538461538461537E-003   7.6923076923076923E-004   1621.8274531649665        1.0000000000000000     
   1.1538461538461537E-003   1.1538461538461537E-003   1622.0389797724388        1.0000000000000000     
   1.1538461538461537E-003   1.5384615384615385E-003   1622.2407060229580        1.0000000000000000     
   1.1538461538461537E-003   1.9230769230769232E-003   1622.4327936867448        1.0000000000000000     
   1.1538461538461537E-003   2.3076923076923075E-003   1622.6154540252096        1.0000000000000000     
   1.1538461538461537E-003   2.6923076923076922E-003   1622.7889437459012        1.0000000000000000     
   1.1538461538461537E-003   3.0769230769230769E-003   1622.9535602566968        1.0000000000000000     
   1.1538461538461537E-003   3.4615384615384616E-003   1623.1096364123287        1.0000000000000000     
   1.1538461538461537E-003   3.8461538461538464E-003   1623.2575349714461        1.0000000000000000     
   1.1538461538461537E-003   4.2307692307692307E-003   1623.3976430026796        1.0000000000000000     
   1.1538461538461537E-003   4.6153846153846149E-003   1623.5303664942755        1.0000000000000000     
   1.1538461538461537E-003   5.0000000000000001E-003   1623.6561254343881        1.0000000000000000     
   1.1538461538461537E-003   5.3846153846153844E-003   1623.7753496363198        1.0000000000000000     
   1.1538461538461537E-003   5.7692307692307696E-003   1623.8884755751340        1.0000000000000000     
   1.1538461538461537E-003   6.1538461538461538E-003   1623.9959444456579        1.0000000000000000     
   1.1538461538461537E-003   6.5384615384615381E-003   1624.0982014468423        1.0000000000000000     
   1.1538461538461537E-003   6.9230769230769233E-003   1624.1956956575423        1.0000000000000000     
   1.1538461538461537E-003   7.3076923076923076E-003   1624.2888779944483        1.0000000000000000     
   1.1538461538461537E-003   7.6923076923076927E-003   1624.3781894363731        1.0000000000000000     
   1.1538461538461537E-003   8.0769230769230770E-003   1624.4640171286521        1.0000000000000000     
   1.1538461538461537E-003   8.4615384615384613E-003   1624.5465580330463        1.0000000000000000     
   1.1538461538461537E-003   8.8461538461538456E-003   1624.6254431523625        1.0000000000000000     
   1.1538461538461537E-003   9.2307692307692299E-003   1624.6988553063309        1.0000000000000000     
   1.1538461538461537E-003   9.6153846153846159E-003   1624.7622643490447        1.0000000000000000     

   1.5384615384615385E-003   3.8461538461538462E-004   1621.7850594074669        1.0000000000000000     
   1.5384615384615385E-003   7.6923076923076923E-004   1622.0065219807839        1.0000000000000000     
   1.5384615384615385E-003   1.1538461538461537E-003   1622.2180699993642        1.0000000000000000     
   1.5384615384615385E-003   1.5384615384615385E-003   1622.4198119376110        1.0000000000000000     
   1.5384615384615385E-003   1.9230769230769232E-003   1622.6119085918251        1.0000000000000000     
   1.5384615384615385E-003   2.3076923076923075E-003   1622.7945698521719        1.0000000000000000     
   1.5384615384615385E-003   2.6923076923076922E-003   1622.9680505829733        1.0000000000000000     
   1.5384615384615385E-003   3.0769230769230769E-003   1623.1326457660589        1.0000000000000000     
   1.5384615384615385E-003   3.4615384615384616E-003   1623.2886850841774        1.0000000000000000     
   1.5384615384615385E-003   3.8461538461538464E-003   1623.4365271376753        1.0000000000000000     
   1.5384615384615385E-003   4.2307692307692307E-003   1623.5765534935308        1.0000000000000000     
   1.5384615384615385E-003   4.6153846153846149E-003   1623.7091627583552        1.0000000000000000     
   1.5384615384615385E-003   5.0000000000000001E-003   1623.8347648402046        1.0000000000000000     
   1.5384615384615385E-003   5.3846153846153844E-003   1623.9537755047234        1.0000000000000000     
   1.5384615384615385E-003   5.7692307692307696E-003   1624.0666112102435        1.0000000000000000     
   1.5384615384615385E-003   6.1538461538461538E-003   1624.1736839600567        1.0000000000000000     
   1.5384615384615385E-003   6.5384615384615381E-003   1624.2753953988411        1.0000000000000000     
   1.5384615384615385E-003   6.9230769230769233E-003   1624.3721283067869        1.0000000000000000     
   1.5384615384615385E-003   7.3076923076923076E-003   1624.4642313988243        1.0000000000000000     
   1.5384615384615385E-003   7.6923076923076927E-003   1624.5519887751243        1.0000000000000000     
   1.5384615384615385E-003   8.0769230769230770E-003   1624.6355568323481        1.0000000000000000     
   1.5384615384615385E-003   8.4615384615384613E-003   1624.7148386417573        1.0000000000000000     
   1.5384615384615385E-003   8.8461538461538456E-003   1624.7892600622051        1.0000000000000000     
   1.5384615384615385E-003   9.2307692307692299E-003   1624.8574736877551        1.0000000000000000     
   1.5384615384615385E-003   9.6153846153846159E-003   1624.9173386137381        1.0000000000000000     

   1.9230769230769232E-003   3.8461538461538462E-004   1621.9467315568334        1.0000000000000000     
   1.9230769230769232E-003   7.6923076923076923E-004   1622.1682168688640        1.0000000000000000     
   1.9230769230769232E-003   1.1538461538461537E-003   1622.3797817160546        1.0000000000000000     
   1.9230769230769232E-003   1.5384615384615385E-003   1622.5815337890403        1.0000000000000000     
   1.9230769230769232E-003   1.9230769230769232E-003   1622.7736326682539        1.0000000000000000     
   1.9230769230769232E-003   2.3076923076923075E-003   1622.9562865416192        1.0000000000000000     
   1.9230769230769232E-003   2.6923076923076922E-003   1623.1297480025964        1.0000000000000000     
   1.9230769230769232E-003   3.0769230769230769E-003   1623.2943090729991        1.0000000000000000     
   1.9230769230769232E-003   3.4615384615384616E-003   1623.4502956121180        1.0000000000000000     
   1.9230769230769232E-003   3.8461538461538464E-003   1623.5980612822400        1.0000000000000000     
   1.9230769230769232E-003   4.2307692307692307E-003   1623.7379812351678        1.0000000000000000     
   1.9230769230769232E-003   4.6153846153846149E-003   1623.8704456597754        1.0000000000000000     
   1.9230769230769232E-003   5.0000000000000001E-003   1623.9958532786504        1.0000000000000000     
   1.9230769230769232E-003   5.3846153846153844E-003   1624.1146047863840        1.0000000000000000     
   1.9230769230769232E-003   5.7692307692307696E-003   1624.2270960537132        1.0000000000000000     
   1.9230769230769232E-003   6.1538461538461538E-003   1624.3337106262607        1.0000000000000000     
   1.9230769230769232E-003   6.5384615384615381E-003   1624.4348105285947        1.0000000000000000     
   1.9230769230769232E-003   6.9230769230769233E-003   1624.5307234896034        1.0000000000000000     
   1.9230769230769232E-003   7.3076923076923076E-003   1624.6217232313845        1.0000000000000000     
   1.9230769230769232E-003   7.6923076923076927E-003   1624.7079973096968        1.0000000000000000     
   1.9230769230769232E-003   8.0769230769230770E-003   1624.7895947836605        1.0000000000000000     
   1.9230769230769232E-003   8.4615384615384613E-003   1624.8663470027684        1.0000000000000000     
   1.9230769230769232E-003   8.8461538461538456E-003   1624.9377694552411        1.0000000000000000     
   1.9230769230769232E-003   9.2307692307692299E-003   1625.0030038545628        1.0000000000000000     
   1.9230769230769232E-003   9.6153846153846159E-003   1625.0609650987258        1.0000000000000000     

   2.3076923076923075E-003   3.8461538461538462E-004   1622.0910728673591        1.0000000000000000     
   2.3076923076923075E-003   7.6923076923076923E-004   1622.3125773669574        1.0000000000000000     
   2.3076923076923075E-003   1.1538461538461537E-003   1622.5241549110913        1.0000000000000000     
   2.3076923076923075E-003   1.5384615384615385E-003   1622.7259122882988        1.0000000000000000     
   2.3076923076923075E-003   1.9230769230769232E-003   1622.9180076859170        1.0000000000000000     
   2.3076923076923075E-003   2.3076923076923075E-003   1623.1006473543355        1.0000000000000000     
   2.3076923076923075E-003   2.6923076923076922E-003   1623.2740813250580        1.0000000000000000     
   2.3076923076923075E-003   3.0769230769230769E-003   1623.4385983183076        1.0000000000000000     
   2.3076923076923075E-003   3.4615384615384616E-003   1623.5945199892687        1.0000000000000000     
   2.3076923076923075E-003   3.8461538461538464E-003   1623.7421946656546        1.0000000000000000     
   2.3076923076923075E-003   4.2307692307692307E-003   1623.8819907172201        1.0000000000000000     
   2.3076923076923075E-003   4.6153846153846149E-003   1624.0142896653733        1.0000000000000000     
   2.3076923076923075E-003   5.0000000000000001E-003   1624.1394790804422        1.0000000000000000     
   2.3076923076923075E-003   5.3846153846153844E-003   1624.2579452133991        1.0000000000000000     
   2.3076923076923075E-003   5.7692307692307696E-003   1624.3700651487356        1.0000000000000000     
   2.3076923076923075E-003   6.1538461538461538E-003   1624.4761980179287        1.0000000000000000     
   2.3076923076923075E-003   6.5384615384615381E-003   1624.5766744441150        1.0000000000000000     
   2.3076923076923075E-003   6.9230769230769233E-003   1624.6717828767860        1.0000000000000000     
   2.3076923076923075E-003   7.3076923076923076E-003   1624.7617508768794        1.0000000000000000     
   2.3076923076923075E-003   7.6923076923076927E-003   1624.8467190427727        1.0000000000000000     
   2.3076923076923075E-003   8.0769230769230770E-003   1624.9267061079872        1.0000000000000000     
   2.3076923076923075E-003   8.4615384615384613E-003   1625.0015681411364        1.0000000000000000     
   2.3076923076923075E-003   8.8461538461538456E-003   1625.0709668976922        1.0000000000000000     
   2.3076923076923075E-003   9.2307692307692299E-003   1625.1343853581363        1.0000000000000000     
   2.3076923076923075E-003   9.6153846153846159E-003   1625.1912497155204        1.0000000000000000     

   2.6923076923076922E-003   3.8461538461538462E-004   1622.2181182035267        1.0000000000000000     
   2.6923076923076922E-003   7.6923076923076923E-004   1622.4396385774198        1.0000000000000000     
   2.6923076923076922E-003   1.1538461538461537E-003   1622.6512251764627        1.0000000000000000     
   2.6923076923076922E-003   1.5384615384615385E-003   1622.8529838102916        1.0000000000000000     
   2.6923076923076922E-003   1.9230769230769232E-003   1623.0450711622591        1.0000000000000000     
   2.6923076923076922E-003   2.3076923076923075E-003   1623.2276914064878        1.0000000000000000     
   2.6923076923076922E-003   2.6923076923076922E-003   1623.4010918563804        1.0000000000000000     
   2.6923076923076922E-003   3.0769230769230769E-003   1623.5655577741834        1.0000000000000000     
   2.6923076923076922E-003   3.4615384615384616E-003   1623.7214064825589        1.0000000000000000     
   2.6923076923076922E-003   3.8461538461538464E-003   1623.8689809206323        1.0000000000000000     
   2.6923076923076922E-003   4.2307692307692307E-003   1624.0086427733277        1.0000000000000000     
   2.6923076923076922E-003   4.6153846153846149E-003   1624.1407652703292        1.0000000000000000     
   2.6923076923076922E-003   5.0000000000000001E-003   1624.2657256949963        1.0000000000000000     
   2.6923076923076922E-003   5.3846153846153844E-003   1624.3838975577889        1.0000000000000000     
   2.6923076923076922E-003   5.7692307692307696E-003   1624.4956422665130        1.0000000000000000     
   2.6923076923076922E-003   6.1538461538461538E-003   1624.6012999625207        1.0000000000000000     
   2.6923076923076922E-003   6.5384615384615381E-003   1624.7011789960154        1.0000000000000000     
   2.6923076923076922E-003   6.9230769230769233E-003   1624.7955433298227        1.0000000000000000     
   2.6923076923076922E-003   7.3076923076923076E-003   1624.8845971247542        1.0000000000000000     
   2.6923076923076922E-003   7.6923076923076927E-003   1624.9684661935132        1.0000000000000000     
   2.6923076923076922E-003   8.0769230769230770E-003   1625.0471775533356        1.0000000000000000     
   2.6923076923076922E-003   8.4615384615384613E-003   1625.1206419368850        1.0000000000000000     
   2.6923076923076922E-003   8.8461538461538456E-003   1625.1886505568361        1.0000000000000000     
   2.6923076923076922E-003   9.2307692307692299E-003   1625.2509047787846        1.0000000000000000     
   2.6923076923076922E-003   9.6153846153846159E-003   1625.3070961653757        1.0000000000000000     

   3.0769230769230769E-003   3.8461538461538462E-004   1622.3278895963001        1.0000000000000000     
   3.0769230769230769E-003   7.6923076923076923E-004   1622.5494227697634        1.0000000000000000     
   3.0769230769230769E-003   1.1538461538461537E-003   1622.7610152740997        1.0000000000000000     
   3.0769230769230769E-003   1.5384615384615385E-003   1622.9627719027808        1.0000000000000000     
   3.0769230769230769E-003   1.9230769230769232E-003   1623.1548477866120        1.0000000000000000     
   3.0769230769230769E-003   2.3076923076923075E-003   1623.3374449736932        1.0000000000000000     
   3.0769230769230769E-003   2.6923076923076922E-003   1623.5108080243645        1.0000000000000000     
   3.0769230769230769E-003   3.0769230769230769E-003   1623.6752187473469        1.0000000000000000     
   3.0769230769230769E-003   3.4615384615384616E-003   1623.8309902142978        1.0000000000000000     
   3.0769230769230769E-003   3.8461538461538464E-003   1623.9784601918427        1.0000000000000000     
   3.0769230769230769E-003   4.2307692307692307E-003   1624.1179841185365        1.0000000000000000     
   3.0769230769230769E-003   4.6153846153846149E-003   1624.2499277270215        1.0000000000000000     
   3.0769230769230769E-003   5.0000000000000001E-003   1624.3746593671160        1.0000000000000000     
   3.0769230769230769E-003   5.3846153846153844E-003   1624.4925420230650        1.0000000000000000     
   3.0769230769230769E-003   5.7692307692307696E-003   1624.6039249395621        1.0000000000000000     
   3.0769230769230769E-003   6.1538461538461538E-003   1624.7091346858458        1.0000000000000000     
   3.0769230769230769E-003   6.5384615384615381E-003   1624.8084654207673        1.0000000000000000     
   3.0769230769230769E-003   6.9230769230769233E-003   1624.9021681325855        1.0000000000000000     
   3.0769230769230769E-003   7.3076923076923076E-003   1624.9904388320422        1.0000000000000000     
   3.0769230769230769E-003   7.6923076923076927E-003   1625.0734062771523        1.0000000000000000     
   3.0769230769230769E-003   8.0769230769230770E-003   1625.1511210785877        1.0000000000000000     
   3.0769230769230769E-003   8.4615384615384613E-003   1625.2235501734970        1.0000000000000000     
   3.0769230769230769E-003   8.8461538461538456E-003   1625.2905832919093        1.0000000000000000     
   3.0769230769230769E-003   9.2307692307692299E-003   1625.3520592476837        1.0000000000000000     
   3.0769230769230769E-003   9.6153846153846159E-003   1625.4078153397977        1.0000000000000000     

   3.4615384615384616E-003   3.8461538461538462E-004   1622.4203876956583        1.0000000000000000     
   3.4615384615384616E-003   7.6923076923076923E-004   1622.6419308166071        1.0000000000000000     
   3.4615384615384616E-003   1.1538461538461537E-003   1622.8535265388871        1.0000000000000000     
   3.4615384615384616E-003   1.5384615384615385E-003   1623.0552786375049        1.0000000000000000     
   3.4615384615384616E-003   1.9230769230769232E-003   1623.2473406963354        1.0000000000000000     
   3.4615384615384616E-003   2.3076923076923075E-003   1623.4299126632400        1.0000000000000000     
   3.4615384615384616E-003   2.6923076923076922E-003   1623.6032364101100        1.0000000000000000     
   3.4615384615384616E-003   3.0769230769230769E-003   1623.7675904231994        1.0000000000000000     
   3.4615384615384616E-003   3.4615384615384616E-003   1623.9232837608204        1.0000000000000000     
   3.4615384615384616E-003   3.8461538461538464E-003   1624.0706494193507        1.0000000000000000     
   3.4615384615384616E-003   4.2307692307692307E-003   1624.2100372408615        1.0000000000000000     
   3.4615384615384616E-003   4.6153846153846149E-003   1624.3418064759683        1.0000000000000000     
   3.4615384615384616E-003   5.0000000000000001E-003   1624.4663180842713        1.0000000000000000     
   3.4615384615384616E-003   5.3846153846153844E-003   1624.5839268145387        1.0000000000000000     
   3.4615384615384616E-003   5.7692307692307696E-003   1624.6949730641820        1.0000000000000000     
   3.4615384615384616E-003   6.1538461538461538E-003   1624.7997744862475        1.0000000000000000     
   3.4615384615384616E-003   6.5384615384615381E-003   1624.8986173187150        1.0000000000000000     
   3.4615384615384616E-003   6.9230769230769233E-003   1624.9917475015775        1.0000000000000000     
   3.4615384615384616E-003   7.3076923076923076E-003   1625.0793618935197        1.0000000000000000     
   3.4615384615384616E-003   7.6923076923076927E-003   1625.1616003918757        1.0000000000000000     
   3.4615384615384616E-003   8.0769230769230770E-003   1625.2385405601549        1.0000000000000000     
   3.4615384615384616E-003   8.4615384615384613E-003   1625.3101973880639        1.0000000000000000     
   3.4615384615384616E-003   8.8461538461538456E-003   1625.3765315714991        1.0000000000000000     
   3.4615384615384616E-003   9.2307692307692299E-003   1625.4374690820982        1.0000000000000000     
   3.4615384615384616E-003   9.6153846153846159E-003   1625.4929312361576        1.0000000000000000     

   3.8461538461538464E-003   3.8461538461538462E-004   1622.4955837059695        1.0000000000000000     
   3.8461538461538464E-003   7.6923076923076923E-004   1622.7171341151022        1.0000000000000000     
   3.8461538461538464E-003   1.1538461538461537E-003   1622.9287307728225        1.0000000000000000     
   3.8461538461538464E-003   1.5384615384615385E-003   1623.1304764621000        1.0000000000000000     
   3.8461538461538464E-003   1.9230769230769232E-003   1623.3225232691680        1.0000000000000000     
   3.8461538461538464E-003   2.3076923076923075E-003   1623.5050691264655        1.0000000000000000     
   3.8461538461538464E-003   2.6923076923076922E-003   1623.6783533566340        1.0000000000000000     
   3.8461538461538464E-003   3.0769230769230769E-003   1623.8426513438760        1.0000000000000000     
   3.8461538461538464E-003   3.4615384615384616E-003   1623.9982684721704        1.0000000000000000     
   3.8461538461538464E-003   3.8461538461538464E-003   1624.1455334763846        1.0000000000000000     
   3.8461538461538464E-003   4.2307692307692307E-003   1624.2847913492872        1.0000000000000000     
   3.8461538461538464E-003   4.6153846153846149E-003   1624.4163959350915        1.0000000000000000     
   3.8461538461538464E-003   5.0000000000000001E-003   1624.5407023205728        1.0000000000000000     
   3.8461538461538464E-003   5.3846153846153844E-003   1624.6580591116617        1.0000000000000000     
   3.8461538461538464E-003   5.7692307692307696E-003   1624.7688006645126        1.0000000000000000     
   3.8461538461538464E-003   6.1538461538461538E-003   1624.8732393379873        1.0000000000000000     
   3.8461538461538464E-003   6.5384615384615381E-003   1624.9716578696266        1.0000000000000000     
   3.8461538461538464E-003   6.9230769230769233E-003   1625.0643020778070        1.0000000000000000     
   3.8461538461538464E-003   7.3076923076923076E-003   1625.1513742925692        1.0000000000000000     
   3.8461538461538464E-003   7.6923076923076927E-003   1625.2330282395935        1.0000000000000000     
   3.8461538461538464E-003   8.0769230769230770E-003   1625.3093665222627        1.0000000000000000     
   3.8461538461538464E-003   8.4615384615384613E-003   1625.3804422279429        1.0000000000000000     
   3.8461538461538464E-003   8.8461538461538456E-003   1625.4462661959149        1.0000000000000000     
   3.8461538461538464E-003   9.2307692307692299E-003   1625.5068206024280        1.0000000000000000     
   3.8461538461538464E-003   9.6153846153846159E-003   1625.5620773088699        1.0000000000000000     

   4.2307692307692307E-003   3.8461538461538462E-004   1622.5534124370859        1.0000000000000000     
   4.2307692307692307E-003   7.6923076923076923E-004   1622.7749676275794        1.0000000000000000     
   4.2307692307692307E-003   1.1538461538461537E-003   1622.9865632655910        1.0000000000000000     
   4.2307692307692307E-003   1.5384615384615385E-003   1623.1883011903858        1.0000000000000000     
   4.2307692307692307E-003   1.9230769230769232E-003   1623.3803320722052        1.0000000000000000     
   4.2307692307692307E-003   2.3076923076923075E-003   1623.5628519548784        1.0000000000000000     
   4.2307692307692307E-003   2.6923076923076922E-003   1623.7360978008642        1.0000000000000000     
   4.2307692307692307E-003   3.0769230769230769E-003   1623.9003421671337        1.0000000000000000     
   4.2307692307692307E-003   3.4615384615384616E-003   1624.0558871551557        1.0000000000000000     
   4.2307692307692307E-003   3.8461538461538464E-003   1624.2030577875644        1.0000000000000000     
   4.2307692307692307E-003   4.2307692307692307E-003   1624.3421949651056        1.0000000000000000     
   4.2307692307692307E-003   4.6153846153846149E-003   1624.4736481512698        1.0000000000000000     
   4.2307692307692307E-003   5.0000000000000001E-003   1624.5977679207269        1.0000000000000000     
   4.2307692307692307E-003   5.3846153846153844E-003   1624.7148984955488        1.0000000000000000     
   4.2307692307692307E-003   5.7692307692307696E-003   1624.8253703866153        1.0000000000000000     
   4.2307692307692307E-003   6.1538461538461538E-003   1624.9294932664745        1.0000000000000000     
   4.2307692307692307E-003   6.5384615384615381E-003   1625.0275492367452        1.0000000000000000     
   4.2307692307692307E-003   6.9230769230769233E-003   1625.1197867323094        1.0000000000000000     
   4.2307692307692307E-003   7.3076923076923076E-003   1625.2064154359773        1.0000000000000000     
   4.2307692307692307E-003   7.6923076923076927E-003   1625.2876027546567        1.0000000000000000     
   4.2307692307692307E-003   8.0769230769230770E-003   1625.3634725872964        1.0000000000000000     
   4.2307692307692307E-003   8.4615384615384613E-003   1625.4341071877222        1.0000000000000000     
   4.2307692307692307E-003   8.8461538461538456E-003   1625.4995527091748        1.0000000000000000     
   4.2307692307692307E-003   9.2307692307692299E-003   1625.5598283059885        1.0000000000000000     
   4.2307692307692307E-003   9.6153846153846159E-003   1625.6149374092633        1.0000000000000000     

   4.6153846153846149E-003   3.8461538461538462E-004   1622.5937670444312        1.0000000000000000     
   4.6153846153846149E-003   7.6923076923076923E-004   1622.8153246150248        1.0000000000000000     
   4.6153846153846149E-003   1.1538461538461537E-003   1623.0269175158064        1.0000000000000000     
   4.6153846153846149E-003   1.5384615384615385E-003   1623.2286467058580        1.0000000000000000     
   4.6153846153846149E-003   1.9230769230769232E-003   1623.4206615426881        1.0000000000000000     
   4.6153846153846149E-003   2.3076923076923075E-003   1623.6031563346066        1.0000000000000000     
   4.6153846153846149E-003   2.6923076923076922E-003   1623.7763659009756        1.0000000000000000     
   4.6153846153846149E-003   3.0769230769230769E-003   1623.9405602713387        1.0000000000000000     
   4.6153846153846149E-003   3.4615384615384616E-003   1624.0960386708862        1.0000000000000000     
   4.6153846153846149E-003   3.8461538461538464E-003   1624.2431229513313        1.0000000000000000     
   4.6153846153846149E-003   4.2307692307692307E-003   1624.3821506305853        1.0000000000000000     
   4.6153846153846149E-003   4.6153846153846149E-003   1624.5134677026203        1.0000000000000000     
   4.6153846153846149E-003   5.0000000000000001E-003   1624.6374213729198        1.0000000000000000     
   4.6153846153846149E-003   5.3846153846153844E-003   1624.7543528682245        1.0000000000000000     
   4.6153846153846149E-003   5.7692307692307696E-003   1624.8645904670852        1.0000000000000000     
   4.6153846153846149E-003   6.1538461538461538E-003   1624.9684429063241        1.0000000000000000     
   4.6153846153846149E-003   6.5384615384615381E-003   1625.0661933447916        1.0000000000000000     
   4.6153846153846149E-003   6.9230769230769233E-003   1625.1580941151149        1.0000000000000000     
   4.6153846153846149E-003   7.3076923076923076E-003   1625.2443625652065        1.0000000000000000     
   4.6153846153846149E-003   7.6923076923076927E-003   1625.3251783696091        1.0000000000000000     
   4.6153846153846149E-003   8.0769230769230770E-003   1625.4006827377439        1.0000000000000000     
   4.6153846153846149E-003   8.4615384615384613E-003   1625.4709798944821        1.0000000000000000     
   4.6153846153846149E-003   8.8461538461538456E-003   1625.5361409702978        1.0000000000000000     
   4.6153846153846149E-003   9.2307692307692299E-003   1625.5962099501328        1.0000000000000000     
   4.6153846153846149E-003   9.6153846153846159E-003   1625.6512106396847        1.0000000000000000     

   5.0000000000000001E-003   3.8461538461538462E-004   1622.6164959338066        1.0000000000000000     
   5.0000000000000001E-003   7.6923076923076923E-004   1622.8380535391204        1.0000000000000000     
   5.0000000000000001E-003   1.1538461538461537E-003   1623.0496421283353        1.0000000000000000     
   5.0000000000000001E-003   1.5384615384615385E-003   1623.2513618531129        1.0000000000000000     
   5.0000000000000001E-003   1.9230769230769232E-003   1623.4433608737397        1.0000000000000000     
   5.0000000000000001E-003   2.3076923076923075E-003   1623.6258319291524        1.0000000000000000     
   5.0000000000000001E-003   2.6923076923076922E-003   1623.7990079231010        1.0000000000000000     
   5.0000000000000001E-003   3.0769230769230769E-003   1623.9631566600672        1.0000000000000000     
   5.0000000000000001E-003   3.4615384615384616E-003   1624.1185748822793        1.0000000000000000     
   5.0000000000000001E-003   3.8461538461538464E-003   1624.2655817725795        1.0000000000000000     
   5.0000000000000001E-003   4.2307692307692307E-003   1624.4045120944079        1.0000000000000000     
   5.0000000000000001E-003   4.6153846153846149E-003   1624.5357091407586        1.0000000000000000     
   5.0000000000000001E-003   5.0000000000000001E-003   1624.6595176605299        1.0000000000000000     
   5.0000000000000001E-003   5.3846153846153844E-003   1624.7762769257772        1.0000000000000000     
   5.0000000000000001E-003   5.7692307692307696E-003   1624.8863141006241        1.0000000000000000     
   5.0000000000000001E-003   6.1538461538461538E-003   1624.9899380757076        1.0000000000000000     
   5.0000000000000001E-003   6.5384615384615381E-003   1625.0874339444194        1.0000000000000000     
   5.0000000000000001E-003   6.9230769230769233E-003   1625.1790583193299        1.0000000000000000     
   5.0000000000000001E-003   7.3076923076923076E-003   1625.2650357145660        1.0000000000000000     
   5.0000000000000001E-003   7.6923076923076927E-003   1625.3455562384536        1.0000000000000000     
   5.0000000000000001E-003   8.0769230769230770E-003   1625.4207748244664        1.0000000000000000     
   5.0000000000000001E-003   8.4615384615384613E-003   1625.4908121404335        1.0000000000000000     
   5.0000000000000001E-003   8.8461538461538456E-003   1625.5557571199674        1.0000000000000000     
   5.0000000000000001E-003   9.2307692307692299E-003   1625.6156707475006        1.0000000000000000     
   5.0000000000000001E-003   9.6153846153846159E-003   1625.6705903561508        1.0000000000000000     

   5.3846153846153844E-003   3.8461538461538462E-004   1622.6214021772969        1.0000000000000000     
   5.3846153846153844E-003   7.6923076923076923E-004   1622.8429574788456        1.0000000000000000     
   5.3846153846153844E-003   1.1538461538461537E-003   1623.0545402328905        1.0000000000000000     
   5.3846153846153844E-003   1.5384615384615385E-003   1623.2562498607779        1.0000000000000000     
   5.3846153846153844E-003   1.9230769230769232E-003   1623.4482334458380        1.0000000000000000     
   5.3846153846153844E-003   2.3076923076923075E-003   1623.6306823266086        1.0000000000000000     
   5.3846153846153844E-003   2.6923076923076922E-003   1623.8038277161711        1.0000000000000000     
   5.3846153846153844E-003   3.0769230769230769E-003   1623.9679354834479        1.0000000000000000     
   5.3846153846153844E-003   3.4615384615384616E-003   1624.1233002510626        1.0000000000000000     
   5.3846153846153844E-003   3.8461538461538464E-003   1624.2702389789135        1.0000000000000000     
   5.3846153846153844E-003   4.2307692307692307E-003   1624.4090842104338        1.0000000000000000     
   5.3846153846153844E-003   4.6153846153846149E-003   1624.5401771603540        1.0000000000000000     
   5.3846153846153844E-003   5.0000000000000001E-003   1624.6638608200433        1.0000000000000000     
   5.3846153846153844E-003   5.3846153846153844E-003   1624.7804732511263        1.0000000000000000     
   5.3846153846153844E-003   5.7692307692307696E-003   1624.8903412324034        1.0000000000000000     
   5.3846153846153844E-003   6.1538461538461538E-003   1624.9937744213116        1.0000000000000000     
   5.3846153846153844E-003   6.5384615384615381E-003   1625.0910601906005        1.0000000000000000     
   5.3846153846153844E-003   6.9230769230769233E-003   1625.1824593024512        1.0000000000000000     
   5.3846153846153844E-003   7.3076923076923076E-003   1625.2682025813363        1.0000000000000000     
   5.3846153846153844E-003   7.6923076923076927E-003   1625.3484887332781        1.0000000000000000     
   5.3846153846153844E-003   8.0769230769230770E-003   1625.4234834174611        1.0000000000000000     
   5.3846153846153844E-003   8.4615384615384613E-003   1625.4933195885746        1.0000000000000000     
   5.3846153846153844E-003   8.8461538461538456E-003   1625.5580989832042        1.0000000000000000     
   5.3846153846153844E-003   9.2307692307692299E-003   1625.6178944298074        1.0000000000000000     
   5.3846153846153844E-003   9.6153846153846159E-003   1625.6727524630328        1.0000000000000000     

   5.7692307692307696E-003   3.8461538461538462E-004   1622.6082456335673        1.0000000000000000     
   5.7692307692307696E-003   7.6923076923076923E-004   1622.8297962544191        1.0000000000000000     
   5.7692307692307696E-003   1.1538461538461537E-003   1623.0413716154426        1.0000000000000000     
   5.7692307692307696E-003   1.5384615384615385E-003   1623.2430704854046        1.0000000000000000     
   5.7692307692307696E-003   1.9230769230769232E-003   1623.4350389901542        1.0000000000000000     
   5.7692307692307696E-003   2.3076923076923075E-003   1623.6174672324453        1.0000000000000000     
   5.7692307692307696E-003   2.6923076923076922E-003   1623.7905849485223        1.0000000000000000     
   5.7692307692307696E-003   3.0769230769230769E-003   1623.9546563391532        1.0000000000000000     
   5.7692307692307696E-003   3.4615384615384616E-003   1624.1099742320775        1.0000000000000000     
   5.7692307692307696E-003   3.8461538461538464E-003   1624.2568537481347        1.0000000000000000     
   5.7692307692307696E-003   4.2307692307692307E-003   1624.3956256516603        1.0000000000000000     
   5.7692307692307696E-003   4.6153846153846149E-003   1624.5266295679758        1.0000000000000000     
   5.7692307692307696E-003   5.0000000000000001E-003   1624.6502072476139        1.0000000000000000     
   5.7692307692307696E-003   5.3846153846153844E-003   1624.7666960499921        1.0000000000000000     
   5.7692307692307696E-003   5.7692307692307696E-003   1624.8764228099235        1.0000000000000000     
   5.7692307692307696E-003   6.1538461538461538E-003   1624.9796982401247        1.0000000000000000     
   5.7692307692307696E-003   6.5384615384615381E-003   1625.0768120120706        1.0000000000000000     
   5.7692307692307696E-003   6.9230769230769233E-003   1625.1680286450735        1.0000000000000000     
   5.7692307692307696E-003   7.3076923076923076E-003   1625.2535843158523        1.0000000000000000     
   5.7692307692307696E-003   7.6923076923076927E-003   1625.3336846718475        1.0000000000000000     
   5.7692307692307696E-003   8.0769230769230770E-003   1625.4085036832744        1.0000000000000000     
   5.7692307692307696E-003   8.4615384615384613E-003   1625.4781834939622        1.0000000000000000     
   5.7692307692307696E-003   8.8461538461538456E-003   1625.5428351285382        1.0000000000000000     
   5.7692307692307696E-003   9.2307692307692299E-003   1625.6025397949068        1.0000000000000000     
   5.7692307692307696E-003   9.6153846153846159E-003   1625.6573504156124        1.0000000000000000     

   6.1538461538461538E-003   3.8461538461538462E-004   1622.5767477985769        1.0000000000000000     
   6.1538461538461538E-003   7.6923076923076923E-004   1622.7982912839664        1.0000000000000000     
   6.1538461538461538E-003   1.1538461538461537E-003   1623.0098575864981        1.0000000000000000     
   6.1538461538461538E-003   1.5384615384615385E-003   1623.2115448981197        1.0000000000000000     
   6.1538461538461538E-003   1.9230769230769232E-003   1623.4034985022238        1.0000000000000000     
   6.1538461538461538E-003   2.3076923076923075E-003   1623.5859074214964        1.0000000000000000     
   6.1538461538461538E-003   2.6923076923076922E-003   1623.7590001132373        1.0000000000000000     
   6.1538461538461538E-003   3.0769230769230769E-003   1623.9230393510354        1.0000000000000000     
   6.1538461538461538E-003   3.4615384615384616E-003   1624.0783164514053        1.0000000000000000     
   6.1538461538461538E-003   3.8461538461538464E-003   1624.2251450194526        1.0000000000000000     
   6.1538461538461538E-003   4.2307692307692307E-003   1624.3638543961795        1.0000000000000000     
   6.1538461538461538E-003   4.6153846153846149E-003   1624.4947829919265        1.0000000000000000     
   6.1538461538461538E-003   5.0000000000000001E-003   1624.6182716863948        1.0000000000000000     
   6.1538461538461538E-003   5.3846153846153844E-003   1624.7346574667838        1.0000000000000000     
   6.1538461538461538E-003   5.7692307692307696E-003   1624.8442674628773        1.0000000000000000     
   6.1538461538461538E-003   6.1538461538461538E-003   1624.9474135223643        1.0000000000000000     
   6.1538461538461538E-003   6.5384615384615381E-003   1625.0443874516179        1.0000000000000000     
   6.1538461538461538E-003   6.9230769230769233E-003   1625.1354570258213        1.0000000000000000     
   6.1538461538461538E-003   7.3076923076923076E-003   1625.2208628457943        1.0000000000000000     
   6.1538461538461538E-003   7.6923076923076927E-003   1625.3008160839040        1.0000000000000000     
   6.1538461538461538E-003   8.0769230769230770E-003   1625.3754971147805        1.0000000000000000     
   6.1538461538461538E-003   8.4615384615384613E-003   1625.4450549660596        1.0000000000000000     
   6.1538461538461538E-003   8.8461538461538456E-003   1625.5096074530709        1.0000000000000000     
   6.1538461538461538E-003   9.2307692307692299E-003   1625.5692417887985        1.0000000000000000     
   6.1538461538461538E-003   9.6153846153846159E-003   1625.6240154053928        1.0000000000000000     

   6.5384615384615381E-003   3.8461538461538462E-004   1622.5265992416566        1.0000000000000000     
   6.5384615384615381E-003   7.6923076923076923E-004   1622.7481330272060        1.0000000000000000     
   6.5384615384615381E-003   1.1538461538461537E-003   1622.9596884391528        1.0000000000000000     
   6.5384615384615381E-003   1.5384615384615385E-003   1623.1613631648574        1.0000000000000000     
   6.5384615384615381E-003   1.9230769230769232E-003   1623.3533017536713        1.0000000000000000     
   6.5384615384615381E-003   2.3076923076923075E-003   1623.5356922927322        1.0000000000000000     
   6.5384615384615381E-003   2.6923076923076922E-003   1623.7087621403798        1.0000000000000000     
   6.5384615384615381E-003   3.0769230769230769E-003   1623.8727728568510        1.0000000000000000     
   6.5384615384615381E-003   3.4615384615384616E-003   1624.0280144917344        1.0000000000000000     
   6.5384615384615381E-003   3.8461538461538464E-003   1624.1747994030966        1.0000000000000000     
   6.5384615384615381E-003   4.2307692307692307E-003   1624.3134557916346        1.0000000000000000     
   6.5384615384615381E-003   4.6153846153846149E-003   1624.4443211344524        1.0000000000000000     
   6.5384615384615381E-003   5.0000000000000001E-003   1624.5677356979788        1.0000000000000000     
   6.5384615384615381E-003   5.3846153846153844E-003   1624.6840362987189        1.0000000000000000     
   6.5384615384615381E-003   5.7692307692307696E-003   1624.7935504650384        1.0000000000000000     
   6.5384615384615381E-003   6.1538461538461538E-003   1624.8965911336827        1.0000000000000000     
   6.5384615384615381E-003   6.5384615384615381E-003   1624.9934519918449        1.0000000000000000     
   6.5384615384615381E-003   6.9230769230769233E-003   1625.0844035491309        1.0000000000000000     
   6.5384615384615381E-003   7.3076923076923076E-003   1625.1696899930146        1.0000000000000000     
   6.5384615384615381E-003   7.6923076923076927E-003   1625.2495268452501        1.0000000000000000     
   6.5384615384615381E-003   8.0769230769230770E-003   1625.3240993944314        1.0000000000000000     
   6.5384615384615381E-003   8.4615384615384613E-003   1625.3935618319888        1.0000000000000000     
   6.5384615384615381E-003   8.8461538461538456E-003   1625.4580369689181        1.0000000000000000     
   6.5384615384615381E-003   9.2307692307692299E-003   1625.5176163658482        1.0000000000000000     
   6.5384615384615381E-003   9.6153846153846159E-003   1625.5723606810348        1.0000000000000000     

   6.9230769230769233E-003   3.8461538461538462E-004   1622.4574693176128        1.0000000000000000     
   6.9230769230769233E-003   7.6923076923076923E-004   1622.6789907061677        1.0000000000000000     
   6.9230769230769233E-003   1.1538461538461537E-003   1622.8905331857743        1.0000000000000000     
   6.9230769230769233E-003   1.5384615384615385E-003   1623.0921940071087        1.0000000000000000     
   6.9230769230769233E-003   1.9230769230769232E-003   1623.2841170864010        1.0000000000000000     
   6.9230769230769233E-003   2.3076923076923075E-003   1623.4664897078753        1.0000000000000000     
   6.9230769230769233E-003   2.6923076923076922E-003   1623.6395382930946        1.0000000000000000     
   6.9230769230769233E-003   3.0769230769230769E-003   1623.8035233772450        1.0000000000000000     
   6.9230769230769233E-003   3.4615384615384616E-003   1623.9587339521161        1.0000000000000000     
   6.9230769230769233E-003   3.8461538461538464E-003   1624.1054813508783        1.0000000000000000     
   6.9230769230769233E-003   4.2307692307692307E-003   1624.2440928577948        1.0000000000000000     
   6.9230769230769233E-003   4.6153846153846149E-003   1624.3749052266708        1.0000000000000000     
   6.9230769230769233E-003   5.0000000000000001E-003   1624.4982582856414        1.0000000000000000     
   6.9230769230769233E-003   5.3846153846153844E-003   1624.6144887935568        1.0000000000000000     
   6.9230769230769233E-003   5.7692307692307696E-003   1624.7239246954853        1.0000000000000000     
   6.9230769230769233E-003   6.1538461538461538E-003   1624.8268799027119        1.0000000000000000     
   6.9230769230769233E-003   6.5384615384615381E-003   1624.9236496966773        1.0000000000000000     
   6.9230769230769233E-003   6.9230769230769233E-003   1625.0145068271272        1.0000000000000000     
   6.9230769230769233E-003   7.3076923076923076E-003   1625.0996983424529        1.0000000000000000     
   6.9230769230769233E-003   7.6923076923076927E-003   1625.1794431550734        1.0000000000000000     
   6.9230769230769233E-003   8.0769230769230770E-003   1625.2539303072117        1.0000000000000000     
   6.9230769230769233E-003   8.4615384615384613E-003   1625.3233178642433        1.0000000000000000     
   6.9230769230769233E-003   8.8461538461538456E-003   1625.3877323270406        1.0000000000000000     
   6.9230769230769233E-003   9.2307692307692299E-003   1625.4472684267296        1.0000000000000000     
   6.9230769230769233E-003   9.6153846153846159E-003   1625.5019891518723        1.0000000000000000     

   7.3076923076923076E-003   3.8461538461538462E-004   1622.3690176982611        1.0000000000000000     
   7.3076923076923076E-003   7.6923076923076923E-004   1622.5905238458297        1.0000000000000000     
   7.3076923076923076E-003   1.1538461538461537E-003   1622.8020511151044        1.0000000000000000     
   7.3076923076923076E-003   1.5384615384615385E-003   1623.0036963834741        1.0000000000000000     
   7.3076923076923076E-003   1.9230769230769232E-003   1623.1956030274512        1.0000000000000000     
   7.3076923076923076E-003   2.3076923076923075E-003   1623.3779576495656        1.0000000000000000     
   7.3076923076923076E-003   2.6923076923076922E-003   1623.5509858803980        1.0000000000000000     
   7.3076923076923076E-003   3.0769230769230769E-003   1623.7149473958370        1.0000000000000000     
   7.3076923076923076E-003   3.4615384615384616E-003   1623.8701303091959        1.0000000000000000     
   7.3076923076923076E-003   3.8461538461538464E-003   1624.0168451129809        1.0000000000000000     
   7.3076923076923076E-003   4.2307692307692307E-003   1624.1554183527446        1.0000000000000000     
   7.3076923076923076E-003   4.6153846153846149E-003   1624.2861862154546        1.0000000000000000     
   7.3076923076923076E-003   5.0000000000000001E-003   1624.4094882077604        1.0000000000000000     
   7.3076923076923076E-003   5.3846153846153844E-003   1624.5256610858862        1.0000000000000000     
   7.3076923076923076E-003   5.7692307692307696E-003   1624.6350331796339        1.0000000000000000     
   7.3076923076923076E-003   6.1538461538461538E-003   1624.7379192290091        1.0000000000000000     
   7.3076923076923076E-003   6.5384615384615381E-003   1624.8346158243746        1.0000000000000000     
   7.3076923076923076E-003   6.9230769230769233E-003   1624.9253975105557        1.0000000000000000     
   7.3076923076923076E-003   7.3076923076923076E-003   1625.0105135829297        1.0000000000000000     
   7.3076923076923076E-003   7.6923076923076927E-003   1625.0901855701122        1.0000000000000000     
   7.3076923076923076E-003   8.0769230769230770E-003   1625.1646053646145        1.0000000000000000     
   7.3076923076923076E-003   8.4615384615384613E-003   1625.2339339317241        1.0000000000000000     
   7.3076923076923076E-003   8.8461538461538456E-003   1625.2983005004676        1.0000000000000000     
   7.3076923076923076E-003   9.2307692307692299E-003   1625.3578021224737        1.0000000000000000     
   7.3076923076923076E-003   9.6153846153846159E-003   1625.4125034790147        1.0000000000000000     

   7.6923076923076927E-003   3.8461538461538462E-004   1622.2609071458480        1.0000000000000000     
   7.6923076923076927E-003   7.6923076923076923E-004   1622.4823950566213        1.0000000000000000     
   7.6923076923076927E-003   1.1538461538461537E-003   1622.6939045909060        1.0000000000000000     
   7.6923076923076927E-003   1.5384615384615385E-003   1622.8955323119312        1.0000000000000000     
   7.6923076923076927E-003   1.9230769230769232E-003   1623.0874211429307        1.0000000000000000     
   7.6923076923076927E-003   2.3076923076923075E-003   1623.2697571157132        1.0000000000000000     
   7.6923076923076927E-003   2.6923076923076922E-003   1623.4427652014322        1.0000000000000000     
   7.6923076923076927E-003   3.0769230769230769E-003   1623.6067043634855        1.0000000000000000     
   7.6923076923076927E-003   3.4615384615384616E-003   1623.7618619918148        1.0000000000000000     
   7.6923076923076927E-003   3.8461538461538464E-003   1623.9085478928428        1.0000000000000000     
   7.6923076923076927E-003   4.2307692307692307E-003   1624.0470880164405        1.0000000000000000     
   7.6923076923076927E-003   4.6153846153846149E-003   1624.1778181008824        1.0000000000000000     
   7.6923076923076927E-003   5.0000000000000001E-003   1624.3010774088821        1.0000000000000000     
   7.6923076923076927E-003   5.3846153846153844E-003   1624.4172027132697        1.0000000000000000     
   7.6923076923076927E-003   5.7692307692307696E-003   1624.5265226705146        1.0000000000000000     
   7.6923076923076927E-003   6.1538461538461538E-003   1624.6293526952884        1.0000000000000000     
   7.6923076923076927E-003   6.5384615384615381E-003   1624.7259904206862        1.0000000000000000     
   7.6923076923076927E-003   6.9230769230769233E-003   1624.8167117978696        1.0000000000000000     
   7.6923076923076927E-003   7.3076923076923076E-003   1624.9017678569612        1.0000000000000000     
   7.6923076923076927E-003   7.6923076923076927E-003   1624.9813821194211        1.0000000000000000     
   7.6923076923076927E-003   8.0769230769230770E-003   1625.0557486222979        1.0000000000000000     
   7.6923076923076927E-003   8.4615384615384613E-003   1625.1250304886000        1.0000000000000000     
   7.6923076923076927E-003   8.8461538461538456E-003   1625.1893589577217        1.0000000000000000     
   7.6923076923076927E-003   9.2307692307692299E-003   1625.2488327777062        1.0000000000000000     
   7.6923076923076927E-003   9.6153846153846159E-003   1625.3035178599873        1.0000000000000000     

   8.0769230769230770E-003   3.8461538461538462E-004   1622.1328168636994        1.0000000000000000     
   8.0769230769230770E-003   7.6923076923076923E-004   1622.3542833937374        1.0000000000000000     
   8.0769230769230770E-003   1.1538461538461537E-003   1622.5657724264322        1.0000000000000000     
   8.0769230769230770E-003   1.5384615384615385E-003   1622.7673802661727        1.0000000000000000     
   8.0769230769230770E-003   1.9230769230769232E-003   1622.9592494632996        1.0000000000000000     
   8.0769230769230770E-003   2.3076923076923075E-003   1623.1415655811579        1.0000000000000000     
   8.0769230769230770E-003   2.6923076923076922E-003   1623.3145530512247        1.0000000000000000     
   8.0769230769230770E-003   3.0769230769230769E-003   1623.4784702559411        1.0000000000000000     
   8.0769230769230770E-003   3.4615384615384616E-003   1623.6336039980911        1.0000000000000000     
   8.0769230769230770E-003   3.8461538461538464E-003   1623.7802635301930        1.0000000000000000     
   8.0769230769230770E-003   4.2307692307692307E-003   1623.9187743243251        1.0000000000000000     
   8.0769230769230770E-003   4.6153846153846149E-003   1624.0494717617862        1.0000000000000000     
   8.0769230769230770E-003   5.0000000000000001E-003   1624.1726949136892        1.0000000000000000     
   8.0769230769230770E-003   5.3846153846153844E-003   1624.2887805683129        1.0000000000000000     
   8.0769230769230770E-003   5.7692307692307696E-003   1624.3980576400354        1.0000000000000000     
   8.0769230769230770E-003   6.1538461538461538E-003   1624.5008420690026        1.0000000000000000     
   8.0769230769230770E-003   6.5384615384615381E-003   1624.5974322917002        1.0000000000000000     
   8.0769230769230770E-003   6.9230769230769233E-003   1624.6881053317479        1.0000000000000000     
   8.0769230769230770E-003   7.3076923076923076E-003   1624.7731135290185        1.0000000000000000     
   8.0769230769230770E-003   7.6923076923076927E-003   1624.8526818951284        1.0000000000000000     
   8.0769230769230770E-003   8.0769230769230770E-003   1624.9270060561198        1.0000000000000000     
   8.0769230769230770E-003   8.4615384615384613E-003   1624.9962507204214        1.0000000000000000     
   8.0769230769230770E-003   8.8461538461538456E-003   1625.0605485937274        1.0000000000000000     
   8.0769230769230770E-003   9.2307692307692299E-003   1625.1199996539044        1.0000000000000000     
   8.0769230769230770E-003   9.6153846153846159E-003   1625.1746707001546        1.0000000000000000     

   8.4615384615384613E-003   3.8461538461538462E-004   1621.9844557117219        1.0000000000000000     
   8.4615384615384613E-003   7.6923076923076923E-004   1622.2058975806001        1.0000000000000000     
   8.4615384615384613E-003   1.1538461538461537E-003   1622.4173631215335        1.0000000000000000     
   8.4615384615384613E-003   1.5384615384615385E-003   1622.6189484322138        1.0000000000000000     
   8.4615384615384613E-003   1.9230769230769232E-003   1622.8107957654713        1.0000000000000000     
   8.4615384615384613E-003   2.3076923076923075E-003   1622.9930903113843        1.0000000000000000     
   8.4615384615384613E-003   2.6923076923076922E-003   1623.1660560721382        1.0000000000000000     
   8.4615384615384613E-003   3.0769230769230769E-003   1623.3299509689602        1.0000000000000000     
   8.4615384615384613E-003   3.4615384615384616E-003   1623.4850613394494        1.0000000000000000     
   8.4615384615384613E-003   3.8461538461538464E-003   1623.6316959981245        1.0000000000000000     
   8.4615384615384613E-003   4.2307692307692307E-003   1623.7701800395726        1.0000000000000000     
   8.4615384615384613E-003   4.6153846153846149E-003   1623.9008485623547        1.0000000000000000     
   8.4615384615384613E-003   5.0000000000000001E-003   1624.0240404830156        1.0000000000000000     
   8.4615384615384613E-003   5.3846153846153844E-003   1624.1400925938833        1.0000000000000000     
   8.4615384615384613E-003   5.7692307692307696E-003   1624.2493339968912        1.0000000000000000     
   8.4615384615384613E-003   6.1538461538461538E-003   1624.3520810196446        1.0000000000000000     
   8.4615384615384613E-003   6.5384615384615381E-003   1624.4486326908354        1.0000000000000000     
   8.4615384615384613E-003   6.9230769230769233E-003   1624.5392668214247        1.0000000000000000     
   8.4615384615384613E-003   7.3076923076923076E-003   1624.6242367075340        1.0000000000000000     
   8.4615384615384613E-003   7.6923076923076927E-003   1624.7037684421223        1.0000000000000000     
   8.4615384615384613E-003   8.0769230769230770E-003   1624.7780587972072        1.0000000000000000     
   8.4615384615384613E-003   8.4615384615384613E-003   1624.8472736179124        1.0000000000000000     
   8.4615384615384613E-003   8.8461538461538456E-003   1624.9115466557043        1.0000000000000000     
   8.4615384615384613E-003   9.2307692307692299E-003   1624.9709787617189        1.0000000000000000     
   8.4615384615384613E-003   9.6153846153846159E-003   1625.0256373634525        1.0000000000000000     

   8.8461538461538456E-003   3.8461538461538462E-004   1621.8155745693039        1.0000000000000000     
   8.8461538461538456E-003   7.6923076923076923E-004   1622.0369883787212        1.0000000000000000     
   8.8461538461538456E-003   1.1538461538461537E-003   1622.2484272443203        1.0000000000000000     
   8.8461538461538456E-003   1.5384615384615385E-003   1622.4499871067344        1.0000000000000000     
   8.8461538461538456E-003   1.9230769230769232E-003   1622.6418099927514        1.0000000000000000     
   8.8461538461538456E-003   2.3076923076923075E-003   1622.8240808089422        1.0000000000000000     
   8.8461538461538456E-003   2.6923076923076922E-003   1622.9970232315147        1.0000000000000000     
   8.8461538461538456E-003   3.0769230769230769E-003   1623.1608948314806        1.0000000000000000     
   8.8461538461538456E-003   3.4615384615384616E-003   1623.3159815929885        1.0000000000000000     
   8.8461538461538456E-003   3.8461538461538464E-003   1623.4625919970524        1.0000000000000000     
   8.8461538461538456E-003   4.2307692307692307E-003   1623.6010508492805        1.0000000000000000     
   8.8461538461538456E-003   4.6153846153846149E-003   1623.7316930286856        1.0000000000000000     
   8.8461538461538456E-003   5.0000000000000001E-003   1623.8548573256346        1.0000000000000000     
   8.8461538461538456E-003   5.3846153846153844E-003   1623.9708805210171        1.0000000000000000     
   8.8461538461538456E-003   5.7692307692307696E-003   1624.0800918369978        1.0000000000000000     
   8.8461538461538456E-003   6.1538461538461538E-003   1624.1828078635824        1.0000000000000000     
   8.8461538461538456E-003   6.5384615384615381E-003   1624.2793280360361        1.0000000000000000     
   8.8461538461538456E-003   6.9230769230769233E-003   1624.3699307078093        1.0000000000000000     
   8.8461538461538456E-003   7.3076923076923076E-003   1624.4548698336512        1.0000000000000000     
   8.8461538461538456E-003   7.6923076923076927E-003   1624.5343722496825        1.0000000000000000     
   8.8461538461538456E-003   8.0769230769230770E-003   1624.6086355131117        1.0000000000000000     
   8.8461538461538456E-003   8.4615384615384613E-003   1624.6778262453367        1.0000000000000000     
   8.8461538461538456E-003   8.8461538461538456E-003   1624.7420789097462        1.0000000000000000     
   8.8461538461538456E-003   9.2307692307692299E-003   1624.8014949503263        1.0000000000000000     
   8.8461538461538456E-003   9.6153846153846159E-003   1624.8561422202183        1.0000000000000000     

   9.2307692307692299E-003   3.8461538461538462E-004   1621.6259771661935        1.0000000000000000     
   9.2307692307692299E-003   7.6923076923076923E-004   1621.8473594243574        1.0000000000000000     
   9.2307692307692299E-003   1.1538461538461537E-003   1622.0587682775063        1.0000000000000000     
   9.2307692307692299E-003   1.5384615384615385E-003   1622.2602995569871        1.0000000000000000     
   9.2307692307692299E-003   1.9230769230769232E-003   1622.4520951321774        1.0000000000000000     
   9.2307692307692299E-003   2.3076923076923075E-003   1622.6343397119699        1.0000000000000000     
   9.2307692307692299E-003   2.6923076923076922E-003   1622.8072567448962        1.0000000000000000     
   9.2307692307692299E-003   3.0769230769230769E-003   1622.9711035566622        1.0000000000000000     
   9.2307692307692299E-003   3.4615384615384616E-003   1623.1261658826954        1.0000000000000000     
   9.2307692307692299E-003   3.8461538461538464E-003   1623.2727519674613        1.0000000000000000     
   9.2307692307692299E-003   4.2307692307692307E-003   1623.4111864085799        1.0000000000000000     
   9.2307692307692299E-003   4.6153846153846149E-003   1623.5418039221174        1.0000000000000000     
   9.2307692307692299E-003   5.0000000000000001E-003   1623.6649431961969        1.0000000000000000     
   9.2307692307692299E-003   5.3846153846153844E-003   1623.7809409839547        1.0000000000000000     
   9.2307692307692299E-003   5.7692307692307696E-003   1623.8901265650391        1.0000000000000000     
   9.2307692307692299E-003   6.1538461538461538E-003   1623.9928166785542        1.0000000000000000     
   9.2307692307692299E-003   6.5384615384615381E-003   1624.0893110013349        1.0000000000000000     
   9.2307692307692299E-003   6.9230769230769233E-003   1624.1798882151065        1.0000000000000000     
   9.2307692307692299E-003   7.3076923076923076E-003   1624.2648026765805        1.0000000000000000     
   9.2307692307692299E-003   7.6923076923076927E-003   1624.3442816772169        1.0000000000000000     
   9.2307692307692299E-003   8.0769230769230770E-003   1624.4185232560383        1.0000000000000000     
   9.2307692307692299E-003   8.4615384615384613E-003   1624.4876945108733        1.0000000000000000     
   9.2307692307692299E-003   8.8461538461538456E-003   1624.5519303418357        1.0000000000000000     
   9.2307692307692299E-003   9.2307692307692299E-003   1624.6113325563317        1.0000000000000000     
   9.2307692307692299E-003   9.6153846153846159E-003   1624.6659692682435        1.0000000000000000     

   9.6153846153846159E-003   3.8461538461538462E-004   1621.4155287781323        1.0000000000000000     
   9.6153846153846159E-003   7.6923076923076923E-004   1621.6368759286083        1.0000000000000000     
   9.6153846153846159E-003   1.1538461538461537E-003   1621.8482513258823        1.0000000000000000     
   9.6153846153846159E-003   1.5384615384615385E-003   1622.0497507385855        1.0000000000000000     
   9.6153846153846159E-003   1.9230769230769232E-003   1622.2415159454433        1.0000000000000000     
   9.6153846153846159E-003   2.3076923076923075E-003   1622.4237315409935        1.0000000000000000     
   9.6153846153846159E-003   2.6923076923076922E-003   1622.5966208411735        1.0000000000000000     
   9.6153846153846159E-003   3.0769230769230769E-003   1622.7604410274732        1.0000000000000000     
   9.6153846153846159E-003   3.4615384615384616E-003   1622.9154776870114        1.0000000000000000     
   9.6153846153846159E-003   3.8461538461538464E-003   1623.0620389201065        1.0000000000000000     
   9.6153846153846159E-003   4.2307692307692307E-003   1623.2004491930111        1.0000000000000000     
   9.6153846153846159E-003   4.6153846153846149E-003   1623.3310431118421        1.0000000000000000     
   9.6153846153846159E-003   5.0000000000000001E-003   1623.4541592843627        1.0000000000000000     
   9.6153846153846159E-003   5.3846153846153844E-003   1623.5701344201300        1.0000000000000000     
   9.6153846153846159E-003   5.7692307692307696E-003   1623.6792977975686        1.0000000000000000     
   9.6153846153846159E-003   6.1538461538461538E-003   1623.7819662003319        1.0000000000000000     
   9.6153846153846159E-003   6.5384615384615381E-003   1623.8784393961544        1.0000000000000000     
   9.6153846153846159E-003   6.9230769230769233E-003   1623.9689962013667        1.0000000000000000     
   9.6153846153846159E-003   7.3076923076923076E-003   1624.0538911447809        1.0000000000000000     
   9.6153846153846159E-003   7.6923076923076927E-003   1624.1333517177234        1.0000000000000000     
   9.6153846153846159E-003   8.0769230769230770E-003   1624.2075761739814        1.0000000000000000     
   9.6153846153846159E-003   8.4615384615384613E-003   1624.2767318258509        1.0000000000000000     
   9.6153846153846159E-003   8.8461538461538456E-003   1624.3409537713032        1.0000000000000000     
   9.6153846153846159E-003   9.2307692307692299E-003   1624.4003439830706        1.0000000000000000     
   9.6153846153846159E-003   9.6153846153846159E-003   1624.4549706939558        1.0000000000000000     

