   3.8461538461538462E-004   3.8461538461538462E-004   1621.1399708828474        1.0000000000000000     
   3.8461538461538462E-004   7.6923076923076923E-004   1621.3614420916699        1.0000000000000000     
   3.8461538461538462E-004   1.1538461538461537E-003   1621.5731183991227        1.0000000000000000     
   3.8461538461538462E-004   1.5384615384615385E-003   1621.7751048476789        1.0000000000000000     
   3.8461538461538462E-004   1.9230769230769232E-003   1621.9675573493143        1.0000000000000000     
   3.8461538461538462E-004   2.3076923076923075E-003   1622.1506797877032        1.0000000000000000     
   3.8461538461538462E-004   2.6923076923076922E-003   1622.3247203433386        1.0000000000000000     
   3.8461538461538462E-004   3.0769230769230769E-003   1622.4899672063718        1.0000000000000000     
   3.8461538461538462E-004   3.4615384615384616E-003   1622.6467438759867        1.0000000000000000     
   3.8461538461538462E-004   3.8461538461538464E-003   1622.7954042822657        1.0000000000000000     
   3.8461538461538462E-004   4.2307692307692307E-003   1622.9363280085286        1.0000000000000000     
   3.8461538461538462E-004   4.6153846153846149E-003   1623.0699159474991        1.0000000000000000     
   3.8461538461538462E-004   5.0000000000000001E-003   1623.1965868084737        1.0000000000000000     
   3.8461538461538462E-004   5.3846153846153844E-003   1623.3167750335117        1.0000000000000000     
   3.8461538461538462E-004   5.7692307692307696E-003   1623.4309309332145        1.0000000000000000     
   3.8461538461538462E-004   6.1538461538461538E-003   1623.5395243278308        1.0000000000000000     
   3.8461538461538462E-004   6.5384615384615381E-003   1623.6430539148596        1.0000000000000000     
   3.8461538461538462E-004   6.9230769230769233E-003   1623.7420665247791        1.0000000000000000     
   3.8461538461538462E-004   7.3076923076923076E-003   1623.8371947157198        1.0000000000000000     
   3.8461538461538462E-004   7.6923076923076927E-003   1623.9292313870483        1.0000000000000000     
   3.8461538461538462E-004   8.0769230769230770E-003   1624.0192867087212        1.0000000000000000     
   3.8461538461538462E-004   8.4615384615384613E-003   1624.1091487769261        1.0000000000000000     
   3.8461538461538462E-004   8.8461538461538456E-003   1624.2022089222633        1.0000000000000000     
   3.8461538461538462E-004   9.2307692307692299E-003   1624.3061378665839        1.0000000000000000     
   3.8461538461538462E-004   9.6153846153846159E-003   1624.4415816409955        1.0000000000000000     

   7.6923076923076923E-004   3.8461538461538462E-004   1621.3538689453724        1.0000000000000000     
   7.6923076923076923E-004   7.6923076923076923E-004   1621.5753746315156        1.0000000000000000     
   7.6923076923076923E-004   1.1538461538461537E-003   1621.7870823963181        1.0000000000000000     
   7.6923076923076923E-004   1.5384615384615385E-003   1621.9890970719321        1.0000000000000000     
   7.6923076923076923E-004   1.9230769230769232E-003   1622.1815742400640        1.0000000000000000     
   7.6923076923076923E-004   2.3076923076923075E-003   1622.3647173138288        1.0000000000000000     
   7.6923076923076923E-004   2.6923076923076922E-003   1622.5387738315326        1.0000000000000000     
   7.6923076923076923E-004   3.0769230769230769E-003   1622.7040311224068        1.0000000000000000     
   7.6923076923076923E-004   3.4615384615384616E-003   1622.8608115355032        1.0000000000000000     
   7.6923076923076923E-004   3.8461538461538464E-003   1623.0094674552240        1.0000000000000000     
   7.6923076923076923E-004   4.2307692307692307E-003   1623.1503763607404        1.0000000000000000     
   7.6923076923076923E-004   4.6153846153846149E-003   1623.2839362270092        1.0000000000000000     
   7.6923076923076923E-004   5.0000000000000001E-003   1623.4105616213571        1.0000000000000000     
   7.6923076923076923E-004   5.3846153846153844E-003   1623.5306809367612        1.0000000000000000     
   7.6923076923076923E-004   5.7692307692307696E-003   1623.6447353461435        1.0000000000000000     
   7.6923076923076923E-004   6.1538461538461538E-003   1623.7531803010204        1.0000000000000000     
   7.6923076923076923E-004   6.5384615384615381E-003   1623.8564907903956        1.0000000000000000     
   7.6923076923076923E-004   6.9230769230769233E-003   1623.9551721745413        1.0000000000000000     
   7.6923076923076923E-004   7.3076923076923076E-003   1624.0497791082034        1.0000000000000000     
   7.6923076923076923E-004   7.6923076923076927E-003   1624.1409448521620        1.0000000000000000     
   7.6923076923076923E-004   8.0769230769230770E-003   1624.2294167852760        1.0000000000000000     
   7.6923076923076923E-004   8.4615384615384613E-003   1624.3160561497307        1.0000000000000000     
   7.6923076923076923E-004   8.8461538461538456E-003   1624.4015772646919        1.0000000000000000     
   7.6923076923076923E-004   9.2307692307692299E-003   1624.4849551531197        1.0000000000000000     
   7.6923076923076923E-004   9.6153846153846159E-003   1624.5555229550898        1.0000000000000000     

   1.1538461538461537E-003   3.8461538461538462E-004   1621.5503556080391        1.0000000000000000     
   1.1538461538461537E-003   7.6923076923076923E-004   1621.7718915994201        1.0000000000000000     
   1.1538461538461537E-003   1.1538461538461537E-003   1621.9836254161423        1.0000000000000000     
   1.1538461538461537E-003   1.5384615384615385E-003   1622.1856614649448        1.0000000000000000     
   1.1538461538461537E-003   1.9230769230769232E-003   1622.3781546620885        1.0000000000000000     
   1.1538461538461537E-003   2.3076923076923075E-003   1622.5613074779042        1.0000000000000000     
   1.1538461538461537E-003   2.6923076923076922E-003   1622.7353661731670        1.0000000000000000     
   1.1538461538461537E-003   3.0769230769230769E-003   1622.9006163789284        1.0000000000000000     
   1.1538461538461537E-003   3.4615384615384616E-003   1623.0573781976093        1.0000000000000000     
   1.1538461538461537E-003   3.8461538461538464E-003   1623.2060010274104        1.0000000000000000     
   1.1538461538461537E-003   4.2307692307692307E-003   1623.3468583322031        1.0000000000000000     
   1.1538461538461537E-003   4.6153846153846149E-003   1623.4803425961677        1.0000000000000000     
   1.1538461538461537E-003   5.0000000000000001E-003   1623.6068607165723        1.0000000000000000     
   1.1538461538461537E-003   5.3846153846153844E-003   1623.7268300978515        1.0000000000000000     
   1.1538461538461537E-003   5.7692307692307696E-003   1623.8406757051814        1.0000000000000000     
   1.1538461538461537E-003   6.1538461538461538E-003   1623.9488282828618        1.0000000000000000     
   1.1538461538461537E-003   6.5384615384615381E-003   1624.0517237412228        1.0000000000000000     
   1.1538461538461537E-003   6.9230769230769233E-003   1624.1498030794571        1.0000000000000000     
   1.1538461538461537E-003   7.3076923076923076E-003   1624.2435103406726        1.0000000000000000     
   1.1538461538461537E-003   7.6923076923076927E-003   1624.3332807918589        1.0000000000000000     
   1.1538461538461537E-003   8.0769230769230770E-003   1624.4194969535768        1.0000000000000000     
   1.1538461538461537E-003   8.4615384615384613E-003   1624.5023521583776        1.0000000000000000     
   1.1538461538461537E-003   8.8461538461538456E-003   1624.5814746841645        1.0000000000000000     
   1.1538461538461537E-003   9.2307692307692299E-003   1624.6550454595317        1.0000000000000000     
   1.1538461538461537E-003   9.6153846153846159E-003   1624.7185332379945        1.0000000000000000     

   1.5384615384615385E-003   3.8461538461538462E-004   1621.7294495622539        1.0000000000000000     
   1.5384615384615385E-003   7.6923076923076923E-004   1621.9510118197629        1.0000000000000000     
   1.5384615384615385E-003   1.1538461538461537E-003   1622.1627665577741        1.0000000000000000     
   1.5384615384615385E-003   1.5384615384615385E-003   1622.3648175680903        1.0000000000000000     
   1.5384615384615385E-003   1.9230769230769232E-003   1622.5573188082956        1.0000000000000000     
   1.5384615384615385E-003   2.3076923076923075E-003   1622.7404713970664        1.0000000000000000     
   1.5384615384615385E-003   2.6923076923076922E-003   1622.9145197753182        1.0000000000000000     
   1.5384615384615385E-003   3.0769230769230769E-003   1623.0797471744959        1.0000000000000000     
   1.5384615384615385E-003   3.4615384615384616E-003   1623.2364705538287        1.0000000000000000     
   1.5384615384615385E-003   3.8461538461538464E-003   1623.3850351835624        1.0000000000000000     
   1.5384615384615385E-003   4.2307692307692307E-003   1623.5258090570635        1.0000000000000000     
   1.5384615384615385E-003   4.6153846153846149E-003   1623.6591773080897        1.0000000000000000     
   1.5384615384615385E-003   5.0000000000000001E-003   1623.7855367844395        1.0000000000000000     
   1.5384615384615385E-003   5.3846153846153844E-003   1623.9052908723540        1.0000000000000000     
   1.5384615384615385E-003   5.7692307692307696E-003   1624.0188445481660        1.0000000000000000     
   1.5384615384615385E-003   6.1538461538461538E-003   1624.1265993906479        1.0000000000000000     
   1.5384615384615385E-003   6.5384615384615381E-003   1624.2289477799029        1.0000000000000000     
   1.5384615384615385E-003   6.9230769230769233E-003   1624.3262644386427        1.0000000000000000     
   1.5384615384615385E-003   7.3076923076923076E-003   1624.4188912289223        1.0000000000000000     
   1.5384615384615385E-003   7.6923076923076927E-003   1624.5071065589607        1.0000000000000000     
   1.5384615384615385E-003   8.0769230769230770E-003   1624.5910622204253        1.0000000000000000     
   1.5384615384615385E-003   8.4615384615384613E-003   1624.6706576748516        1.0000000000000000     
   1.5384615384615385E-003   8.8461538461538456E-003   1624.7453160705411        1.0000000000000000     
   1.5384615384615385E-003   9.2307692307692299E-003   1624.8136881005337        1.0000000000000000     
   1.5384615384615385E-003   9.6153846153846159E-003   1624.8736316845454        1.0000000000000000     

   1.9230769230769232E-003   3.8461538461538462E-004   1621.8911755400457        1.0000000000000000     
   1.9230769230769232E-003   7.6923076923076923E-004   1622.1127602099727        1.0000000000000000     
   1.9230769230769232E-003   1.1538461538461537E-003   1622.3245311215614        1.0000000000000000     
   1.9230769230769232E-003   1.5384615384615385E-003   1622.5265912967393        1.0000000000000000     
   1.9230769230769232E-003   1.9230769230769232E-003   1622.7190934975320        1.0000000000000000     
   1.9230769230769232E-003   2.3076923076923075E-003   1622.9022371664953        1.0000000000000000     
   1.9230769230769232E-003   2.6923076923076922E-003   1623.0762645048198        1.0000000000000000     
   1.9230769230769232E-003   3.0769230769230769E-003   1623.2414558191790        1.0000000000000000     
   1.9230769230769232E-003   3.4615384615384616E-003   1623.3981242836946        1.0000000000000000     
   1.9230769230769232E-003   3.8461538461538464E-003   1623.5466102709809        1.0000000000000000     
   1.9230769230769232E-003   4.2307692307692307E-003   1623.6872754007045        1.0000000000000000     
   1.9230769230769232E-003   4.6153846153846149E-003   1623.8204964304289        1.0000000000000000     
   1.9230769230769232E-003   5.0000000000000001E-003   1623.9466590632021        1.0000000000000000     
   1.9230769230769232E-003   5.3846153846153844E-003   1624.0661516533451        1.0000000000000000     
   1.9230769230769232E-003   5.7692307692307696E-003   1624.1793586265194        1.0000000000000000     
   1.9230769230769232E-003   6.1538461538461538E-003   1624.2866531381235        1.0000000000000000     
   1.9230769230769232E-003   6.5384615384615381E-003   1624.3883879795408        1.0000000000000000     
   1.9230769230769232E-003   6.9230769230769233E-003   1624.4848828506115        1.0000000000000000     
   1.9230769230769232E-003   7.3076923076923076E-003   1624.5764046460972        1.0000000000000000     
   1.9230769230769232E-003   7.6923076923076927E-003   1624.6631352525458        1.0000000000000000     
   1.9230769230769232E-003   8.0769230769230770E-003   1624.7451191438120        1.0000000000000000     
   1.9230769230769232E-003   8.4615384615384613E-003   1624.8221840750466        1.0000000000000000     
   1.9230769230769232E-003   8.8461538461538456E-003   1624.8938428310516        1.0000000000000000     
   1.9230769230769232E-003   9.2307692307692299E-003   1624.9592352155437        1.0000000000000000     
   1.9230769230769232E-003   9.6153846153846159E-003   1625.0172749209482        1.0000000000000000     

   2.3076923076923075E-003   3.8461538461538462E-004   1622.0355589253845        1.0000000000000000     
   2.3076923076923075E-003   7.6923076923076923E-004   1622.2571623765041        1.0000000000000000     
   2.3076923076923075E-003   1.1538461538461537E-003   1622.4689451735380        1.0000000000000000     
   2.3076923076923075E-003   1.5384615384615385E-003   1622.6710094534355        1.0000000000000000     
   2.3076923076923075E-003   1.9230769230769232E-003   1622.8635066101774        1.0000000000000000     
   2.3076923076923075E-003   2.3076923076923075E-003   1623.0466341809952        1.0000000000000000     
   2.3076923076923075E-003   2.6923076923076922E-003   1623.2206318435130        1.0000000000000000     
   2.3076923076923075E-003   3.0769230769230769E-003   1623.3857766462581        1.0000000000000000     
   2.3076923076923075E-003   3.4615384615384616E-003   1623.5423776065268        1.0000000000000000     
   2.3076923076923075E-003   3.8461538461538464E-003   1623.6907698121809        1.0000000000000000     
   2.3076923076923075E-003   4.2307692307692307E-003   1623.8313081519389        1.0000000000000000     
   2.3076923076923075E-003   4.6153846153846149E-003   1623.9643607670532        1.0000000000000000     
   2.3076923076923075E-003   5.0000000000000001E-003   1624.0903022584239        1.0000000000000000     
   2.3076923076923075E-003   5.3846153846153844E-003   1624.2095065848412        1.0000000000000000     
   2.3076923076923075E-003   5.7692307692307696E-003   1624.3223394310246        1.0000000000000000     
   2.3076923076923075E-003   6.1538461538461538E-003   1624.4291495801199        1.0000000000000000     
   2.3076923076923075E-003   6.5384615384615381E-003   1624.5302584601916        1.0000000000000000     
   2.3076923076923075E-003   6.9230769230769233E-003   1624.6259465257640        1.0000000000000000     
   2.3076923076923075E-003   7.3076923076923076E-003   1624.7164345403696        1.0000000000000000     
   2.3076923076923075E-003   7.6923076923076927E-003   1624.8018574588159        1.0000000000000000     
   2.3076923076923075E-003   8.0769230769230770E-003   1624.8822294502959        1.0000000000000000     
   2.3076923076923075E-003   8.4615384615384613E-003   1624.9574030042927        1.0000000000000000     
   2.3076923076923075E-003   8.8461538461538456E-003   1625.0270371804354        1.0000000000000000     
   2.3076923076923075E-003   9.2307692307692299E-003   1625.0906130472304        1.0000000000000000     
   2.3076923076923075E-003   9.6153846153846159E-003   1625.1475555812226        1.0000000000000000     

   2.6923076923076922E-003   3.8461538461538462E-004   1622.1626192039782        1.0000000000000000     
   2.6923076923076922E-003   7.6923076923076923E-004   1622.3842380471256        1.0000000000000000     
   2.6923076923076922E-003   1.1538461538461537E-003   1622.5960289420191        1.0000000000000000     
   2.6923076923076922E-003   1.5384615384615385E-003   1622.7980930667838        1.0000000000000000     
   2.6923076923076922E-003   1.9230769230769232E-003   1622.9905803407928        1.0000000000000000     
   2.6923076923076922E-003   2.3076923076923075E-003   1623.1736862627699        1.0000000000000000     
   2.6923076923076922E-003   2.6923076923076922E-003   1623.3476478372484        1.0000000000000000     
   2.6923076923076922E-003   3.0769230769230769E-003   1623.5127387057164        1.0000000000000000     
   2.6923076923076922E-003   3.4615384615384616E-003   1623.6692636083619        1.0000000000000000     
   2.6923076923076922E-003   3.8461538461538464E-003   1623.8175523028531        1.0000000000000000     
   2.6923076923076922E-003   4.2307692307692307E-003   1623.9579530529466        1.0000000000000000     
   2.6923076923076922E-003   4.6153846153846149E-003   1624.0908257680903        1.0000000000000000     
   2.6923076923076922E-003   5.0000000000000001E-003   1624.2165348208580        1.0000000000000000     
   2.6923076923076922E-003   5.3846153846153844E-003   1624.3354414857736        1.0000000000000000     
   2.6923076923076922E-003   5.7692307692307696E-003   1624.4478958237514        1.0000000000000000     
   2.6923076923076922E-003   6.1538461538461538E-003   1624.5542276766103        1.0000000000000000     
   2.6923076923076922E-003   6.5384615384615381E-003   1624.6547362436570        1.0000000000000000     
   2.6923076923076922E-003   6.9230769230769233E-003   1624.7496775319803        1.0000000000000000     
   2.6923076923076922E-003   7.3076923076923076E-003   1624.8392489390485        1.0000000000000000     
   2.6923076923076922E-003   7.6923076923076927E-003   1624.9235706627046        1.0000000000000000     
   2.6923076923076922E-003   8.0769230769230770E-003   1625.0026651789321        1.0000000000000000     
   2.6923076923076922E-003   8.4615384615384613E-003   1625.0764396582344        1.0000000000000000     
   2.6923076923076922E-003   8.8461538461538456E-003   1625.1446826276770        1.0000000000000000     
   2.6923076923076922E-003   9.2307692307692299E-003   1625.2070935442430        1.0000000000000000     
   2.6923076923076922E-003   9.6153846153846159E-003   1625.2633627522080        1.0000000000000000     

   3.0769230769230769E-003   3.8461538461538462E-004   1622.2723627455221        1.0000000000000000     
   3.0769230769230769E-003   7.6923076923076923E-004   1622.4939938353259        1.0000000000000000     
   3.0769230769230769E-003   1.1538461538461537E-003   1622.7057895459789        1.0000000000000000     
   3.0769230769230769E-003   1.5384615384615385E-003   1622.9078500621513        1.0000000000000000     
   3.0769230769230769E-003   1.9230769230769232E-003   1623.1003237838859        1.0000000000000000     
   3.0769230769230769E-003   2.3076923076923075E-003   1623.2834041265846        1.0000000000000000     
   3.0769230769230769E-003   2.6923076923076922E-003   1623.4573253926076        1.0000000000000000     
   3.0769230769230769E-003   3.0769230769230769E-003   1623.6223578275112        1.0000000000000000     
   3.0769230769230769E-003   3.4615384615384616E-003   1623.7788019831250        1.0000000000000000     
   3.0769230769230769E-003   3.8461538461538464E-003   1623.9269825106180        1.0000000000000000     
   3.0769230769230769E-003   4.2307692307692307E-003   1624.0672414950407        1.0000000000000000     
   3.0769230769230769E-003   4.6153846153846149E-003   1624.1999314164793        1.0000000000000000     
   3.0769230769230769E-003   5.0000000000000001E-003   1624.3254077801973        1.0000000000000000     
   3.0769230769230769E-003   5.3846153846153844E-003   1624.4440213979644        1.0000000000000000     
   3.0769230769230769E-003   5.7692307692307696E-003   1624.5561102271836        1.0000000000000000     
   3.0769230769230769E-003   6.1538461538461538E-003   1624.6619905924613        1.0000000000000000     
   3.0769230769230769E-003   6.5384615384615381E-003   1624.7619475513306        1.0000000000000000     
   3.0769230769230769E-003   6.9230769230769233E-003   1624.8562241801671        1.0000000000000000     
   3.0769230769230769E-003   7.3076923076923076E-003   1624.9450097642596        1.0000000000000000     
   3.0769230769230769E-003   7.6923076923076927E-003   1625.0284274785654        1.0000000000000000     
   3.0769230769230769E-003   8.0769230769230770E-003   1625.1065234181090        1.0000000000000000     
   3.0769230769230769E-003   8.4615384615384613E-003   1625.1792609772219        1.0000000000000000     
   3.0769230769230769E-003   8.8461538461538456E-003   1625.2465272134521        1.0000000000000000     
   3.0769230769230769E-003   9.2307692307692299E-003   1625.3081590394193        1.0000000000000000     
   3.0769230769230769E-003   9.6153846153846159E-003   1625.3639925386908        1.0000000000000000     

   3.4615384615384616E-003   3.8461538461538462E-004   1622.3647754680057        1.0000000000000000     
   3.4615384615384616E-003   7.6923076923076923E-004   1622.5864158881100        1.0000000000000000     
   3.4615384615384616E-003   1.1538461538461537E-003   1622.7982136098462        1.0000000000000000     
   3.4615384615384616E-003   1.5384615384615385E-003   1623.0002678243798        1.0000000000000000     
   3.4615384615384616E-003   1.9230769230769232E-003   1623.1927254213499        1.0000000000000000     
   3.4615384615384616E-003   2.3076923076923075E-003   1623.3757777628580        1.0000000000000000     
   3.4615384615384616E-003   2.6923076923076922E-003   1623.5496565187714        1.0000000000000000     
   3.4615384615384616E-003   3.0769230769230769E-003   1623.7146286754828        1.0000000000000000     
   3.4615384615384616E-003   3.4615384615384616E-003   1623.8709908403446        1.0000000000000000     
   3.4615384615384616E-003   3.8461538461538464E-003   1624.0190629668155        1.0000000000000000     
   3.4615384615384616E-003   4.2307692307692307E-003   1624.1591816178034        1.0000000000000000     
   3.4615384615384616E-003   4.6153846153846149E-003   1624.2916928657330        1.0000000000000000     
   3.4615384615384616E-003   5.0000000000000001E-003   1624.4169448983778        1.0000000000000000     
   3.4615384615384616E-003   5.3846153846153844E-003   1624.5352803616818        1.0000000000000000     
   3.4615384615384616E-003   5.7692307692307696E-003   1624.6470284311404        1.0000000000000000     
   3.4615384615384616E-003   6.1538461538461538E-003   1624.7524965753112        1.0000000000000000     
   3.4615384615384616E-003   6.5384615384615381E-003   1624.8519619850958        1.0000000000000000     
   3.4615384615384616E-003   6.9230769230769233E-003   1624.9456627365005        1.0000000000000000     
   3.4615384615384616E-003   7.3076923076923076E-003   1625.0337890040769        1.0000000000000000     
   3.4615384615384616E-003   7.6923076923076927E-003   1625.1164751367780        1.0000000000000000     
   3.4615384615384616E-003   8.0769230769230770E-003   1625.1937942105699        1.0000000000000000     
   3.4615384615384616E-003   8.4615384615384613E-003   1625.2657576940367        1.0000000000000000     
   3.4615384615384616E-003   8.8461538461538456E-003   1625.3323236262345        1.0000000000000000     
   3.4615384615384616E-003   9.2307692307692299E-003   1625.3934160877589        1.0000000000000000     
   3.4615384615384616E-003   9.6153846153846159E-003   1625.4489551852321        1.0000000000000000     

   3.8461538461538464E-003   3.8461538461538462E-004   1622.4398159550867        1.0000000000000000     
   3.8461538461538464E-003   7.6923076923076923E-004   1622.6614629894939        1.0000000000000000     
   3.8461538461538464E-003   1.1538461538461537E-003   1622.8732603396220        1.0000000000000000     
   3.8461538461538464E-003   1.5384615384615385E-003   1623.0753062314343        1.0000000000000000     
   3.8461538461538464E-003   1.9230769230769232E-003   1623.2677460961522        1.0000000000000000     
   3.8461538461538464E-003   2.3076923076923075E-003   1623.4507693308942        1.0000000000000000     
   3.8461538461538464E-003   2.6923076923076922E-003   1623.6246051163796        1.0000000000000000     
   3.8461538461538464E-003   3.0769230769230769E-003   1623.7895174049597        1.0000000000000000     
   3.8461538461538464E-003   3.4615384615384616E-003   1623.9457992036137        1.0000000000000000     
   3.8461538461538464E-003   3.8461538461538464E-003   1624.0937662822021        1.0000000000000000     
   3.8461538461538464E-003   4.2307692307692307E-003   1624.2337504341624        1.0000000000000000     
   3.8461538461538464E-003   4.6153846153846149E-003   1624.3660924053561        1.0000000000000000     
   3.8461538461538464E-003   5.0000000000000001E-003   1624.4911345887911        1.0000000000000000     
   3.8461538461538464E-003   5.3846153846153844E-003   1624.6092135623092        1.0000000000000000     
   3.8461538461538464E-003   5.7692307692307696E-003   1624.7206525302490        1.0000000000000000     
   3.8461538461538464E-003   6.1538461538461538E-003   1624.8257537314591        1.0000000000000000     
   3.8461538461538464E-003   6.5384615384615381E-003   1624.9247909144888        1.0000000000000000     
   3.8461538461538464E-003   6.9230769230769233E-003   1625.0180020849889        1.0000000000000000     
   3.8461538461538464E-003   7.3076923076923076E-003   1625.1055829330915        1.0000000000000000     
   3.8461538461538464E-003   7.6923076923076927E-003   1625.1876816732724        1.0000000000000000     
   3.8461538461538464E-003   8.0769230769230770E-003   1625.2643964516685        1.0000000000000000     
   3.8461538461538464E-003   8.4615384615384613E-003   1625.3357768582634        1.0000000000000000     
   3.8461538461538464E-003   8.8461538461538456E-003   1625.4018310931328        1.0000000000000000     
   3.8461538461538464E-003   9.2307692307692299E-003   1625.4625394536570        1.0000000000000000     
   3.8461538461538464E-003   9.6153846153846159E-003   1625.5178725990077        1.0000000000000000     

   4.2307692307692307E-003   3.8461538461538462E-004   1622.4974095810810        1.0000000000000000     
   4.2307692307692307E-003   7.6923076923076923E-004   1622.7190606750496        1.0000000000000000     
   4.2307692307692307E-003   1.1538461538461537E-003   1622.9308556172446        1.0000000000000000     
   4.2307692307692307E-003   1.5384615384615385E-003   1623.1328917181706        1.0000000000000000     
   4.2307692307692307E-003   1.9230769230769232E-003   1623.3253130343760        1.0000000000000000     
   4.2307692307692307E-003   2.3076923076923075E-003   1623.5083071274823        1.0000000000000000     
   4.2307692307692307E-003   2.6923076923076922E-003   1623.6821008813274        1.0000000000000000     
   4.2307692307692307E-003   3.0769230769230769E-003   1623.8469554926414        1.0000000000000000     
   4.2307692307692307E-003   3.4615384615384616E-003   1624.0031607637738        1.0000000000000000     
   4.2307692307692307E-003   3.8461538461538464E-003   1624.1510288343779        1.0000000000000000     
   4.2307692307692307E-003   4.2307692307692307E-003   1624.2908874899229        1.0000000000000000     
   4.2307692307692307E-003   4.6153846153846149E-003   1624.4230731795751        1.0000000000000000     
   4.2307692307692307E-003   5.0000000000000001E-003   1624.5479238663931        1.0000000000000000     
   4.2307692307692307E-003   5.3846153846153844E-003   1624.6657718229860        1.0000000000000000     
   4.2307692307692307E-003   5.7692307692307696E-003   1624.7769364821661        1.0000000000000000     
   4.2307692307692307E-003   6.1538461538461538E-003   1624.8817174642411        1.0000000000000000     
   4.2307692307692307E-003   6.5384615384615381E-003   1624.9803879429094        1.0000000000000000     
   4.2307692307692307E-003   6.9230769230769233E-003   1625.0731885942077        1.0000000000000000     
   4.2307692307692307E-003   7.3076923076923076E-003   1625.1603225075364        1.0000000000000000     
   4.2307692307692307E-003   7.6923076923076927E-003   1625.2419516177661        1.0000000000000000     
   4.2307692307692307E-003   8.0769230769230770E-003   1625.3181953986534        1.0000000000000000     
   4.2307692307692307E-003   8.4615384615384613E-003   1625.3891326319826        1.0000000000000000     
   4.2307692307692307E-003   8.8461538461538456E-003   1625.4548068509253        1.0000000000000000     
   4.2307692307692307E-003   9.2307692307692299E-003   1625.5152353444823        1.0000000000000000     
   4.2307692307692307E-003   9.6153846153846159E-003   1625.5704203500977        1.0000000000000000     

   4.6153846153846149E-003   3.8461538461538462E-004   1622.5374441449096        1.0000000000000000     
   4.6153846153846149E-003   7.6923076923076923E-004   1622.7590968592444        1.0000000000000000     
   4.6153846153846149E-003   1.1538461538461537E-003   1622.9708876154714        1.0000000000000000     
   4.6153846153846149E-003   1.5384615384615385E-003   1623.1729128731356        1.0000000000000000     
   4.6153846153846149E-003   1.9230769230769232E-003   1623.3653154187991        1.0000000000000000     
   4.6153846153846149E-003   2.3076923076923075E-003   1623.5482811335107        1.0000000000000000     
   4.6153846153846149E-003   2.6923076923076922E-003   1623.7220348234864        1.0000000000000000     
   4.6153846153846149E-003   3.0769230769230769E-003   1623.8868352321056        1.0000000000000000     
   4.6153846153846149E-003   3.4615384615384616E-003   1624.0429693659971        1.0000000000000000     
   4.6153846153846149E-003   3.8461538461538464E-003   1624.1907462787356        1.0000000000000000     
   4.6153846153846149E-003   4.2307692307692307E-003   1624.3304904598747        1.0000000000000000     
   4.6153846153846149E-003   4.6153846153846149E-003   1624.4625349759610        1.0000000000000000     
   4.6153846153846149E-003   5.0000000000000001E-003   1624.5872145058054        1.0000000000000000     
   4.6153846153846149E-003   5.3846153846153844E-003   1624.7048584079735        1.0000000000000000     
   4.6153846153846149E-003   5.7692307692307696E-003   1624.8157839591645        1.0000000000000000     
   4.6153846153846149E-003   6.1538461538461538E-003   1624.9202899140089        1.0000000000000000     
   4.6153846153846149E-003   6.5384615384615381E-003   1625.0186505665383        1.0000000000000000     
   4.6153846153846149E-003   6.9230769230769233E-003   1625.1111105462141        1.0000000000000000     
   4.6153846153846149E-003   7.3076923076923076E-003   1625.1978806556290        1.0000000000000000     
   4.6153846153846149E-003   7.6923076923076927E-003   1625.2791351378439        1.0000000000000000     
   4.6153846153846149E-003   8.0769230769230770E-003   1625.3550108103925        1.0000000000000000     
   4.6153846153846149E-003   8.4615384615384613E-003   1625.4256084525662        1.0000000000000000     
   4.6153846153846149E-003   8.8461538461538456E-003   1625.4909965949360        1.0000000000000000     
   4.6153846153846149E-003   9.2307692307692299E-003   1625.5512173715360        1.0000000000000000     
   4.6153846153846149E-003   9.6153846153846159E-003   1625.6062934036556        1.0000000000000000     

   5.0000000000000001E-003   3.8461538461538462E-004   1622.5597674277785        1.0000000000000000     
   5.0000000000000001E-003   7.6923076923076923E-004   1622.7814193902711        1.0000000000000000     
   5.0000000000000001E-003   1.1538461538461537E-003   1622.9932043477745        1.0000000000000000     
   5.0000000000000001E-003   1.5384615384615385E-003   1623.1952179821476        1.0000000000000000     
   5.0000000000000001E-003   1.9230769230769232E-003   1623.3876019262234        1.0000000000000000     
   5.0000000000000001E-003   2.3076923076923075E-003   1623.5705405475803        1.0000000000000000     
   5.0000000000000001E-003   2.6923076923076922E-003   1623.7442568034432        1.0000000000000000     
   5.0000000000000001E-003   3.0769230769230769E-003   1623.9090072874901        1.0000000000000000     
   5.0000000000000001E-003   3.4615384615384616E-003   1624.0650766053477        1.0000000000000000     
   5.0000000000000001E-003   3.8461538461538464E-003   1624.2127712280246        1.0000000000000000     
   5.0000000000000001E-003   4.2307692307692307E-003   1624.3524129790183        1.0000000000000000     
   5.0000000000000001E-003   4.6153846153846149E-003   1624.4843323122816        1.0000000000000000     
   5.0000000000000001E-003   5.0000000000000001E-003   1624.6088615364297        1.0000000000000000     
   5.0000000000000001E-003   5.3846153846153844E-003   1624.7263281380074        1.0000000000000000     
   5.0000000000000001E-003   5.7692307692307696E-003   1624.8370483567821        1.0000000000000000     
   5.0000000000000001E-003   6.1538461538461538E-003   1624.9413211724243        1.0000000000000000     
   5.0000000000000001E-003   6.5384615384615381E-003   1625.0394228776606        1.0000000000000000     
   5.0000000000000001E-003   6.9230769230769233E-003   1625.1316024385269        1.0000000000000000     
   5.0000000000000001E-003   7.3076923076923076E-003   1625.2180778727588        1.0000000000000000     
   5.0000000000000001E-003   7.6923076923076927E-003   1625.2990338985171        1.0000000000000000     
   5.0000000000000001E-003   8.0769230769230770E-003   1625.3746210913775        1.0000000000000000     
   5.0000000000000001E-003   8.4615384615384613E-003   1625.4449567006964        1.0000000000000000     
   5.0000000000000001E-003   8.8461538461538456E-003   1625.5101270809323        1.0000000000000000     
   5.0000000000000001E-003   9.2307692307692299E-003   1625.5701913805483        1.0000000000000000     
   5.0000000000000001E-003   9.6153846153846159E-003   1625.6251857578955        1.0000000000000000     

   5.3846153846153844E-003   3.8461538461538462E-004   1622.5641869749111        1.0000000000000000     
   5.3846153846153844E-003   7.6923076923076923E-004   1622.7858358323720        1.0000000000000000     
   5.3846153846153844E-003   1.1538461538461537E-003   1622.9976134523558        1.0000000000000000     
   5.3846153846153844E-003   1.5384615384615385E-003   1623.1996148161829        1.0000000000000000     
   5.3846153846153844E-003   1.9230769230769232E-003   1623.3919805232792        1.0000000000000000     
   5.3846153846153844E-003   2.3076923076923075E-003   1623.5748935968038        1.0000000000000000     
   5.3846153846153844E-003   2.6923076923076922E-003   1623.7485753700178        1.0000000000000000     
   5.3846153846153844E-003   3.0769230769230769E-003   1623.9132805765014        1.0000000000000000     
   5.3846153846153844E-003   3.4615384615384616E-003   1624.0692917843348        1.0000000000000000     
   5.3846153846153844E-003   3.8461538461538464E-003   1624.2169133279913        1.0000000000000000     
   5.3846153846153844E-003   4.2307692307692307E-003   1624.3564648994775        1.0000000000000000     
   5.3846153846153844E-003   4.6153846153846149E-003   1624.4882749629671        1.0000000000000000     
   5.3846153846153844E-003   5.0000000000000001E-003   1624.6126741560208        1.0000000000000000     
   5.3846153846153844E-003   5.3846153846153844E-003   1624.7299888374891        1.0000000000000000     
   5.3846153846153844E-003   5.7692307692307696E-003   1624.8405349393852        1.0000000000000000     
   5.3846153846153844E-003   6.1538461538461538E-003   1624.9446122794652        1.0000000000000000     
   5.3846153846153844E-003   6.5384615384615381E-003   1625.0424994940263        1.0000000000000000     
   5.3846153846153844E-003   6.9230769230769233E-003   1625.1344497554112        1.0000000000000000     
   5.3846153846153844E-003   7.3076923076923076E-003   1625.2206874407041        1.0000000000000000     
   5.3846153846153844E-003   7.6923076923076927E-003   1625.3014059071702        1.0000000000000000     
   5.3846153846153844E-003   8.0769230769230770E-003   1625.3767664902200        1.0000000000000000     
   5.3846153846153844E-003   8.4615384615384613E-003   1625.4468987533289        1.0000000000000000     
   5.3846153846153844E-003   8.8461538461538456E-003   1625.5119018748576        1.0000000000000000     
   5.3846153846153844E-003   9.2307692307692299E-003   1625.5718468624170        1.0000000000000000     
   5.3846153846153844E-003   9.6153846153846159E-003   1625.6267790856698        1.0000000000000000     

   5.7692307692307696E-003   3.8461538461538462E-004   1622.5504722665019        1.0000000000000000     
   5.7692307692307696E-003   7.6923076923076923E-004   1622.7721156402599        1.0000000000000000     
   5.7692307692307696E-003   1.1538461538461537E-003   1622.9838843736918        1.0000000000000000     
   5.7692307692307696E-003   1.5384615384615385E-003   1623.1858728248803        1.0000000000000000     
   5.7692307692307696E-003   1.9230769230769232E-003   1623.3782206786966        1.0000000000000000     
   5.7692307692307696E-003   2.3076923076923075E-003   1623.5611097776871        1.0000000000000000     
   5.7692307692307696E-003   2.6923076923076922E-003   1623.7347600440198        1.0000000000000000     
   5.7692307692307696E-003   3.0769230769230769E-003   1623.8994246174877        1.0000000000000000     
   5.7692307692307696E-003   3.4615384615384616E-003   1624.0553843521589        1.0000000000000000     
   5.7692307692307696E-003   3.8461538461538464E-003   1624.2029418285979        1.0000000000000000     
   5.7692307692307696E-003   4.2307692307692307E-003   1624.3424150469421        1.0000000000000000     
   5.7692307692307696E-003   4.6153846153846149E-003   1624.4741309691422        1.0000000000000000     
   5.7692307692307696E-003   5.0000000000000001E-003   1624.5984190771276        1.0000000000000000     
   5.7692307692307696E-003   5.3846153846153844E-003   1624.7156051090637        1.0000000000000000     
   5.7692307692307696E-003   5.7692307692307696E-003   1624.8260051294046        1.0000000000000000     
   5.7692307692307696E-003   6.1538461538461538E-003   1624.9299200814110        1.0000000000000000     
   5.7692307692307696E-003   6.5384615384615381E-003   1625.0276309633816        1.0000000000000000     
   5.7692307692307696E-003   6.9230769230769233E-003   1625.1193947606548        1.0000000000000000     
   5.7692307692307696E-003   7.3076923076923076E-003   1625.2054412508667        1.0000000000000000     
   5.7692307692307696E-003   7.6923076923076927E-003   1625.2859707735538        1.0000000000000000     
   5.7692307692307696E-003   8.0769230769230770E-003   1625.3611530088308        1.0000000000000000     
   5.7692307692307696E-003   8.4615384615384613E-003   1625.4311267362684        1.0000000000000000     
   5.7692307692307696E-003   8.8461538461538456E-003   1625.4960004429886        1.0000000000000000     
   5.7692307692307696E-003   9.2307692307692299E-003   1625.5558535310458        1.0000000000000000     
   5.7692307692307696E-003   9.6153846153846159E-003   1625.6107377677245        1.0000000000000000     

   6.1538461538461538E-003   3.8461538461538462E-004   1622.5183592954349        1.0000000000000000     
   6.1538461538461538E-003   7.6923076923076923E-004   1622.7399947425670        1.0000000000000000     
   6.1538461538461538E-003   1.1538461538461537E-003   1622.9517529571824        1.0000000000000000     
   6.1538461538461538E-003   1.5384615384615385E-003   1623.1537277490054        1.0000000000000000     
   6.1538461538461538E-003   1.9230769230769232E-003   1623.3460580020733        1.0000000000000000     
   6.1538461538461538E-003   2.3076923076923075E-003   1623.5289245323629        1.0000000000000000     
   6.1538461538461538E-003   2.6923076923076922E-003   1623.7025460468462        1.0000000000000000     
   6.1538461538461538E-003   3.0769230769230769E-003   1623.8671743302518        1.0000000000000000     
   6.1538461538461538E-003   3.4615384615384616E-003   1624.0230888038300        1.0000000000000000     
   6.1538461538461538E-003   3.8461538461538464E-003   1624.1705906149757        1.0000000000000000     
   6.1538461538461538E-003   4.2307692307692307E-003   1624.3099964250659        1.0000000000000000     
   6.1538461538461538E-003   4.6153846153846149E-003   1624.4416320655994        1.0000000000000000     
   6.1538461538461538E-003   5.0000000000000001E-003   1624.5658262302766        1.0000000000000000     
   6.1538461538461538E-003   5.3846153846153844E-003   1624.6829043640755        1.0000000000000000     
   6.1538461538461538E-003   5.7692307692307696E-003   1624.7931829005079        1.0000000000000000     
   6.1538461538461538E-003   6.1538461538461538E-003   1624.8969639858872        1.0000000000000000     
   6.1538461538461538E-003   6.5384615384615381E-003   1624.9945308147528        1.0000000000000000     
   6.1538461538461538E-003   6.9230769230769233E-003   1625.0861436824775        1.0000000000000000     
   6.1538461538461538E-003   7.3076923076923076E-003   1625.1720368376498        1.0000000000000000     
   6.1538461538461538E-003   7.6923076923076927E-003   1625.2524161843614        1.0000000000000000     
   6.1538461538461538E-003   8.0769230769230770E-003   1625.3274578398371        1.0000000000000000     
   6.1538461538461538E-003   8.4615384615384613E-003   1625.3973074936378        1.0000000000000000     
   6.1538461538461538E-003   8.8461538461538456E-003   1625.4620804437361        1.0000000000000000     
   6.1538461538461538E-003   9.2307692307692299E-003   1625.5218621118668        1.0000000000000000     
   6.1538461538461538E-003   9.6153846153846159E-003   1625.5767087843960        1.0000000000000000     

   6.5384615384615381E-003   3.8461538461538462E-004   1622.4675574186435        1.0000000000000000     
   6.5384615384615381E-003   7.6923076923076923E-004   1622.6891824005374        1.0000000000000000     
   6.5384615384615381E-003   1.1538461538461537E-003   1622.9009283217913        1.0000000000000000     
   6.5384615384615381E-003   1.5384615384615385E-003   1623.1028885146643        1.0000000000000000     
   6.5384615384615381E-003   1.9230769230769232E-003   1623.2952011688285        1.0000000000000000     
   6.5384615384615381E-003   2.3076923076923075E-003   1623.4780462157009        1.0000000000000000     
   6.5384615384615381E-003   2.6923076923076922E-003   1623.6516413240538        1.0000000000000000     
   6.5384615384615381E-003   3.0769230769230769E-003   1623.8162371339915        1.0000000000000000     
   6.5384615384615381E-003   3.4615384615384616E-003   1623.9721118745690        1.0000000000000000     
   6.5384615384615381E-003   3.8461538461538464E-003   1624.1195655248257        1.0000000000000000     
   6.5384615384615381E-003   4.2307692307692307E-003   1624.2589136864337        1.0000000000000000     
   6.5384615384615381E-003   4.6153846153846149E-003   1624.3904813382071        1.0000000000000000     
   6.5384615384615381E-003   5.0000000000000001E-003   1624.5145966392868        1.0000000000000000     
   6.5384615384615381E-003   5.3846153846153844E-003   1624.6315849392670        1.0000000000000000     
   6.5384615384615381E-003   5.7692307692307696E-003   1624.7417631408341        1.0000000000000000     
   6.5384615384615381E-003   6.1538461538461538E-003   1624.8454345442335        1.0000000000000000     
   6.5384615384615381E-003   6.5384615384615381E-003   1624.9428842832738        1.0000000000000000     
   6.5384615384615381E-003   6.9230769230769233E-003   1625.0343754393743        1.0000000000000000     
   6.5384615384615381E-003   7.3076923076923076E-003   1625.1201458924290        1.0000000000000000     
   6.5384615384615381E-003   7.6923076923076927E-003   1625.2004059336896        1.0000000000000000     
   6.5384615384615381E-003   8.0769230769230770E-003   1625.2753366255372        1.0000000000000000     
   6.5384615384615381E-003   8.4615384615384613E-003   1625.3450888463096        1.0000000000000000     
   6.5384615384615381E-003   8.8461538461538456E-003   1625.4097829088785        1.0000000000000000     
   6.5384615384615381E-003   9.2307692307692299E-003   1625.4695085965793        1.0000000000000000     
   6.5384615384615381E-003   9.6153846153846159E-003   1625.5243254309405        1.0000000000000000     

   6.9230769230769233E-003   3.8461538461538462E-004   1622.3977582043499        1.0000000000000000     
   6.9230769230769233E-003   7.6923076923076923E-004   1622.6193700635733        1.0000000000000000     
   6.9230769230769233E-003   1.1538461538461537E-003   1622.8311017310687        1.0000000000000000     
   6.9230769230769233E-003   1.5384615384615385E-003   1623.0330461277761        1.0000000000000000     
   6.9230769230769233E-003   1.9230769230769232E-003   1623.2253408473530        1.0000000000000000     
   6.9230769230769233E-003   2.3076923076923075E-003   1623.4081650659950        1.0000000000000000     
   6.9230769230769233E-003   2.6923076923076922E-003   1623.5817355725205        1.0000000000000000     
   6.9230769230769233E-003   3.0769230769230769E-003   1623.7463020462592        1.0000000000000000     
   6.9230769230769233E-003   3.4615384615384616E-003   1623.9021417283579        1.0000000000000000     
   6.9230769230769233E-003   3.8461538461538464E-003   1624.0495536465451        1.0000000000000000     
   6.9230769230769233E-003   4.2307692307692307E-003   1624.1888525614240        1.0000000000000000     
   6.9230769230769233E-003   4.6153846153846149E-003   1624.3203628038389        1.0000000000000000     
   6.9230769230769233E-003   5.0000000000000001E-003   1624.4444121682443        1.0000000000000000     
   6.9230769230769233E-003   5.3846153846153844E-003   1624.5613260169907        1.0000000000000000     
   6.9230769230769233E-003   5.7692307692307696E-003   1624.6714217354800        1.0000000000000000     
   6.9230769230769233E-003   6.1538461538461538E-003   1624.7750036591535        1.0000000000000000     
   6.9230769230769233E-003   6.5384615384615381E-003   1624.8723585707235        1.0000000000000000     
   6.9230769230769233E-003   6.9230769230769233E-003   1624.9637518400125        1.0000000000000000     
   6.9230769230769233E-003   7.3076923076923076E-003   1625.0494242495897        1.0000000000000000     
   6.9230769230769233E-003   7.6923076923076927E-003   1625.1295895167109        1.0000000000000000     
   6.9230769230769233E-003   8.0769230769230770E-003   1625.2044324865551        1.0000000000000000     
   6.9230769230769233E-003   8.4615384615384613E-003   1625.2741079347845        1.0000000000000000     
   6.9230769230769233E-003   8.8461538461538456E-003   1625.3387398821578        1.0000000000000000     
   6.9230769230769233E-003   9.2307692307692299E-003   1625.3984212955752        1.0000000000000000     
   6.9230769230769233E-003   9.6153846153846159E-003   1625.4532140353563        1.0000000000000000     

   7.3076923076923076E-003   3.8461538461538462E-004   1622.3086458679525        1.0000000000000000     
   7.3076923076923076E-003   7.6923076923076923E-004   1622.5302418138840        1.0000000000000000     
   7.3076923076923076E-003   1.1538461538461537E-003   1622.7419570537820        1.0000000000000000     
   7.3076923076923076E-003   1.5384615384615385E-003   1622.9438841585225        1.0000000000000000     
   7.3076923076923076E-003   1.9230769230769232E-003   1623.1361602160068        1.0000000000000000     
   7.3076923076923076E-003   2.3076923076923075E-003   1623.3189637643895        1.0000000000000000     
   7.3076923076923076E-003   2.6923076923076922E-003   1623.4925108535172        1.0000000000000000     
   7.3076923076923076E-003   3.0769230769230769E-003   1623.6570503622543        1.0000000000000000     
   7.3076923076923076E-003   3.4615384615384616E-003   1623.8128587172341        1.0000000000000000     
   7.3076923076923076E-003   3.8461538461538464E-003   1623.9602341728671        1.0000000000000000     
   7.3076923076923076E-003   4.2307692307692307E-003   1624.0994908200262        1.0000000000000000     
   7.3076923076923076E-003   4.6153846153846149E-003   1624.2309524916500        1.0000000000000000     
   7.3076923076923076E-003   5.0000000000000001E-003   1624.3549467280668        1.0000000000000000     
   7.3076923076923076E-003   5.3846153846153844E-003   1624.4717989534392        1.0000000000000000     
   7.3076923076923076E-003   5.7692307692307696E-003   1624.5818269983001        1.0000000000000000     
   7.3076923076923076E-003   6.1538461538461538E-003   1624.6853360823227        1.0000000000000000     
   7.3076923076923076E-003   6.5384615384615381E-003   1624.7826143471427        1.0000000000000000     
   7.3076923076923076E-003   6.9230769230769233E-003   1624.8739290018300        1.0000000000000000     
   7.3076923076923076E-003   7.3076923076923076E-003   1624.9595231141523        1.0000000000000000     
   7.3076923076923076E-003   7.6923076923076927E-003   1625.0396130498966        1.0000000000000000     
   7.3076923076923076E-003   8.0769230769230770E-003   1625.1143865312320        1.0000000000000000     
   7.3076923076923076E-003   8.4615384615384613E-003   1625.1840012551315        1.0000000000000000     
   7.3076923076923076E-003   8.8461538461538456E-003   1625.2485839870037        1.0000000000000000     
   7.3076923076923076E-003   9.2307692307692299E-003   1625.3082300262085        1.0000000000000000     
   7.3076923076923076E-003   9.6153846153846159E-003   1625.3630029335532        1.0000000000000000     

   7.6923076923076927E-003   3.8461538461538462E-004   1622.1999087831587        1.0000000000000000     
   7.6923076923076927E-003   7.6923076923076923E-004   1622.4214858863268        1.0000000000000000     
   7.6923076923076927E-003   1.1538461538461537E-003   1622.6331822994118        1.0000000000000000     
   7.6923076923076927E-003   1.5384615384615385E-003   1622.8350902998402        1.0000000000000000     
   7.6923076923076927E-003   1.9230769230769232E-003   1623.0273465525313        1.0000000000000000     
   7.6923076923076927E-003   2.3076923076923075E-003   1623.2101290638602        1.0000000000000000     
   7.6923076923076927E-003   2.6923076923076922E-003   1623.3836532706457        1.0000000000000000     
   7.6923076923076927E-003   3.0769230769230769E-003   1623.5481673917361        1.0000000000000000     
   7.6923076923076927E-003   3.4615384615384616E-003   1623.7039471874550        1.0000000000000000     
   7.6923076923076927E-003   3.8461538461538464E-003   1623.8512902861983        1.0000000000000000     
   7.6923076923076927E-003   4.2307692307692307E-003   1623.9905102446805        1.0000000000000000     
   7.6923076923076927E-003   4.6153846153846149E-003   1624.1219305086327        1.0000000000000000     
   7.6923076923076927E-003   5.0000000000000001E-003   1624.2458784345260        1.0000000000000000     
   7.6923076923076927E-003   5.3846153846153844E-003   1624.3626795205901        1.0000000000000000     
   7.6923076923076927E-003   5.7692307692307696E-003   1624.4726519778924        1.0000000000000000     
   7.6923076923076927E-003   6.1538461538461538E-003   1624.5761017502630        1.0000000000000000     
   7.6923076923076927E-003   6.5384615384615381E-003   1624.6733180666688        1.0000000000000000     
   7.6923076923076927E-003   6.9230769230769233E-003   1624.7645695818965        1.0000000000000000     
   7.6923076923076927E-003   7.3076923076923076E-003   1624.8501011325295        1.0000000000000000     
   7.6923076923076927E-003   7.6923076923076927E-003   1624.9301311060347        1.0000000000000000     
   7.6923076923076927E-003   8.0769230769230770E-003   1625.0048493929273        1.0000000000000000     
   7.6923076923076927E-003   8.4615384615384613E-003   1625.0744158669879        1.0000000000000000     
   7.6923076923076927E-003   8.8461538461538456E-003   1625.1389593186984        1.0000000000000000     
   7.6923076923076927E-003   9.2307692307692299E-003   1625.1985767545045        1.0000000000000000     
   7.6923076923076927E-003   9.6153846153846159E-003   1625.2533329723103        1.0000000000000000     

   8.0769230769230770E-003   3.8461538461538462E-004   1622.0712514785728        1.0000000000000000     
   8.0769230769230770E-003   7.6923076923076923E-004   1622.2928066733257        1.0000000000000000     
   8.0769230769230770E-003   1.1538461538461537E-003   1622.5044816377367        1.0000000000000000     
   8.0769230769230770E-003   1.5384615384615385E-003   1622.7063684082786        1.0000000000000000     
   8.0769230769230770E-003   1.9230769230769232E-003   1622.8986033031504        1.0000000000000000     
   8.0769230769230770E-003   2.3076923076923075E-003   1623.0813638938957        1.0000000000000000     
   8.0769230769230770E-003   2.6923076923076922E-003   1623.2548651177267        1.0000000000000000     
   8.0769230769230770E-003   3.0769230769230769E-003   1623.4193546578663        1.0000000000000000     
   8.0769230769230770E-003   3.4615384615384616E-003   1623.5751077367511        1.0000000000000000     
   8.0769230769230770E-003   3.8461538461538464E-003   1623.7224214807575        1.0000000000000000     
   8.0769230769230770E-003   4.2307692307692307E-003   1623.8616090219330        1.0000000000000000     
   8.0769230769230770E-003   4.6153846153846149E-003   1623.9929935021282        1.0000000000000000     
   8.0769230769230770E-003   5.0000000000000001E-003   1624.1169021380858        1.0000000000000000     
   8.0769230769230770E-003   5.3846153846153844E-003   1624.2336604931031        1.0000000000000000     
   8.0769230769230770E-003   5.7692307692307696E-003   1624.3435870826556        1.0000000000000000     
   8.0769230769230770E-003   6.1538461538461538E-003   1624.4469884187840        1.0000000000000000     
   8.0769230769230770E-003   6.5384615384615381E-003   1624.5441545723345        1.0000000000000000     
   8.0769230769230770E-003   6.9230769230769233E-003   1624.6353553045483        1.0000000000000000     
   8.0769230769230770E-003   7.3076923076923076E-003   1624.7208367911653        1.0000000000000000     
   8.0769230769230770E-003   7.6923076923076927E-003   1624.8008189346972        1.0000000000000000     
   8.0769230769230770E-003   8.0769230769230770E-003   1624.8754932352010        1.0000000000000000     
   8.0769230769230770E-003   8.4615384615384613E-003   1624.9450211683486        1.0000000000000000     
   8.0769230769230770E-003   8.8461538461538456E-003   1625.0095330036136        1.0000000000000000     
   8.0769230769230770E-003   9.2307692307692299E-003   1625.0691269864783        1.0000000000000000     
   8.0769230769230770E-003   9.6153846153846159E-003   1625.1238688085957        1.0000000000000000     

   8.4615384615384613E-003   3.8461538461538462E-004   1621.9224064884997        1.0000000000000000     
   8.4615384615384613E-003   7.6923076923076923E-004   1622.1439365832759        1.0000000000000000     
   8.4615384615384613E-003   1.1538461538461537E-003   1622.3555872704369        1.0000000000000000     
   8.4615384615384613E-003   1.5384615384615385E-003   1622.5574503945609        1.0000000000000000     
   8.4615384615384613E-003   1.9230769230769232E-003   1622.7496619979779        1.0000000000000000     
   8.4615384615384613E-003   2.3076923076923075E-003   1622.9323993067787        1.0000000000000000     
   8.4615384615384613E-003   2.6923076923076922E-003   1623.1058768620317        1.0000000000000000     
   8.4615384615384613E-003   3.0769230769230769E-003   1623.2703419232228        1.0000000000000000     
   8.4615384615384613E-003   3.4615384615384616E-003   1623.4260692883581        1.0000000000000000     
   8.4615384615384613E-003   3.8461538461538464E-003   1623.5733556887087        1.0000000000000000     
   8.4615384615384613E-003   4.2307692307692307E-003   1623.7125139227637        1.0000000000000000     
   8.4615384615384613E-003   4.6153846153846149E-003   1623.8438668935319        1.0000000000000000     
   8.4615384615384613E-003   5.0000000000000001E-003   1623.9677417060691        1.0000000000000000     
   8.4615384615384613E-003   5.3846153846153844E-003   1624.0844639687386        1.0000000000000000     
   8.4615384615384613E-003   5.7692307692307696E-003   1624.1943524230132        1.0000000000000000     
   8.4615384615384613E-003   6.1538461538461538E-003   1624.2977140037049        1.0000000000000000     
   8.4615384615384613E-003   6.5384615384615381E-003   1624.3948394056738        1.0000000000000000     
   8.4615384615384613E-003   6.9230769230769233E-003   1624.4859992055924        1.0000000000000000     
   8.4615384615384613E-003   7.3076923076923076E-003   1624.5714405597412        1.0000000000000000     
   8.4615384615384613E-003   7.6923076923076927E-003   1624.6513844725373        1.0000000000000000     
   8.4615384615384613E-003   8.0769230769230770E-003   1624.7260236069790        1.0000000000000000     
   8.4615384615384613E-003   8.4615384615384613E-003   1624.7955205890403        1.0000000000000000     
   8.4615384615384613E-003   8.8461538461538456E-003   1624.8600067444484        1.0000000000000000     
   8.4615384615384613E-003   9.2307692307692299E-003   1624.9195811995580        1.0000000000000000     
   8.4615384615384613E-003   9.6153846153846159E-003   1624.9743102792590        1.0000000000000000     

   8.8461538461538456E-003   3.8461538461538462E-004   1621.7531454226933        1.0000000000000000     
   8.8461538461538456E-003   7.6923076923076923E-004   1621.9746471169249        1.0000000000000000     
   8.8461538461538456E-003   1.1538461538461537E-003   1622.1862705188751        1.0000000000000000     
   8.8461538461538456E-003   1.5384615384615385E-003   1622.3881073275420        1.0000000000000000     
   8.8461538461538456E-003   1.9230769230769232E-003   1622.5802933760074        1.0000000000000000     
   8.8461538461538456E-003   2.3076923076923075E-003   1622.7630056284381        1.0000000000000000     
   8.8461538461538456E-003   2.6923076923076922E-003   1622.9364583256354        1.0000000000000000     
   8.8461538461538456E-003   3.0769230769230769E-003   1623.1008984059501        1.0000000000000000     
   8.8461538461538456E-003   3.4615384615384616E-003   1623.2566003455463        1.0000000000000000     
   8.8461538461538456E-003   3.8461538461538464E-003   1623.4038605754643        1.0000000000000000     
   8.8461538461538456E-003   4.2307692307692307E-003   1623.5429916392852        1.0000000000000000     
   8.8461538461538456E-003   4.6153846153846149E-003   1623.6743162545099        1.0000000000000000     
   8.8461538461538456E-003   5.0000000000000001E-003   1623.7981614332721        1.0000000000000000     
   8.8461538461538456E-003   5.3846153846153844E-003   1623.9148528042906        1.0000000000000000     
   8.8461538461538456E-003   5.7692307692307696E-003   1624.0247092590650        1.0000000000000000     
   8.8461538461538456E-003   6.1538461538461538E-003   1624.1280380221731        1.0000000000000000     
   8.8461538461538456E-003   6.5384615384615381E-003   1624.2251302196978        1.0000000000000000     
   8.8461538461538456E-003   6.9230769230769233E-003   1624.3162569925576        1.0000000000000000     
   8.8461538461538456E-003   7.3076923076923076E-003   1624.4016661744793        1.0000000000000000     
   8.8461538461538456E-003   7.6923076923076927E-003   1624.4815795289546        1.0000000000000000     
   8.8461538461538456E-003   8.0769230769230770E-003   1624.5561905173113        1.0000000000000000     
   8.8461538461538456E-003   8.4615384615384613E-003   1624.6256625523245        1.0000000000000000     
   8.8461538461538456E-003   8.8461538461538456E-003   1624.6901276797535        1.0000000000000000     
   8.8461538461538456E-003   9.2307692307692299E-003   1624.7496856246846        1.0000000000000000     
   8.8461538461538456E-003   9.6153846153846159E-003   1624.8044031414740        1.0000000000000000     

   9.2307692307692299E-003   3.8461538461538462E-004   1621.5632886538367        1.0000000000000000     
   9.2307692307692299E-003   7.6923076923076923E-004   1621.7847585603729        1.0000000000000000     
   9.2307692307692299E-003   1.1538461538461537E-003   1621.9963515264244        1.0000000000000000     
   9.2307692307692299E-003   1.5384615384615385E-003   1622.1981591496992        1.0000000000000000     
   9.2307692307692299E-003   1.9230769230769232E-003   1622.3903171175598        1.0000000000000000     
   9.2307692307692299E-003   2.3076923076923075E-003   1622.5730022115263        1.0000000000000000     
   9.2307692307692299E-003   2.6923076923076922E-003   1622.7464284626249        1.0000000000000000     
   9.2307692307692299E-003   3.0769230769230769E-003   1622.9108425841453        1.0000000000000000     
   9.2307692307692299E-003   3.4615384615384616E-003   1623.0665188255359        1.0000000000000000     
   9.2307692307692299E-003   3.8461538461538464E-003   1623.2137534044462        1.0000000000000000     
   9.2307692307692299E-003   4.2307692307692307E-003   1623.3528586801813        1.0000000000000000     
   9.2307692307692299E-003   4.6153846153846149E-003   1623.4841572309763        1.0000000000000000     
   9.2307692307692299E-003   5.0000000000000001E-003   1623.6079759898455        1.0000000000000000     
   9.2307692307692299E-003   5.3846153846153844E-003   1623.7246405798726        1.0000000000000000     
   9.2307692307692299E-003   5.7692307692307696E-003   1623.8344699707429        1.0000000000000000     
   9.2307692307692299E-003   6.1538461538461538E-003   1623.9377715551570        1.0000000000000000     
   9.2307692307692299E-003   6.5384615384615381E-003   1624.0348367178833        1.0000000000000000     
   9.2307692307692299E-003   6.9230769230769233E-003   1624.1259369432187        1.0000000000000000     
   9.2307692307692299E-003   7.3076923076923076E-003   1624.2113204799095        1.0000000000000000     
   9.2307692307692299E-003   7.6923076923076927E-003   1624.2912095578274        1.0000000000000000     
   9.2307692307692299E-003   8.0769230769230770E-003   1624.3657981292192        1.0000000000000000     
   9.2307692307692299E-003   8.4615384615384613E-003   1624.4352500905823        1.0000000000000000     
   9.2307692307692299E-003   8.8461538461538456E-003   1624.4996979300165        1.0000000000000000     
   9.2307692307692299E-003   9.2307692307692299E-003   1624.5592417401003        1.0000000000000000     
   9.2307692307692299E-003   9.6153846153846159E-003   1624.6139485385747        1.0000000000000000     

   9.6153846153846159E-003   3.8461538461538462E-004   1621.3527130889233        1.0000000000000000     
   9.6153846153846159E-003   7.6923076923076923E-004   1621.5741477607039        1.0000000000000000     
   9.6153846153846159E-003   1.1538461538461537E-003   1621.7857070412203        1.0000000000000000     
   9.6153846153846159E-003   1.5384615384615385E-003   1621.9874824698632        1.0000000000000000     
   9.6153846153846159E-003   1.9230769230769232E-003   1622.1796096497740        1.0000000000000000     
   9.6153846153846159E-003   2.3076923076923075E-003   1622.3622652563772        1.0000000000000000     
   9.6153846153846159E-003   2.6923076923076922E-003   1622.5356631979455        1.0000000000000000     
   9.6153846153846159E-003   3.0769230769230769E-003   1622.7000500546685        1.0000000000000000     
   9.6153846153846159E-003   3.4615384615384616E-003   1622.8556999397774        1.0000000000000000     
   9.6153846153846159E-003   3.8461538461538464E-003   1623.0029089394843        1.0000000000000000     
   9.6153846153846159E-003   4.2307692307692307E-003   1623.1419892947349        1.0000000000000000     
   9.6153846153846159E-003   4.6153846153846149E-003   1623.2732634868028        1.0000000000000000     
   9.6153846153846159E-003   5.0000000000000001E-003   1623.3970583810187        1.0000000000000000     
   9.6153846153846159E-003   5.3846153846153844E-003   1623.5136995689872        1.0000000000000000     
   9.6153846153846159E-003   5.7692307692307696E-003   1623.6235060305089        1.0000000000000000     
   9.6153846153846159E-003   6.1538461538461538E-003   1623.7267852132170        1.0000000000000000     
   9.6153846153846159E-003   6.5384615384615381E-003   1623.8238286021315        1.0000000000000000     
   9.6153846153846159E-003   6.9230769230769233E-003   1623.9149078243863        1.0000000000000000     
   9.6153846153846159E-003   7.3076923076923076E-003   1624.0002713079393        1.0000000000000000     
   9.6153846153846159E-003   7.6923076923076927E-003   1624.0801414885282        1.0000000000000000     
   9.6153846153846159E-003   8.0769230769230770E-003   1624.1547125381055        1.0000000000000000     
   9.6153846153846159E-003   8.4615384615384613E-003   1624.2241485715927        1.0000000000000000     
   9.6153846153846159E-003   8.8461538461538456E-003   1624.2885822779822        1.0000000000000000     
   9.6153846153846159E-003   9.2307692307692299E-003   1624.3481139173800        1.0000000000000000     
   9.6153846153846159E-003   9.6153846153846159E-003   1624.4028106278768        1.0000000000000000     

