   3.8461538461538462E-004   3.8461538461538462E-004   1620.9743054498272        1.0000000000000000     
   3.8461538461538462E-004   7.6923076923076923E-004   1621.1960491850032        1.0000000000000000     
   3.8461538461538462E-004   1.1538461538461537E-003   1621.4082932543643        1.0000000000000000     
   3.8461538461538462E-004   1.5384615384615385E-003   1621.6111303351047        1.0000000000000000     
   3.8461538461538462E-004   1.9230769230769232E-003   1621.8046982481696        1.0000000000000000     
   3.8461538461538462E-004   2.3076923076923075E-003   1621.9891776157310        1.0000000000000000     
   3.8461538461538462E-004   2.6923076923076922E-003   1622.1647888862947        1.0000000000000000     
   3.8461538461538462E-004   3.0769230769230769E-003   1622.3317888602071        1.0000000000000000     
   3.8461538461538462E-004   3.4615384615384616E-003   1622.4904668779943        1.0000000000000000     
   3.8461538461538462E-004   3.8461538461538464E-003   1622.6411408686913        1.0000000000000000     
   3.8461538461538462E-004   4.2307692307692307E-003   1622.7841534971690        1.0000000000000000     
   3.8461538461538462E-004   4.6153846153846149E-003   1622.9198687067599        1.0000000000000000     
   3.8461538461538462E-004   5.0000000000000001E-003   1623.0486690412195        1.0000000000000000     
   3.8461538461538462E-004   5.3846153846153844E-003   1623.1709542765659        1.0000000000000000     
   3.8461538461538462E-004   5.7692307692307696E-003   1623.2871421528571        1.0000000000000000     
   3.8461538461538462E-004   6.1538461538461538E-003   1623.3976724789809        1.0000000000000000     
   3.8461538461538462E-004   6.5384615384615381E-003   1623.5030168271821        1.0000000000000000     
   3.8461538461538462E-004   6.9230769230769233E-003   1623.6036979824851        1.0000000000000000     
   3.8461538461538462E-004   7.3076923076923076E-003   1623.7003276084477        1.0000000000000000     
   3.8461538461538462E-004   7.6923076923076927E-003   1623.7936808252355        1.0000000000000000     
   3.8461538461538462E-004   8.0769230769230770E-003   1623.8848530152800        1.0000000000000000     
   3.8461538461538462E-004   8.4615384615384613E-003   1623.9756202808844        1.0000000000000000     
   3.8461538461538462E-004   8.8461538461538456E-003   1624.0693644714161        1.0000000000000000     
   3.8461538461538462E-004   9.2307692307692299E-003   1624.1737488843469        1.0000000000000000     
   3.8461538461538462E-004   9.6153846153846159E-003   1624.3094131508599        1.0000000000000000     

   7.6923076923076923E-004   3.8461538461538462E-004   1621.1882079014094        1.0000000000000000     
   7.6923076923076923E-004   7.6923076923076923E-004   1621.4099859282812        1.0000000000000000     
   7.6923076923076923E-004   1.1538461538461537E-003   1621.6222610866623        1.0000000000000000     
   7.6923076923076923E-004   1.5384615384615385E-003   1621.8251258508149        1.0000000000000000     
   7.6923076923076923E-004   1.9230769230769232E-003   1622.0187177222358        1.0000000000000000     
   7.6923076923076923E-004   2.3076923076923075E-003   1622.2032168664916        1.0000000000000000     
   7.6923076923076923E-004   2.6923076923076922E-003   1622.3788431066046        1.0000000000000000     
   7.6923076923076923E-004   3.0769230769230769E-003   1622.5458524009941        1.0000000000000000     
   7.6923076923076923E-004   3.4615384615384616E-003   1622.7045329608409        1.0000000000000000     
   7.6923076923076923E-004   3.8461538461538464E-003   1622.8552011915738        1.0000000000000000     
   7.6923076923076923E-004   4.2307692307692307E-003   1622.9981976767554        1.0000000000000000     
   7.6923076923076923E-004   4.6153846153846149E-003   1623.1338834650680        1.0000000000000000     
   7.6923076923076923E-004   5.0000000000000001E-003   1623.2626369812533        1.0000000000000000     
   7.6923076923076923E-004   5.3846153846153844E-003   1623.3848519746805        1.0000000000000000     
   7.6923076923076923E-004   5.7692307692307696E-003   1623.5009370693808        1.0000000000000000     
   7.6923076923076923E-004   6.1538461538461538E-003   1623.6113177262894        1.0000000000000000     
   7.6923076923076923E-004   6.5384615384615381E-003   1623.7164418292525        1.0000000000000000     
   7.6923076923076923E-004   6.9230769230769233E-003   1623.8167907131651        1.0000000000000000     
   7.6923076923076923E-004   7.3076923076923076E-003   1623.9128981600215        1.0000000000000000     
   7.6923076923076923E-004   7.6923076923076927E-003   1624.0053796794389        1.0000000000000000     
   7.6923076923076923E-004   8.0769230769230770E-003   1624.0949679090891        1.0000000000000000     
   7.6923076923076923E-004   8.4615384615384613E-003   1624.1825121979007        1.0000000000000000     
   7.6923076923076923E-004   8.8461538461538456E-003   1624.2687176568952        1.0000000000000000     
   7.6923076923076923E-004   9.2307692307692299E-003   1624.3525527556051        1.0000000000000000     
   7.6923076923076923E-004   9.6153846153846159E-003   1624.4233473574036        1.0000000000000000     

   1.1538461538461537E-003   3.8461538461538462E-004   1621.3847228945201        1.0000000000000000     
   1.1538461538461537E-003   7.6923076923076923E-004   1621.6065308098282        1.0000000000000000     
   1.1538461538461537E-003   1.1538461538461537E-003   1621.8188311899835        1.0000000000000000     
   1.1538461538461537E-003   1.5384615384615385E-003   1622.0217161006130        1.0000000000000000     
   1.1538461538461537E-003   1.9230769230769232E-003   1622.2153224023621        1.0000000000000000     
   1.1538461538461537E-003   2.3076923076923075E-003   1622.3998293497107        1.0000000000000000     
   1.1538461538461537E-003   2.6923076923076922E-003   1622.5754555260598        1.0000000000000000     
   1.1538461538461537E-003   3.0769230769230769E-003   1622.7424552347361        1.0000000000000000     
   1.1538461538461537E-003   3.4615384615384616E-003   1622.9011144874298        1.0000000000000000     
   1.1538461538461537E-003   3.8461538461538464E-003   1623.0517467533418        1.0000000000000000     
   1.1538461538461537E-003   4.2307692307692307E-003   1623.1946886524051        1.0000000000000000     
   1.1538461538461537E-003   4.6153846153846149E-003   1623.3302957947185        1.0000000000000000     
   1.1538461538461537E-003   5.0000000000000001E-003   1623.4589389866906        1.0000000000000000     
   1.1538461538461537E-003   5.3846153846153844E-003   1623.5810010395187        1.0000000000000000     
   1.1538461538461537E-003   5.7692307692307696E-003   1623.6968744178630        1.0000000000000000     
   1.1538461538461537E-003   6.1538461538461538E-003   1623.8069599214718        1.0000000000000000     
   1.1538461538461537E-003   6.5384615384615381E-003   1623.9116663992611        1.0000000000000000     
   1.1538461538461537E-003   6.9230769230769233E-003   1624.0114108672390        1.0000000000000000     
   1.1538461538461537E-003   7.3076923076923076E-003   1624.1066165382847        1.0000000000000000     
   1.1538461538461537E-003   7.6923076923076927E-003   1624.1977009751147        1.0000000000000000     
   1.1538461538461537E-003   8.0769230769230770E-003   1624.2850320162925        1.0000000000000000     
   1.1538461538461537E-003   8.4615384615384613E-003   1624.3687911863074        1.0000000000000000     
   1.1538461538461537E-003   8.8461538461538456E-003   1624.4485976777876        1.0000000000000000     
   1.1538461538461537E-003   9.2307692307692299E-003   1624.5226259560898        1.0000000000000000     
   1.1538461538461537E-003   9.6153846153846159E-003   1624.5863408948737        1.0000000000000000     

   1.5384615384615385E-003   3.8461538461538462E-004   1621.5638510002047        1.0000000000000000     
   1.5384615384615385E-003   7.6923076923076923E-004   1621.7856845380113        1.0000000000000000     
   1.5384615384615385E-003   1.1538461538461537E-003   1621.9980045592033        1.0000000000000000     
   1.5384615384615385E-003   1.5384615384615385E-003   1622.2009025403538        1.0000000000000000     
   1.5384615384615385E-003   1.9230769230769232E-003   1622.3945144213476        1.0000000000000000     
   1.5384615384615385E-003   2.3076923076923075E-003   1622.5790181538937        1.0000000000000000     
   1.5384615384615385E-003   2.6923076923076922E-003   1622.7546305599756        1.0000000000000000     
   1.5384615384615385E-003   3.0769230769230769E-003   1622.9216036097380        1.0000000000000000     
   1.5384615384615385E-003   3.4615384615384616E-003   1623.0802202442921        1.0000000000000000     
   1.5384615384615385E-003   3.8461538461538464E-003   1623.2307898818881        1.0000000000000000     
   1.5384615384615385E-003   4.2307692307692307E-003   1623.3736437514744        1.0000000000000000     
   1.5384615384615385E-003   4.6153846153846149E-003   1623.5091301930415        1.0000000000000000     
   1.5384615384615385E-003   5.0000000000000001E-003   1623.6376100429939        1.0000000000000000     
   1.5384615384615385E-003   5.3846153846153844E-003   1623.7594521715998        1.0000000000000000     
   1.5384615384615385E-003   5.7692307692307696E-003   1623.8750291286267        1.0000000000000000     
   1.5384615384615385E-003   6.1538461538461538E-003   1623.9847126182231        1.0000000000000000     
   1.5384615384615385E-003   6.5384615384615381E-003   1624.0888680246862        1.0000000000000000     
   1.5384615384615385E-003   6.9230769230769233E-003   1624.1878461491492        1.0000000000000000     
   1.5384615384615385E-003   7.3076923076923076E-003   1624.2819680820403        1.0000000000000000     
   1.5384615384615385E-003   7.6923076923076927E-003   1624.3714945846746        1.0000000000000000     
   1.5384615384615385E-003   8.0769230769230770E-003   1624.4565628248454        1.0000000000000000     
   1.5384615384615385E-003   8.4615384615384613E-003   1624.5370605140420        1.0000000000000000     
   1.5384615384615385E-003   8.8461538461538456E-003   1624.6124017584004        1.0000000000000000     
   1.5384615384615385E-003   9.2307692307692299E-003   1624.6812307579271        1.0000000000000000     
   1.5384615384615385E-003   9.6153846153846159E-003   1624.7414013261584        1.0000000000000000     

   1.9230769230769232E-003   3.8461538461538462E-004   1621.7255914931500        1.0000000000000000     
   1.9230769230769232E-003   7.6923076923076923E-004   1621.9474465795913        1.0000000000000000     
   1.9230769230769232E-003   1.1538461538461537E-003   1622.1597810615906        1.0000000000000000     
   1.9230769230769232E-003   1.5384615384615385E-003   1622.3626856803778        1.0000000000000000     
   1.9230769230769232E-003   1.9230769230769232E-003   1622.5562952308942        1.0000000000000000     
   1.9230769230769232E-003   2.3076923076923075E-003   1622.7407860539433        1.0000000000000000     
   1.9230769230769232E-003   2.6923076923076922E-003   1622.9163728097701        1.0000000000000000     
   1.9230769230769232E-003   3.0769230769230769E-003   1623.0833046323451        1.0000000000000000     
   1.9230769230769232E-003   3.4615384615384616E-003   1623.2418607745417        1.0000000000000000     
   1.9230769230769232E-003   3.8461538461538464E-003   1623.3923458596487        1.0000000000000000     
   1.9230769230769232E-003   4.2307692307692307E-003   1623.5350848489206        1.0000000000000000     
   1.9230769230769232E-003   4.6153846153846149E-003   1623.6704178131270        1.0000000000000000     
   1.9230769230769232E-003   5.0000000000000001E-003   1623.7986945496980        1.0000000000000000     
   1.9230769230769232E-003   5.3846153846153844E-003   1623.9202689996393        1.0000000000000000     
   1.9230769230769232E-003   5.7692307692307696E-003   1624.0354932600485        1.0000000000000000     
   1.9230769230769232E-003   6.1538461538461538E-003   1624.1447107038609        1.0000000000000000     
   1.9230769230769232E-003   6.5384615384615381E-003   1624.2482472122811        1.0000000000000000     
   1.9230769230769232E-003   6.9230769230769233E-003   1624.3463986423476        1.0000000000000000     
   1.9230769230769232E-003   7.3076923076923076E-003   1624.4394111891927        1.0000000000000000     
   1.9230769230769232E-003   7.6923076923076927E-003   1624.5274491577070        1.0000000000000000     
   1.9230769230769232E-003   8.0769230769230770E-003   1624.6105424554023        1.0000000000000000     
   1.9230769230769232E-003   8.4615384615384613E-003   1624.6885071328486        1.0000000000000000     
   1.9230769230769232E-003   8.8461538461538456E-003   1624.7608469539430        1.0000000000000000     
   1.9230769230769232E-003   9.2307692307692299E-003   1624.8266952031033        1.0000000000000000     
   1.9230769230769232E-003   9.6153846153846159E-003   1624.8849613764448        1.0000000000000000     

   2.3076923076923075E-003   3.8461538461538462E-004   1621.8699389086203        1.0000000000000000     
   2.3076923076923075E-003   7.6923076923076923E-004   1622.0918117014760        1.0000000000000000     
   2.3076923076923075E-003   1.1538461538461537E-003   1622.3041559470512        1.0000000000000000     
   2.3076923076923075E-003   1.5384615384615385E-003   1622.5070615442205        1.0000000000000000     
   2.3076923076923075E-003   1.9230769230769232E-003   1622.7006619823255        1.0000000000000000     
   2.3076923076923075E-003   2.3076923076923075E-003   1622.8851317773140        1.0000000000000000     
   2.3076923076923075E-003   2.6923076923076922E-003   1623.0606831620787        1.0000000000000000     
   2.3076923076923075E-003   3.0769230769230769E-003   1623.2275621217500        1.0000000000000000     
   2.3076923076923075E-003   3.4615384615384616E-003   1623.3860438718527        1.0000000000000000     
   2.3076923076923075E-003   3.8461538461538464E-003   1623.5364278775262        1.0000000000000000     
   2.3076923076923075E-003   4.2307692307692307E-003   1623.6790324997551        1.0000000000000000     
   2.3076923076923075E-003   4.6153846153846149E-003   1623.8141893248053        1.0000000000000000     
   2.3076923076923075E-003   5.0000000000000001E-003   1623.9422371781752        1.0000000000000000     
   2.3076923076923075E-003   5.3846153846153844E-003   1624.0635157315667        1.0000000000000000     
   2.3076923076923075E-003   5.7692307692307696E-003   1624.1783584613356        1.0000000000000000     
   2.3076923076923075E-003   6.1538461538461538E-003   1624.2870844807776        1.0000000000000000     
   2.3076923076923075E-003   6.5384615384615381E-003   1624.3899884116101        1.0000000000000000     
   2.3076923076923075E-003   6.9230769230769233E-003   1624.4873269598568        1.0000000000000000     
   2.3076923076923075E-003   7.3076923076923076E-003   1624.5793002735820        1.0000000000000000     
   2.3076923076923075E-003   7.6923076923076927E-003   1624.6660257992053        1.0000000000000000     
   2.3076923076923075E-003   8.0769230769230770E-003   1624.7475032003435        1.0000000000000000     
   2.3076923076923075E-003   8.4615384615384613E-003   1624.8235733066681        1.0000000000000000     
   2.3076923076923075E-003   8.8461538461538456E-003   1624.8938861794759        1.0000000000000000     
   2.3076923076923075E-003   9.2307692307692299E-003   1624.9579163614910        1.0000000000000000     
   2.3076923076923075E-003   9.6153846153846159E-003   1625.0150846002516        1.0000000000000000     

   2.6923076923076922E-003   3.8461538461538462E-004   1621.9968788838564        1.0000000000000000     
   2.6923076923076922E-003   7.6923076923076923E-004   1622.2187657947698        1.0000000000000000     
   2.6923076923076922E-003   1.1538461538461537E-003   1622.4311156364197        1.0000000000000000     
   2.6923076923076922E-003   1.5384615384615385E-003   1622.6340173988565        1.0000000000000000     
   2.6923076923076922E-003   1.9230769230769232E-003   1622.8276031700684        1.0000000000000000     
   2.6923076923076922E-003   2.3076923076923075E-003   1623.0120455218891        1.0000000000000000     
   2.6923076923076922E-003   2.6923076923076922E-003   1623.1875541269771        1.0000000000000000     
   2.6923076923076922E-003   3.0769230769230769E-003   1623.3543716916158        1.0000000000000000     
   2.6923076923076922E-003   3.4615384615384616E-003   1623.5127692943274        1.0000000000000000     
   2.6923076923076922E-003   3.8461538461538464E-003   1623.6630412184973        1.0000000000000000     
   2.6923076923076922E-003   4.2307692307692307E-003   1623.8054993533128        1.0000000000000000     
   2.6923076923076922E-003   4.6153846153846149E-003   1623.9404672076632        1.0000000000000000     
   2.6923076923076922E-003   5.0000000000000001E-003   1624.0682735311818        1.0000000000000000     
   2.6923076923076922E-003   5.3846153846153844E-003   1624.1892454589254        1.0000000000000000     
   2.6923076923076922E-003   5.7692307692307696E-003   1624.3037009837933        1.0000000000000000     
   2.6923076923076922E-003   6.1538461538461538E-003   1624.4119404088428        1.0000000000000000     
   2.6923076923076922E-003   6.5384615384615381E-003   1624.5142362473605        1.0000000000000000     
   2.6923076923076922E-003   6.9230769230769233E-003   1624.6108208663541        1.0000000000000000     
   2.6923076923076922E-003   7.3076923076923076E-003   1624.7018711434453        1.0000000000000000     
   2.6923076923076922E-003   7.6923076923076927E-003   1624.7874898499808        1.0000000000000000     
   2.6923076923076922E-003   8.0769230769230770E-003   1624.8676850232407        1.0000000000000000     
   2.6923076923076922E-003   8.4615384615384613E-003   1624.9423522238019        1.0000000000000000     
   2.6923076923076922E-003   8.8461538461538456E-003   1625.0112710109768        1.0000000000000000     
   2.6923076923076922E-003   9.2307692307692299E-003   1625.0741343263319        1.0000000000000000     
   2.6923076923076922E-003   9.6153846153846159E-003   1625.1306282798939        1.0000000000000000     

   3.0769230769230769E-003   3.8461538461538462E-004   1622.1063836204364        1.0000000000000000     
   3.0769230769230769E-003   7.6923076923076923E-004   1622.3282813194573        1.0000000000000000     
   3.0769230769230769E-003   1.1538461538461537E-003   1622.5406331299732        1.0000000000000000     
   3.0769230769230769E-003   1.5384615384615385E-003   1622.7435271051406        1.0000000000000000     
   3.0769230769230769E-003   1.9230769230769232E-003   1622.9370938964748        1.0000000000000000     
   3.0769230769230769E-003   2.3076923076923075E-003   1623.1215040992686        1.0000000000000000     
   3.0769230769230769E-003   2.6923076923076922E-003   1623.2969648116516        1.0000000000000000     
   3.0769230769230769E-003   3.0769230769230769E-003   1623.4637154889624        1.0000000000000000     
   3.0769230769230769E-003   3.4615384615384616E-003   1623.6220231798061        1.0000000000000000     
   3.0769230769230769E-003   3.8461538461538464E-003   1623.7721772289017        1.0000000000000000     
   3.0769230769230769E-003   4.2307692307692307E-003   1623.9144835198697        1.0000000000000000     
   3.0769230769230769E-003   4.6153846153846149E-003   1624.0492583067378        1.0000000000000000     
   3.0769230769230769E-003   5.0000000000000001E-003   1624.1768216440141        1.0000000000000000     
   3.0769230769230769E-003   5.3846153846153844E-003   1624.2974903705906        1.0000000000000000     
   3.0769230769230769E-003   5.7692307692307696E-003   1624.4115705340409        1.0000000000000000     
   3.0769230769230769E-003   6.1538461538461538E-003   1624.5193490676847        1.0000000000000000     
   3.0769230769230769E-003   6.5384615384615381E-003   1624.6210844780187        1.0000000000000000     
   3.0769230769230769E-003   6.9230769230769233E-003   1624.7169963224878        1.0000000000000000     
   3.0769230769230769E-003   7.3076923076923076E-003   1624.8072534728303        1.0000000000000000     
   3.0769230769230769E-003   7.6923076923076927E-003   1624.8919617681465        1.0000000000000000     
   3.0769230769230769E-003   8.0769230769230770E-003   1624.9711529389317        1.0000000000000000     
   3.0769230769230769E-003   8.4615384615384613E-003   1625.0447788265228        1.0000000000000000     
   3.0769230769230769E-003   8.8461538461538456E-003   1625.1127175599918        1.0000000000000000     
   3.0769230769230769E-003   9.2307692307692299E-003   1625.1747995590708        1.0000000000000000     
   3.0769230769230769E-003   9.6153846153846159E-003   1625.2308566824188        1.0000000000000000     

   3.4615384615384616E-003   3.8461538461538462E-004   1622.1984073399974        1.0000000000000000     
   3.4615384615384616E-003   7.6923076923076923E-004   1622.4203127437663        1.0000000000000000     
   3.4615384615384616E-003   1.1538461538461537E-003   1622.6326634135949        1.0000000000000000     
   3.4615384615384616E-003   1.5384615384615385E-003   1622.8355464713329        1.0000000000000000     
   3.4615384615384616E-003   1.9230769230769232E-003   1623.0290911492268        1.0000000000000000     
   3.4615384615384616E-003   2.3076923076923075E-003   1623.2134661066914        1.0000000000000000     
   3.4615384615384616E-003   2.6923076923076922E-003   1623.3888759497340        1.0000000000000000     
   3.4615384615384616E-003   3.0769230769230769E-003   1623.5555570339532        1.0000000000000000     
   3.4615384615384616E-003   3.4615384615384616E-003   1623.7137726376757        1.0000000000000000     
   3.4615384615384616E-003   3.8461538461538464E-003   1623.8638075924121        1.0000000000000000     
   3.4615384615384616E-003   4.2307692307692307E-003   1624.0059624499413        1.0000000000000000     
   3.4615384615384616E-003   4.6153846153846149E-003   1624.1405472483636        1.0000000000000000     
   3.4615384615384616E-003   5.0000000000000001E-003   1624.2678749138181        1.0000000000000000     
   3.4615384615384616E-003   5.3846153846153844E-003   1624.3882543022394        1.0000000000000000     
   3.4615384615384616E-003   5.7692307692307696E-003   1624.5019828527932        1.0000000000000000     
   3.4615384615384616E-003   6.1538461538461538E-003   1624.6093388043255        1.0000000000000000     
   3.4615384615384616E-003   6.5384615384615381E-003   1624.7105729443572        1.0000000000000000     
   3.4615384615384616E-003   6.9230769230769233E-003   1624.8058999622419        1.0000000000000000     
   3.4615384615384616E-003   7.3076923076923076E-003   1624.8954897348781        1.0000000000000000     
   3.4615384615384616E-003   7.6923076923076927E-003   1624.9794593742160        1.0000000000000000     
   3.4615384615384616E-003   8.0769230769230770E-003   1625.0578676731157        1.0000000000000000     
   3.4615384615384616E-003   8.4615384615384613E-003   1625.1307146110958        1.0000000000000000     
   3.4615384615384616E-003   8.8461538461538456E-003   1625.1979493455756        1.0000000000000000     
   3.4615384615384616E-003   9.2307692307692299E-003   1625.2594894953395        1.0000000000000000     
   3.4615384615384616E-003   9.6153846153846159E-003   1625.3152509598951        1.0000000000000000     

   3.8461538461538464E-003   3.8461538461538462E-004   1622.2728821187388        1.0000000000000000     
   3.8461538461538464E-003   7.6923076923076923E-004   1622.4947923648640        1.0000000000000000     
   3.8461538461538464E-003   1.1538461538461537E-003   1622.7071392517944        1.0000000000000000     
   3.8461538461538464E-003   1.5384615384615385E-003   1622.9100090030122        1.0000000000000000     
   3.8461538461538464E-003   1.9230769230769232E-003   1623.1035294902817        1.0000000000000000     
   3.8461538461538464E-003   2.3076923076923075E-003   1623.2878675342106        1.0000000000000000     
   3.8461538461538464E-003   2.6923076923076922E-003   1623.4632254024889        1.0000000000000000     
   3.8461538461538464E-003   3.0769230769230769E-003   1623.6298365879627        1.0000000000000000     
   3.8461538461538464E-003   3.4615384615384616E-003   1623.7879609557399        1.0000000000000000     
   3.8461538461538464E-003   3.8461538461538464E-003   1623.9378793519306        1.0000000000000000     
   3.8461538461538464E-003   4.2307692307692307E-003   1624.0798877632319        1.0000000000000000     
   3.8461538461538464E-003   4.6153846153846149E-003   1624.2142911070734        1.0000000000000000     
   3.8461538461538464E-003   5.0000000000000001E-003   1624.3413967178503        1.0000000000000000     
   3.8461538461538464E-003   5.3846153846153844E-003   1624.4615075796351        1.0000000000000000     
   3.8461538461538464E-003   5.7692307692307696E-003   1624.5749153465208        1.0000000000000000     
   3.8461538461538464E-003   6.1538461538461538E-003   1624.6818932008184        1.0000000000000000     
   3.8461538461538464E-003   6.5384615384615381E-003   1624.7826886458495        1.0000000000000000     
   3.8461538461538464E-003   6.9230769230769233E-003   1624.8775164422029        1.0000000000000000     
   3.8461538461538464E-003   7.3076923076923076E-003   1624.9665521064119        1.0000000000000000     
   3.8461538461538464E-003   7.6923076923076927E-003   1625.0499267219445        1.0000000000000000     
   3.8461538461538464E-003   8.0769230769230770E-003   1625.1277242396836        1.0000000000000000     
   3.8461538461538464E-003   8.4615384615384613E-003   1625.1999828305361        1.0000000000000000     
   3.8461538461538464E-003   8.8461538461538456E-003   1625.2667018658249        1.0000000000000000     
   3.8461538461538464E-003   9.2307692307692299E-003   1625.3278552181741        1.0000000000000000     
   3.8461538461538464E-003   9.6153846153846159E-003   1625.3834093626765        1.0000000000000000     

   4.2307692307692307E-003   3.8461538461538462E-004   1622.3297144730084        1.0000000000000000     
   4.2307692307692307E-003   7.6923076923076923E-004   1622.5516268840124        1.0000000000000000     
   4.2307692307692307E-003   1.1538461538461537E-003   1622.7639677422765        1.0000000000000000     
   4.2307692307692307E-003   1.5384615384615385E-003   1622.9668224262268        1.0000000000000000     
   4.2307692307692307E-003   1.9230769230769232E-003   1623.1603175361199        1.0000000000000000     
   4.2307692307692307E-003   2.3076923076923075E-003   1623.3446181899769        1.0000000000000000     
   4.2307692307692307E-003   2.6923076923076922E-003   1623.5199245174738        1.0000000000000000     
   4.2307692307692307E-003   3.0769230769230769E-003   1623.6864674362457        1.0000000000000000     
   4.2307692307692307E-003   3.4615384615384616E-003   1623.8445038038876        1.0000000000000000     
   4.2307692307692307E-003   3.8461538461538464E-003   1623.9943110450117        1.0000000000000000     
   4.2307692307692307E-003   4.2307692307692307E-003   1624.1361813535623        1.0000000000000000     
   4.2307692307692307E-003   4.6153846153846149E-003   1624.2704155670351        1.0000000000000000     
   4.2307692307692307E-003   5.0000000000000001E-003   1624.3973168035743        1.0000000000000000     
   4.2307692307692307E-003   5.3846153846153844E-003   1624.5171839485181        1.0000000000000000     
   4.2307692307692307E-003   5.7692307692307696E-003   1624.6303050801862        1.0000000000000000     
   4.2307692307692307E-003   6.1538461538461538E-003   1624.7369509444743        1.0000000000000000     
   4.2307692307692307E-003   6.5384615384615381E-003   1624.8373686361106        1.0000000000000000     
   4.2307692307692307E-003   6.9230769230769233E-003   1624.9317757349233        1.0000000000000000     
   4.2307692307692307E-003   7.3076923076923076E-003   1625.0203552871915        1.0000000000000000     
   4.2307692307692307E-003   7.6923076923076927E-003   1625.1032522084874        1.0000000000000000     
   4.2307692307692307E-003   8.0769230769230770E-003   1625.1805718703172        1.0000000000000000     
   4.2307692307692307E-003   8.4615384615384613E-003   1625.2523817101583        1.0000000000000000     
   4.2307692307692307E-003   8.8461538461538456E-003   1625.3187164898284        1.0000000000000000     
   4.2307692307692307E-003   9.2307692307692299E-003   1625.3795871147811        1.0000000000000000     
   4.2307692307692307E-003   9.6153846153846159E-003   1625.4349916647609        1.0000000000000000     

   4.6153846153846149E-003   3.8461538461538462E-004   1622.3687830300587        1.0000000000000000     
   4.6153846153846149E-003   7.6923076923076923E-004   1622.5906950706292        1.0000000000000000     
   4.6153846153846149E-003   1.1538461538461537E-003   1622.8030279670213        1.0000000000000000     
   4.6153846153846149E-003   1.5384615384615385E-003   1623.0058663195589        1.0000000000000000     
   4.6153846153846149E-003   1.9230769230769232E-003   1623.1993355652539        1.0000000000000000     
   4.6153846153846149E-003   2.3076923076923075E-003   1623.3835992790753        1.0000000000000000     
   4.6153846153846149E-003   2.6923076923076922E-003   1623.5588556774571        1.0000000000000000     
   4.6153846153846149E-003   3.0769230769230769E-003   1623.7253334113448        1.0000000000000000     
   4.6153846153846149E-003   3.4615384615384616E-003   1623.8832867465258        1.0000000000000000     
   4.6153846153846149E-003   3.8461538461538464E-003   1624.0329902374535        1.0000000000000000     
   4.6153846153846149E-003   4.2307692307692307E-003   1624.1747330047629        1.0000000000000000     
   4.6153846153846149E-003   4.6153846153846149E-003   1624.3088127275275        1.0000000000000000     
   4.6153846153846149E-003   5.0000000000000001E-003   1624.4355294606307        1.0000000000000000     
   4.6153846153846149E-003   5.3846153846153844E-003   1624.5551793888742        1.0000000000000000     
   4.6153846153846149E-003   5.7692307692307696E-003   1624.6680486368339        1.0000000000000000     
   4.6153846153846149E-003   6.1538461538461538E-003   1624.7744072729668        1.0000000000000000     
   4.6153846153846149E-003   6.5384615384615381E-003   1624.8745036841792        1.0000000000000000     
   4.6153846153846149E-003   6.9230769230769233E-003   1624.9685595575872        1.0000000000000000     
   4.6153846153846149E-003   7.3076923076923076E-003   1625.0567657876379        1.0000000000000000     
   4.6153846153846149E-003   7.6923076923076927E-003   1625.1392797138326        1.0000000000000000     
   4.6153846153846149E-003   8.0769230769230770E-003   1625.2162241481083        1.0000000000000000     
   4.6153846153846149E-003   8.4615384615384613E-003   1625.2876886035974        1.0000000000000000     
   4.6153846153846149E-003   8.8461538461538456E-003   1625.3537329000169        1.0000000000000000     
   4.6153846153846149E-003   9.2307692307692299E-003   1625.4143928317949        1.0000000000000000     
   4.6153846153846149E-003   9.6153846153846159E-003   1625.4696868910182        1.0000000000000000     

   5.0000000000000001E-003   3.8461538461538462E-004   1622.3899375573021        1.0000000000000000     
   5.0000000000000001E-003   7.6923076923076923E-004   1622.6118467884835        1.0000000000000000     
   5.0000000000000001E-003   1.1538461538461537E-003   1622.8241700128960        1.0000000000000000     
   5.0000000000000001E-003   1.5384615384615385E-003   1623.0269911273233        1.0000000000000000     
   5.0000000000000001E-003   1.9230769230769232E-003   1623.2204345236748        1.0000000000000000     
   5.0000000000000001E-003   2.3076923076923075E-003   1623.4046624034004        1.0000000000000000     
   5.0000000000000001E-003   2.6923076923076922E-003   1623.5798713012191        1.0000000000000000     
   5.0000000000000001E-003   3.0769230769230769E-003   1623.7462879083157        1.0000000000000000     
   5.0000000000000001E-003   3.4615384615384616E-003   1623.9041642969707        1.0000000000000000     
   5.0000000000000001E-003   3.8461538461538464E-003   1624.0537726587575        1.0000000000000000     
   5.0000000000000001E-003   4.2307692307692307E-003   1624.1953996747532        1.0000000000000000     
   5.0000000000000001E-003   4.6153846153846149E-003   1624.3293406395078        1.0000000000000000     
   5.0000000000000001E-003   5.0000000000000001E-003   1624.4558934625015        1.0000000000000000     
   5.0000000000000001E-003   5.3846153846153844E-003   1624.5753526736821        1.0000000000000000     
   5.0000000000000001E-003   5.7692307692307696E-003   1624.6880035665117        1.0000000000000000     
   5.0000000000000001E-003   6.1538461538461538E-003   1624.7941166259200        1.0000000000000000     
   5.0000000000000001E-003   6.5384615384615381E-003   1624.8939424122748        1.0000000000000000     
   5.0000000000000001E-003   6.9230769230769233E-003   1624.9877071057906        1.0000000000000000     
   5.0000000000000001E-003   7.3076923076923076E-003   1625.0756089534436        1.0000000000000000     
   5.0000000000000001E-003   7.6923076923076927E-003   1625.1578158877815        1.0000000000000000     
   5.0000000000000001E-003   8.0769230769230770E-003   1625.2344645775031        1.0000000000000000     
   5.0000000000000001E-003   8.4615384615384613E-003   1625.3056610858730        1.0000000000000000     
   5.0000000000000001E-003   8.8461538461538456E-003   1625.3714831187942        1.0000000000000000     
   5.0000000000000001E-003   9.2307692307692299E-003   1625.4319835306301        1.0000000000000000     
   5.0000000000000001E-003   9.6153846153846159E-003   1625.4871943802182        1.0000000000000000     

   5.3846153846153844E-003   3.8461538461538462E-004   1622.3929995437024        1.0000000000000000     
   5.3846153846153844E-003   7.6923076923076923E-004   1622.6149035773558        1.0000000000000000     
   5.3846153846153844E-003   1.1538461538461537E-003   1622.8272155542111        1.0000000000000000     
   5.3846153846153844E-003   1.5384615384615385E-003   1623.0300187447704        1.0000000000000000     
   5.3846153846153844E-003   1.9230769230769232E-003   1623.2234366163329        1.0000000000000000     
   5.3846153846153844E-003   2.3076923076923075E-003   1623.4076301660959        1.0000000000000000     
   5.3846153846153844E-003   2.6923076923076922E-003   1623.5827944723403        1.0000000000000000     
   5.3846153846153844E-003   3.0769230769230769E-003   1623.7491545563782        1.0000000000000000     
   5.3846153846153844E-003   3.4615384615384616E-003   1623.9069606607382        1.0000000000000000     
   5.3846153846153844E-003   3.8461538461538464E-003   1624.0564830604542        1.0000000000000000     
   5.3846153846153844E-003   4.2307692307692307E-003   1624.1980065319083        1.0000000000000000     
   5.3846153846153844E-003   4.6153846153846149E-003   1624.3318246082333        1.0000000000000000     
   5.3846153846153844E-003   5.0000000000000001E-003   1624.4582337529253        1.0000000000000000     
   5.3846153846153844E-003   5.3846153846153844E-003   1624.5775275856588        1.0000000000000000     
   5.3846153846153844E-003   5.7692307692307696E-003   1624.6899912981808        1.0000000000000000     
   5.3846153846153844E-003   6.1538461538461538E-003   1624.7958964051543        1.0000000000000000     
   5.3846153846153844E-003   6.5384615384615381E-003   1624.8954959854921        1.0000000000000000     
   5.3846153846153844E-003   6.9230769230769233E-003   1624.9890205824595        1.0000000000000000     
   5.3846153846153844E-003   7.3076923076923076E-003   1625.0766749400309        1.0000000000000000     
   5.3846153846153844E-003   7.6923076923076927E-003   1625.1586357481390        1.0000000000000000     
   5.3846153846153844E-003   8.0769230769230770E-003   1625.2350505344366        1.0000000000000000     
   5.3846153846153844E-003   8.4615384615384613E-003   1625.3060377568916        1.0000000000000000     
   5.3846153846153844E-003   8.8461538461538456E-003   1625.3716880081590        1.0000000000000000     
   5.3846153846153844E-003   9.2307692307692299E-003   1625.4320660478197        1.0000000000000000     
   5.3846153846153844E-003   9.6153846153846159E-003   1625.4872131761688        1.0000000000000000     

   5.7692307692307696E-003   3.8461538461538462E-004   1622.3777644335689        1.0000000000000000     
   5.7692307692307696E-003   7.6923076923076923E-004   1622.5996608898454        1.0000000000000000     
   5.7692307692307696E-003   1.1538461538461537E-003   1622.8119600957386        1.0000000000000000     
   5.7692307692307696E-003   1.5384615384615385E-003   1623.0147447717113        1.0000000000000000     
   5.7692307692307696E-003   1.9230769230769232E-003   1623.2081375777634        1.0000000000000000     
   5.7692307692307696E-003   2.3076923076923075E-003   1623.3922984686512        1.0000000000000000     
   5.7692307692307696E-003   2.6923076923076922E-003   1623.5674212767030        1.0000000000000000     
   5.7692307692307696E-003   3.0769230769230769E-003   1623.7337296169560        1.0000000000000000     
   5.7692307692307696E-003   3.4615384615384616E-003   1623.8914722227532        1.0000000000000000     
   5.7692307692307696E-003   3.8461538461538464E-003   1624.0409178320620        1.0000000000000000     
   5.7692307692307696E-003   4.2307692307692307E-003   1624.1823497529276        1.0000000000000000     
   5.7692307692307696E-003   4.6153846153846149E-003   1624.3160602413366        1.0000000000000000     
   5.7692307692307696E-003   5.0000000000000001E-003   1624.4423448269697        1.0000000000000000     
   5.7692307692307696E-003   5.3846153846153844E-003   1624.5614967230817        1.0000000000000000     
   5.7692307692307696E-003   5.7692307692307696E-003   1624.6738014569062        1.0000000000000000     
   5.7692307692307696E-003   6.1538461538461538E-003   1624.7795318574847        1.0000000000000000     
   5.7692307692307696E-003   6.5384615384615381E-003   1624.8789435381761        1.0000000000000000     
   5.7692307692307696E-003   6.9230769230769233E-003   1624.9722710097640        1.0000000000000000     
   5.7692307692307696E-003   7.3076923076923076E-003   1625.0597245525105        1.0000000000000000     
   5.7692307692307696E-003   7.6923076923076927E-003   1625.1414879553279        1.0000000000000000     
   5.7692307692307696E-003   8.0769230769230770E-003   1625.2177171884855        1.0000000000000000     
   5.7692307692307696E-003   8.4615384615384613E-003   1625.2885400057226        1.0000000000000000     
   5.7692307692307696E-003   8.8461538461538456E-003   1625.3540563707215        1.0000000000000000     
   5.7692307692307696E-003   9.2307692307692299E-003   1625.4143394832145        1.0000000000000000     
   5.7692307692307696E-003   9.6153846153846159E-003   1625.4694370710884        1.0000000000000000     

   6.1538461538461538E-003   3.8461538461538462E-004   1622.3440055115188        1.0000000000000000     
   6.1538461538461538E-003   7.6923076923076923E-004   1622.5658919814853        1.0000000000000000     
   6.1538461538461538E-003   1.1538461538461537E-003   1622.7781768729956        1.0000000000000000     
   6.1538461538461538E-003   1.5384615384615385E-003   1622.9809424291566        1.0000000000000000     
   6.1538461538461538E-003   1.9230769230769232E-003   1623.1743106131560        1.0000000000000000     
   6.1538461538461538E-003   2.3076923076923075E-003   1623.3584404871965        1.0000000000000000     
   6.1538461538461538E-003   2.6923076923076922E-003   1623.5335248285774        1.0000000000000000     
   6.1538461538461538E-003   3.0769230769230769E-003   1623.6997860791314        1.0000000000000000     
   6.1538461538461538E-003   3.4615384615384616E-003   1623.8574717380259        1.0000000000000000     
   6.1538461538461538E-003   3.8461538461538464E-003   1624.0068493203555        1.0000000000000000     
   6.1538461538461538E-003   4.2307692307692307E-003   1624.1482010121765        1.0000000000000000     
   6.1538461538461538E-003   4.6153846153846149E-003   1624.2818181572895        1.0000000000000000     
   6.1538461538461538E-003   5.0000000000000001E-003   1624.4079957122378        1.0000000000000000     
   6.1538461538461538E-003   5.3846153846153844E-003   1624.5270268048541        1.0000000000000000     
   6.1538461538461538E-003   5.7692307692307696E-003   1624.6391975283241        1.0000000000000000     
   6.1538461538461538E-003   6.1538461538461538E-003   1624.7447820978798        1.0000000000000000     
   6.1538461538461538E-003   6.5384615384615381E-003   1624.8440384903577        1.0000000000000000     
   6.1538461538461538E-003   6.9230769230769233E-003   1624.9372046764415        1.0000000000000000     
   6.1538461538461538E-003   7.3076923076923076E-003   1625.0244955390338        1.0000000000000000     
   6.1538461538461538E-003   7.6923076923076927E-003   1625.1061005448762        1.0000000000000000     
   6.1538461538461538E-003   8.0769230769230770E-003   1625.1821821964281        1.0000000000000000     
   6.1538461538461538E-003   8.4615384615384613E-003   1625.2528752348730        1.0000000000000000     
   6.1538461538461538E-003   8.8461538461538456E-003   1625.3182864953162        1.0000000000000000     
   6.1538461538461538E-003   9.2307692307692299E-003   1625.3784952416916        1.0000000000000000     
   6.1538461538461538E-003   9.6153846153846159E-003   1625.4335537501838        1.0000000000000000     

   6.5384615384615381E-003   3.8461538461538462E-004   1622.2914793341413        1.0000000000000000     
   6.5384615384615381E-003   7.6923076923076923E-004   1622.5133533490300        1.0000000000000000     
   6.5384615384615381E-003   1.1538461538461537E-003   1622.7256223033551        1.0000000000000000     
   6.5384615384615381E-003   1.5384615384615385E-003   1622.9283680304500        1.0000000000000000     
   6.5384615384615381E-003   1.9230769230769232E-003   1623.1217118983063        1.0000000000000000     
   6.5384615384615381E-003   2.3076923076923075E-003   1623.3058122123298        1.0000000000000000     
   6.5384615384615381E-003   2.6923076923076922E-003   1623.4808608643077        1.0000000000000000     
   6.5384615384615381E-003   3.0769230769230769E-003   1623.6470793248166        1.0000000000000000     
   6.5384615384615381E-003   3.4615384615384616E-003   1623.8047140901904        1.0000000000000000     
   6.5384615384615381E-003   3.8461538461538464E-003   1623.9540317076326        1.0000000000000000     
   6.5384615384615381E-003   4.2307692307692307E-003   1624.0953135101322        1.0000000000000000     
   6.5384615384615381E-003   4.6153846153846149E-003   1624.2288501968476        1.0000000000000000     
   6.5384615384615381E-003   5.0000000000000001E-003   1624.3549363947850        1.0000000000000000     
   6.5384615384615381E-003   5.3846153846153844E-003   1624.4738653344257        1.0000000000000000     
   6.5384615384615381E-003   5.7692307692307696E-003   1624.5859237657953        1.0000000000000000     
   6.5384615384615381E-003   6.1538461538461538E-003   1624.6913872326168        1.0000000000000000     
   6.5384615384615381E-003   6.5384615384615381E-003   1624.7905158104097        1.0000000000000000     
   6.5384615384615381E-003   6.9230769230769233E-003   1624.8835503987668        1.0000000000000000     
   6.5384615384615381E-003   7.3076923076923076E-003   1624.9707096374627        1.0000000000000000     
   6.5384615384615381E-003   7.6923076923076927E-003   1625.0521874884382        1.0000000000000000     
   6.5384615384615381E-003   8.0769230769230770E-003   1625.1281514900299        1.0000000000000000     
   6.5384615384615381E-003   8.4615384615384613E-003   1625.1987416461300        1.0000000000000000     
   6.5384615384615381E-003   8.8461538461538456E-003   1625.2640698646105        1.0000000000000000     
   6.5384615384615381E-003   9.2307692307692299E-003   1625.3242198135565        1.0000000000000000     
   6.5384615384615381E-003   9.6153846153846159E-003   1625.3792470322521        1.0000000000000000     

   6.9230769230769233E-003   3.8461538461538462E-004   1622.2199325052143        1.0000000000000000     
   6.9230769230769233E-003   7.6923076923076923E-004   1622.4417915132117        1.0000000000000000     
   6.9230769230769233E-003   1.1538461538461537E-003   1622.6540427830842        1.0000000000000000     
   6.9230769230769233E-003   1.5384615384615385E-003   1622.8567678001698        1.0000000000000000     
   6.9230769230769233E-003   1.9230769230769232E-003   1623.0500874292245        1.0000000000000000     
   6.9230769230769233E-003   2.3076923076923075E-003   1623.2341593399472        1.0000000000000000     
   6.9230769230769233E-003   2.6923076923076922E-003   1623.4091746870160        1.0000000000000000     
   6.9230769230769233E-003   3.0769230769230769E-003   1623.5753541424037        1.0000000000000000     
   6.9230769230769233E-003   3.4615384615384616E-003   1623.7329433916786        1.0000000000000000     
   6.9230769230769233E-003   3.8461538461538464E-003   1623.8822082182469        1.0000000000000000     
   6.9230769230769233E-003   4.2307692307692307E-003   1624.0234293073227        1.0000000000000000     
   6.9230769230769233E-003   4.6153846153846149E-003   1624.1568969046859        1.0000000000000000     
   6.9230769230769233E-003   5.0000000000000001E-003   1624.2829054644233        1.0000000000000000     
   6.9230769230769233E-003   5.3846153846153844E-003   1624.4017484149992        1.0000000000000000     
   6.9230769230769233E-003   5.7692307692307696E-003   1624.5137131646693        1.0000000000000000     
   6.9230769230769233E-003   6.1538461538461538E-003   1624.6190764556350        1.0000000000000000     
   6.9230769230769233E-003   6.5384615384615381E-003   1624.7181001614115        1.0000000000000000     
   6.9230769230769233E-003   6.9230769230769233E-003   1624.8110276036389        1.0000000000000000     
   6.9230769230769233E-003   7.3076923076923076E-003   1624.8980804422370        1.0000000000000000     
   6.9230769230769233E-003   7.6923076923076927E-003   1624.9794561662363        1.0000000000000000     
   6.9230769230769233E-003   8.0769230769230770E-003   1625.0553261816831        1.0000000000000000     
   6.9230769230769233E-003   8.4615384615384613E-003   1625.1258344590169        1.0000000000000000     
   6.9230769230769233E-003   8.8461538461538456E-003   1625.1910966681917        1.0000000000000000     
   6.9230769230769233E-003   9.2307692307692299E-003   1625.2511997007223        1.0000000000000000     
   6.9230769230769233E-003   9.6153846153846159E-003   1625.3062014608736        1.0000000000000000     

   7.3076923076923076E-003   3.8461538461538462E-004   1622.1291095033669        1.0000000000000000     
   7.3076923076923076E-003   7.6923076923076923E-004   1622.3509508543073        1.0000000000000000     
   7.3076923076923076E-003   1.1538461538461537E-003   1622.5631825376547        1.0000000000000000     
   7.3076923076923076E-003   1.5384615384615385E-003   1622.7658857466577        1.0000000000000000     
   7.3076923076923076E-003   1.9230769230769232E-003   1622.9591809252577        1.0000000000000000     
   7.3076923076923076E-003   2.3076923076923075E-003   1623.1432252145398        1.0000000000000000     
   7.3076923076923076E-003   2.6923076923076922E-003   1623.3182091609895        1.0000000000000000     
   7.3076923076923076E-003   3.0769230769230769E-003   1623.4843527845935        1.0000000000000000     
   7.3076923076923076E-003   3.4615384615384616E-003   1623.6419011185774        1.0000000000000000     
   7.3076923076923076E-003   3.8461538461538464E-003   1623.7911193447014        1.0000000000000000     
   7.3076923076923076E-003   4.2307692307692307E-003   1623.9322876553899        1.0000000000000000     
   7.3076923076923076E-003   4.6153846153846149E-003   1624.0656959766657        1.0000000000000000     
   7.3076923076923076E-003   5.0000000000000001E-003   1624.1916386840264        1.0000000000000000     
   7.3076923076923076E-003   5.3846153846153844E-003   1624.3104094373027        1.0000000000000000     
   7.3076923076923076E-003   5.7692307692307696E-003   1624.4222962505496        1.0000000000000000     
   7.3076923076923076E-003   6.1538461538461538E-003   1624.5275768996441        1.0000000000000000     
   7.3076923076923076E-003   6.5384615384615381E-003   1624.6265147535137        1.0000000000000000     
   7.3076923076923076E-003   6.9230769230769233E-003   1624.7193550953775        1.0000000000000000     
   7.3076923076923076E-003   7.3076923076923076E-003   1624.8063219778901        1.0000000000000000     
   7.3076923076923076E-003   7.6923076923076927E-003   1624.8876156311687        1.0000000000000000     
   7.3076923076923076E-003   8.0769230769230770E-003   1624.9634104160000        1.0000000000000000     
   7.3076923076923076E-003   8.4615384615384613E-003   1625.0338532875373        1.0000000000000000     
   7.3076923076923076E-003   8.8461538461538456E-003   1625.0990627100241        1.0000000000000000     
   7.3076923076923076E-003   9.2307692307692299E-003   1625.1591279439729        1.0000000000000000     
   7.3076923076923076E-003   9.6153846153846159E-003   1625.2141086181309        1.0000000000000000     

   7.6923076923076927E-003   3.8461538461538462E-004   1622.0187611992660        1.0000000000000000     
   7.6923076923076927E-003   7.6923076923076923E-004   1622.2405821371574        1.0000000000000000     
   7.6923076923076927E-003   1.1538461538461537E-003   1622.4527921611757        1.0000000000000000     
   7.6923076923076927E-003   1.5384615384615385E-003   1622.6554722228525        1.0000000000000000     
   7.6923076923076927E-003   1.9230769230769232E-003   1622.8487424189580        1.0000000000000000     
   7.6923076923076927E-003   2.3076923076923075E-003   1623.0327594564449        1.0000000000000000     
   7.6923076923076927E-003   2.6923076923076922E-003   1623.2077133854718        1.0000000000000000     
   7.6923076923076927E-003   3.0769230769230769E-003   1623.3738236985025        1.0000000000000000     
   7.6923076923076927E-003   3.4615384615384616E-003   1623.5313349071621        1.0000000000000000     
   7.6923076923076927E-003   3.8461538461538464E-003   1623.6805117203767        1.0000000000000000     
   7.6923076923076927E-003   4.2307692307692307E-003   1623.8216339542967        1.0000000000000000     
   7.6923076923076927E-003   4.6153846153846149E-003   1623.9549913066789        1.0000000000000000     
   7.6923076923076927E-003   5.0000000000000001E-003   1624.0808781257811        1.0000000000000000     
   7.6923076923076927E-003   5.3846153846153844E-003   1624.1995882967665        1.0000000000000000     
   7.6923076923076927E-003   5.7692307692307696E-003   1624.3114103575658        1.0000000000000000     
   7.6923076923076927E-003   6.1538461538461538E-003   1624.4166229415409        1.0000000000000000     
   7.6923076923076927E-003   6.5384615384615381E-003   1624.5154906267010        1.0000000000000000     
   7.6923076923076927E-003   6.9230769230769233E-003   1624.6082602511187        1.0000000000000000     
   7.6923076923076927E-003   7.3076923076923076E-003   1624.6951577322004        1.0000000000000000     
   7.6923076923076927E-003   7.6923076923076927E-003   1624.7763854043155        1.0000000000000000     
   7.6923076923076927E-003   8.0769230769230770E-003   1624.8521198659696        1.0000000000000000     
   7.6923076923076927E-003   8.4615384615384613E-003   1624.9225103056970        1.0000000000000000     
   7.6923076923076927E-003   8.8461538461538456E-003   1624.9876772571165        1.0000000000000000     
   7.6923076923076927E-003   9.2307692307692299E-003   1625.0477117204373        1.0000000000000000     
   7.6923076923076927E-003   9.6153846153846159E-003   1625.1026745829222        1.0000000000000000     

   8.0769230769230770E-003   3.8461538461538462E-004   1621.8886536482012        1.0000000000000000     
   8.0769230769230770E-003   7.6923076923076923E-004   1622.1104513111793        1.0000000000000000     
   8.0769230769230770E-003   1.1538461538461537E-003   1622.3226374298695        1.0000000000000000     
   8.0769230769230770E-003   1.5384615384615385E-003   1622.5252927595604        1.0000000000000000     
   8.0769230769230770E-003   1.9230769230769232E-003   1622.7185371158016        1.0000000000000000     
   8.0769230769230770E-003   2.3076923076923075E-003   1622.9025268550961        1.0000000000000000     
   8.0769230769230770E-003   2.6923076923076922E-003   1623.0774516288318        1.0000000000000000     
   8.0769230769230770E-003   3.0769230769230769E-003   1623.2435305083263        1.0000000000000000     
   8.0769230769230770E-003   3.4615384615384616E-003   1623.4010075923557        1.0000000000000000     
   8.0769230769230770E-003   3.8461538461538464E-003   1623.5501472201690        1.0000000000000000     
   8.0769230769230770E-003   4.2307692307692307E-003   1623.6912289196525        1.0000000000000000     
   8.0769230769230770E-003   4.6153846153846149E-003   1623.8245422219973        1.0000000000000000     
   8.0769230769230770E-003   5.0000000000000001E-003   1623.9503814710306        1.0000000000000000     
   8.0769230769230770E-003   5.3846153846153844E-003   1624.0690407476518        1.0000000000000000     
   8.0769230769230770E-003   5.7692307692307696E-003   1624.1808090180134        1.0000000000000000     
   8.0769230769230770E-003   6.1538461538461538E-003   1624.2859655988434        1.0000000000000000     
   8.0769230769230770E-003   6.5384615384615381E-003   1624.3847760151950        1.0000000000000000     
   8.0769230769230770E-003   6.9230769230769233E-003   1624.4774883058483        1.0000000000000000     
   8.0769230769230770E-003   7.3076923076923076E-003   1624.5643298102218        1.0000000000000000     
   8.0769230769230770E-003   7.6923076923076927E-003   1624.6455044490408        1.0000000000000000     
   8.0769230769230770E-003   8.0769230769230770E-003   1624.7211904902699        1.0000000000000000     
   8.0769230769230770E-003   8.4615384615384613E-003   1624.7915387731882        1.0000000000000000     
   8.0769230769230770E-003   8.8461538461538456E-003   1624.8566713486800        1.0000000000000000     
   8.0769230769230770E-003   9.2307692307692299E-003   1624.9166804841486        1.0000000000000000     
   8.0769230769230770E-003   9.6153846153846159E-003   1624.9716279791130        1.0000000000000000     

   8.4615384615384613E-003   3.8461538461538462E-004   1621.7385767167848        1.0000000000000000     
   8.4615384615384613E-003   7.6923076923076923E-004   1621.9603481438319        1.0000000000000000     
   8.4615384615384613E-003   1.1538461538461537E-003   1622.1725079476216        1.0000000000000000     
   8.4615384615384613E-003   1.5384615384615385E-003   1622.3751367285472        1.0000000000000000     
   8.4615384615384613E-003   1.9230769230769232E-003   1622.5683540804951        1.0000000000000000     
   8.4615384615384613E-003   2.3076923076923075E-003   1622.7523160843427        1.0000000000000000     
   8.4615384615384613E-003   2.6923076923076922E-003   1622.9272120787764        1.0000000000000000     
   8.4615384615384613E-003   3.0769230769230769E-003   1623.0932608061109        1.0000000000000000     
   8.4615384615384613E-003   3.4615384615384616E-003   1623.2507060441474        1.0000000000000000     
   8.4615384615384613E-003   3.8461538461538464E-003   1623.3998118465329        1.0000000000000000     
   8.4615384615384613E-003   4.2307692307692307E-003   1623.5408575204476        1.0000000000000000     
   8.4615384615384613E-003   4.6153846153846149E-003   1623.6741324718416        1.0000000000000000     
   8.4615384615384613E-003   5.0000000000000001E-003   1623.7999310447815        1.0000000000000000     
   8.4615384615384613E-003   5.3846153846153844E-003   1623.9185474733163        1.0000000000000000     
   8.4615384615384613E-003   5.7692307692307696E-003   1624.0302710519989        1.0000000000000000     
   8.4615384615384613E-003   6.1538461538461538E-003   1624.1353816155761        1.0000000000000000     
   8.4615384615384613E-003   6.5384615384615381E-003   1624.2341454000709        1.0000000000000000     
   8.4615384615384613E-003   6.9230769230769233E-003   1624.3268113376355        1.0000000000000000     
   8.4615384615384613E-003   7.3076923076923076E-003   1624.4136078167369        1.0000000000000000     
   8.4615384615384613E-003   7.6923076923076927E-003   1624.4947399189639        1.0000000000000000     
   8.4615384615384613E-003   8.0769230769230770E-003   1624.5703871247488        1.0000000000000000     
   8.4615384615384613E-003   8.4615384615384613E-003   1624.6407014640688        1.0000000000000000     
   8.4615384615384613E-003   8.8461538461538456E-003   1624.7058060756883        1.0000000000000000     
   8.4615384615384613E-003   9.2307692307692299E-003   1624.7657941311652        1.0000000000000000     
   8.4615384615384613E-003   9.6153846153846159E-003   1624.8207280785514        1.0000000000000000     

   8.8461538461538456E-003   3.8461538461538462E-004   1621.5683521010410        1.0000000000000000     
   8.8461538461538456E-003   7.6923076923076923E-004   1621.7900942445667        1.0000000000000000     
   8.8461538461538456E-003   1.1538461538461537E-003   1622.0022251803130        1.0000000000000000     
   8.8461538461538456E-003   1.5384615384615385E-003   1622.2048253918251        1.0000000000000000     
   8.8461538461538456E-003   1.9230769230769232E-003   1622.3980143058454        1.0000000000000000     
   8.8461538461538456E-003   2.3076923076923075E-003   1622.5819477955476        1.0000000000000000     
   8.8461538461538456E-003   2.6923076923076922E-003   1622.7568149641515        1.0000000000000000     
   8.8461538461538456E-003   3.0769230769230769E-003   1622.9228343063949        1.0000000000000000     
   8.8461538461538456E-003   3.4615384615384616E-003   1623.0802493585663        1.0000000000000000     
   8.8461538461538456E-003   3.8461538461538464E-003   1623.2293239590997        1.0000000000000000     
   8.8461538461538456E-003   4.2307692307692307E-003   1623.3703372478765        1.0000000000000000     
   8.8461538461538456E-003   4.6153846153846149E-003   1623.5035785335212        1.0000000000000000     
   8.8461538461538456E-003   5.0000000000000001E-003   1623.6293421540427        1.0000000000000000     
   8.8461538461538456E-003   5.3846153846153844E-003   1623.7479224477286        1.0000000000000000     
   8.8461538461538456E-003   5.7692307692307696E-003   1623.8596089386197        1.0000000000000000     
   8.8461538461538456E-003   6.1538461538461538E-003   1623.9646818251126        1.0000000000000000     
   8.8461538461538456E-003   6.5384615384615381E-003   1624.0634078419121        1.0000000000000000     
   8.8461538461538456E-003   6.9230769230769233E-003   1624.1560365458613        1.0000000000000000     
   8.8461538461538456E-003   7.3076923076923076E-003   1624.2427970559904        1.0000000000000000     
   8.8461538461538456E-003   7.6923076923076927E-003   1624.3238952586717        1.0000000000000000     
   8.8461538461538456E-003   8.0769230769230770E-003   1624.3995114710672        1.0000000000000000     
   8.8461538461538456E-003   8.4615384615384613E-003   1624.4697985412515        1.0000000000000000     
   8.8461538461538456E-003   8.8461538461538456E-003   1624.5348803525339        1.0000000000000000     
   8.8461538461538456E-003   9.2307692307692299E-003   1624.5948506932427        1.0000000000000000     
   8.8461538461538456E-003   9.6153846153846159E-003   1624.6497724527458        1.0000000000000000     

   9.2307692307692299E-003   3.8461538461538462E-004   1621.3778403177807        1.0000000000000000     
   9.2307692307692299E-003   7.6923076923076923E-004   1621.5995500610459        1.0000000000000000     
   9.2307692307692299E-003   1.1538461538461537E-003   1621.8116494605069        1.0000000000000000     
   9.2307692307692299E-003   1.5384615384615385E-003   1622.0142189184714        1.0000000000000000     
   9.2307692307692299E-003   1.9230769230769232E-003   1622.2073777453245        1.0000000000000000     
   9.2307692307692299E-003   2.3076923076923075E-003   1622.3912816694226        1.0000000000000000     
   9.2307692307692299E-003   2.6923076923076922E-003   1622.5661196294070        1.0000000000000000     
   9.2307692307692299E-003   3.0769230769230769E-003   1622.7321099462547        1.0000000000000000     
   9.2307692307692299E-003   3.4615384615384616E-003   1622.8894959855588        1.0000000000000000     
   9.2307692307692299E-003   3.8461538461538464E-003   1623.0385414316363        1.0000000000000000     
   9.2307692307692299E-003   4.2307692307692307E-003   1623.1795253011694        1.0000000000000000     
   9.2307692307692299E-003   4.6153846153846149E-003   1623.3127368249766        1.0000000000000000     
   9.2307692307692299E-003   5.0000000000000001E-003   1623.4384703224807        1.0000000000000000     
   9.2307692307692299E-003   5.3846153846153844E-003   1623.5570201847640        1.0000000000000000     
   9.2307692307692299E-003   5.7692307692307696E-003   1623.6686760693951        1.0000000000000000     
   9.2307692307692299E-003   6.1538461538461538E-003   1623.7737183943366        1.0000000000000000     
   9.2307692307692299E-003   6.5384615384615381E-003   1623.8724141999282        1.0000000000000000     
   9.2307692307692299E-003   6.9230769230769233E-003   1623.9650134284466        1.0000000000000000     
   9.2307692307692299E-003   7.3076923076923076E-003   1624.0517456508849        1.0000000000000000     
   9.2307692307692299E-003   7.6923076923076927E-003   1624.1328172517731        1.0000000000000000     
   9.2307692307692299E-003   8.0769230769230770E-003   1624.2084090658705        1.0000000000000000     
   9.2307692307692299E-003   8.4615384615384613E-003   1624.2786744467251        1.0000000000000000     
   9.2307692307692299E-003   8.8461538461538456E-003   1624.3437377370094        1.0000000000000000     
   9.2307692307692299E-003   9.2307692307692299E-003   1624.4036931050618        1.0000000000000000     
   9.2307692307692299E-003   9.6153846153846159E-003   1624.4586037118613        1.0000000000000000     

   9.6153846153846159E-003   3.8461538461538462E-004   1621.1669462978402        1.0000000000000000     
   9.6153846153846159E-003   7.6923076923076923E-004   1621.3886204761070        1.0000000000000000     
   9.6153846153846159E-003   1.1538461538461537E-003   1621.6006855908752        1.0000000000000000     
   9.6153846153846159E-003   1.5384615384615385E-003   1621.8032219972033        1.0000000000000000     
   9.6153846153846159E-003   1.9230769230769232E-003   1621.9963489374766        1.0000000000000000     
   9.6153846153846159E-003   2.3076923076923075E-003   1622.1802220548441        1.0000000000000000     
   9.6153846153846159E-003   2.6923076923076922E-003   1622.3550301901430        1.0000000000000000     
   9.6153846153846159E-003   3.0769230769230769E-003   1622.5209915595713        1.0000000000000000     
   9.6153846153846159E-003   3.4615384615384616E-003   1622.6783494234080        1.0000000000000000     
   9.6153846153846159E-003   3.8461538461538464E-003   1622.8273673672243        1.0000000000000000     
   9.6153846153846159E-003   4.2307692307692307E-003   1622.9683243230147        1.0000000000000000     
   9.6153846153846159E-003   4.6153846153846149E-003   1623.1015094584950        1.0000000000000000     
   9.6153846153846159E-003   5.0000000000000001E-003   1623.2272170587378        1.0000000000000000     
   9.6153846153846159E-003   5.3846153846153844E-003   1623.3457415155005        1.0000000000000000     
   9.6153846153846159E-003   5.7692307692307696E-003   1623.4573725268951        1.0000000000000000     
   9.6153846153846159E-003   6.1538461538461538E-003   1623.5623905940804        1.0000000000000000     
   9.6153846153846159E-003   6.5384615384615381E-003   1623.6610628834158        1.0000000000000000     
   9.6153846153846159E-003   6.9230769230769233E-003   1623.7536395030736        1.0000000000000000     
   9.6153846153846159E-003   7.3076923076923076E-003   1623.8403502234955        1.0000000000000000     
   9.6153846153846159E-003   7.6923076923076927E-003   1623.9214016524661        1.0000000000000000     
   9.6153846153846159E-003   8.0769230769230770E-003   1623.9969748590313        1.0000000000000000     
   9.6153846153846159E-003   8.4615384615384613E-003   1624.0672234270357        1.0000000000000000     
   9.6153846153846159E-003   8.8461538461538456E-003   1624.1322719093303        1.0000000000000000     
   9.6153846153846159E-003   9.2307692307692299E-003   1624.1922146486013        1.0000000000000000     
   9.6153846153846159E-003   9.6153846153846159E-003   1624.2471149306600        1.0000000000000000     

