   3.8461538461538462E-004   3.8461538461538462E-004   877.69583713510769        1.0000000000000000     
   3.8461538461538462E-004   7.6923076923076923E-004   877.69172956933994        1.0000000000000000     
   3.8461538461538462E-004   1.1538461538461537E-003   877.68812774811659        1.0000000000000000     
   3.8461538461538462E-004   1.5384615384615385E-003   877.68502589218087        1.0000000000000000     
   3.8461538461538462E-004   1.9230769230769232E-003   877.68209020140614        1.0000000000000000     
   3.8461538461538462E-004   2.3076923076923075E-003   877.67947272474214        1.0000000000000000     
   3.8461538461538462E-004   2.6923076923076922E-003   877.67715791122725        1.0000000000000000     
   3.8461538461538462E-004   3.0769230769230769E-003   877.67520422057805        1.0000000000000000     
   3.8461538461538462E-004   3.4615384615384616E-003   877.67360771120241        1.0000000000000000     
   3.8461538461538462E-004   3.8461538461538464E-003   877.67236713012812        1.0000000000000000     
   3.8461538461538462E-004   4.2307692307692307E-003   877.67148158778787        1.0000000000000000     
   3.8461538461538462E-004   4.6153846153846149E-003   877.67095048956674        1.0000000000000000     
   3.8461538461538462E-004   5.0000000000000001E-003   877.67077349395822        1.0000000000000000     
   3.8461538461538462E-004   5.3846153846153844E-003   877.67095048956674        1.0000000000000000     
   3.8461538461538462E-004   5.7692307692307696E-003   877.67148158778787        1.0000000000000000     
   3.8461538461538462E-004   6.1538461538461538E-003   877.67236713012835        1.0000000000000000     
   3.8461538461538462E-004   6.5384615384615381E-003   877.67360771120229        1.0000000000000000     
   3.8461538461538462E-004   6.9230769230769233E-003   877.67520422057783        1.0000000000000000     
   3.8461538461538462E-004   7.3076923076923076E-003   877.67715791122703        1.0000000000000000     
   3.8461538461538462E-004   7.6923076923076927E-003   877.67947272474214        1.0000000000000000     
   3.8461538461538462E-004   8.0769230769230770E-003   877.68209020140603        1.0000000000000000     
   3.8461538461538462E-004   8.4615384615384613E-003   877.68502589218042        1.0000000000000000     
   3.8461538461538462E-004   8.8461538461538456E-003   877.68812774811647        1.0000000000000000     
   3.8461538461538462E-004   9.2307692307692299E-003   877.69172956933994        1.0000000000000000     
   3.8461538461538462E-004   9.6153846153846159E-003   877.69583713510747        1.0000000000000000     

   7.6923076923076923E-004   3.8461538461538462E-004   905.28594798827316        1.0000000000000000     
   7.6923076923076923E-004   7.6923076923076923E-004   905.27814359661272        1.0000000000000000     
   7.6923076923076923E-004   1.1538461538461537E-003   905.27111934283619        1.0000000000000000     
   7.6923076923076923E-004   1.5384615384615385E-003   905.26452453499928        1.0000000000000000     
   7.6923076923076923E-004   1.9230769230769232E-003   905.25888429026838        1.0000000000000000     
   7.6923076923076923E-004   2.3076923076923075E-003   905.25359512127693        1.0000000000000000     
   7.6923076923076923E-004   2.6923076923076922E-003   905.24897896227083        1.0000000000000000     
   7.6923076923076923E-004   3.0769230769230769E-003   905.24508087372180        1.0000000000000000     
   7.6923076923076923E-004   3.4615384615384616E-003   905.24189529967464        1.0000000000000000     
   7.6923076923076923E-004   3.8461538461538464E-003   905.23941984337682        1.0000000000000000     
   7.6923076923076923E-004   4.2307692307692307E-003   905.23765279328995        1.0000000000000000     
   7.6923076923076923E-004   4.6153846153846149E-003   905.23659300230793        1.0000000000000000     
   7.6923076923076923E-004   5.0000000000000001E-003   905.23623981046194        1.0000000000000000     
   7.6923076923076923E-004   5.3846153846153844E-003   905.23659300230759        1.0000000000000000     
   7.6923076923076923E-004   5.7692307692307696E-003   905.23765279328984        1.0000000000000000     
   7.6923076923076923E-004   6.1538461538461538E-003   905.23941984337660        1.0000000000000000     
   7.6923076923076923E-004   6.5384615384615381E-003   905.24189529967418        1.0000000000000000     
   7.6923076923076923E-004   6.9230769230769233E-003   905.24508087372135        1.0000000000000000     
   7.6923076923076923E-004   7.3076923076923076E-003   905.24897896227014        1.0000000000000000     
   7.6923076923076923E-004   7.6923076923076927E-003   905.25359512127636        1.0000000000000000     
   7.6923076923076923E-004   8.0769230769230770E-003   905.25888429026804        1.0000000000000000     
   7.6923076923076923E-004   8.4615384615384613E-003   905.26452453499951        1.0000000000000000     
   7.6923076923076923E-004   8.8461538461538456E-003   905.27111934283585        1.0000000000000000     
   7.6923076923076923E-004   9.2307692307692299E-003   905.27814359661261        1.0000000000000000     
   7.6923076923076923E-004   9.6153846153846159E-003   905.28594798827248        1.0000000000000000     

   1.1538461538461537E-003   3.8461538461538462E-004   932.66583545379092        1.0000000000000000     
   1.1538461538461537E-003   7.6923076923076923E-004   932.65429016094902        1.0000000000000000     
   1.1538461538461537E-003   1.1538461538461537E-003   932.64324350338427        1.0000000000000000     
   1.1538461538461537E-003   1.5384615384615385E-003   932.63394795581155        1.0000000000000000     
   1.1538461538461537E-003   1.9230769230769232E-003   932.62529671120478        1.0000000000000000     
   1.1538461538461537E-003   2.3076923076923075E-003   932.61737519158942        1.0000000000000000     
   1.1538461538461537E-003   2.6923076923076922E-003   932.61047992365957        1.0000000000000000     
   1.1538461538461537E-003   3.0769230769230769E-003   932.60465579494712        1.0000000000000000     
   1.1538461538461537E-003   3.4615384615384616E-003   932.59989590359544        1.0000000000000000     
   1.1538461538461537E-003   3.8461538461538464E-003   932.59619688847044        1.0000000000000000     
   1.1538461538461537E-003   4.2307692307692307E-003   932.59355633827022        1.0000000000000000     
   1.1538461538461537E-003   4.6153846153846149E-003   932.59197263070246        1.0000000000000000     
   1.1538461538461537E-003   5.0000000000000001E-003   932.59144483011914        1.0000000000000000     
   1.1538461538461537E-003   5.3846153846153844E-003   932.59197263070246        1.0000000000000000     
   1.1538461538461537E-003   5.7692307692307696E-003   932.59355633826976        1.0000000000000000     
   1.1538461538461537E-003   6.1538461538461538E-003   932.59619688846988        1.0000000000000000     
   1.1538461538461537E-003   6.5384615384615381E-003   932.59989590359464        1.0000000000000000     
   1.1538461538461537E-003   6.9230769230769233E-003   932.60465579494644        1.0000000000000000     
   1.1538461538461537E-003   7.3076923076923076E-003   932.61047992365900        1.0000000000000000     
   1.1538461538461537E-003   7.6923076923076927E-003   932.61737519158942        1.0000000000000000     
   1.1538461538461537E-003   8.0769230769230770E-003   932.62529671120501        1.0000000000000000     
   1.1538461538461537E-003   8.4615384615384613E-003   932.63394795581189        1.0000000000000000     
   1.1538461538461537E-003   8.8461538461538456E-003   932.64324350338370        1.0000000000000000     
   1.1538461538461537E-003   9.2307692307692299E-003   932.65429016094788        1.0000000000000000     
   1.1538461538461537E-003   9.6153846153846159E-003   932.66583545379092        1.0000000000000000     

   1.5384615384615385E-003   3.8461538461538462E-004   959.73134695468184        1.0000000000000000     
   1.5384615384615385E-003   7.6923076923076923E-004   959.71565907239369        1.0000000000000000     
   1.5384615384615385E-003   1.1538461538461537E-003   959.70160167366748        1.0000000000000000     
   1.5384615384615385E-003   1.5384615384615385E-003   959.68898747457956        1.0000000000000000     
   1.5384615384615385E-003   1.9230769230769232E-003   959.67740234812175        1.0000000000000000     
   1.5384615384615385E-003   2.3076923076923075E-003   959.66688716587635        1.0000000000000000     
   1.5384615384615385E-003   2.6923076923076922E-003   959.65774547353112        1.0000000000000000     
   1.5384615384615385E-003   3.0769230769230769E-003   959.65002238613351        1.0000000000000000     
   1.5384615384615385E-003   3.4615384615384616E-003   959.64370997543688        1.0000000000000000     
   1.5384615384615385E-003   3.8461538461538464E-003   959.63880415260030        1.0000000000000000     
   1.5384615384615385E-003   4.2307692307692307E-003   959.63530196691022        1.0000000000000000     
   1.5384615384615385E-003   4.6153846153846149E-003   959.63320142365922        1.0000000000000000     
   1.5384615384615385E-003   5.0000000000000001E-003   959.63250136855140        1.0000000000000000     
   1.5384615384615385E-003   5.3846153846153844E-003   959.63320142365910        1.0000000000000000     
   1.5384615384615385E-003   5.7692307692307696E-003   959.63530196691011        1.0000000000000000     
   1.5384615384615385E-003   6.1538461538461538E-003   959.63880415260007        1.0000000000000000     
   1.5384615384615385E-003   6.5384615384615381E-003   959.64370997543597        1.0000000000000000     
   1.5384615384615385E-003   6.9230769230769233E-003   959.65002238613260        1.0000000000000000     
   1.5384615384615385E-003   7.3076923076923076E-003   959.65774547353055        1.0000000000000000     
   1.5384615384615385E-003   7.6923076923076927E-003   959.66688716587646        1.0000000000000000     
   1.5384615384615385E-003   8.0769230769230770E-003   959.67740234812163        1.0000000000000000     
   1.5384615384615385E-003   8.4615384615384613E-003   959.68898747457968        1.0000000000000000     
   1.5384615384615385E-003   8.8461538461538456E-003   959.70160167366771        1.0000000000000000     
   1.5384615384615385E-003   9.2307692307692299E-003   959.71565907239346        1.0000000000000000     
   1.5384615384615385E-003   9.6153846153846159E-003   959.73134695468161        1.0000000000000000     

   1.9230769230769232E-003   3.8461538461538462E-004   986.37915645499527        1.0000000000000000     
   1.9230769230769232E-003   7.6923076923076923E-004   986.35988628596738        1.0000000000000000     
   1.9230769230769232E-003   1.1538461538461537E-003   986.34224652032003        1.0000000000000000     
   1.9230769230769232E-003   1.5384615384615385E-003   986.32642636499850        1.0000000000000000     
   1.9230769230769232E-003   1.9230769230769232E-003   986.31196646453429        1.0000000000000000     
   1.9230769230769232E-003   2.3076923076923075E-003   986.29890803511239        1.0000000000000000     
   1.9230769230769232E-003   2.6923076923076922E-003   986.28756251563289        1.0000000000000000     
   1.9230769230769232E-003   3.0769230769230769E-003   986.27797581950824        1.0000000000000000     
   1.9230769230769232E-003   3.4615384615384616E-003   986.27013940052223        1.0000000000000000     
   1.9230769230769232E-003   3.8461538461538464E-003   986.26404871494458        1.0000000000000000     
   1.9230769230769232E-003   4.2307692307692307E-003   986.25970045530676        1.0000000000000000     
   1.9230769230769232E-003   4.6153846153846149E-003   986.25709237057299        1.0000000000000000     
   1.9230769230769232E-003   5.0000000000000001E-003   986.25622315214196        1.0000000000000000     
   1.9230769230769232E-003   5.3846153846153844E-003   986.25709237057322        1.0000000000000000     
   1.9230769230769232E-003   5.7692307692307696E-003   986.25970045530619        1.0000000000000000     
   1.9230769230769232E-003   6.1538461538461538E-003   986.26404871494435        1.0000000000000000     
   1.9230769230769232E-003   6.5384615384615381E-003   986.27013940052143        1.0000000000000000     
   1.9230769230769232E-003   6.9230769230769233E-003   986.27797581950756        1.0000000000000000     
   1.9230769230769232E-003   7.3076923076923076E-003   986.28756251563266        1.0000000000000000     
   1.9230769230769232E-003   7.6923076923076927E-003   986.29890803511182        1.0000000000000000     
   1.9230769230769232E-003   8.0769230769230770E-003   986.31196646453463        1.0000000000000000     
   1.9230769230769232E-003   8.4615384615384613E-003   986.32642636499861        1.0000000000000000     
   1.9230769230769232E-003   8.8461538461538456E-003   986.34224652032049        1.0000000000000000     
   1.9230769230769232E-003   9.2307692307692299E-003   986.35988628596715        1.0000000000000000     
   1.9230769230769232E-003   9.6153846153846159E-003   986.37915645499572        1.0000000000000000     

   2.3076923076923075E-003   3.8461538461538462E-004   1012.5082002170509        1.0000000000000000     
   2.3076923076923075E-003   7.6923076923076923E-004   1012.4851465269851        1.0000000000000000     
   2.3076923076923075E-003   1.1538461538461537E-003   1012.4640549923969        1.0000000000000000     
   2.3076923076923075E-003   1.5384615384615385E-003   1012.4451119237413        1.0000000000000000     
   2.3076923076923075E-003   1.9230769230769232E-003   1012.4278483335856        1.0000000000000000     
   2.3076923076923075E-003   2.3076923076923075E-003   1012.4123076175415        1.0000000000000000     
   2.3076923076923075E-003   2.6923076923076922E-003   1012.3988099699842        1.0000000000000000     
   2.3076923076923075E-003   3.0769230769230769E-003   1012.3874027170300        1.0000000000000000     
   2.3076923076923075E-003   3.4615384615384616E-003   1012.3780771050805        1.0000000000000000     
   2.3076923076923075E-003   3.8461538461538464E-003   1012.3708284078227        1.0000000000000000     
   2.3076923076923075E-003   4.2307692307692307E-003   1012.3656531415008        1.0000000000000000     
   2.3076923076923075E-003   4.6153846153846149E-003   1012.3625489133829        1.0000000000000000     
   2.3076923076923075E-003   5.0000000000000001E-003   1012.3615143241918        1.0000000000000000     
   2.3076923076923075E-003   5.3846153846153844E-003   1012.3625489133833        1.0000000000000000     
   2.3076923076923075E-003   5.7692307692307696E-003   1012.3656531415011        1.0000000000000000     
   2.3076923076923075E-003   6.1538461538461538E-003   1012.3708284078228        1.0000000000000000     
   2.3076923076923075E-003   6.5384615384615381E-003   1012.3780771050806        1.0000000000000000     
   2.3076923076923075E-003   6.9230769230769233E-003   1012.3874027170293        1.0000000000000000     
   2.3076923076923075E-003   7.3076923076923076E-003   1012.3988099699837        1.0000000000000000     
   2.3076923076923075E-003   7.6923076923076927E-003   1012.4123076175408        1.0000000000000000     
   2.3076923076923075E-003   8.0769230769230770E-003   1012.4278483335856        1.0000000000000000     
   2.3076923076923075E-003   8.4615384615384613E-003   1012.4451119237413        1.0000000000000000     
   2.3076923076923075E-003   8.8461538461538456E-003   1012.4640549923969        1.0000000000000000     
   2.3076923076923075E-003   9.2307692307692299E-003   1012.4851465269847        1.0000000000000000     
   2.3076923076923075E-003   9.6153846153846159E-003   1012.5082002170509        1.0000000000000000     

   2.6923076923076922E-003   3.8461538461538462E-004   1038.0192971484569        1.0000000000000000     
   2.6923076923076922E-003   7.6923076923076923E-004   1037.9925977733542        1.0000000000000000     
   2.6923076923076922E-003   1.1538461538461537E-003   1037.9681614480260        1.0000000000000000     
   2.6923076923076922E-003   1.5384615384615385E-003   1037.9461883091292        1.0000000000000000     
   2.6923076923076922E-003   1.9230769230769232E-003   1037.9262019779158        1.0000000000000000     
   2.6923076923076922E-003   2.3076923076923075E-003   1037.9082491438185        1.0000000000000000     
   2.6923076923076922E-003   2.6923076923076922E-003   1037.8926592979035        1.0000000000000000     
   2.6923076923076922E-003   3.0769230769230769E-003   1037.8794816290629        1.0000000000000000     
   2.6923076923076922E-003   3.4615384615384616E-003   1037.8687075062669        1.0000000000000000     
   2.6923076923076922E-003   3.8461538461538464E-003   1037.8603322454726        1.0000000000000000     
   2.6923076923076922E-003   4.2307692307692307E-003   1037.8543523389990        1.0000000000000000     
   2.6923076923076922E-003   4.6153846153846149E-003   1037.8507653507518        1.0000000000000000     
   2.6923076923076922E-003   5.0000000000000001E-003   1037.8495698459556        1.0000000000000000     
   2.6923076923076922E-003   5.3846153846153844E-003   1037.8507653507513        1.0000000000000000     
   2.6923076923076922E-003   5.7692307692307696E-003   1037.8543523389992        1.0000000000000000     
   2.6923076923076922E-003   6.1538461538461538E-003   1037.8603322454728        1.0000000000000000     
   2.6923076923076922E-003   6.5384615384615381E-003   1037.8687075062671        1.0000000000000000     
   2.6923076923076922E-003   6.9230769230769233E-003   1037.8794816290626        1.0000000000000000     
   2.6923076923076922E-003   7.3076923076923076E-003   1037.8926592979028        1.0000000000000000     
   2.6923076923076922E-003   7.6923076923076927E-003   1037.9082491438180        1.0000000000000000     
   2.6923076923076922E-003   8.0769230769230770E-003   1037.9262019779153        1.0000000000000000     
   2.6923076923076922E-003   8.4615384615384613E-003   1037.9461883091294        1.0000000000000000     
   2.6923076923076922E-003   8.8461538461538456E-003   1037.9681614480262        1.0000000000000000     
   2.6923076923076922E-003   9.2307692307692299E-003   1037.9925977733542        1.0000000000000000     
   2.6923076923076922E-003   9.6153846153846159E-003   1038.0192971484564        1.0000000000000000     

   3.0769230769230769E-003   3.8461538461538462E-004   1062.8158214489574        1.0000000000000000     
   3.0769230769230769E-003   7.6923076923076923E-004   1062.7855951026602        1.0000000000000000     
   3.0769230769230769E-003   1.1538461538461537E-003   1062.7579251414406        1.0000000000000000     
   3.0769230769230769E-003   1.5384615384615385E-003   1062.7330222537123        1.0000000000000000     
   3.0769230769230769E-003   1.9230769230769232E-003   1062.7104024562484        1.0000000000000000     
   3.0769230769230769E-003   2.3076923076923075E-003   1062.6901158290002        1.0000000000000000     
   3.0769230769230769E-003   2.6923076923076922E-003   1062.6725011801798        1.0000000000000000     
   3.0769230769230769E-003   3.0769230769230769E-003   1062.6576097612879        1.0000000000000000     
   3.0769230769230769E-003   3.4615384615384616E-003   1062.6454332586911        1.0000000000000000     
   3.0769230769230769E-003   3.8461538461538464E-003   1062.6359671770665        1.0000000000000000     
   3.0769230769230769E-003   4.2307692307692307E-003   1062.6292080906387        1.0000000000000000     
   3.0769230769230769E-003   4.6153846153846149E-003   1062.6251535911267        1.0000000000000000     
   3.0769230769230769E-003   5.0000000000000001E-003   1062.6238022492248        1.0000000000000000     
   3.0769230769230769E-003   5.3846153846153844E-003   1062.6251535911258        1.0000000000000000     
   3.0769230769230769E-003   5.7692307692307696E-003   1062.6292080906389        1.0000000000000000     
   3.0769230769230769E-003   6.1538461538461538E-003   1062.6359671770665        1.0000000000000000     
   3.0769230769230769E-003   6.5384615384615381E-003   1062.6454332586911        1.0000000000000000     
   3.0769230769230769E-003   6.9230769230769233E-003   1062.6576097612874        1.0000000000000000     
   3.0769230769230769E-003   7.3076923076923076E-003   1062.6725011801789        1.0000000000000000     
   3.0769230769230769E-003   7.6923076923076927E-003   1062.6901158290002        1.0000000000000000     
   3.0769230769230769E-003   8.0769230769230770E-003   1062.7104024562486        1.0000000000000000     
   3.0769230769230769E-003   8.4615384615384613E-003   1062.7330222537125        1.0000000000000000     
   3.0769230769230769E-003   8.8461538461538456E-003   1062.7579251414418        1.0000000000000000     
   3.0769230769230769E-003   9.2307692307692299E-003   1062.7855951026600        1.0000000000000000     
   3.0769230769230769E-003   9.6153846153846159E-003   1062.8158214489563        1.0000000000000000     

   3.4615384615384616E-003   3.8461538461538462E-004   1086.8038958342333        1.0000000000000000     
   3.4615384615384616E-003   7.6923076923076923E-004   1086.7702680967402        1.0000000000000000     
   3.4615384615384616E-003   1.1538461538461537E-003   1086.7394824756720        1.0000000000000000     
   3.4615384615384616E-003   1.5384615384615385E-003   1086.7117576960627        1.0000000000000000     
   3.4615384615384616E-003   1.9230769230769232E-003   1086.6866014997568        1.0000000000000000     
   3.4615384615384616E-003   2.3076923076923075E-003   1086.6640669420449        1.0000000000000000     
   3.4615384615384616E-003   2.6923076923076922E-003   1086.6445017976969        1.0000000000000000     
   3.4615384615384616E-003   3.0769230769230769E-003   1086.6279593598736        1.0000000000000000     
   3.4615384615384616E-003   3.4615384615384616E-003   1086.6144316927976        1.0000000000000000     
   3.4615384615384616E-003   3.8461538461538464E-003   1086.6039145520524        1.0000000000000000     
   3.4615384615384616E-003   4.2307692307692307E-003   1086.5964046470929        1.0000000000000000     
   3.4615384615384616E-003   4.6153846153846149E-003   1086.5918996370706        1.0000000000000000     
   3.4615384615384616E-003   5.0000000000000001E-003   1086.5903981222853        1.0000000000000000     
   3.4615384615384616E-003   5.3846153846153844E-003   1086.5918996370704        1.0000000000000000     
   3.4615384615384616E-003   5.7692307692307696E-003   1086.5964046470929        1.0000000000000000     
   3.4615384615384616E-003   6.1538461538461538E-003   1086.6039145520519        1.0000000000000000     
   3.4615384615384616E-003   6.5384615384615381E-003   1086.6144316927966        1.0000000000000000     
   3.4615384615384616E-003   6.9230769230769233E-003   1086.6279593598726        1.0000000000000000     
   3.4615384615384616E-003   7.3076923076923076E-003   1086.6445017976966        1.0000000000000000     
   3.4615384615384616E-003   7.6923076923076927E-003   1086.6640669420444        1.0000000000000000     
   3.4615384615384616E-003   8.0769230769230770E-003   1086.6866014997565        1.0000000000000000     
   3.4615384615384616E-003   8.4615384615384613E-003   1086.7117576960627        1.0000000000000000     
   3.4615384615384616E-003   8.8461538461538456E-003   1086.7394824756716        1.0000000000000000     
   3.4615384615384616E-003   9.2307692307692299E-003   1086.7702680967402        1.0000000000000000     
   3.4615384615384616E-003   9.6153846153846159E-003   1086.8038958342327        1.0000000000000000     

   3.8461538461538464E-003   3.8461538461538462E-004   1109.8928232877397        1.0000000000000000     
   3.8461538461538464E-003   7.6923076923076923E-004   1109.8559298278431        1.0000000000000000     
   3.8461538461538464E-003   1.1538461538461537E-003   1109.8221551264571        1.0000000000000000     
   3.8461538461538464E-003   1.5384615384615385E-003   1109.7917243817310        1.0000000000000000     
   3.8461538461538464E-003   1.9230769230769232E-003   1109.7641365668769        1.0000000000000000     
   3.8461538461538464E-003   2.3076923076923075E-003   1109.7394471665107        1.0000000000000000     
   3.8461538461538464E-003   2.6923076923076922E-003   1109.7180123754670        1.0000000000000000     
   3.8461538461538464E-003   3.0769230769230769E-003   1109.6998873628038        1.0000000000000000     
   3.8461538461538464E-003   3.4615384615384616E-003   1109.6850645281661        1.0000000000000000     
   3.8461538461538464E-003   3.8461538461538464E-003   1109.6735398685896        1.0000000000000000     
   3.8461538461538464E-003   4.2307692307692307E-003   1109.6653102344803        1.0000000000000000     
   3.8461538461538464E-003   4.6153846153846149E-003   1109.6603733622467        1.0000000000000000     
   3.8461538461538464E-003   5.0000000000000001E-003   1109.6587278896973        1.0000000000000000     
   3.8461538461538464E-003   5.3846153846153844E-003   1109.6603733622451        1.0000000000000000     
   3.8461538461538464E-003   5.7692307692307696E-003   1109.6653102344790        1.0000000000000000     
   3.8461538461538464E-003   6.1538461538461538E-003   1109.6735398685892        1.0000000000000000     
   3.8461538461538464E-003   6.5384615384615381E-003   1109.6850645281650        1.0000000000000000     
   3.8461538461538464E-003   6.9230769230769233E-003   1109.6998873628027        1.0000000000000000     
   3.8461538461538464E-003   7.3076923076923076E-003   1109.7180123754667        1.0000000000000000     
   3.8461538461538464E-003   7.6923076923076927E-003   1109.7394471665104        1.0000000000000000     
   3.8461538461538464E-003   8.0769230769230770E-003   1109.7641365668765        1.0000000000000000     
   3.8461538461538464E-003   8.4615384615384613E-003   1109.7917243817308        1.0000000000000000     
   3.8461538461538464E-003   8.8461538461538456E-003   1109.8221551264564        1.0000000000000000     
   3.8461538461538464E-003   9.2307692307692299E-003   1109.8559298278417        1.0000000000000000     
   3.8461538461538464E-003   9.6153846153846159E-003   1109.8928232877390        1.0000000000000000     

   4.2307692307692307E-003   3.8461538461538462E-004   1131.9954306962029        1.0000000000000000     
   4.2307692307692307E-003   7.6923076923076923E-004   1131.9554180761652        1.0000000000000000     
   4.2307692307692307E-003   1.1538461538461537E-003   1131.9187902548094        1.0000000000000000     
   4.2307692307692307E-003   1.5384615384615385E-003   1131.8857778932515        1.0000000000000000     
   4.2307692307692307E-003   1.9230769230769232E-003   1131.8558709651363        1.0000000000000000     
   4.2307692307692307E-003   2.3076923076923075E-003   1131.8291268565790        1.0000000000000000     
   4.2307692307692307E-003   2.6923076923076922E-003   1131.8059095506217        1.0000000000000000     
   4.2307692307692307E-003   3.0769230769230769E-003   1131.7862758474278        1.0000000000000000     
   4.2307692307692307E-003   3.4615384615384616E-003   1131.7702183733759        1.0000000000000000     
   4.2307692307692307E-003   3.8461538461538464E-003   1131.7577333060001        1.0000000000000000     
   4.2307692307692307E-003   4.2307692307692307E-003   1131.7488176058509        1.0000000000000000     
   4.2307692307692307E-003   4.6153846153846149E-003   1131.7434690727066        1.0000000000000000     
   4.2307692307692307E-003   5.0000000000000001E-003   1131.7416863765875        1.0000000000000000     
   4.2307692307692307E-003   5.3846153846153844E-003   1131.7434690727061        1.0000000000000000     
   4.2307692307692307E-003   5.7692307692307696E-003   1131.7488176058503        1.0000000000000000     
   4.2307692307692307E-003   6.1538461538461538E-003   1131.7577333059987        1.0000000000000000     
   4.2307692307692307E-003   6.5384615384615381E-003   1131.7702183733745        1.0000000000000000     
   4.2307692307692307E-003   6.9230769230769233E-003   1131.7862758474266        1.0000000000000000     
   4.2307692307692307E-003   7.3076923076923076E-003   1131.8059095506203        1.0000000000000000     
   4.2307692307692307E-003   7.6923076923076927E-003   1131.8291268565781        1.0000000000000000     
   4.2307692307692307E-003   8.0769230769230770E-003   1131.8558709651356        1.0000000000000000     
   4.2307692307692307E-003   8.4615384615384613E-003   1131.8857778932509        1.0000000000000000     
   4.2307692307692307E-003   8.8461538461538456E-003   1131.9187902548092        1.0000000000000000     
   4.2307692307692307E-003   9.2307692307692299E-003   1131.9554180761645        1.0000000000000000     
   4.2307692307692307E-003   9.6153846153846159E-003   1131.9954306962024        1.0000000000000000     

   4.6153846153846149E-003   3.8461538461538462E-004   1153.0283954915180        1.0000000000000000     
   4.6153846153846149E-003   7.6923076923076923E-004   1152.9854211234367        1.0000000000000000     
   4.6153846153846149E-003   1.1538461538461537E-003   1152.9460856897672        1.0000000000000000     
   4.6153846153846149E-003   1.5384615384615385E-003   1152.9106245763799        1.0000000000000000     
   4.6153846153846149E-003   1.9230769230769232E-003   1152.8785187243411        1.0000000000000000     
   4.6153846153846149E-003   2.3076923076923075E-003   1152.8498269402453        1.0000000000000000     
   4.6153846153846149E-003   2.6923076923076922E-003   1152.8249203264436        1.0000000000000000     
   4.6153846153846149E-003   3.0769230769230769E-003   1152.8038570311267        1.0000000000000000     
   4.6153846153846149E-003   3.4615384615384616E-003   1152.7866297619323        1.0000000000000000     
   4.6153846153846149E-003   3.8461538461538464E-003   1152.7732347845715        1.0000000000000000     
   4.6153846153846149E-003   4.2307692307692307E-003   1152.7636691156983        1.0000000000000000     
   4.6153846153846149E-003   4.6153846153846149E-003   1152.7579305891823        1.0000000000000000     
   4.6153846153846149E-003   5.0000000000000001E-003   1152.7560178933495        1.0000000000000000     
   4.6153846153846149E-003   5.3846153846153844E-003   1152.7579305891818        1.0000000000000000     
   4.6153846153846149E-003   5.7692307692307696E-003   1152.7636691156965        1.0000000000000000     
   4.6153846153846149E-003   6.1538461538461538E-003   1152.7732347845697        1.0000000000000000     
   4.6153846153846149E-003   6.5384615384615381E-003   1152.7866297619312        1.0000000000000000     
   4.6153846153846149E-003   6.9230769230769233E-003   1152.8038570311255        1.0000000000000000     
   4.6153846153846149E-003   7.3076923076923076E-003   1152.8249203264425        1.0000000000000000     
   4.6153846153846149E-003   7.6923076923076927E-003   1152.8498269402430        1.0000000000000000     
   4.6153846153846149E-003   8.0769230769230770E-003   1152.8785187243398        1.0000000000000000     
   4.6153846153846149E-003   8.4615384615384613E-003   1152.9106245763783        1.0000000000000000     
   4.6153846153846149E-003   8.8461538461538456E-003   1152.9460856897663        1.0000000000000000     
   4.6153846153846149E-003   9.2307692307692299E-003   1152.9854211234353        1.0000000000000000     
   4.6153846153846149E-003   9.6153846153846159E-003   1153.0283954915167        1.0000000000000000     

   5.0000000000000001E-003   3.8461538461538462E-004   1172.9125528782013        1.0000000000000000     
   5.0000000000000001E-003   7.6923076923076923E-004   1172.8667846454337        1.0000000000000000     
   5.0000000000000001E-003   1.1538461538461537E-003   1172.8248965019907        1.0000000000000000     
   5.0000000000000001E-003   1.5384615384615385E-003   1172.7871279258272        1.0000000000000000     
   5.0000000000000001E-003   1.9230769230769232E-003   1172.7529509066298        1.0000000000000000     
   5.0000000000000001E-003   2.3076923076923075E-003   1172.7224252174146        1.0000000000000000     
   5.0000000000000001E-003   2.6923076923076922E-003   1172.6959283851827        1.0000000000000000     
   5.0000000000000001E-003   3.0769230769230769E-003   1172.6735196049929        1.0000000000000000     
   5.0000000000000001E-003   3.4615384615384616E-003   1172.6551915041348        1.0000000000000000     
   5.0000000000000001E-003   3.8461538461538464E-003   1172.6409403304169        1.0000000000000000     
   5.0000000000000001E-003   4.2307692307692307E-003   1172.6307630928652        1.0000000000000000     
   5.0000000000000001E-003   4.6153846153846149E-003   1172.6246576242022        1.0000000000000000     
   5.0000000000000001E-003   5.0000000000000001E-003   1172.6226226140559        1.0000000000000000     
   5.0000000000000001E-003   5.3846153846153844E-003   1172.6246576242017        1.0000000000000000     
   5.0000000000000001E-003   5.7692307692307696E-003   1172.6307630928634        1.0000000000000000     
   5.0000000000000001E-003   6.1538461538461538E-003   1172.6409403304162        1.0000000000000000     
   5.0000000000000001E-003   6.5384615384615381E-003   1172.6551915041346        1.0000000000000000     
   5.0000000000000001E-003   6.9230769230769233E-003   1172.6735196049920        1.0000000000000000     
   5.0000000000000001E-003   7.3076923076923076E-003   1172.6959283851818        1.0000000000000000     
   5.0000000000000001E-003   7.6923076923076927E-003   1172.7224252174130        1.0000000000000000     
   5.0000000000000001E-003   8.0769230769230770E-003   1172.7529509066280        1.0000000000000000     
   5.0000000000000001E-003   8.4615384615384613E-003   1172.7871279258263        1.0000000000000000     
   5.0000000000000001E-003   8.8461538461538456E-003   1172.8248965019895        1.0000000000000000     
   5.0000000000000001E-003   9.2307692307692299E-003   1172.8667846454323        1.0000000000000000     
   5.0000000000000001E-003   9.6153846153846159E-003   1172.9125528782001        1.0000000000000000     

   5.3846153846153844E-003   3.8461538461538462E-004   1191.5731830754444        1.0000000000000000     
   5.3846153846153844E-003   7.6923076923076923E-004   1191.5247988198828        1.0000000000000000     
   5.3846153846153844E-003   1.1538461538461537E-003   1191.4805219666091        1.0000000000000000     
   5.3846153846153844E-003   1.5384615384615385E-003   1191.4405954483202        1.0000000000000000     
   5.3846153846153844E-003   1.9230769230769232E-003   1191.4044824194582        1.0000000000000000     
   5.3846153846153844E-003   2.3076923076923075E-003   1191.3722431559056        1.0000000000000000     
   5.3846153846153844E-003   2.6923076923076922E-003   1191.3442608830089        1.0000000000000000     
   5.3846153846153844E-003   3.0769230769230769E-003   1191.3205955326334        1.0000000000000000     
   5.3846153846153844E-003   3.4615384615384616E-003   1191.3012394893844        1.0000000000000000     
   5.3846153846153844E-003   3.8461538461538464E-003   1191.2861888795119        1.0000000000000000     
   5.3846153846153844E-003   4.2307692307692307E-003   1191.2754406448753        1.0000000000000000     
   5.3846153846153844E-003   4.6153846153846149E-003   1191.2689925861227        1.0000000000000000     
   5.3846153846153844E-003   5.0000000000000001E-003   1191.2668433802987        1.0000000000000000     
   5.3846153846153844E-003   5.3846153846153844E-003   1191.2689925861221        1.0000000000000000     
   5.3846153846153844E-003   5.7692307692307696E-003   1191.2754406448739        1.0000000000000000     
   5.3846153846153844E-003   6.1538461538461538E-003   1191.2861888795105        1.0000000000000000     
   5.3846153846153844E-003   6.5384615384615381E-003   1191.3012394893833        1.0000000000000000     
   5.3846153846153844E-003   6.9230769230769233E-003   1191.3205955326334        1.0000000000000000     
   5.3846153846153844E-003   7.3076923076923076E-003   1191.3442608830092        1.0000000000000000     
   5.3846153846153844E-003   7.6923076923076927E-003   1191.3722431559045        1.0000000000000000     
   5.3846153846153844E-003   8.0769230769230770E-003   1191.4044824194573        1.0000000000000000     
   5.3846153846153844E-003   8.4615384615384613E-003   1191.4405954483186        1.0000000000000000     
   5.3846153846153844E-003   8.8461538461538456E-003   1191.4805219666071        1.0000000000000000     
   5.3846153846153844E-003   9.2307692307692299E-003   1191.5247988198814        1.0000000000000000     
   5.3846153846153844E-003   9.6153846153846159E-003   1191.5731830754428        1.0000000000000000     

   5.7692307692307696E-003   3.8461538461538462E-004   1208.9402780181849        1.0000000000000000     
   5.7692307692307696E-003   7.6923076923076923E-004   1208.8894649969327        1.0000000000000000     
   5.7692307692307696E-003   1.1538461538461537E-003   1208.8429722062303        1.0000000000000000     
   5.7692307692307696E-003   1.5384615384615385E-003   1208.8010452888834        1.0000000000000000     
   5.7692307692307696E-003   1.9230769230769232E-003   1208.7631386336736        1.0000000000000000     
   5.7692307692307696E-003   2.3076923076923075E-003   1208.7293125044025        1.0000000000000000     
   5.7692307692307696E-003   2.6923076923076922E-003   1208.6999550570047        1.0000000000000000     
   5.7692307692307696E-003   3.0769230769230769E-003   1208.6751266489271        1.0000000000000000     
   5.7692307692307696E-003   3.4615384615384616E-003   1208.6548192750774        1.0000000000000000     
   5.7692307692307696E-003   3.8461538461538464E-003   1208.6390288566233        1.0000000000000000     
   5.7692307692307696E-003   4.2307692307692307E-003   1208.6277522284345        1.0000000000000000     
   5.7692307692307696E-003   4.6153846153846149E-003   1208.6209871440417        1.0000000000000000     
   5.7692307692307696E-003   5.0000000000000001E-003   1208.6187322641510        1.0000000000000000     
   5.7692307692307696E-003   5.3846153846153844E-003   1208.6209871440406        1.0000000000000000     
   5.7692307692307696E-003   5.7692307692307696E-003   1208.6277522284340        1.0000000000000000     
   5.7692307692307696E-003   6.1538461538461538E-003   1208.6390288566217        1.0000000000000000     
   5.7692307692307696E-003   6.5384615384615381E-003   1208.6548192750768        1.0000000000000000     
   5.7692307692307696E-003   6.9230769230769233E-003   1208.6751266489268        1.0000000000000000     
   5.7692307692307696E-003   7.3076923076923076E-003   1208.6999550570058        1.0000000000000000     
   5.7692307692307696E-003   7.6923076923076927E-003   1208.7293125044025        1.0000000000000000     
   5.7692307692307696E-003   8.0769230769230770E-003   1208.7631386336730        1.0000000000000000     
   5.7692307692307696E-003   8.4615384615384613E-003   1208.8010452888827        1.0000000000000000     
   5.7692307692307696E-003   8.8461538461538456E-003   1208.8429722062294        1.0000000000000000     
   5.7692307692307696E-003   9.2307692307692299E-003   1208.8894649969313        1.0000000000000000     
   5.7692307692307696E-003   9.6153846153846159E-003   1208.9402780181845        1.0000000000000000     

   6.1538461538461538E-003   3.8461538461538462E-004   1224.9487870601747        1.0000000000000000     
   6.1538461538461538E-003   7.6923076923076923E-004   1224.8957414598888        1.0000000000000000     
   6.1538461538461538E-003   1.1538461538461537E-003   1224.8472140335869        1.0000000000000000     
   6.1538461538461538E-003   1.5384615384615385E-003   1224.8034521413117        1.0000000000000000     
   6.1538461538461538E-003   1.9230769230769232E-003   1224.7639013324988        1.0000000000000000     
   6.1538461538461538E-003   2.3076923076923075E-003   1224.7286212518027        1.0000000000000000     
   6.1538461538461538E-003   2.6923076923076922E-003   1224.6980041746335        1.0000000000000000     
   6.1538461538461538E-003   3.0769230769230769E-003   1224.6721105883078        1.0000000000000000     
   6.1538461538461538E-003   3.4615384615384616E-003   1224.6509319898639        1.0000000000000000     
   6.1538461538461538E-003   3.8461538461538464E-003   1224.6344640550687        1.0000000000000000     
   6.1538461538461538E-003   4.2307692307692307E-003   1224.6227035106322        1.0000000000000000     
   6.1538461538461538E-003   4.6153846153846149E-003   1224.6156480772747        1.0000000000000000     
   6.1538461538461538E-003   5.0000000000000001E-003   1224.6132964136536        1.0000000000000000     
   6.1538461538461538E-003   5.3846153846153844E-003   1224.6156480772745        1.0000000000000000     
   6.1538461538461538E-003   5.7692307692307696E-003   1224.6227035106319        1.0000000000000000     
   6.1538461538461538E-003   6.1538461538461538E-003   1224.6344640550687        1.0000000000000000     
   6.1538461538461538E-003   6.5384615384615381E-003   1224.6509319898639        1.0000000000000000     
   6.1538461538461538E-003   6.9230769230769233E-003   1224.6721105883078        1.0000000000000000     
   6.1538461538461538E-003   7.3076923076923076E-003   1224.6980041746338        1.0000000000000000     
   6.1538461538461538E-003   7.6923076923076927E-003   1224.7286212518025        1.0000000000000000     
   6.1538461538461538E-003   8.0769230769230770E-003   1224.7639013324981        1.0000000000000000     
   6.1538461538461538E-003   8.4615384615384613E-003   1224.8034521413115        1.0000000000000000     
   6.1538461538461538E-003   8.8461538461538456E-003   1224.8472140335864        1.0000000000000000     
   6.1538461538461538E-003   9.2307692307692299E-003   1224.8957414598885        1.0000000000000000     
   6.1538461538461538E-003   9.6153846153846159E-003   1224.9487870601736        1.0000000000000000     

   6.5384615384615381E-003   3.8461538461538462E-004   1239.5388413190965        1.0000000000000000     
   6.5384615384615381E-003   7.6923076923076923E-004   1239.4837679605278        1.0000000000000000     
   6.5384615384615381E-003   1.1538461538461537E-003   1239.4333957156337        1.0000000000000000     
   6.5384615384615381E-003   1.5384615384615385E-003   1239.3879721789556        1.0000000000000000     
   6.5384615384615381E-003   1.9230769230769232E-003   1239.3469337257643        1.0000000000000000     
   6.5384615384615381E-003   2.3076923076923075E-003   1239.3103386588625        1.0000000000000000     
   6.5384615384615381E-003   2.6923076923076922E-003   1239.2785825422845        1.0000000000000000     
   6.5384615384615381E-003   3.0769230769230769E-003   1239.2517257513173        1.0000000000000000     
   6.5384615384615381E-003   3.4615384615384616E-003   1239.2297592543603        1.0000000000000000     
   6.5384615384615381E-003   3.8461538461538464E-003   1239.2126785168075        1.0000000000000000     
   6.5384615384615381E-003   4.2307692307692307E-003   1239.2004802182917        1.0000000000000000     
   6.5384615384615381E-003   4.6153846153846149E-003   1239.1931621058648        1.0000000000000000     
   6.5384615384615381E-003   5.0000000000000001E-003   1239.1907228769981        1.0000000000000000     
   6.5384615384615381E-003   5.3846153846153844E-003   1239.1931621058643        1.0000000000000000     
   6.5384615384615381E-003   5.7692307692307696E-003   1239.2004802182917        1.0000000000000000     
   6.5384615384615381E-003   6.1538461538461538E-003   1239.2126785168073        1.0000000000000000     
   6.5384615384615381E-003   6.5384615384615381E-003   1239.2297592543594        1.0000000000000000     
   6.5384615384615381E-003   6.9230769230769233E-003   1239.2517257513168        1.0000000000000000     
   6.5384615384615381E-003   7.3076923076923076E-003   1239.2785825422834        1.0000000000000000     
   6.5384615384615381E-003   7.6923076923076927E-003   1239.3103386588618        1.0000000000000000     
   6.5384615384615381E-003   8.0769230769230770E-003   1239.3469337257636        1.0000000000000000     
   6.5384615384615381E-003   8.4615384615384613E-003   1239.3879721789554        1.0000000000000000     
   6.5384615384615381E-003   8.8461538461538456E-003   1239.4333957156337        1.0000000000000000     
   6.5384615384615381E-003   9.2307692307692299E-003   1239.4837679605266        1.0000000000000000     
   6.5384615384615381E-003   9.6153846153846159E-003   1239.5388413190954        1.0000000000000000     

   6.9230769230769233E-003   3.8461538461538462E-004   1252.6559563349542        1.0000000000000000     
   6.9230769230769233E-003   7.6923076923076923E-004   1252.5990688568772        1.0000000000000000     
   6.9230769230769233E-003   1.1538461538461537E-003   1252.5470505861101        1.0000000000000000     
   6.9230769230769233E-003   1.5384615384615385E-003   1252.5001469529241        1.0000000000000000     
   6.9230769230769233E-003   1.9230769230769232E-003   1252.4577844584794        1.0000000000000000     
   6.9230769230769233E-003   2.3076923076923075E-003   1252.4200192651847        1.0000000000000000     
   6.9230769230769233E-003   2.6923076923076922E-003   1252.3872494537673        1.0000000000000000     
   6.9230769230769233E-003   3.0769230769230769E-003   1252.3595351748845        1.0000000000000000     
   6.9230769230769233E-003   3.4615384615384616E-003   1252.3368669754357        1.0000000000000000     
   6.9230769230769233E-003   3.8461538461538464E-003   1252.3192402640614        1.0000000000000000     
   6.9230769230769233E-003   4.2307692307692307E-003   1252.3066518245503        1.0000000000000000     
   6.9230769230769233E-003   4.6153846153846149E-003   1252.2990995504465        1.0000000000000000     
   6.9230769230769233E-003   5.0000000000000001E-003   1252.2965822535937        1.0000000000000000     
   6.9230769230769233E-003   5.3846153846153844E-003   1252.2990995504476        1.0000000000000000     
   6.9230769230769233E-003   5.7692307692307696E-003   1252.3066518245505        1.0000000000000000     
   6.9230769230769233E-003   6.1538461538461538E-003   1252.3192402640605        1.0000000000000000     
   6.9230769230769233E-003   6.5384615384615381E-003   1252.3368669754341        1.0000000000000000     
   6.9230769230769233E-003   6.9230769230769233E-003   1252.3595351748841        1.0000000000000000     
   6.9230769230769233E-003   7.3076923076923076E-003   1252.3872494537661        1.0000000000000000     
   6.9230769230769233E-003   7.6923076923076927E-003   1252.4200192651829        1.0000000000000000     
   6.9230769230769233E-003   8.0769230769230770E-003   1252.4577844584794        1.0000000000000000     
   6.9230769230769233E-003   8.4615384615384613E-003   1252.5001469529236        1.0000000000000000     
   6.9230769230769233E-003   8.8461538461538456E-003   1252.5470505861101        1.0000000000000000     
   6.9230769230769233E-003   9.2307692307692299E-003   1252.5990688568763        1.0000000000000000     
   6.9230769230769233E-003   9.6153846153846159E-003   1252.6559563349522        1.0000000000000000     

   7.3076923076923076E-003   3.8461538461538462E-004   1264.2512125661920        1.0000000000000000     
   7.3076923076923076E-003   7.6923076923076923E-004   1264.1927348552879        1.0000000000000000     
   7.3076923076923076E-003   1.1538461538461537E-003   1264.1392796957175        1.0000000000000000     
   7.3076923076923076E-003   1.5384615384615385E-003   1264.0910864302032        1.0000000000000000     
   7.3076923076923076E-003   1.9230769230769232E-003   1264.0475707221619        1.0000000000000000     
   7.3076923076923076E-003   2.3076923076923075E-003   1264.0087859243072        1.0000000000000000     
   7.3076923076923076E-003   2.6923076923076922E-003   1263.9751320939238        1.0000000000000000     
   7.3076923076923076E-003   3.0769230769230769E-003   1263.9466692991480        1.0000000000000000     
   7.3076923076923076E-003   3.4615384615384616E-003   1263.9233879954957        1.0000000000000000     
   7.3076923076923076E-003   3.8461538461538464E-003   1263.9052838594093        1.0000000000000000     
   7.3076923076923076E-003   4.2307692307692307E-003   1263.8923540486667        1.0000000000000000     
   7.3076923076923076E-003   4.6153846153846149E-003   1263.8845967978641        1.0000000000000000     
   7.3076923076923076E-003   5.0000000000000001E-003   1263.8820111486577        1.0000000000000000     
   7.3076923076923076E-003   5.3846153846153844E-003   1263.8845967978634        1.0000000000000000     
   7.3076923076923076E-003   5.7692307692307696E-003   1263.8923540486669        1.0000000000000000     
   7.3076923076923076E-003   6.1538461538461538E-003   1263.9052838594073        1.0000000000000000     
   7.3076923076923076E-003   6.5384615384615381E-003   1263.9233879954945        1.0000000000000000     
   7.3076923076923076E-003   6.9230769230769233E-003   1263.9466692991480        1.0000000000000000     
   7.3076923076923076E-003   7.3076923076923076E-003   1263.9751320939229        1.0000000000000000     
   7.3076923076923076E-003   7.6923076923076927E-003   1264.0087859243065        1.0000000000000000     
   7.3076923076923076E-003   8.0769230769230770E-003   1264.0475707221608        1.0000000000000000     
   7.3076923076923076E-003   8.4615384615384613E-003   1264.0910864302014        1.0000000000000000     
   7.3076923076923076E-003   8.8461538461538456E-003   1264.1392796957171        1.0000000000000000     
   7.3076923076923076E-003   9.2307692307692299E-003   1264.1927348552865        1.0000000000000000     
   7.3076923076923076E-003   9.6153846153846159E-003   1264.2512125661906        1.0000000000000000     

   7.6923076923076927E-003   3.8461538461538462E-004   1274.2814158705196        1.0000000000000000     
   7.6923076923076927E-003   7.6923076923076923E-004   1274.2215871024680        1.0000000000000000     
   7.6923076923076927E-003   1.1538461538461537E-003   1274.1669174033918        1.0000000000000000     
   7.6923076923076927E-003   1.5384615384615385E-003   1274.1176348805814        1.0000000000000000     
   7.6923076923076927E-003   1.9230769230769232E-003   1274.0731440085433        1.0000000000000000     
   7.6923076923076927E-003   2.3076923076923075E-003   1274.0334953118979        1.0000000000000000     
   7.6923076923076927E-003   2.6923076923076922E-003   1273.9990907918639        1.0000000000000000     
   7.6923076923076927E-003   3.0769230769230769E-003   1273.9699910003987        1.0000000000000000     
   7.6923076923076927E-003   3.4615384615384616E-003   1273.9461869569031        1.0000000000000000     
   7.6923076923076927E-003   3.8461538461538464E-003   1273.9276751536622        1.0000000000000000     
   7.6923076923076927E-003   4.2307692307692307E-003   1273.9144535310629        1.0000000000000000     
   7.6923076923076927E-003   4.6153846153846149E-003   1273.9065209372791        1.0000000000000000     
   7.6923076923076927E-003   5.0000000000000001E-003   1273.9038767972052        1.0000000000000000     
   7.6923076923076927E-003   5.3846153846153844E-003   1273.9065209372798        1.0000000000000000     
   7.6923076923076927E-003   5.7692307692307696E-003   1273.9144535310636        1.0000000000000000     
   7.6923076923076927E-003   6.1538461538461538E-003   1273.9276751536618        1.0000000000000000     
   7.6923076923076927E-003   6.5384615384615381E-003   1273.9461869569022        1.0000000000000000     
   7.6923076923076927E-003   6.9230769230769233E-003   1273.9699910003974        1.0000000000000000     
   7.6923076923076927E-003   7.3076923076923076E-003   1273.9990907918618        1.0000000000000000     
   7.6923076923076927E-003   7.6923076923076927E-003   1274.0334953118963        1.0000000000000000     
   7.6923076923076927E-003   8.0769230769230770E-003   1274.0731440085410        1.0000000000000000     
   7.6923076923076927E-003   8.4615384615384613E-003   1274.1176348805798        1.0000000000000000     
   7.6923076923076927E-003   8.8461538461538456E-003   1274.1669174033907        1.0000000000000000     
   7.6923076923076927E-003   9.2307692307692299E-003   1274.2215871024671        1.0000000000000000     
   7.6923076923076927E-003   9.6153846153846159E-003   1274.2814158705182        1.0000000000000000     

   8.0769230769230770E-003   3.8461538461538462E-004   1282.7091274174595        1.0000000000000000     
   8.0769230769230770E-003   7.6923076923076923E-004   1282.6482417296156        1.0000000000000000     
   8.0769230769230770E-003   1.1538461538461537E-003   1282.5925971858001        1.0000000000000000     
   8.0769230769230770E-003   1.5384615384615385E-003   1282.5424360592035        1.0000000000000000     
   8.0769230769230770E-003   1.9230769230769232E-003   1282.4971546614493        1.0000000000000000     
   8.0769230769230770E-003   2.3076923076923075E-003   1282.4568019581029        1.0000000000000000     
   8.0769230769230770E-003   2.6923076923076922E-003   1282.4217826330937        1.0000000000000000     
   8.0769230769230770E-003   3.0769230769230769E-003   1282.3921588840660        1.0000000000000000     
   8.0769230769230770E-003   3.4615384615384616E-003   1282.3679233766934        1.0000000000000000     
   8.0769230769230770E-003   3.8461538461538464E-003   1282.3490742260508        1.0000000000000000     
   8.0769230769230770E-003   4.2307692307692307E-003   1282.3356106986778        1.0000000000000000     
   8.0769230769230770E-003   4.6153846153846149E-003   1282.3275325894554        1.0000000000000000     
   8.0769230769230770E-003   5.0000000000000001E-003   1282.3248398827789        1.0000000000000000     
   8.0769230769230770E-003   5.3846153846153844E-003   1282.3275325894554        1.0000000000000000     
   8.0769230769230770E-003   5.7692307692307696E-003   1282.3356106986778        1.0000000000000000     
   8.0769230769230770E-003   6.1538461538461538E-003   1282.3490742260503        1.0000000000000000     
   8.0769230769230770E-003   6.5384615384615381E-003   1282.3679233766920        1.0000000000000000     
   8.0769230769230770E-003   6.9230769230769233E-003   1282.3921588840640        1.0000000000000000     
   8.0769230769230770E-003   7.3076923076923076E-003   1282.4217826330917        1.0000000000000000     
   8.0769230769230770E-003   7.6923076923076927E-003   1282.4568019581004        1.0000000000000000     
   8.0769230769230770E-003   8.0769230769230770E-003   1282.4971546614474        1.0000000000000000     
   8.0769230769230770E-003   8.4615384615384613E-003   1282.5424360592019        1.0000000000000000     
   8.0769230769230770E-003   8.8461538461538456E-003   1282.5925971857985        1.0000000000000000     
   8.0769230769230770E-003   9.2307692307692299E-003   1282.6482417296145        1.0000000000000000     
   8.0769230769230770E-003   9.6153846153846159E-003   1282.7091274174577        1.0000000000000000     

   8.4615384615384613E-003   3.8461538461538462E-004   1289.5030609352139        1.0000000000000000     
   8.4615384615384613E-003   7.6923076923076923E-004   1289.4409189317628        1.0000000000000000     
   8.4615384615384613E-003   1.1538461538461537E-003   1289.3845990959503        1.0000000000000000     
   8.4615384615384613E-003   1.5384615384615385E-003   1289.3337774160138        1.0000000000000000     
   8.4615384615384613E-003   1.9230769230769232E-003   1289.2878947501672        1.0000000000000000     
   8.4615384615384613E-003   2.3076923076923075E-003   1289.2470003728918        1.0000000000000000     
   8.4615384615384613E-003   2.6923076923076922E-003   1289.2115029965755        1.0000000000000000     
   8.4615384615384613E-003   3.0769230769230769E-003   1289.1814684068897        1.0000000000000000     
   8.4615384615384613E-003   3.4615384615384616E-003   1289.1568925200402        1.0000000000000000     
   8.4615384615384613E-003   3.8461538461538464E-003   1289.1377761308950        1.0000000000000000     
   8.4615384615384613E-003   4.2307692307692307E-003   1289.1241204568992        1.0000000000000000     
   8.4615384615384613E-003   4.6153846153846149E-003   1289.1159265793940        1.0000000000000000     
   8.4615384615384613E-003   5.0000000000000001E-003   1289.1131952057908        1.0000000000000000     
   8.4615384615384613E-003   5.3846153846153844E-003   1289.1159265793938        1.0000000000000000     
   8.4615384615384613E-003   5.7692307692307696E-003   1289.1241204568987        1.0000000000000000     
   8.4615384615384613E-003   6.1538461538461538E-003   1289.1377761308945        1.0000000000000000     
   8.4615384615384613E-003   6.5384615384615381E-003   1289.1568925200393        1.0000000000000000     
   8.4615384615384613E-003   6.9230769230769233E-003   1289.1814684068875        1.0000000000000000     
   8.4615384615384613E-003   7.3076923076923076E-003   1289.2115029965737        1.0000000000000000     
   8.4615384615384613E-003   7.6923076923076927E-003   1289.2470003728886        1.0000000000000000     
   8.4615384615384613E-003   8.0769230769230770E-003   1289.2878947501649        1.0000000000000000     
   8.4615384615384613E-003   8.4615384615384613E-003   1289.3337774160123        1.0000000000000000     
   8.4615384615384613E-003   8.8461538461538456E-003   1289.3845990959485        1.0000000000000000     
   8.4615384615384613E-003   9.2307692307692299E-003   1289.4409189317612        1.0000000000000000     
   8.4615384615384613E-003   9.6153846153846159E-003   1289.5030609352116        1.0000000000000000     

   8.8461538461538456E-003   3.8461538461538462E-004   1294.6377465525402        1.0000000000000000     
   8.8461538461538456E-003   7.6923076923076923E-004   1294.5753374947603        1.0000000000000000     
   8.8461538461538456E-003   1.1538461538461537E-003   1294.5175913806265        1.0000000000000000     
   8.8461538461538456E-003   1.5384615384615385E-003   1294.4663969015519        1.0000000000000000     
   8.8461538461538456E-003   1.9230769230769232E-003   1294.4201043913783        1.0000000000000000     
   8.8461538461538456E-003   2.3076923076923075E-003   1294.3788306686497        1.0000000000000000     
   8.8461538461538456E-003   2.6923076923076922E-003   1294.3429904019347        1.0000000000000000     
   8.8461538461538456E-003   3.0769230769230769E-003   1294.3126561895933        1.0000000000000000     
   8.8461538461538456E-003   3.4615384615384616E-003   1294.2878294552393        1.0000000000000000     
   8.8461538461538456E-003   3.8461538461538464E-003   1294.2685148654184        1.0000000000000000     
   8.8461538461538456E-003   4.2307692307692307E-003   1294.2547161464954        1.0000000000000000     
   8.8461538461538456E-003   4.6153846153846149E-003   1294.2464359034439        1.0000000000000000     
   8.8461538461538456E-003   5.0000000000000001E-003   1294.2436756563886        1.0000000000000000     
   8.8461538461538456E-003   5.3846153846153844E-003   1294.2464359034434        1.0000000000000000     
   8.8461538461538456E-003   5.7692307692307696E-003   1294.2547161464950        1.0000000000000000     
   8.8461538461538456E-003   6.1538461538461538E-003   1294.2685148654175        1.0000000000000000     
   8.8461538461538456E-003   6.5384615384615381E-003   1294.2878294552388        1.0000000000000000     
   8.8461538461538456E-003   6.9230769230769233E-003   1294.3126561895924        1.0000000000000000     
   8.8461538461538456E-003   7.3076923076923076E-003   1294.3429904019326        1.0000000000000000     
   8.8461538461538456E-003   7.6923076923076927E-003   1294.3788306686470        1.0000000000000000     
   8.8461538461538456E-003   8.0769230769230770E-003   1294.4201043913756        1.0000000000000000     
   8.8461538461538456E-003   8.4615384615384613E-003   1294.4663969015503        1.0000000000000000     
   8.8461538461538456E-003   8.8461538461538456E-003   1294.5175913806247        1.0000000000000000     
   8.8461538461538456E-003   9.2307692307692299E-003   1294.5753374947572        1.0000000000000000     
   8.8461538461538456E-003   9.6153846153846159E-003   1294.6377465525368        1.0000000000000000     

   9.2307692307692299E-003   3.8461538461538462E-004   1298.0948034568066        1.0000000000000000     
   9.2307692307692299E-003   7.6923076923076923E-004   1298.0316603776600        1.0000000000000000     
   9.2307692307692299E-003   1.1538461538461537E-003   1297.9741835861739        1.0000000000000000     
   9.2307692307692299E-003   1.5384615384615385E-003   1297.9218175014876        1.0000000000000000     
   9.2307692307692299E-003   1.9230769230769232E-003   1297.8753557633197        1.0000000000000000     
   9.2307692307692299E-003   2.3076923076923075E-003   1297.8338621124594        1.0000000000000000     
   9.2307692307692299E-003   2.6923076923076922E-003   1297.7978087287825        1.0000000000000000     
   9.2307692307692299E-003   3.0769230769230769E-003   1297.7672815971680        1.0000000000000000     
   9.2307692307692299E-003   3.4615384615384616E-003   1297.7422904987006        1.0000000000000000     
   9.2307692307692299E-003   3.8461538461538464E-003   1297.7228448822257        1.0000000000000000     
   9.2307692307692299E-003   4.2307692307692307E-003   1297.7089511590336        1.0000000000000000     
   9.2307692307692299E-003   4.6153846153846149E-003   1297.7006134186809        1.0000000000000000     
   9.2307692307692299E-003   5.0000000000000001E-003   1297.6978339296857        1.0000000000000000     
   9.2307692307692299E-003   5.3846153846153844E-003   1297.7006134186811        1.0000000000000000     
   9.2307692307692299E-003   5.7692307692307696E-003   1297.7089511590341        1.0000000000000000     
   9.2307692307692299E-003   6.1538461538461538E-003   1297.7228448822245        1.0000000000000000     
   9.2307692307692299E-003   6.5384615384615381E-003   1297.7422904987000        1.0000000000000000     
   9.2307692307692299E-003   6.9230769230769233E-003   1297.7672815971662        1.0000000000000000     
   9.2307692307692299E-003   7.3076923076923076E-003   1297.7978087287804        1.0000000000000000     
   9.2307692307692299E-003   7.6923076923076927E-003   1297.8338621124569        1.0000000000000000     
   9.2307692307692299E-003   8.0769230769230770E-003   1297.8753557633177        1.0000000000000000     
   9.2307692307692299E-003   8.4615384615384613E-003   1297.9218175014860        1.0000000000000000     
   9.2307692307692299E-003   8.8461538461538456E-003   1297.9741835861719        1.0000000000000000     
   9.2307692307692299E-003   9.2307692307692299E-003   1298.0316603776569        1.0000000000000000     
   9.2307692307692299E-003   9.6153846153846159E-003   1298.0948034568030        1.0000000000000000     

   9.6153846153846159E-003   3.8461538461538462E-004   1299.8614356046214        1.0000000000000000     
   9.6153846153846159E-003   7.6923076923076923E-004   1299.7976278427593        1.0000000000000000     
   9.6153846153846159E-003   1.1538461538461537E-003   1299.7396728173712        1.0000000000000000     
   9.6153846153846159E-003   1.5384615384615385E-003   1299.6875495366733        1.0000000000000000     
   9.6153846153846159E-003   1.9230769230769232E-003   1299.6405925550248        1.0000000000000000     
   9.6153846153846159E-003   2.3076923076923075E-003   1299.5990518644030        1.0000000000000000     
   9.6153846153846159E-003   2.6923076923076922E-003   1299.5629027427342        1.0000000000000000     
   9.6153846153846159E-003   3.0769230769230769E-003   1299.5322816918131        1.0000000000000000     
   9.6153846153846159E-003   3.4615384615384616E-003   1299.5072084912797        1.0000000000000000     
   9.6153846153846159E-003   3.8461538461538464E-003   1299.4876967751811        1.0000000000000000     
   9.6153846153846159E-003   4.2307692307692307E-003   1299.4737549187166        1.0000000000000000     
   9.6153846153846159E-003   4.6153846153846149E-003   1299.4653879904747        1.0000000000000000     
   9.6153846153846159E-003   5.0000000000000001E-003   1299.4625987258128        1.0000000000000000     
   9.6153846153846159E-003   5.3846153846153844E-003   1299.4653879904749        1.0000000000000000     
   9.6153846153846159E-003   5.7692307692307696E-003   1299.4737549187162        1.0000000000000000     
   9.6153846153846159E-003   6.1538461538461538E-003   1299.4876967751804        1.0000000000000000     
   9.6153846153846159E-003   6.5384615384615381E-003   1299.5072084912792        1.0000000000000000     
   9.6153846153846159E-003   6.9230769230769233E-003   1299.5322816918126        1.0000000000000000     
   9.6153846153846159E-003   7.3076923076923076E-003   1299.5629027427326        1.0000000000000000     
   9.6153846153846159E-003   7.6923076923076927E-003   1299.5990518644010        1.0000000000000000     
   9.6153846153846159E-003   8.0769230769230770E-003   1299.6405925550230        1.0000000000000000     
   9.6153846153846159E-003   8.4615384615384613E-003   1299.6875495366717        1.0000000000000000     
   9.6153846153846159E-003   8.8461538461538456E-003   1299.7396728173692        1.0000000000000000     
   9.6153846153846159E-003   9.2307692307692299E-003   1299.7976278427557        1.0000000000000000     
   9.6153846153846159E-003   9.6153846153846159E-003   1299.8614356046173        1.0000000000000000     

