   3.8461538461538462E-004   3.8461538461538462E-004   1620.8648783992790        1.0000000000000000     
   3.8461538461538462E-004   7.6923076923076923E-004   1621.0867833572224        1.0000000000000000     
   3.8461538461538462E-004   1.1538461538461537E-003   1621.2993654460431        1.0000000000000000     
   3.8461538461538462E-004   1.5384615384615385E-003   1621.5027102999152        1.0000000000000000     
   3.8461538461538462E-004   1.9230769230769232E-003   1621.6969454134655        1.0000000000000000     
   3.8461538461538462E-004   2.3076923076923075E-003   1621.8822380919241        1.0000000000000000     
   3.8461538461538462E-004   2.6923076923076922E-003   1622.0587928464161        1.0000000000000000     
   3.8461538461538462E-004   3.0769230769230769E-003   1622.2268483512669        1.0000000000000000     
   3.8461538461538462E-004   3.4615384615384616E-003   1622.3866741075917        1.0000000000000000     
   3.8461538461538462E-004   3.8461538461538464E-003   1622.5385669909372        1.0000000000000000     
   3.8461538461538462E-004   4.2307692307692307E-003   1622.6828479023820        1.0000000000000000     
   3.8461538461538462E-004   4.6153846153846149E-003   1622.8198588006544        1.0000000000000000     
   3.8461538461538462E-004   5.0000000000000001E-003   1622.9499604823416        1.0000000000000000     
   3.8461538461538462E-004   5.3846153846153844E-003   1623.0735316265068        1.0000000000000000     
   3.8461538461538462E-004   5.7692307692307696E-003   1623.1909698827824        1.0000000000000000     
   3.8461538461538462E-004   6.1538461538461538E-003   1623.3026962688132        1.0000000000000000     
   3.8461538461538462E-004   6.5384615384615381E-003   1623.4091650904847        1.0000000000000000     
   3.8461538461538462E-004   6.9230769230769233E-003   1623.5108835506485        1.0000000000000000     
   3.8461538461538462E-004   7.3076923076923076E-003   1623.6084495116284        1.0000000000000000     
   3.8461538461538462E-004   7.6923076923076927E-003   1623.7026261139108        1.0000000000000000     
   3.8461538461538462E-004   8.0769230769230770E-003   1623.7944985732408        1.0000000000000000     
   3.8461538461538462E-004   8.4615384615384613E-003   1623.8858345840440        1.0000000000000000     
   3.8461538461538462E-004   8.8461538461538456E-003   1623.9800092349358        1.0000000000000000     
   3.8461538461538462E-004   9.2307692307692299E-003   1624.0846804730895        1.0000000000000000     
   3.8461538461538462E-004   9.6153846153846159E-003   1624.2204833525843        1.0000000000000000     

   7.6923076923076923E-004   3.8461538461538462E-004   1621.0787564840334        1.0000000000000000     
   7.6923076923076923E-004   7.6923076923076923E-004   1621.3006956282659        1.0000000000000000     
   7.6923076923076923E-004   1.1538461538461537E-003   1621.5133086014789        1.0000000000000000     
   7.6923076923076923E-004   1.5384615384615385E-003   1621.7166808387547        1.0000000000000000     
   7.6923076923076923E-004   1.9230769230769232E-003   1621.9109395209175        1.0000000000000000     
   7.6923076923076923E-004   2.3076923076923075E-003   1622.0962515038964        1.0000000000000000     
   7.6923076923076923E-004   2.6923076923076922E-003   1622.2728206820964        1.0000000000000000     
   7.6923076923076923E-004   3.0769230769230769E-003   1622.4408848979363        1.0000000000000000     
   7.6923076923076923E-004   3.4615384615384616E-003   1622.6007125342128        1.0000000000000000     
   7.6923076923076923E-004   3.8461538461538464E-003   1622.7525989546466        1.0000000000000000     
   7.6923076923076923E-004   4.2307692307692307E-003   1622.8968629912952        1.0000000000000000     
   7.6923076923076923E-004   4.6153846153846149E-003   1623.0338437207809        1.0000000000000000     
   7.6923076923076923E-004   5.0000000000000001E-003   1623.1638978332651        1.0000000000000000     
   7.6923076923076923E-004   5.3846153846153844E-003   1623.2873979936082        1.0000000000000000     
   7.6923076923076923E-004   5.7692307692307696E-003   1623.4047327475953        1.0000000000000000     
   7.6923076923076923E-004   6.1538461538461538E-003   1623.5163087768126        1.0000000000000000     
   7.6923076923076923E-004   6.5384615384615381E-003   1623.6225567104771        1.0000000000000000     
   7.6923076923076923E-004   6.9230769230769233E-003   1623.7239423133381        1.0000000000000000     
   7.6923076923076923E-004   7.3076923076923076E-003   1623.8209855796522        1.0000000000000000     
   7.6923076923076923E-004   7.6923076923076927E-003   1623.9142900572999        1.0000000000000000     
   7.6923076923076923E-004   8.0769230769230770E-003   1624.0045782477559        1.0000000000000000     
   7.6923076923076923E-004   8.4615384615384613E-003   1624.0926911592740        1.0000000000000000     
   7.6923076923076923E-004   8.8461538461538456E-003   1624.1793273255373        1.0000000000000000     
   7.6923076923076923E-004   9.2307692307692299E-003   1624.2634504515872        1.0000000000000000     
   7.6923076923076923E-004   9.6153846153846159E-003   1624.3343879251881        1.0000000000000000     

   1.1538461538461537E-003   3.8461538461538462E-004   1621.2752376748917        1.0000000000000000     
   1.1538461538461537E-003   7.6923076923076923E-004   1621.4972064698927        1.0000000000000000     
   1.1538461538461537E-003   1.1538461538461537E-003   1621.7098441998819        1.0000000000000000     
   1.1538461538461537E-003   1.5384615384615385E-003   1621.9132359001485        1.0000000000000000     
   1.1538461538461537E-003   1.9230769230769232E-003   1622.1075081236463        1.0000000000000000     
   1.1538461538461537E-003   2.3076923076923075E-003   1622.2928268319954        1.0000000000000000     
   1.1538461538461537E-003   2.6923076923076922E-003   1622.4693947001256        1.0000000000000000     
   1.1538461538461537E-003   3.0769230769230769E-003   1622.6374479383585        1.0000000000000000     
   1.1538461538461537E-003   3.4615384615384616E-003   1622.7972527552893        1.0000000000000000     
   1.1538461538461537E-003   3.8461538461538464E-003   1622.9491016054167        1.0000000000000000     
   1.1538461538461537E-003   4.2307692307692307E-003   1623.0933093852746        1.0000000000000000     
   1.1538461538461537E-003   4.6153846153846149E-003   1623.2302097615645        1.0000000000000000     
   1.1538461538461537E-003   5.0000000000000001E-003   1623.3601518347946        1.0000000000000000     
   1.1538461538461537E-003   5.3846153846153844E-003   1623.4834973599120        1.0000000000000000     
   1.1538461538461537E-003   5.7692307692307696E-003   1623.6006187508353        1.0000000000000000     
   1.1538461538461537E-003   6.1538461538461538E-003   1623.7118980545317        1.0000000000000000     
   1.1538461538461537E-003   6.5384615384615381E-003   1623.8177268910065        1.0000000000000000     
   1.1538461538461537E-003   6.9230769230769233E-003   1623.9185067314750        1.0000000000000000     
   1.1538461538461537E-003   7.3076923076923076E-003   1624.0146470272946        1.0000000000000000     
   1.1538461538461537E-003   7.6923076923076927E-003   1624.1065534091647        1.0000000000000000     
   1.1538461538461537E-003   8.0769230769230770E-003   1624.1945836179520        1.0000000000000000     
   1.1538461538461537E-003   8.4615384615384613E-003   1624.2789108938741        1.0000000000000000     
   1.1538461538461537E-003   8.8461538461538456E-003   1624.3591479342983        1.0000000000000000     
   1.1538461538461537E-003   9.2307692307692299E-003   1624.4334645004164        1.0000000000000000     
   1.1538461538461537E-003   9.6153846153846159E-003   1624.4973225842184        1.0000000000000000     

   1.5384615384615385E-003   3.8461538461538462E-004   1621.4543144804065        1.0000000000000000     
   1.5384615384615385E-003   7.6923076923076923E-004   1621.6763085307114        1.0000000000000000     
   1.5384615384615385E-003   1.1538461538461537E-003   1621.8889651831751        1.0000000000000000     
   1.5384615384615385E-003   1.5384615384615385E-003   1622.0923688977064        1.0000000000000000     
   1.5384615384615385E-003   1.9230769230769232E-003   1622.2866453265915        1.0000000000000000     
   1.5384615384615385E-003   2.3076923076923075E-003   1622.4719591546298        1.0000000000000000     
   1.5384615384615385E-003   2.6923076923076922E-003   1622.6485113264937        1.0000000000000000     
   1.5384615384615385E-003   3.0769230769230769E-003   1622.8165357548817        1.0000000000000000     
   1.5384615384615385E-003   3.4615384615384616E-003   1622.9762956169111        1.0000000000000000     
   1.5384615384615385E-003   3.8461538461538464E-003   1623.1280793578480        1.0000000000000000     
   1.5384615384615385E-003   4.2307692307692307E-003   1623.2721965266660        1.0000000000000000     
   1.5384615384615385E-003   4.6153846153846149E-003   1623.4089735641719        1.0000000000000000     
   1.5384615384615385E-003   5.0000000000000001E-003   1623.5387496450794        1.0000000000000000     
   1.5384615384615385E-003   5.3846153846153844E-003   1623.6618726268616        1.0000000000000000     
   1.5384615384615385E-003   5.7692307692307696E-003   1623.7786950506797        1.0000000000000000     
   1.5384615384615385E-003   6.1538461538461538E-003   1623.8895699083223        1.0000000000000000     
   1.5384615384615385E-003   6.5384615384615381E-003   1623.9948453937529        1.0000000000000000     
   1.5384615384615385E-003   6.9230769230769233E-003   1624.0948568002154        1.0000000000000000     
   1.5384615384615385E-003   7.3076923076923076E-003   1624.1899114924729        1.0000000000000000     
   1.5384615384615385E-003   7.6923076923076927E-003   1624.2802583357347        1.0000000000000000     
   1.5384615384615385E-003   8.0769230769230770E-003   1624.3660244372688        1.0000000000000000     
   1.5384615384615385E-003   8.4615384615384613E-003   1624.4470892620150        1.0000000000000000     
   1.5384615384615385E-003   8.8461538461538456E-003   1624.5228604490194        1.0000000000000000     
   1.5384615384615385E-003   9.2307692307692299E-003   1624.5919774736017        1.0000000000000000     
   1.5384615384615385E-003   9.6153846153846159E-003   1624.6522911151462        1.0000000000000000     

   1.9230769230769232E-003   3.8461538461538462E-004   1621.6159749012525        1.0000000000000000     
   1.9230769230769232E-003   7.6923076923076923E-004   1621.8379900076377        1.0000000000000000     
   1.9230769230769232E-003   1.1538461538461537E-003   1622.0506601589695        1.0000000000000000     
   1.9230769230769232E-003   1.5384615384615385E-003   1622.2540690980991        1.0000000000000000     
   1.9230769230769232E-003   1.9230769230769232E-003   1622.4483413592063        1.0000000000000000     
   1.9230769230769232E-003   2.3076923076923075E-003   1622.6336400508821        1.0000000000000000     
   1.9230769230769232E-003   2.6923076923076922E-003   1622.8101639976899        1.0000000000000000     
   1.9230769230769232E-003   3.0769230769230769E-003   1622.9781443236695        1.0000000000000000     
   1.9230769230769232E-003   3.4615384615384616E-003   1623.1378405699293        1.0000000000000000     
   1.9230769230769232E-003   3.8461538461538464E-003   1623.2895364424865        1.0000000000000000     
   1.9230769230769232E-003   4.2307692307692307E-003   1623.4335352805745        1.0000000000000000     
   1.9230769230769232E-003   4.6153846153846149E-003   1623.5701553147728        1.0000000000000000     
   1.9230769230769232E-003   5.0000000000000001E-003   1623.6997247397121        1.0000000000000000     
   1.9230769230769232E-003   5.3846153846153844E-003   1623.8225765414102        1.0000000000000000     
   1.9230769230769232E-003   5.7692307692307696E-003   1623.9390428642237        1.0000000000000000     
   1.9230769230769232E-003   6.1538461538461538E-003   1624.0494484220062        1.0000000000000000     
   1.9230769230769232E-003   6.5384615384615381E-003   1624.1541019558849        1.0000000000000000     
   1.9230769230769232E-003   6.9230769230769233E-003   1624.2532838620489        1.0000000000000000     
   1.9230769230769232E-003   7.3076923076923076E-003   1624.3472266537292        1.0000000000000000     
   1.9230769230769232E-003   7.6923076923076927E-003   1624.4360827800983        1.0000000000000000     
   1.9230769230769232E-003   8.0769230769230770E-003   1624.5198721243369        1.0000000000000000     
   1.9230769230769232E-003   8.4615384615384613E-003   1624.5984025193616        1.0000000000000000     
   1.9230769230769232E-003   8.8461538461538456E-003   1624.6711712752158        1.0000000000000000     
   1.9230769230769232E-003   9.2307692307692299E-003   1624.7373069333701        1.0000000000000000     
   1.9230769230769232E-003   9.6153846153846159E-003   1624.7957158948586        1.0000000000000000     

   2.3076923076923075E-003   3.8461538461538462E-004   1621.7601999097960        1.0000000000000000     
   2.3076923076923075E-003   7.6923076923076923E-004   1621.9822321103391        1.0000000000000000     
   2.3076923076923075E-003   1.1538461538461537E-003   1622.1949108334707        1.0000000000000000     
   2.3076923076923075E-003   1.5384615384615385E-003   1622.3983190022641        1.0000000000000000     
   2.3076923076923075E-003   1.9230769230769232E-003   1622.5925798784567        1.0000000000000000     
   2.3076923076923075E-003   2.3076923076923075E-003   1622.7778547886262        1.0000000000000000     
   2.3076923076923075E-003   2.6923076923076922E-003   1622.9543401813926        1.0000000000000000     
   2.3076923076923075E-003   3.0769230769230769E-003   1623.1222640906208        1.0000000000000000     
   2.3076923076923075E-003   3.4615384615384616E-003   1623.2818820845450        1.0000000000000000     
   2.3076923076923075E-003   3.8461538461538464E-003   1623.4334727797939        1.0000000000000000     
   2.3076923076923075E-003   4.2307692307692307E-003   1623.5773329868307        1.0000000000000000     
   2.3076923076923075E-003   4.6153846153846149E-003   1623.7137725244643        1.0000000000000000     
   2.3076923076923075E-003   5.0000000000000001E-003   1623.8431086879434        1.0000000000000000     
   2.3076923076923075E-003   5.3846153846153844E-003   1623.9656602650753        1.0000000000000000     
   2.3076923076923075E-003   5.7692307692307696E-003   1624.0817408480045        1.0000000000000000     
   2.3076923076923075E-003   6.1538461538461538E-003   1624.1916509560035        1.0000000000000000     
   2.3076923076923075E-003   6.5384615384615381E-003   1624.2956681315982        1.0000000000000000     
   2.3076923076923075E-003   6.9230769230769233E-003   1624.3940336760975        1.0000000000000000     
   2.3076923076923075E-003   7.3076923076923076E-003   1624.4869341065867        1.0000000000000000     
   2.3076923076923075E-003   7.6923076923076927E-003   1624.5744750587842        1.0000000000000000     
   2.3076923076923075E-003   8.0769230769230770E-003   1624.6566462098147        1.0000000000000000     
   2.3076923076923075E-003   8.4615384615384613E-003   1624.7332801997609        1.0000000000000000     
   2.3076923076923075E-003   8.8461538461538456E-003   1624.8040206499816        1.0000000000000000     
   2.3076923076923075E-003   9.2307692307692299E-003   1624.8683373551578        1.0000000000000000     
   2.3076923076923075E-003   9.6153846153846159E-003   1624.9256479453786        1.0000000000000000     

   2.6923076923076922E-003   3.8461538461538462E-004   1621.8869604243514        1.0000000000000000     
   2.6923076923076922E-003   7.6923076923076923E-004   1622.1090060182021        1.0000000000000000     
   2.6923076923076922E-003   1.1538461538461537E-003   1622.3216889326077        1.0000000000000000     
   2.6923076923076922E-003   1.5384615384615385E-003   1622.5250912083197        1.0000000000000000     
   2.6923076923076922E-003   1.9230769230769232E-003   1622.7193347446357        1.0000000000000000     
   2.6923076923076922E-003   2.3076923076923075E-003   1622.9045789743070        1.0000000000000000     
   2.6923076923076922E-003   2.6923076923076922E-003   1623.0810178460547        1.0000000000000000     
   2.6923076923076922E-003   3.0769230769230769E-003   1623.2488761837401        1.0000000000000000     
   2.6923076923076922E-003   3.4615384615384616E-003   1623.4084054942512        1.0000000000000000     
   2.6923076923076922E-003   3.8461538461538464E-003   1623.5598792931173        1.0000000000000000     
   2.6923076923076922E-003   4.2307692307692307E-003   1623.7035880028509        1.0000000000000000     
   2.6923076923076922E-003   4.6153846153846149E-003   1623.8398334501305        1.0000000000000000     
   2.6923076923076922E-003   5.0000000000000001E-003   1623.9689229393146        1.0000000000000000     
   2.6923076923076922E-003   5.3846153846153844E-003   1624.0911628047256        1.0000000000000000     
   2.6923076923076922E-003   5.7692307692307696E-003   1624.2068512350556        1.0000000000000000     
   2.6923076923076922E-003   6.1538461538461538E-003   1624.3162700150483        1.0000000000000000     
   2.6923076923076922E-003   6.5384615384615381E-003   1624.4196746492626        1.0000000000000000     
   2.6923076923076922E-003   6.9230769230769233E-003   1624.5172821644353        1.0000000000000000     
   2.6923076923076922E-003   7.3076923076923076E-003   1624.6092558648950        1.0000000000000000     
   2.6923076923076922E-003   7.6923076923076927E-003   1624.6956867614172        1.0000000000000000     
   2.6923076923076922E-003   8.0769230769230770E-003   1624.7765729462408        1.0000000000000000     
   2.6923076923076922E-003   8.4615384615384613E-003   1624.8518018215505        1.0000000000000000     
   2.6923076923076922E-003   8.8461538461538456E-003   1624.9211465258024        1.0000000000000000     
   2.6923076923076922E-003   9.2307692307692299E-003   1624.9842952586444        1.0000000000000000     
   2.6923076923076922E-003   9.6153846153846159E-003   1625.0409310087045        1.0000000000000000     

   3.0769230769230769E-003   3.8461538461538462E-004   1621.9962140389487        1.0000000000000000     
   3.0769230769230769E-003   7.6923076923076923E-004   1622.2182695924928        1.0000000000000000     
   3.0769230769230769E-003   1.1538461538461537E-003   1622.4309528779227        1.0000000000000000     
   3.0769230769230769E-003   1.5384615384615385E-003   1622.6343450290922        1.0000000000000000     
   3.0769230769230769E-003   1.9230769230769232E-003   1622.8285665528708        1.0000000000000000     
   3.0769230769230769E-003   2.3076923076923075E-003   1623.0137749623707        1.0000000000000000     
   3.0769230769230769E-003   2.6923076923076922E-003   1623.1901617000651        1.0000000000000000     
   3.0769230769230769E-003   3.0769230769230769E-003   1623.3579484167644        1.0000000000000000     
   3.0769230769230769E-003   3.4615384615384616E-003   1623.5173826750233        1.0000000000000000     
   3.0769230769230769E-003   3.8461538461538464E-003   1623.6687331429378        1.0000000000000000     
   3.0769230769230769E-003   4.2307692307692307E-003   1623.8122843322642        1.0000000000000000     
   3.0769230769230769E-003   4.6153846153846149E-003   1623.9483309111793        1.0000000000000000     
   3.0769230769230769E-003   5.0000000000000001E-003   1624.0771715849007        1.0000000000000000     
   3.0769230769230769E-003   5.3846153846153844E-003   1624.1991024854412        1.0000000000000000     
   3.0769230769230769E-003   5.7692307692307696E-003   1624.3144099463323        1.0000000000000000     
   3.0769230769230769E-003   6.1538461538461538E-003   1624.4233624677274        1.0000000000000000     
   3.0769230769230769E-003   6.5384615384615381E-003   1624.5262016264021        1.0000000000000000     
   3.0769230769230769E-003   6.9230769230769233E-003   1624.6231317114525        1.0000000000000000     
   3.0769230769230769E-003   7.3076923076923076E-003   1624.7143080853773        1.0000000000000000     
   3.0769230769230769E-003   7.6923076923076927E-003   1624.7998248820991        1.0000000000000000     
   3.0769230769230769E-003   8.0769230769230770E-003   1624.8797039330127        1.0000000000000000     
   3.0769230769230769E-003   8.4615384615384613E-003   1624.9538889567075        1.0000000000000000     
   3.0769230769230769E-003   8.8461538461538456E-003   1625.0222516861547        1.0000000000000000     
   3.0769230769230769E-003   9.2307692307692299E-003   1625.0846178133745        1.0000000000000000     
   3.0769230769230769E-003   9.6153846153846159E-003   1625.1408160814265        1.0000000000000000     

   3.4615384615384616E-003   3.8461538461538462E-004   1622.0879017959796        1.0000000000000000     
   3.4615384615384616E-003   7.6923076923076923E-004   1622.3099641326644        1.0000000000000000     
   3.4615384615384616E-003   1.1538461538461537E-003   1622.5226445095291        1.0000000000000000     
   3.4615384615384616E-003   1.5384615384615385E-003   1622.7260231621310        1.0000000000000000     
   3.4615384615384616E-003   1.9230769230769232E-003   1622.9202192265177        1.0000000000000000     
   3.4615384615384616E-003   2.3076923076923075E-003   1623.1053883425325        1.0000000000000000     
   3.4615384615384616E-003   2.6923076923076922E-003   1623.2817195356286        1.0000000000000000     
   3.4615384615384616E-003   3.0769230769230769E-003   1623.4494314425626        1.0000000000000000     
   3.4615384615384616E-003   3.4615384615384616E-003   1623.6087679497368        1.0000000000000000     
   3.4615384615384616E-003   3.8461538461538464E-003   1623.7599933123649        1.0000000000000000     
   3.4615384615384616E-003   4.2307692307692307E-003   1623.9033868145950        1.0000000000000000     
   3.4615384615384616E-003   4.6153846153846149E-003   1624.0392370145801        1.0000000000000000     
   3.4615384615384616E-003   5.0000000000000001E-003   1624.1678355946094        1.0000000000000000     
   3.4615384615384616E-003   5.3846153846153844E-003   1624.2894708067763        1.0000000000000000     
   3.4615384615384616E-003   5.7692307692307696E-003   1624.4044204751042        1.0000000000000000     
   3.4615384615384616E-003   6.1538461538461538E-003   1624.5129444985369        1.0000000000000000     
   3.4615384615384616E-003   6.5384615384615381E-003   1624.6152768212714        1.0000000000000000     
   3.4615384615384616E-003   6.9230769230769233E-003   1624.7116169428248        1.0000000000000000     
   3.4615384615384616E-003   7.3076923076923076E-003   1624.8021213006512        1.0000000000000000     
   3.4615384615384616E-003   7.6923076923076927E-003   1624.8868953619240        1.0000000000000000     
   3.4615384615384616E-003   8.0769230769230770E-003   1624.9659880708516        1.0000000000000000     
   3.4615384615384616E-003   8.4615384615384613E-003   1625.0393913243047        1.0000000000000000     
   3.4615384615384616E-003   8.8461538461538456E-003   1625.1070479133120        1.0000000000000000     
   3.4615384615384616E-003   9.2307692307692299E-003   1625.1688707488038        1.0000000000000000     
   3.4615384615384616E-003   9.6153846153846159E-003   1625.2247726261303        1.0000000000000000     

   3.8461538461538464E-003   3.8461538461538462E-004   1622.1619452980271        1.0000000000000000     
   3.8461538461538464E-003   7.6923076923076923E-004   1622.3840114743912        1.0000000000000000     
   3.8461538461538464E-003   1.1538461538461537E-003   1622.5966861562763        1.0000000000000000     
   3.8461538461538464E-003   1.5384615384615385E-003   1622.8000487163454        1.0000000000000000     
   3.8461538461538464E-003   1.9230769230769232E-003   1622.9942169822523        1.0000000000000000     
   3.8461538461538464E-003   2.3076923076923075E-003   1623.1793448223189        1.0000000000000000     
   3.8461538461538464E-003   2.6923076923076922E-003   1623.3556190044123        1.0000000000000000     
   3.8461538461538464E-003   3.0769230769230769E-003   1623.5232553946237        1.0000000000000000     
   3.8461538461538464E-003   3.4615384615384616E-003   1623.6824945672915        1.0000000000000000     
   3.8461538461538464E-003   3.8461538461538464E-003   1623.8335969000254        1.0000000000000000     
   3.8461538461538464E-003   4.2307692307692307E-003   1623.9768372238757        1.0000000000000000     
   3.8461538461538464E-003   4.6153846153846149E-003   1624.1124990900653        1.0000000000000000     
   3.8461538461538464E-003   5.0000000000000001E-003   1624.2408687023610        1.0000000000000000     
   3.8461538461538464E-003   5.3846153846153844E-003   1624.3622285515703        1.0000000000000000     
   3.8461538461538464E-003   5.7692307692307696E-003   1624.4768507827225        1.0000000000000000     
   3.8461538461538464E-003   6.1538461538461538E-003   1624.5849903381984        1.0000000000000000     
   3.8461538461538464E-003   6.5384615384615381E-003   1624.6868779705221        1.0000000000000000     
   3.8461538461538464E-003   6.9230769230769233E-003   1624.7827133344831        1.0000000000000000     
   3.8461538461538464E-003   7.3076923076923076E-003   1624.8726585818733        1.0000000000000000     
   3.8461538461538464E-003   7.6923076923076927E-003   1624.9568332161773        1.0000000000000000     
   3.8461538461538464E-003   8.0769230769230770E-003   1625.0353113940882        1.0000000000000000     
   3.8461538461538464E-003   8.4615384615384613E-003   1625.1081232478616        1.0000000000000000     
   3.8461538461538464E-003   8.8461538461538456E-003   1625.1752618160667        1.0000000000000000     
   3.8461538461538464E-003   9.2307692307692299E-003   1625.2366962873048        1.0000000000000000     
   3.8461538461538464E-003   9.6153846153846159E-003   1625.2923900474320        1.0000000000000000     

   4.2307692307692307E-003   3.8461538461538462E-004   1622.2182444437915        1.0000000000000000     
   4.2307692307692307E-003   7.6923076923076923E-004   1622.4403117150530        1.0000000000000000     
   4.2307692307692307E-003   1.1538461538461537E-003   1622.6529783403828        1.0000000000000000     
   4.2307692307692307E-003   1.5384615384615385E-003   1622.8563228847718        1.0000000000000000     
   4.2307692307692307E-003   1.9230769230769232E-003   1623.0504619592382        1.0000000000000000     
   4.2307692307692307E-003   2.3076923076923075E-003   1623.2355478004206        1.0000000000000000     
   4.2307692307692307E-003   2.6923076923076922E-003   1623.4117651232252        1.0000000000000000     
   4.2307692307692307E-003   3.0769230769230769E-003   1623.5793273155543        1.0000000000000000     
   4.2307692307692307E-003   3.4615384615384616E-003   1623.7384720507880        1.0000000000000000     
   4.2307692307692307E-003   3.8461538461538464E-003   1623.8894563985934        1.0000000000000000     
   4.2307692307692307E-003   4.2307692307692307E-003   1624.0325515152022        1.0000000000000000     
   4.2307692307692307E-003   4.6153846153846149E-003   1624.1680369916787        1.0000000000000000     
   4.2307692307692307E-003   5.0000000000000001E-003   1624.2961949347268        1.0000000000000000     
   4.2307692307692307E-003   5.3846153846153844E-003   1624.4173038528061        1.0000000000000000     
   4.2307692307692307E-003   5.7692307692307696E-003   1624.5316324267783        1.0000000000000000     
   4.2307692307692307E-003   6.1538461538461538E-003   1624.6394332677471        1.0000000000000000     
   4.2307692307692307E-003   6.5384615384615381E-003   1624.7409368169408        1.0000000000000000     
   4.2307692307692307E-003   6.9230769230769233E-003   1624.8363456367288        1.0000000000000000     
   4.2307692307692307E-003   7.3076923076923076E-003   1624.9258294872577        1.0000000000000000     
   4.2307692307692307E-003   7.6923076923076927E-003   1625.0095217724229        1.0000000000000000     
   4.2307692307692307E-003   8.0769230769230770E-003   1625.0875181272575        1.0000000000000000     
   4.2307692307692307E-003   8.4615384615384613E-003   1625.1598779976457        1.0000000000000000     
   4.2307692307692307E-003   8.8461538461538456E-003   1625.2266298492498        1.0000000000000000     
   4.2307692307692307E-003   9.2307692307692299E-003   1625.2877799300618        1.0000000000000000     
   4.2307692307692307E-003   9.6153846153846159E-003   1625.3433232477514        1.0000000000000000     

   4.6153846153846149E-003   3.8461538461538462E-004   1622.2566760421757        1.0000000000000000     
   4.6153846153846149E-003   7.6923076923076923E-004   1622.4787418210333        1.0000000000000000     
   4.6153846153846149E-003   1.1538461538461537E-003   1622.6913983714464        1.0000000000000000     
   4.6153846153846149E-003   1.5384615384615385E-003   1622.8947235189883        1.0000000000000000     
   4.6153846153846149E-003   1.9230769230769232E-003   1623.0888327682305        1.0000000000000000     
   4.6153846153846149E-003   2.3076923076923075E-003   1623.2738768861427        1.0000000000000000     
   4.6153846153846149E-003   2.6923076923076922E-003   1623.4500387624125        1.0000000000000000     
   4.6153846153846149E-003   3.0769230769230769E-003   1623.6175296186498        1.0000000000000000     
   4.6153846153846149E-003   3.4615384615384616E-003   1623.7765846467069        1.0000000000000000     
   4.6153846153846149E-003   3.8461538461538464E-003   1623.9274581635757        1.0000000000000000     
   4.6153846153846149E-003   4.2307692307692307E-003   1624.0704183742077        1.0000000000000000     
   4.6153846153846149E-003   4.6153846153846149E-003   1624.2057418351446        1.0000000000000000     
   4.6153846153846149E-003   5.0000000000000001E-003   1624.3337077131118        1.0000000000000000     
   4.6153846153846149E-003   5.3846153846153844E-003   1624.4545919363932        1.0000000000000000     
   4.6153846153846149E-003   5.7692307692307696E-003   1624.5686613475025        1.0000000000000000     
   4.6153846153846149E-003   6.1538461538461538E-003   1624.6761679888016        1.0000000000000000     
   4.6153846153846149E-003   6.5384615384615381E-003   1624.7773436942678        1.0000000000000000     
   4.6153846153846149E-003   6.9230769230769233E-003   1624.8723952249197        1.0000000000000000     
   4.6153846153846149E-003   7.3076923076923076E-003   1624.9615002704056        1.0000000000000000     
   4.6153846153846149E-003   7.6923076923076927E-003   1625.0448047293580        1.0000000000000000     
   4.6153846153846149E-003   8.0769230769230770E-003   1625.1224217372803        1.0000000000000000     
   4.6153846153846149E-003   8.4615384615384613E-003   1625.1944328649454        1.0000000000000000     
   4.6153846153846149E-003   8.8461538461538456E-003   1625.2608916745444        1.0000000000000000     
   4.6153846153846149E-003   9.2307692307692299E-003   1625.3218293314196        1.0000000000000000     
   4.6153846153846149E-003   9.6153846153846159E-003   1625.3772612741395        1.0000000000000000     

   5.0000000000000001E-003   3.8461538461538462E-004   1622.2770935101714        1.0000000000000000     
   5.0000000000000001E-003   7.6923076923076923E-004   1622.4991553224113        1.0000000000000000     
   5.0000000000000001E-003   1.1538461538461537E-003   1622.7118000351502        1.0000000000000000     
   5.0000000000000001E-003   1.5384615384615385E-003   1622.9151048098026        1.0000000000000000     
   5.0000000000000001E-003   1.9230769230769232E-003   1623.1091841636580        1.0000000000000000     
   5.0000000000000001E-003   2.3076923076923075E-003   1623.2941875648596        1.0000000000000000     
   5.0000000000000001E-003   2.6923076923076922E-003   1623.4702963109773        1.0000000000000000     
   5.0000000000000001E-003   3.0769230769230769E-003   1623.6377197660534        1.0000000000000000     
   5.0000000000000001E-003   3.4615384615384616E-003   1623.7966910406660        1.0000000000000000     
   5.0000000000000001E-003   3.8461538461538464E-003   1623.9474622085067        1.0000000000000000     
   5.0000000000000001E-003   4.2307692307692307E-003   1624.0902991591329        1.0000000000000000     
   5.0000000000000001E-003   4.6153846153846149E-003   1624.2254761906504        1.0000000000000000     
   5.0000000000000001E-003   5.0000000000000001E-003   1624.3532704498164        1.0000000000000000     
   5.0000000000000001E-003   5.3846153846153844E-003   1624.4739563325052        1.0000000000000000     
   5.0000000000000001E-003   5.7692307692307696E-003   1624.5877999675054        1.0000000000000000     
   5.0000000000000001E-003   6.1538461538461538E-003   1624.6950539242227        1.0000000000000000     
   5.0000000000000001E-003   6.5384615384615381E-003   1624.7959523124086        1.0000000000000000     
   5.0000000000000001E-003   6.9230769230769233E-003   1624.8907064791440        1.0000000000000000     
   5.0000000000000001E-003   7.3076923076923076E-003   1624.9795015494294        1.0000000000000000     
   5.0000000000000001E-003   7.6923076923076927E-003   1625.0624940871533        1.0000000000000000     
   5.0000000000000001E-003   8.0769230769230770E-003   1625.1398111459259        1.0000000000000000     
   5.0000000000000001E-003   8.4615384615384613E-003   1625.2115508971558        1.0000000000000000     
   5.0000000000000001E-003   8.8461538461538456E-003   1625.2777848290309        1.0000000000000000     
   5.0000000000000001E-003   9.2307692307692299E-003   1625.3385611962510        1.0000000000000000     
   5.0000000000000001E-003   9.6153846153846159E-003   1625.3939090234990        1.0000000000000000     

   5.3846153846153844E-003   3.8461538461538462E-004   1622.2793277974113        1.0000000000000000     
   5.3846153846153844E-003   7.6923076923076923E-004   1622.5013832375782        1.0000000000000000     
   5.3846153846153844E-003   1.1538461538461537E-003   1622.7140145183364        1.0000000000000000     
   5.3846153846153844E-003   1.5384615384615385E-003   1622.9172982142732        1.0000000000000000     
   5.3846153846153844E-003   1.9230769230769232E-003   1623.1113479759897        1.0000000000000000     
   5.3846153846153844E-003   2.3076923076923075E-003   1623.2963121422024        1.0000000000000000     
   5.3846153846153844E-003   2.6923076923076922E-003   1623.4723706438006        1.0000000000000000     
   5.3846153846153844E-003   3.0769230769230769E-003   1623.6397312773242        1.0000000000000000     
   5.3846153846153844E-003   3.4615384615384616E-003   1623.7986254360217        1.0000000000000000     
   5.3846153846153844E-003   3.8461538461538464E-003   1623.9493033968115        1.0000000000000000     
   5.3846153846153844E-003   4.2307692307692307E-003   1624.0920292689314        1.0000000000000000     
   5.3846153846153844E-003   4.6153846153846149E-003   1624.2270757153426        1.0000000000000000     
   5.3846153846153844E-003   5.0000000000000001E-003   1624.3547185624354        1.0000000000000000     
   5.3846153846153844E-003   5.3846153846153844E-003   1624.4752314184302        1.0000000000000000     
   5.3846153846153844E-003   5.7692307692307696E-003   1624.5888804279521        1.0000000000000000     
   5.3846153846153844E-003   6.1538461538461538E-003   1624.6959193008565        1.0000000000000000     
   5.3846153846153844E-003   6.5384615384615381E-003   1624.7965847679161        1.0000000000000000     
   5.3846153846153844E-003   6.9230769230769233E-003   1624.8910926323829        1.0000000000000000     
   5.3846153846153844E-003   7.3076923076923076E-003   1624.9796345992802        1.0000000000000000     
   5.3846153846153844E-003   7.6923076923076927E-003   1625.0623760623205        1.0000000000000000     
   5.3846153846153844E-003   8.0769230769230770E-003   1625.1394549957211        1.0000000000000000     
   5.3846153846153844E-003   8.4615384615384613E-003   1625.2109820164410        1.0000000000000000     
   5.3846153846153844E-003   8.8461538461538456E-003   1625.2770415396312        1.0000000000000000     
   5.3846153846153844E-003   9.2307692307692299E-003   1625.3376937550074        1.0000000000000000     
   5.3846153846153844E-003   9.6153846153846159E-003   1625.3929769483957        1.0000000000000000     

   5.7692307692307696E-003   3.8461538461538462E-004   1622.2631896070266        1.0000000000000000     
   5.7692307692307696E-003   7.6923076923076923E-004   1622.4852362968552        1.0000000000000000     
   5.7692307692307696E-003   1.1538461538461537E-003   1622.6978526383134        1.0000000000000000     
   5.7692307692307696E-003   1.5384615384615385E-003   1622.9011146948549        1.0000000000000000     
   5.7692307692307696E-003   1.9230769230769232E-003   1623.0951353668943        1.0000000000000000     
   5.7692307692307696E-003   2.3076923076923075E-003   1623.2800620244916        1.0000000000000000     
   5.7692307692307696E-003   2.6923076923076922E-003   1623.4560734410854        1.0000000000000000     
   5.7692307692307696E-003   3.0769230769230769E-003   1623.6233761078731        1.0000000000000000     
   5.7692307692307696E-003   3.4615384615384616E-003   1623.7822000197600        1.0000000000000000     
   5.7692307692307696E-003   3.8461538461538464E-003   1623.9327940346868        1.0000000000000000     
   5.7692307692307696E-003   4.2307692307692307E-003   1624.0754209161689        1.0000000000000000     
   5.7692307692307696E-003   4.6153846153846149E-003   1624.2103521745046        1.0000000000000000     
   5.7692307692307696E-003   5.0000000000000001E-003   1624.3378628261037        1.0000000000000000     
   5.7692307692307696E-003   5.3846153846153844E-003   1624.4582261936414        1.0000000000000000     
   5.7692307692307696E-003   5.7692307692307696E-003   1624.5717088731039        1.0000000000000000     
   5.7692307692307696E-003   6.1538461538461538E-003   1624.6785659978793        1.0000000000000000     
   5.7692307692307696E-003   6.5384615384615381E-003   1624.7790369342088        1.0000000000000000     
   5.7692307692307696E-003   6.9230769230769233E-003   1624.8733415446993        1.0000000000000000     
   5.7692307692307696E-003   7.3076923076923076E-003   1624.9616771525716        1.0000000000000000     
   5.7692307692307696E-003   7.6923076923076927E-003   1625.0442163220307        1.0000000000000000     
   5.7692307692307696E-003   8.0769230769230770E-003   1625.1211055308349        1.0000000000000000     
   5.7692307692307696E-003   8.4615384615384613E-003   1625.1924647420385        1.0000000000000000     
   5.7692307692307696E-003   8.8461538461538456E-003   1625.2583877816696        1.0000000000000000     
   5.7692307692307696E-003   9.2307692307692299E-003   1625.3189433091961        1.0000000000000000     
   5.7692307692307696E-003   9.6153846153846159E-003   1625.3741760576102        1.0000000000000000     

   6.1538461538461538E-003   3.8461538461538462E-004   1622.2284729031951        1.0000000000000000     
   6.1538461538461538E-003   7.6923076923076923E-004   1622.4505084548641        1.0000000000000000     
   6.1538461538461538E-003   1.1538461538461537E-003   1622.6631083648242        1.0000000000000000     
   6.1538461538461538E-003   1.5384615384615385E-003   1622.8663482569159        1.0000000000000000     
   6.1538461538461538E-003   1.9230769230769232E-003   1623.0603403901559        1.0000000000000000     
   6.1538461538461538E-003   2.3076923076923075E-003   1623.2452313136296        1.0000000000000000     
   6.1538461538461538E-003   2.6923076923076922E-003   1623.4211988316008        1.0000000000000000     
   6.1538461538461538E-003   3.0769230769230769E-003   1623.5884483599809        1.0000000000000000     
   6.1538461538461538E-003   3.4615384615384616E-003   1623.7472087670312        1.0000000000000000     
   6.1538461538461538E-003   3.8461538461538464E-003   1623.8977278023683        1.0000000000000000     
   6.1538461538461538E-003   4.2307692307692307E-003   1624.0402672264624        1.0000000000000000     
   6.1538461538461538E-003   4.6153846153846149E-003   1624.1750977581705        1.0000000000000000     
   6.1538461538461538E-003   5.0000000000000001E-003   1624.3024939608854        1.0000000000000000     
   6.1538461538461538E-003   5.3846153846153844E-003   1624.4227291891020        1.0000000000000000     
   6.1538461538461538E-003   5.7692307692307696E-003   1624.5360707171528        1.0000000000000000     
   6.1538461538461538E-003   6.1538461538461538E-003   1624.6427751704960        1.0000000000000000     
   6.1538461538461538E-003   6.5384615384615381E-003   1624.7430843768509        1.0000000000000000     
   6.1538461538461538E-003   6.9230769230769233E-003   1624.8372217478375        1.0000000000000000     
   6.1538461538461538E-003   7.3076923076923076E-003   1624.9253892888107        1.0000000000000000     
   6.1538461538461538E-003   7.6923076923076927E-003   1625.0077653112544        1.0000000000000000     
   6.1538461538461538E-003   8.0769230769230770E-003   1625.0845028843173        1.0000000000000000     
   6.1538461538461538E-003   8.4615384615384613E-003   1625.1557290074331        1.0000000000000000     
   6.1538461538461538E-003   8.8461538461538456E-003   1625.2215444168510        1.0000000000000000     
   6.1538461538461538E-003   9.2307692307692299E-003   1625.2820238650861        1.0000000000000000     
   6.1538461538461538E-003   9.6153846153846159E-003   1625.3372166525223        1.0000000000000000     

   6.5384615384615381E-003   3.8461538461538462E-004   1622.1749596154323        1.0000000000000000     
   6.5384615384615381E-003   7.6923076923076923E-004   1622.3969816010767        1.0000000000000000     
   6.5384615384615381E-003   1.1538461538461537E-003   1622.6095635428053        1.0000000000000000     
   6.5384615384615381E-003   1.5384615384615385E-003   1622.8127806906743        1.0000000000000000     
   6.5384615384615381E-003   1.9230769230769232E-003   1623.0067447613449        1.0000000000000000     
   6.5384615384615381E-003   2.3076923076923075E-003   1623.1916016153646        1.0000000000000000     
   6.5384615384615381E-003   2.6923076923076922E-003   1623.3675282533609        1.0000000000000000     
   6.5384615384615381E-003   3.0769230769230769E-003   1623.5347292133647        1.0000000000000000     
   6.5384615384615381E-003   3.4615384615384616E-003   1623.6934324633339        1.0000000000000000     
   6.5384615384615381E-003   3.8461538461538464E-003   1623.8438848942258        1.0000000000000000     
   6.5384615384615381E-003   4.2307692307692307E-003   1623.9863475268473        1.0000000000000000     
   6.5384615384615381E-003   4.6153846153846149E-003   1624.1210905505554        1.0000000000000000     
   6.5384615384615381E-003   5.0000000000000001E-003   1624.2483883137270        1.0000000000000000     
   6.5384615384615381E-003   5.3846153846153844E-003   1624.3685143852933        1.0000000000000000     
   6.5384615384615381E-003   5.7692307692307696E-003   1624.4817368035940        1.0000000000000000     
   6.5384615384615381E-003   6.1538461538461538E-003   1624.5883136235298        1.0000000000000000     
   6.5384615384615381E-003   6.5384615384615381E-003   1624.6884888649545        1.0000000000000000     
   6.5384615384615381E-003   6.9230769230769233E-003   1624.7824889533849        1.0000000000000000     
   6.5384615384615381E-003   7.3076923076923076E-003   1624.8705197268807        1.0000000000000000     
   6.5384615384615381E-003   7.6923076923076927E-003   1624.9527640583951        1.0000000000000000     
   6.5384615384615381E-003   8.0769230769230770E-003   1625.0293801094640        1.0000000000000000     
   6.5384615384615381E-003   8.4615384615384613E-003   1625.1005001889812        1.0000000000000000     
   6.5384615384615381E-003   8.8461538461538456E-003   1625.1662301430397        1.0000000000000000     
   6.5384615384615381E-003   9.2307692307692299E-003   1625.2266491558935        1.0000000000000000     
   6.5384615384615381E-003   9.6153846153846159E-003   1625.2818098092978        1.0000000000000000     

   6.9230769230769233E-003   3.8461538461538462E-004   1622.1024253731609        1.0000000000000000     
   6.9230769230769233E-003   7.6923076923076923E-004   1622.3244313015039        1.0000000000000000     
   6.9230769230769233E-003   1.1538461538461537E-003   1622.5369936476998        1.0000000000000000     
   6.9230769230769233E-003   1.5384615384615385E-003   1622.7401873474907        1.0000000000000000     
   6.9230769230769233E-003   1.9230769230769232E-003   1622.9341236637497        1.0000000000000000     
   6.9230769230769233E-003   2.3076923076923075E-003   1623.1189478851945        1.0000000000000000     
   6.9230769230769233E-003   2.6923076923076922E-003   1623.2948363519633        1.0000000000000000     
   6.9230769230769233E-003   3.0769230769230769E-003   1623.4619928908562        1.0000000000000000     
   6.9230769230769233E-003   3.4615384615384616E-003   1623.6206447550144        1.0000000000000000     
   6.9230769230769233E-003   3.8461538461538464E-003   1623.7710381738016        1.0000000000000000     
   6.9230769230769233E-003   4.2307692307692307E-003   1623.9134336263708        1.0000000000000000     
   6.9230769230769233E-003   4.6153846153846149E-003   1624.0481009564310        1.0000000000000000     
   6.9230769230769233E-003   5.0000000000000001E-003   1624.1753144465974        1.0000000000000000     
   6.9230769230769233E-003   5.3846153846153844E-003   1624.2953479683772        1.0000000000000000     
   6.9230769230769233E-003   5.7692307692307696E-003   1624.4084703186156        1.0000000000000000     
   6.9230769230769233E-003   6.1538461538461538E-003   1624.5149408451414        1.0000000000000000     
   6.9230769230769233E-003   6.5384615384615381E-003   1624.6150054532613        1.0000000000000000     
   6.9230769230769233E-003   6.9230769230769233E-003   1624.7088930700666        1.0000000000000000     
   6.9230769230769233E-003   7.3076923076923076E-003   1624.7968126247404        1.0000000000000000     
   6.9230769230769233E-003   7.6923076923076927E-003   1624.8789505793636        1.0000000000000000     
   6.9230769230769233E-003   8.0769230769230770E-003   1624.9554690161101        1.0000000000000000     
   6.9230769230769233E-003   8.4615384615384613E-003   1625.0265042542051        1.0000000000000000     
   6.9230769230769233E-003   8.8461538461538456E-003   1625.0921659365754        1.0000000000000000     
   6.9230769230769233E-003   9.2307692307692299E-003   1625.1525364967677        1.0000000000000000     
   6.9230769230769233E-003   9.6153846153846159E-003   1625.2076708986510        1.0000000000000000     

   7.3076923076923076E-003   3.8461538461538462E-004   1622.0106460360978        1.0000000000000000     
   7.3076923076923076E-003   7.6923076923076923E-004   1622.2326333365347        1.0000000000000000     
   7.3076923076923076E-003   1.1538461538461537E-003   1622.4451743373804        1.0000000000000000     
   7.3076923076923076E-003   1.5384615384615385E-003   1622.6483437131415        1.0000000000000000     
   7.3076923076923076E-003   1.9230769230769232E-003   1622.8422523511686        1.0000000000000000     
   7.3076923076923076E-003   2.3076923076923075E-003   1623.0270450700714        1.0000000000000000     
   7.3076923076923076E-003   2.6923076923076922E-003   1623.2028976719655        1.0000000000000000     
   7.3076923076923076E-003   3.0769230769230769E-003   1623.3700134116925        1.0000000000000000     
   7.3076923076923076E-003   3.4615384615384616E-003   1623.5286189779224        1.0000000000000000     
   7.3076923076923076E-003   3.8461538461538464E-003   1623.6789600919819        1.0000000000000000     
   7.3076923076923076E-003   4.2307692307692307E-003   1623.8212968374148        1.0000000000000000     
   7.3076923076923076E-003   4.6153846153846149E-003   1623.9558988368319        1.0000000000000000     
   7.3076923076923076E-003   5.0000000000000001E-003   1624.0830403923967        1.0000000000000000     
   7.3076923076923076E-003   5.3846153846153844E-003   1624.2029957027632        1.0000000000000000     
   7.3076923076923076E-003   5.7692307692307696E-003   1624.3160342623969        1.0000000000000000     
   7.3076923076923076E-003   6.1538461538461538E-003   1624.4224165393071        1.0000000000000000     
   7.3076923076923076E-003   6.5384615384615381E-003   1624.5223900142969        1.0000000000000000     
   7.3076923076923076E-003   6.9230769230769233E-003   1624.6161856488739        1.0000000000000000     
   7.3076923076923076E-003   7.3076923076923076E-003   1624.7040148299659        1.0000000000000000     
   7.3076923076923076E-003   7.6923076923076927E-003   1624.7860668175776        1.0000000000000000     
   7.3076923076923076E-003   8.0769230769230770E-003   1624.8625066971103        1.0000000000000000     
   7.3076923076923076E-003   8.4615384615384613E-003   1624.9334738126333        1.0000000000000000     
   7.3076923076923076E-003   8.8461538461538456E-003   1624.9990806332198        1.0000000000000000     
   7.3076923076923076E-003   9.2307692307692299E-003   1625.0594119851219        1.0000000000000000     
   7.3076923076923076E-003   9.6153846153846159E-003   1625.1145245724135        1.0000000000000000     

   7.6923076923076927E-003   3.8461538461538462E-004   1621.8994047307469        1.0000000000000000     
   7.6923076923076927E-003   7.6923076923076923E-004   1622.1213707447930        1.0000000000000000     
   7.6923076923076927E-003   1.1538461538461537E-003   1622.3338885097619        1.0000000000000000     
   7.6923076923076927E-003   1.5384615384615385E-003   1622.5370324859869        1.0000000000000000     
   7.6923076923076927E-003   1.9230769230769232E-003   1622.7309132540788        1.0000000000000000     
   7.6923076923076927E-003   2.3076923076923075E-003   1622.9156752507545        1.0000000000000000     
   7.6923076923076927E-003   2.6923076923076922E-003   1623.0914938444466        1.0000000000000000     
   7.6923076923076927E-003   3.0769230769230769E-003   1623.2585718339158        1.0000000000000000     
   7.6923076923076927E-003   3.4615384615384616E-003   1623.4171354646808        1.0000000000000000     
   7.6923076923076927E-003   3.8461538461538464E-003   1623.5674300687911        1.0000000000000000     
   7.6923076923076927E-003   4.2307692307692307E-003   1623.7097154402761        1.0000000000000000     
   7.6923076923076927E-003   4.6153846153846149E-003   1623.8442610615473        1.0000000000000000     
   7.6923076923076927E-003   5.0000000000000001E-003   1623.9713412951255        1.0000000000000000     
   7.6923076923076927E-003   5.3846153846153844E-003   1624.0912306504943        1.0000000000000000     
   7.6923076923076927E-003   5.7692307692307696E-003   1624.2041992279535        1.0000000000000000     
   7.6923076923076927E-003   6.1538461538461538E-003   1624.3105084302092        1.0000000000000000     
   7.6923076923076927E-003   6.5384615384615381E-003   1624.4104070186270        1.0000000000000000     
   7.6923076923076927E-003   6.9230769230769233E-003   1624.5041275745853        1.0000000000000000     
   7.6923076923076927E-003   7.3076923076923076E-003   1624.5918834078004        1.0000000000000000     
   7.6923076923076927E-003   7.6923076923076927E-003   1624.6738659332616        1.0000000000000000     
   7.6923076923076927E-003   8.0769230769230770E-003   1624.7502425173825        1.0000000000000000     
   7.6923076923076927E-003   8.4615384615384613E-003   1624.8211547734488        1.0000000000000000     
   7.6923076923076927E-003   8.8461538461538456E-003   1624.8867172683563        1.0000000000000000     
   7.6923076923076927E-003   9.2307692307692299E-003   1624.9470165892346        1.0000000000000000     
   7.6923076923076927E-003   9.6153846153846159E-003   1625.0021107127111        1.0000000000000000     

   8.0769230769230770E-003   3.8461538461538462E-004   1621.7684990641842        1.0000000000000000     
   8.0769230769230770E-003   7.6923076923076923E-004   1621.9904410439083        1.0000000000000000     
   8.0769230769230770E-003   1.1538461538461537E-003   1622.2029335363875        1.0000000000000000     
   8.0769230769230770E-003   1.5384615384615385E-003   1622.4060508295272        1.0000000000000000     
   8.0769230769230770E-003   1.9230769230769232E-003   1622.5999032576792        1.0000000000000000     
   8.0769230769230770E-003   2.3076923076923075E-003   1622.7846349522679        1.0000000000000000     
   8.0769230769230770E-003   2.6923076923076922E-003   1622.9604209371237        1.0000000000000000     
   8.0769230769230770E-003   3.0769230769230769E-003   1623.1274636516262        1.0000000000000000     
   8.0769230769230770E-003   3.4615384615384616E-003   1623.2859889962622        1.0000000000000000     
   8.0769230769230770E-003   3.8461538461538464E-003   1623.4362420056443        1.0000000000000000     
   8.0769230769230770E-003   4.2307692307692307E-003   1623.5784822605358        1.0000000000000000     
   8.0769230769230770E-003   4.6153846153846149E-003   1623.7129791529158        1.0000000000000000     
   8.0769230769230770E-003   5.0000000000000001E-003   1623.8400071165877        1.0000000000000000     
   8.0769230769230770E-003   5.3846153846153844E-003   1623.9598409306752        1.0000000000000000     
   8.0769230769230770E-003   5.7692307692307696E-003   1624.0727511945422        1.0000000000000000     
   8.0769230769230770E-003   6.1538461538461538E-003   1624.1790000609949        1.0000000000000000     
   8.0769230769230770E-003   6.5384615384615381E-003   1624.2788373002245        1.0000000000000000     
   8.0769230769230770E-003   6.9230769230769233E-003   1624.3724967505123        1.0000000000000000     
   8.0769230769230770E-003   7.3076923076923076E-003   1624.4601931937400        1.0000000000000000     
   8.0769230769230770E-003   7.6923076923076927E-003   1624.5421196751074        1.0000000000000000     
   8.0769230769230770E-003   8.0769230769230770E-003   1624.6184452679095        1.0000000000000000     
   8.0769230769230770E-003   8.4615384615384613E-003   1624.6893132671521        1.0000000000000000     
   8.0769230769230770E-003   8.8461538461538456E-003   1624.7548397815863        1.0000000000000000     
   8.0769230769230770E-003   9.2307692307692299E-003   1624.8151126838479        1.0000000000000000     
   8.0769230769230770E-003   9.6153846153846159E-003   1624.8701908749563        1.0000000000000000     

   8.4615384615384613E-003   3.8461538461538462E-004   1621.6177481660261        1.0000000000000000     
   8.4615384615384613E-003   7.6923076923076923E-004   1621.8396632787963        1.0000000000000000     
   8.4615384615384613E-003   1.1538461538461537E-003   1622.0521283222056        1.0000000000000000     
   8.4615384615384613E-003   1.5384615384615385E-003   1622.2552174489861        1.0000000000000000     
   8.4615384615384613E-003   1.9230769230769232E-003   1622.4490408007809        1.0000000000000000     
   8.4615384615384613E-003   2.3076923076923075E-003   1622.6337422707968        1.0000000000000000     
   8.4615384615384613E-003   2.6923076923076922E-003   1622.8094966150152        1.0000000000000000     
   8.4615384615384613E-003   3.0769230769230769E-003   1622.9765059949630        1.0000000000000000     
   8.4615384615384613E-003   3.4615384615384616E-003   1623.1349960463210        1.0000000000000000     
   8.4615384615384613E-003   3.8461538461538464E-003   1623.2852115779194        1.0000000000000000     
   8.4615384615384613E-003   4.2307692307692307E-003   1623.4274120119201        1.0000000000000000     
   8.4615384615384613E-003   4.6153846153846149E-003   1623.5618666780886        1.0000000000000000     
   8.4615384615384613E-003   5.0000000000000001E-003   1623.6888500731670        1.0000000000000000     
   8.4615384615384613E-003   5.3846153846153844E-003   1623.8086371906093        1.0000000000000000     
   8.4615384615384613E-003   5.7692307692307696E-003   1623.9214990168239        1.0000000000000000     
   8.4615384615384613E-003   6.1538461538461538E-003   1624.0276982778757        1.0000000000000000     
   8.4615384615384613E-003   6.5384615384615381E-003   1624.1274855060747        1.0000000000000000     
   8.4615384615384613E-003   6.9230769230769233E-003   1624.2210954795769        1.0000000000000000     
   8.4615384615384613E-003   7.3076923076923076E-003   1624.3087440708302        1.0000000000000000     
   8.4615384615384613E-003   7.6923076923076927E-003   1624.3906255221896        1.0000000000000000     
   8.4615384615384613E-003   8.0769230769230770E-003   1624.4669101503900        1.0000000000000000     
   8.4615384615384613E-003   8.4615384615384613E-003   1624.5377424667693        1.0000000000000000     
   8.4615384615384613E-003   8.8461538461538456E-003   1624.6032396883131        1.0000000000000000     
   8.4615384615384613E-003   9.2307692307692299E-003   1624.6634906069655        1.0000000000000000     
   8.4615384615384613E-003   9.6153846153846159E-003   1624.7185547823237        1.0000000000000000     

   8.8461538461538456E-003   3.8461538461538462E-004   1621.4469992091483        1.0000000000000000     
   8.8461538461538456E-003   7.6923076923076923E-004   1621.6688845478479        1.0000000000000000     
   8.8461538461538456E-003   1.1538461538461537E-003   1621.8813198416015        1.0000000000000000     
   8.8461538461538456E-003   1.5384615384615385E-003   1622.0843791416310        1.0000000000000000     
   8.8461538461538456E-003   1.9230769230769232E-003   1622.2781724449494        1.0000000000000000     
   8.8461538461538456E-003   2.3076923076923075E-003   1622.4628434661440        1.0000000000000000     
   8.8461538461538456E-003   2.6923076923076922E-003   1622.6385667606087        1.0000000000000000     
   8.8461538461538456E-003   3.0769230769230769E-003   1622.8055442820673        1.0000000000000000     
   8.8461538461538456E-003   3.4615384615384616E-003   1622.9640014683489        1.0000000000000000     
   8.8461538461538456E-003   3.8461538461538464E-003   1623.1141829595781        1.0000000000000000     
   8.8461538461538456E-003   4.2307692307692307E-003   1623.2563480588919        1.0000000000000000     
   8.8461538461538456E-003   4.6153846153846149E-003   1623.3907660477248        1.0000000000000000     
   8.8461538461538456E-003   5.0000000000000001E-003   1623.5177114654848        1.0000000000000000     
   8.8461538461538456E-003   5.3846153846153844E-003   1623.6374594574111        1.0000000000000000     
   8.8461538461538456E-003   5.7692307692307696E-003   1623.7502812849630        1.0000000000000000     
   8.8461538461538456E-003   6.1538461538461538E-003   1623.8564400807822        1.0000000000000000     
   8.8461538461538456E-003   6.5384615384615381E-003   1623.9561869155809        1.0000000000000000     
   8.8461538461538456E-003   6.9230769230769233E-003   1624.0497572283346        1.0000000000000000     
   8.8461538461538456E-003   7.3076923076923076E-003   1624.1373676542973        1.0000000000000000     
   8.8461538461538456E-003   7.6923076923076927E-003   1624.2192132687890        1.0000000000000000     
   8.8461538461538456E-003   8.0769230769230770E-003   1624.2954652493190        1.0000000000000000     
   8.8461538461538456E-003   8.4615384615384613E-003   1624.3662689452319        1.0000000000000000     
   8.8461538461538456E-003   8.8461538461538456E-003   1624.4317423338555        1.0000000000000000     
   8.8461538461538456E-003   9.2307692307692299E-003   1624.4919748356692        1.0000000000000000     
   8.8461538461538456E-003   9.6153846153846159E-003   1624.5470264593835        1.0000000000000000     

   9.2307692307692299E-003   3.8461538461538462E-004   1621.2561330797962        1.0000000000000000     
   9.2307692307692299E-003   7.6923076923076923E-004   1621.4779856775410        1.0000000000000000     
   9.2307692307692299E-003   1.1538461538461537E-003   1621.6903888210365        1.0000000000000000     
   9.2307692307692299E-003   1.5384615384615385E-003   1621.8934164909886        1.0000000000000000     
   9.2307692307692299E-003   1.9230769230769232E-003   1622.0871785838028        1.0000000000000000     
   9.2307692307692299E-003   2.3076923076923075E-003   1622.2718186895825        1.0000000000000000     
   9.2307692307692299E-003   2.6923076923076922E-003   1622.4475112235330        1.0000000000000000     
   9.2307692307692299E-003   3.0769230769230769E-003   1622.6144579934207        1.0000000000000000     
   9.2307692307692299E-003   3.4615384615384616E-003   1622.7728842969041        1.0000000000000000     
   9.2307692307692299E-003   3.8461538461538464E-003   1622.9230346524960        1.0000000000000000     
   9.2307692307692299E-003   4.2307692307692307E-003   1623.0651682738660        1.0000000000000000     
   9.2307692307692299E-003   4.6153846153846149E-003   1623.1995543988783        1.0000000000000000     
   9.2307692307692299E-003   5.0000000000000001E-003   1623.3264675823914        1.0000000000000000     
   9.2307692307692299E-003   5.3846153846153844E-003   1623.4461830556447        1.0000000000000000     
   9.2307692307692299E-003   5.7692307692307696E-003   1623.5589722454456        1.0000000000000000     
   9.2307692307692299E-003   6.1538461538461538E-003   1623.6650985339611        1.0000000000000000     
   9.2307692307692299E-003   6.5384615384615381E-003   1623.7648133252651        1.0000000000000000     
   9.2307692307692299E-003   6.9230769230769233E-003   1623.8583524689741        1.0000000000000000     
   9.2307692307692299E-003   7.3076923076923076E-003   1623.9459330747893        1.0000000000000000     
   9.2307692307692299E-003   7.6923076923076927E-003   1624.0277507358444        1.0000000000000000     
   9.2307692307692299E-003   8.0769230769230770E-003   1624.1039771640133        1.0000000000000000     
   9.2307692307692299E-003   8.4615384615384613E-003   1624.1747582279820        1.0000000000000000     
   9.2307692307692299E-003   8.8461538461538456E-003   1624.2402123754503        1.0000000000000000     
   9.2307692307692299E-003   9.2307692307692299E-003   1624.3004294151101        1.0000000000000000     
   9.2307692307692299E-003   9.6153846153846159E-003   1624.3554696327128        1.0000000000000000     

   9.6153846153846159E-003   3.8461538461538462E-004   1621.0450689043480        1.0000000000000000     
   9.6153846153846159E-003   7.6923076923076923E-004   1621.2668857526535        1.0000000000000000     
   9.6153846153846159E-003   1.1538461538461537E-003   1621.4792542753567        1.0000000000000000     
   9.6153846153846159E-003   1.5384615384615385E-003   1621.6822484118782        1.0000000000000000     
   9.6153846153846159E-003   1.9230769230769232E-003   1621.8759779993752        1.0000000000000000     
   9.6153846153846159E-003   2.3076923076923075E-003   1622.0605865540444        1.0000000000000000     
   9.6153846153846159E-003   2.6923076923076922E-003   1622.2362484068362        1.0000000000000000     
   9.6153846153846159E-003   3.0769230769230769E-003   1622.4031652761821        1.0000000000000000     
   9.6153846153846159E-003   3.4615384615384616E-003   1622.5615623713741        1.0000000000000000     
   9.6153846153846159E-003   3.8461538461538464E-003   1622.7116841302238        1.0000000000000000     
   9.6153846153846159E-003   4.2307692307692307E-003   1622.8537897004287        1.0000000000000000     
   9.6153846153846159E-003   4.6153846153846149E-003   1622.9881482757394        1.0000000000000000     
   9.6153846153846159E-003   5.0000000000000001E-003   1623.1150343955260        1.0000000000000000     
   9.6153846153846159E-003   5.3846153846153844E-003   1623.2347233100993        1.0000000000000000     
   9.6153846153846159E-003   5.7692307692307696E-003   1623.3474865044295        1.0000000000000000     
   9.6153846153846159E-003   6.1538461538461538E-003   1623.4535874604530        1.0000000000000000     
   9.6153846153846159E-003   6.5384615384615381E-003   1623.5532777235878        1.0000000000000000     
   9.6153846153846159E-003   6.9230769230769233E-003   1623.6467933232768        1.0000000000000000     
   9.6153846153846159E-003   7.3076923076923076E-003   1623.7343515810785        1.0000000000000000     
   9.6153846153846159E-003   7.6923076923076927E-003   1623.8161483242211        1.0000000000000000     
   9.6153846153846159E-003   8.0769230769230770E-003   1623.8923555081076        1.0000000000000000     
   9.6153846153846159E-003   8.4615384615384613E-003   1623.9631192393560        1.0000000000000000     
   9.6153846153846159E-003   8.8461538461538456E-003   1624.0285581819080        1.0000000000000000     
   9.6153846153846159E-003   9.2307692307692299E-003   1624.0887623233136        1.0000000000000000     
   9.6153846153846159E-003   9.6153846153846159E-003   1624.1437920771402        1.0000000000000000     

