   3.8461538461538462E-004   3.8461538461538462E-004   1620.7561029099161        1.0000000000000000     
   3.8461538461538462E-004   7.6923076923076923E-004   1620.9781549065010        1.0000000000000000     
   3.8461538461538462E-004   1.1538461538461537E-003   1621.1910469266870        1.0000000000000000     
   3.8461538461538462E-004   1.5384615384615385E-003   1621.3948583355311        1.0000000000000000     
   3.8461538461538462E-004   1.9230769230769232E-003   1621.5897074219897        1.0000000000000000     
   3.8461538461538462E-004   2.3076923076923075E-003   1621.7757495944732        1.0000000000000000     
   3.8461538461538462E-004   2.6923076923076922E-003   1621.9531750874571        1.0000000000000000     
   3.8461538461538462E-004   3.0769230769230769E-003   1622.1222062832819        1.0000000000000000     
   3.8461538461538462E-004   3.4615384615384616E-003   1622.2830947789366        1.0000000000000000     
   3.8461538461538462E-004   3.8461538461538464E-003   1622.4361183600117        1.0000000000000000     
   3.8461538461538462E-004   4.2307692307692307E-003   1622.5815780854878        1.0000000000000000     
   3.8461538461538462E-004   4.6153846153846149E-003   1622.7197957456785        1.0000000000000000     
   3.8461538461538462E-004   5.0000000000000001E-003   1622.8511120466464        1.0000000000000000     
   3.8461538461538462E-004   5.3846153846153844E-003   1622.9758860254949        1.0000000000000000     
   3.8461538461538462E-004   5.7692307692307696E-003   1623.0944964663795        1.0000000000000000     
   3.8461538461538462E-004   6.1538461538461538E-003   1623.2073465766643        1.0000000000000000     
   3.8461538461538462E-004   6.5384615384615381E-003   1623.3148741332482        1.0000000000000000     
   3.8461538461538462E-004   6.9230769230769233E-003   1623.4175712643193        1.0000000000000000     
   3.8461538461538462E-004   7.3076923076923076E-003   1623.5160223338755        1.0000000000000000     
   3.8461538461538462E-004   7.6923076923076927E-003   1623.6109786352733        1.0000000000000000     
   3.8461538461538462E-004   8.0769230769230770E-003   1623.7035152200340        1.0000000000000000     
   3.8461538461538462E-004   8.4615384615384613E-003   1623.7953912899752        1.0000000000000000     
   3.8461538461538462E-004   8.8461538461538456E-003   1623.8899750429637        1.0000000000000000     
   3.8461538461538462E-004   9.2307692307692299E-003   1623.9949189377010        1.0000000000000000     
   3.8461538461538462E-004   9.6153846153846159E-003   1624.1308533319102        1.0000000000000000     

   7.6923076923076923E-004   3.8461538461538462E-004   1620.9699417110521        1.0000000000000000     
   7.6923076923076923E-004   7.6923076923076923E-004   1621.1920278010411        1.0000000000000000     
   7.6923076923076923E-004   1.1538461538461537E-003   1621.4049505283083        1.0000000000000000     
   7.6923076923076923E-004   1.5384615384615385E-003   1621.6087890620004        1.0000000000000000     
   7.6923076923076923E-004   1.9230769230769232E-003   1621.8036613819470        1.0000000000000000     
   7.6923076923076923E-004   2.3076923076923075E-003   1621.9897224533183        1.0000000000000000     
   7.6923076923076923E-004   2.6923076923076922E-003   1622.1671619011672        1.0000000000000000     
   7.6923076923076923E-004   3.0769230769230769E-003   1622.3362012842924        1.0000000000000000     
   7.6923076923076923E-004   3.4615384615384616E-003   1622.4970910906054        1.0000000000000000     
   7.6923076923076923E-004   3.8461538461538464E-003   1622.6501076037916        1.0000000000000000     
   7.6923076923076923E-004   4.2307692307692307E-003   1622.7955498242061        1.0000000000000000     
   7.6923076923076923E-004   4.6153846153846149E-003   1622.9337366707439        1.0000000000000000     
   7.6923076923076923E-004   5.0000000000000001E-003   1623.0650047538290        1.0000000000000000     
   7.6923076923076923E-004   5.3846153846153844E-003   1623.1897071071230        1.0000000000000000     
   7.6923076923076923E-004   5.7692307692307696E-003   1623.3082134215708        1.0000000000000000     
   7.6923076923076923E-004   6.1538461538461538E-003   1623.4209125789707        1.0000000000000000     
   7.6923076923076923E-004   6.5384615384615381E-003   1623.5282186900815        1.0000000000000000     
   7.6923076923076923E-004   6.9230769230769233E-003   1623.6305824559847        1.0000000000000000     
   7.6923076923076923E-004   7.3076923076923076E-003   1623.7285103852660        1.0000000000000000     
   7.6923076923076923E-004   7.6923076923076927E-003   1623.8225941959863        1.0000000000000000     
   7.6923076923076923E-004   8.0769230769230770E-003   1623.9135462555080        1.0000000000000000     
   7.6923076923076923E-004   8.4615384615384613E-003   1624.0021991467304        1.0000000000000000     
   7.6923076923076923E-004   8.8461538461538456E-003   1624.0892446970868        1.0000000000000000     
   7.6923076923076923E-004   9.2307692307692299E-003   1624.1736417133391        1.0000000000000000     
   7.6923076923076923E-004   9.6153846153846159E-003   1624.2447150048379        1.0000000000000000     

   1.1538461538461537E-003   3.8461538461538462E-004   1621.1663603599145        1.0000000000000000     
   1.1538461538461537E-003   7.6923076923076923E-004   1621.3884758904551        1.0000000000000000     
   1.1538461538461537E-003   1.1538461538461537E-003   1621.6014229687014        1.0000000000000000     
   1.1538461538461537E-003   1.5384615384615385E-003   1621.8052803713983        1.0000000000000000     
   1.1538461538461537E-003   1.9230769230769232E-003   1622.0001654613679        1.0000000000000000     
   1.1538461538461537E-003   2.3076923076923075E-003   1622.1862323235498        1.0000000000000000     
   1.1538461538461537E-003   2.6923076923076922E-003   1622.3636693804574        1.0000000000000000     
   1.1538461538461537E-003   3.0769230769230769E-003   1622.5326965781985        1.0000000000000000     
   1.1538461538461537E-003   3.4615384615384616E-003   1622.6935622518931        1.0000000000000000     
   1.1538461538461537E-003   3.8461538461538464E-003   1622.8465397989753        1.0000000000000000     
   1.1538461538461537E-003   4.2307692307692307E-003   1622.9919243083111        1.0000000000000000     
   1.1538461538461537E-003   4.6153846153846149E-003   1623.1300293135214        1.0000000000000000     
   1.1538461538461537E-003   5.0000000000000001E-003   1623.2611838602184        1.0000000000000000     
   1.1538461538461537E-003   5.3846153846153844E-003   1623.3857300968073        1.0000000000000000     
   1.1538461538461537E-003   5.7692307692307696E-003   1623.5040216065840        1.0000000000000000     
   1.1538461538461537E-003   6.1538461538461538E-003   1623.6164226603773        1.0000000000000000     
   1.1538461538461537E-003   6.5384615384615381E-003   1623.7233083829117        1.0000000000000000     
   1.1538461538461537E-003   6.9230769230769233E-003   1623.8250652049512        1.0000000000000000     
   1.1538461538461537E-003   7.3076923076923076E-003   1623.9220891166565        1.0000000000000000     
   1.1538461538461537E-003   7.6923076923076927E-003   1624.0147739472852        1.0000000000000000     
   1.1538461538461537E-003   8.0769230769230770E-003   1624.1034673411611        1.0000000000000000     
   1.1538461538461537E-003   8.4615384615384613E-003   1624.1883341690507        1.0000000000000000     
   1.1538461538461537E-003   8.8461538461538456E-003   1624.2689805041027        1.0000000000000000     
   1.1538461538461537E-003   9.2307692307692299E-003   1624.3435712695507        1.0000000000000000     
   1.1538461538461537E-003   9.6153846153846159E-003   1624.4075654693938        1.0000000000000000     

   1.5384615384615385E-003   3.8461538461538462E-004   1621.3453456408379        1.0000000000000000     
   1.5384615384615385E-003   7.6923076923076923E-004   1621.5674861017083        1.0000000000000000     
   1.5384615384615385E-003   1.1538461538461537E-003   1621.7804514742354        1.0000000000000000     
   1.5384615384615385E-003   1.5384615384615385E-003   1621.9843199712459        1.0000000000000000     
   1.5384615384615385E-003   1.9230769230769232E-003   1622.1792080717573        1.0000000000000000     
   1.5384615384615385E-003   2.3076923076923075E-003   1622.3652686057210        1.0000000000000000     
   1.5384615384615385E-003   2.6923076923076922E-003   1622.5426882916711        1.0000000000000000     
   1.5384615384615385E-003   3.0769230769230769E-003   1622.7116848081685        1.0000000000000000     
   1.5384615384615385E-003   3.4615384615384616E-003   1622.8725034920662        1.0000000000000000     
   1.5384615384615385E-003   3.8461538461538464E-003   1623.0254137671434        1.0000000000000000     
   1.5384615384615385E-003   4.2307692307692307E-003   1623.1707054119290        1.0000000000000000     
   1.5384615384615385E-003   4.6153846153846149E-003   1623.3086847722880        1.0000000000000000     
   1.5384615384615385E-003   5.0000000000000001E-003   1623.4396710064029        1.0000000000000000     
   1.5384615384615385E-003   5.3846153846153844E-003   1623.5639924032191        1.0000000000000000     
   1.5384615384615385E-003   5.7692307692307696E-003   1623.6819827104428        1.0000000000000000     
   1.5384615384615385E-003   6.1538461538461538E-003   1623.7939771797371        1.0000000000000000     
   1.5384615384615385E-003   6.5384615384615381E-003   1623.9003075445301        1.0000000000000000     
   1.5384615384615385E-003   6.9230769230769233E-003   1624.0012940912977        1.0000000000000000     
   1.5384615384615385E-003   7.3076923076923076E-003   1624.0972307568406        1.0000000000000000     
   1.5384615384615385E-003   7.6923076923076927E-003   1624.1883546387664        1.0000000000000000     
   1.5384615384615385E-003   8.0769230769230770E-003   1624.2747827834296        1.0000000000000000     
   1.5384615384615385E-003   8.4615384615384613E-003   1624.3563863229431        1.0000000000000000     
   1.5384615384615385E-003   8.8461538461538456E-003   1624.4325662995236        1.0000000000000000     
   1.5384615384615385E-003   9.2307692307692299E-003   1624.5019573291681        1.0000000000000000     
   1.5384615384615385E-003   9.6153846153846159E-003   1624.5624070491808        1.0000000000000000     

   1.9230769230769232E-003   3.8461538461538462E-004   1621.5068775938801        1.0000000000000000     
   1.9230769230769232E-003   7.6923076923076923E-004   1621.7290386750149        1.0000000000000000     
   1.9230769230769232E-003   1.1538461538461537E-003   1621.9420167049293        1.0000000000000000     
   1.9230769230769232E-003   1.5384615384615385E-003   1622.1458891947445        1.0000000000000000     
   1.9230769230769232E-003   1.9230769230769232E-003   1622.3407715279343        1.0000000000000000     
   1.9230769230769232E-003   2.3076923076923075E-003   1622.5268149874626        1.0000000000000000     
   1.9230769230769232E-003   2.6923076923076922E-003   1622.7042042069077        1.0000000000000000     
   1.9230769230769232E-003   3.0769230769230769E-003   1622.8731541164179        1.0000000000000000     
   1.9230769230769232E-003   3.4615384615384616E-003   1623.0339064612429        1.0000000000000000     
   1.9230769230769232E-003   3.8461538461538464E-003   1623.1867259734922        1.0000000000000000     
   1.9230769230769232E-003   4.2307692307692307E-003   1623.3318962716990        1.0000000000000000     
   1.9230769230769232E-003   4.6153846153846149E-003   1623.4697155424244        1.0000000000000000     
   1.9230769230769232E-003   5.0000000000000001E-003   1623.6004920149473        1.0000000000000000     
   1.9230769230769232E-003   5.3846153846153844E-003   1623.7245391573529        1.0000000000000000     
   1.9230769230769232E-003   5.7692307692307696E-003   1623.8421703698407        1.0000000000000000     
   1.9230769230769232E-003   6.1538461538461538E-003   1623.9536926735855        1.0000000000000000     
   1.9230769230769232E-003   6.5384615384615381E-003   1624.0593983943927        1.0000000000000000     
   1.9230769230769232E-003   6.9230769230769233E-003   1624.1595529644596        1.0000000000000000     
   1.9230769230769232E-003   7.3076923076923076E-003   1624.2543755093291        1.0000000000000000     
   1.9230769230769232E-003   7.6923076923076927E-003   1624.3440067482034        1.0000000000000000     
   1.9230769230769232E-003   8.0769230769230770E-003   1624.4284565374192        1.0000000000000000     
   1.9230769230769232E-003   8.4615384615384613E-003   1624.5075244043801        1.0000000000000000     
   1.9230769230769232E-003   8.8461538461538456E-003   1624.5807010743324        1.0000000000000000     
   1.9230769230769232E-003   9.2307692307692299E-003   1624.6471102101216        1.0000000000000000     
   1.9230769230769232E-003   9.6153846153846159E-003   1624.7056550087621        1.0000000000000000     

   2.3076923076923075E-003   3.8461538461538462E-004   1621.6509276964807        1.0000000000000000     
   2.3076923076923075E-003   7.6923076923076923E-004   1621.8731053303807        1.0000000000000000     
   2.3076923076923075E-003   1.1538461538461537E-003   1622.0860908894178        1.0000000000000000     
   2.3076923076923075E-003   1.5384615384615385E-003   1622.2899610838988        1.0000000000000000     
   2.3076923076923075E-003   1.9230769230769232E-003   1622.4848300527428        1.0000000000000000     
   2.3076923076923075E-003   2.3076923076923075E-003   1622.6708473330152        1.0000000000000000     
   2.3076923076923075E-003   2.6923076923076922E-003   1622.8481952257885        1.0000000000000000     
   2.3076923076923075E-003   3.0769230769230769E-003   1623.0170856207733        1.0000000000000000     
   2.3076923076923075E-003   3.4615384615384616E-003   1623.1777563451992        1.0000000000000000     
   2.3076923076923075E-003   3.8461538461538464E-003   1623.3304671005476        1.0000000000000000     
   2.3076923076923075E-003   4.2307692307692307E-003   1623.4754950379845        1.0000000000000000     
   2.3076923076923075E-003   4.6153846153846149E-003   1623.6131299951307        1.0000000000000000     
   2.3076923076923075E-003   5.0000000000000001E-003   1623.7436693649529        1.0000000000000000     
   2.3076923076923075E-003   5.3846153846153844E-003   1623.8674124795684        1.0000000000000000     
   2.3076923076923075E-003   5.7692307692307696E-003   1623.9846542474397        1.0000000000000000     
   2.3076923076923075E-003   6.1538461538461538E-003   1624.0956775530642        1.0000000000000000     
   2.3076923076923075E-003   6.5384615384615381E-003   1624.2007435783221        1.0000000000000000     
   2.3076923076923075E-003   6.9230769230769233E-003   1624.3000787114540        1.0000000000000000     
   2.3076923076923075E-003   7.3076923076923076E-003   1624.3938561284917        1.0000000000000000     
   2.3076923076923075E-003   7.6923076923076927E-003   1624.4821697767929        1.0000000000000000     
   2.3076923076923075E-003   8.0769230769230770E-003   1624.5649993418417        1.0000000000000000     
   2.3076923076923075E-003   8.4615384615384613E-003   1624.6421691842847        1.0000000000000000     
   2.3076923076923075E-003   8.8461538461538456E-003   1624.7133163531025        1.0000000000000000     
   2.3076923076923075E-003   9.2307692307692299E-003   1624.7779057581336        1.0000000000000000     
   2.3076923076923075E-003   9.6153846153846159E-003   1624.8353518022541        1.0000000000000000     

   2.6923076923076922E-003   3.8461538461538462E-004   1621.7774566987348        1.0000000000000000     
   2.6923076923076922E-003   7.6923076923076923E-004   1621.9996470856606        1.0000000000000000     
   2.6923076923076922E-003   1.1538461538461537E-003   1622.2126356070689        1.0000000000000000     
   2.6923076923076922E-003   1.5384615384615385E-003   1622.4164981132235        1.0000000000000000     
   2.6923076923076922E-003   1.9230769230769232E-003   1622.6113474133597        1.0000000000000000     
   2.6923076923076922E-003   2.3076923076923075E-003   1622.7973311931175        1.0000000000000000     
   2.6923076923076922E-003   2.6923076923076922E-003   1622.9746293046860        1.0000000000000000     
   2.6923076923076922E-003   3.0769230769230769E-003   1623.1434504861593        1.0000000000000000     
   2.6923076923076922E-003   3.4615384615384616E-003   1623.3040285678126        1.0000000000000000     
   2.6923076923076922E-003   3.8461538461538464E-003   1623.4566182189863        1.0000000000000000     
   2.6923076923076922E-003   4.2307692307692307E-003   1623.6014902749391        1.0000000000000000     
   2.6923076923076922E-003   4.6153846153846149E-003   1623.7389266548184        1.0000000000000000     
   2.6923076923076922E-003   5.0000000000000001E-003   1623.8692148345851        1.0000000000000000     
   2.6923076923076922E-003   5.3846153846153844E-003   1623.9926417656839        1.0000000000000000     
   2.6923076923076922E-003   5.7692307692307696E-003   1624.1094870237166        1.0000000000000000     
   2.6923076923076922E-003   6.1538461538461538E-003   1624.2200148259935        1.0000000000000000     
   2.6923076923076922E-003   6.5384615384615381E-003   1624.3244643796556        1.0000000000000000     
   2.6923076923076922E-003   6.9230769230769233E-003   1624.4230378567052        1.0000000000000000     
   2.6923076923076922E-003   7.3076923076923076E-003   1624.5158852730992        1.0000000000000000     
   2.6923076923076922E-003   7.6923076923076927E-003   1624.6030859973928        1.0000000000000000     
   2.6923076923076922E-003   8.0769230769230770E-003   1624.6846281685430        1.0000000000000000     
   2.6923076923076922E-003   8.4615384615384613E-003   1624.7603909381653        1.0000000000000000     
   2.6923076923076922E-003   8.8461538461538456E-003   1624.8301408897182        1.0000000000000000     
   2.6923076923076922E-003   9.2307692307692299E-003   1624.8935613429148        1.0000000000000000     
   2.6923076923076922E-003   9.6153846153846159E-003   1624.9503320544113        1.0000000000000000     

   3.0769230769230769E-003   3.8461538461538462E-004   1621.8864123148614        1.0000000000000000     
   3.0769230769230769E-003   7.6923076923076923E-004   1622.1086119304075        1.0000000000000000     
   3.0769230769230769E-003   1.1538461538461537E-003   1622.3215994254715        1.0000000000000000     
   3.0769230769230769E-003   1.5384615384615385E-003   1622.5254497686387        1.0000000000000000     
   3.0769230769230769E-003   1.9230769230769232E-003   1622.7202744137983        1.0000000000000000     
   3.0769230769230769E-003   2.3076923076923075E-003   1622.9062191749570        1.0000000000000000     
   3.0769230769230769E-003   2.6923076923076922E-003   1623.0834614558023        1.0000000000000000     
   3.0769230769230769E-003   3.0769230769230769E-003   1623.2522068874587        1.0000000000000000     
   3.0769230769230769E-003   3.4615384615384616E-003   1623.4126854287456        1.0000000000000000     
   3.0769230769230769E-003   3.8461538461538464E-003   1623.5651469795912        1.0000000000000000     
   3.0769230769230769E-003   4.2307692307692307E-003   1623.7098565459812        1.0000000000000000     
   3.0769230769230769E-003   4.6153846153846149E-003   1623.8470889718353        1.0000000000000000     
   3.0769230769230769E-003   5.0000000000000001E-003   1623.9771232174448        1.0000000000000000     
   3.0769230769230769E-003   5.3846153846153844E-003   1624.1002361141307        1.0000000000000000     
   3.0769230769230769E-003   5.7692307692307696E-003   1624.2166954618735        1.0000000000000000     
   3.0769230769230769E-003   6.1538461538461538E-003   1624.3267522691044        1.0000000000000000     
   3.0769230769230769E-003   6.5384615384615381E-003   1624.4306318860158        1.0000000000000000     
   3.0769230769230769E-003   6.9230769230769233E-003   1624.5285238120166        1.0000000000000000     
   3.0769230769230769E-003   7.3076923076923076E-003   1624.6205701796391        1.0000000000000000     
   3.0769230769230769E-003   7.6923076923076927E-003   1624.7068535314793        1.0000000000000000     
   3.0769230769230769E-003   8.0769230769230770E-003   1624.7873857881063        1.0000000000000000     
   3.0769230769230769E-003   8.4615384615384613E-003   1624.8621024505678        1.0000000000000000     
   3.0769230769230769E-003   8.8461538461538456E-003   1624.9308687197101        1.0000000000000000     
   3.0769230769230769E-003   9.2307692307692299E-003   1624.9935054205068        1.0000000000000000     
   3.0769230769230769E-003   9.6153846153846159E-003   1625.0498380690094        1.0000000000000000     

   3.4615384615384616E-003   3.8461538461538462E-004   1621.9777269926451        1.0000000000000000     
   3.4615384615384616E-003   7.6923076923076923E-004   1622.1999325790086        1.0000000000000000     
   3.4615384615384616E-003   1.1538461538461537E-003   1622.4129156200586        1.0000000000000000     
   3.4615384615384616E-003   1.5384615384615385E-003   1622.6167502138335        1.0000000000000000     
   3.4615384615384616E-003   1.9230769230769232E-003   1622.8115464842099        1.0000000000000000     
   3.4615384615384616E-003   2.3076923076923075E-003   1622.9974484247521        1.0000000000000000     
   3.4615384615384616E-003   2.6923076923076922E-003   1623.1746310856638        1.0000000000000000     
   3.4615384615384616E-003   3.0769230769230769E-003   1623.3432971567272        1.0000000000000000     
   3.4615384615384616E-003   3.4615384615384616E-003   1623.5036730007810        1.0000000000000000     
   3.4615384615384616E-003   3.8461538461538464E-003   1623.6560041906855        1.0000000000000000     
   3.4615384615384616E-003   4.2307692307692307E-003   1623.8005505944175        1.0000000000000000     
   3.4615384615384616E-003   4.6153846153846149E-003   1623.9375810374124        1.0000000000000000     
   3.4615384615384616E-003   5.0000000000000001E-003   1624.0673675487417        1.0000000000000000     
   3.4615384615384616E-003   5.3846153846153844E-003   1624.1901791700318        1.0000000000000000     
   3.4615384615384616E-003   5.7692307692307696E-003   1624.3062752789858        1.0000000000000000     
   3.4615384615384616E-003   6.1538461538461538E-003   1624.4158983657453        1.0000000000000000     
   3.4615384615384616E-003   6.5384615384615381E-003   1624.5192662253673        1.0000000000000000     
   3.4615384615384616E-003   6.9230769230769233E-003   1624.6165636386395        1.0000000000000000     
   3.4615384615384616E-003   7.3076923076923076E-003   1624.7079338766534        1.0000000000000000     
   3.4615384615384616E-003   7.6923076923076927E-003   1624.7934708707232        1.0000000000000000     
   3.4615384615384616E-003   8.0769230769230770E-003   1624.8732137008674        1.0000000000000000     
   3.4615384615384616E-003   8.4615384615384613E-003   1624.9471460836733        1.0000000000000000     
   3.4615384615384616E-003   8.8461538461538456E-003   1625.0152043056878        1.0000000000000000     
   3.4615384615384616E-003   9.2307692307692299E-003   1625.0772964292607        1.0000000000000000     
   3.4615384615384616E-003   9.6153846153846159E-003   1625.1333320333019        1.0000000000000000     

   3.8461538461538464E-003   3.8461538461538462E-004   1622.0513159885707        1.0000000000000000     
   3.8461538461538464E-003   7.6923076923076923E-004   1622.2735245320171        1.0000000000000000     
   3.8461538461538464E-003   1.1538461538461537E-003   1622.4865002073809        1.0000000000000000     
   3.8461538461538464E-003   1.5384615384615385E-003   1622.6903162796534        1.0000000000000000     
   3.8461538461538464E-003   1.9230769230769232E-003   1622.8850816081876        1.0000000000000000     
   3.8461538461538464E-003   2.3076923076923075E-003   1623.0709384718275        1.0000000000000000     
   3.8461538461538464E-003   2.6923076923076922E-003   1623.2480597314984        1.0000000000000000     
   3.8461538461538464E-003   3.0769230769230769E-003   1623.4166453844762        1.0000000000000000     
   3.8461538461538464E-003   3.4615384615384616E-003   1623.5769185677093        1.0000000000000000     
   3.8461538461538464E-003   3.8461538461538464E-003   1623.7291210686874        1.0000000000000000     
   3.8461538461538464E-003   4.2307692307692307E-003   1623.8735083985564        1.0000000000000000     
   3.8461538461538464E-003   4.6153846153846149E-003   1624.0103444741571        1.0000000000000000     
   3.8461538461538464E-003   5.0000000000000001E-003   1624.1398959445191        1.0000000000000000     
   3.8461538461538464E-003   5.3846153846153844E-003   1624.2624261868148        1.0000000000000000     
   3.8461538461538464E-003   5.7692307692307696E-003   1624.3781889933268        1.0000000000000000     
   3.8461538461538464E-003   6.1538461538461538E-003   1624.4874219865007        1.0000000000000000     
   3.8461538461538464E-003   6.5384615384615381E-003   1624.5903398526495        1.0000000000000000     
   3.8461538461538464E-003   6.9230769230769233E-003   1624.6871276037689        1.0000000000000000     
   3.8461538461538464E-003   7.3076923076923076E-003   1624.7779342933670        1.0000000000000000     
   3.8461538461538464E-003   7.6923076923076927E-003   1624.8628679485716        1.0000000000000000     
   3.8461538461538464E-003   8.0769230769230770E-003   1624.9419929122814        1.0000000000000000     
   3.8461538461538464E-003   8.4615384615384613E-003   1625.0153311774084        1.0000000000000000     
   3.8461538461538464E-003   8.8461538461538456E-003   1625.0828693095082        1.0000000000000000     
   3.8461538461538464E-003   9.2307692307692299E-003   1625.1445716709457        1.0000000000000000     
   3.8461538461538464E-003   9.6153846153846159E-003   1625.2003984451455        1.0000000000000000     

   4.2307692307692307E-003   3.8461538461538462E-004   1622.1070759663639        1.0000000000000000     
   4.2307692307692307E-003   7.6923076923076923E-004   1622.3292846641816        1.0000000000000000     
   4.2307692307692307E-003   1.1538461538461537E-003   1622.5422505120482        1.0000000000000000     
   4.2307692307692307E-003   1.5384615384615385E-003   1622.7460459987385        1.0000000000000000     
   4.2307692307692307E-003   1.9230769230769232E-003   1622.9407788132089        1.0000000000000000     
   4.2307692307692307E-003   2.3076923076923075E-003   1623.1265896624786        1.0000000000000000     
   4.2307692307692307E-003   2.6923076923076922E-003   1623.3036494264923        1.0000000000000000     
   4.2307692307692307E-003   3.0769230769230769E-003   1623.4721557066980        1.0000000000000000     
   4.2307692307692307E-003   3.4615384615384616E-003   1623.6323288298902        1.0000000000000000     
   4.2307692307692307E-003   3.8461538461538464E-003   1623.7844073727731        1.0000000000000000     
   4.2307692307692307E-003   4.2307692307692307E-003   1623.9286432730880        1.0000000000000000     
   4.2307692307692307E-003   4.6153846153846149E-003   1624.0652965910795        1.0000000000000000     
   4.2307692307692307E-003   5.0000000000000001E-003   1624.1946299824012        1.0000000000000000     
   4.2307692307692307E-003   5.3846153846153844E-003   1624.3169029438022        1.0000000000000000     
   4.2307692307692307E-003   5.7692307692307696E-003   1624.4323659018501        1.0000000000000000     
   4.2307692307692307E-003   6.1538461538461538E-003   1624.5412542411873        1.0000000000000000     
   4.2307692307692307E-003   6.5384615384615381E-003   1624.6437824240204        1.0000000000000000     
   4.2307692307692307E-003   6.9230769230769233E-003   1624.7401384497789        1.0000000000000000     
   4.2307692307692307E-003   7.3076923076923076E-003   1624.8304790519542        1.0000000000000000     
   4.2307692307692307E-003   7.6923076923076927E-003   1624.9149262208512        1.0000000000000000     
   4.2307692307692307E-003   8.0769230769230770E-003   1624.9935658311438        1.0000000000000000     
   4.2307692307692307E-003   8.4615384615384613E-003   1625.0664492332478        1.0000000000000000     
   4.2307692307692307E-003   8.8461538461538456E-003   1625.1335984541295        1.0000000000000000     
   4.2307692307692307E-003   9.2307692307692299E-003   1625.1950149405700        1.0000000000000000     
   4.2307692307692307E-003   9.6153846153846159E-003   1625.2506905140185        1.0000000000000000     

   4.6153846153846149E-003   3.8461538461538462E-004   1622.1448843114001        1.0000000000000000     
   4.6153846153846149E-003   7.6923076923076923E-004   1622.3670905319896        1.0000000000000000     
   4.6153846153846149E-003   1.1538461538461537E-003   1622.5800444606843        1.0000000000000000     
   4.6153846153846149E-003   1.5384615384615385E-003   1622.7838178793970        1.0000000000000000     
   4.6153846153846149E-003   1.9230769230769232E-003   1622.9785174185092        1.0000000000000000     
   4.6153846153846149E-003   2.3076923076923075E-003   1623.1642823773270        1.0000000000000000     
   4.6153846153846149E-003   2.6923076923076922E-003   1623.3412818850927        1.0000000000000000     
   4.6153846153846149E-003   3.0769230769230769E-003   1623.5097114622120        1.0000000000000000     
   4.6153846153846149E-003   3.4615384615384616E-003   1623.6697890479224        1.0000000000000000     
   4.6153846153846149E-003   3.8461538461538464E-003   1623.8217505668115        1.0000000000000000     
   4.6153846153846149E-003   4.2307692307692307E-003   1623.9658451102830        1.0000000000000000     
   4.6153846153846149E-003   4.6153846153846149E-003   1624.1023298112073        1.0000000000000000     
   4.6153846153846149E-003   5.0000000000000001E-003   1624.2314644925166        1.0000000000000000     
   4.6153846153846149E-003   5.3846153846153844E-003   1624.3535061762082        1.0000000000000000     
   4.6153846153846149E-003   5.7692307692307696E-003   1624.4687035523116        1.0000000000000000     
   4.6153846153846149E-003   6.1538461538461538E-003   1624.5772915333685        1.0000000000000000     
   4.6153846153846149E-003   6.5384615384615381E-003   1624.6794860644875        1.0000000000000000     
   4.6153846153846149E-003   6.9230769230769233E-003   1624.7754794263167        1.0000000000000000     
   4.6153846153846149E-003   7.3076923076923076E-003   1624.8654363559999        1.0000000000000000     
   4.6153846153846149E-003   7.6923076923076927E-003   1624.9494914036707        1.0000000000000000     
   4.6153846153846149E-003   8.0769230769230770E-003   1625.0277480000966        1.0000000000000000     
   4.6153846153846149E-003   8.4615384615384613E-003   1625.1002796665384        1.0000000000000000     
   4.6153846153846149E-003   8.8461538461538456E-003   1625.1671335627825        1.0000000000000000     
   4.6153846153846149E-003   9.2307692307692299E-003   1625.2283360797505        1.0000000000000000     
   4.6153846153846149E-003   9.6153846153846159E-003   1625.2838994873923        1.0000000000000000     

   5.0000000000000001E-003   3.8461538461538462E-004   1622.1645993147661        1.0000000000000000     
   5.0000000000000001E-003   7.6923076923076923E-004   1622.3868005544141        1.0000000000000000     
   5.0000000000000001E-003   1.1538461538461537E-003   1622.5997407563345        1.0000000000000000     
   5.0000000000000001E-003   1.5384615384615385E-003   1622.8034910714373        1.0000000000000000     
   5.0000000000000001E-003   1.9230769230769232E-003   1622.9981571915519        1.0000000000000000     
   5.0000000000000001E-003   2.3076923076923075E-003   1623.1838771802441        1.0000000000000000     
   5.0000000000000001E-003   2.6923076923076922E-003   1623.3608186504935        1.0000000000000000     
   5.0000000000000001E-003   3.0769230769230769E-003   1623.5291753519298        1.0000000000000000     
   5.0000000000000001E-003   3.4615384615384616E-003   1623.6891632381785        1.0000000000000000     
   5.0000000000000001E-003   3.8461538461538464E-003   1623.8410160928802        1.0000000000000000     
   5.0000000000000001E-003   4.2307692307692307E-003   1623.9849807988567        1.0000000000000000     
   5.0000000000000001E-003   4.6153846153846149E-003   1624.1213123395876        1.0000000000000000     
   5.0000000000000001E-003   5.0000000000000001E-003   1624.2502686271919        1.0000000000000000     
   5.0000000000000001E-003   5.3846153846153844E-003   1624.3721052585254        1.0000000000000000     
   5.0000000000000001E-003   5.7692307692307696E-003   1624.4870703134723        1.0000000000000000     
   5.0000000000000001E-003   6.1538461538461538E-003   1624.5953993299377        1.0000000000000000     
   5.0000000000000001E-003   6.5384615384615381E-003   1624.6973106205357        1.0000000000000000     
   5.0000000000000001E-003   6.9230769230769233E-003   1624.7930011360249        1.0000000000000000     
   5.0000000000000001E-003   7.3076923076923076E-003   1624.8826431244279        1.0000000000000000     
   5.0000000000000001E-003   7.6923076923076927E-003   1624.9663818675360        1.0000000000000000     
   5.0000000000000001E-003   8.0769230769230770E-003   1625.0443347711052        1.0000000000000000     
   5.0000000000000001E-003   8.4615384615384613E-003   1625.1165920042126        1.0000000000000000     
   5.0000000000000001E-003   8.8461538461538456E-003   1625.1832186900813        1.0000000000000000     
   5.0000000000000001E-003   9.2307692307692299E-003   1625.2442583368168        1.0000000000000000     
   5.0000000000000001E-003   9.6153846153846159E-003   1625.2997368188746        1.0000000000000000     

   5.3846153846153844E-003   3.8461538461538462E-004   1622.1660613310535        1.0000000000000000     
   5.3846153846153844E-003   7.6923076923076923E-004   1622.3882551705635        1.0000000000000000     
   5.3846153846153844E-003   1.1538461538461537E-003   1622.6011800361841        1.0000000000000000     
   5.3846153846153844E-003   1.5384615384615385E-003   1622.8049065252089        1.0000000000000000     
   5.3846153846153844E-003   1.9230769230769232E-003   1622.9995395116143        1.0000000000000000     
   5.3846153846153844E-003   2.3076923076923075E-003   1623.1852159927489        1.0000000000000000     
   5.3846153846153844E-003   2.6923076923076922E-003   1623.3621022909156        1.0000000000000000     
   5.3846153846153844E-003   3.0769230769230769E-003   1623.5303906751951        1.0000000000000000     
   5.3846153846153844E-003   3.4615384615384616E-003   1623.6902954777227        1.0000000000000000     
   5.3846153846153844E-003   3.8461538461538464E-003   1623.8420487879121        1.0000000000000000     
   5.3846153846153844E-003   4.2307692307692307E-003   1623.9858958152633        1.0000000000000000     
   5.3846153846153844E-003   4.6153846153846149E-003   1624.1220900173469        1.0000000000000000     
   5.3846153846153844E-003   5.0000000000000001E-003   1624.2508880952419        1.0000000000000000     
   5.3846153846153844E-003   5.3846153846153844E-003   1624.3725449655863        1.0000000000000000     
   5.3846153846153844E-003   5.7692307692307696E-003   1624.4873088278453        1.0000000000000000     
   5.3846153846153844E-003   6.1538461538461538E-003   1624.5954164588545        1.0000000000000000     
   5.3846153846153844E-003   6.5384615384615381E-003   1624.6970888841286        1.0000000000000000     
   5.3846153846153844E-003   6.9230769230769233E-003   1624.7925275948264        1.0000000000000000     
   5.3846153846153844E-003   7.3076923076923076E-003   1624.8819114947175        1.0000000000000000     
   5.3846153846153844E-003   7.6923076923076927E-003   1624.9653947620654        1.0000000000000000     
   5.3846153846153844E-003   8.0769230769230770E-003   1625.0431057804258        1.0000000000000000     
   5.3846153846153844E-003   8.4615384615384613E-003   1625.1151472119682        1.0000000000000000     
   5.3846153846153844E-003   8.8461538461538456E-003   1625.1815971447222        1.0000000000000000     
   5.3846153846153844E-003   9.2307692307692299E-003   1625.2425110500305        1.0000000000000000     
   5.3846153846153844E-003   9.6153846153846159E-003   1625.2979240821987        1.0000000000000000     

   5.7692307692307696E-003   3.8461538461538462E-004   1622.1490949562715        1.0000000000000000     
   5.7692307692307696E-003   7.6923076923076923E-004   1622.3712790201487        1.0000000000000000     
   5.7692307692307696E-003   1.1538461538461537E-003   1622.5841870572456        1.0000000000000000     
   5.7692307692307696E-003   1.5384615384615385E-003   1622.7878891864846        1.0000000000000000     
   5.7692307692307696E-003   1.9230769230769232E-003   1622.9824895798156        1.0000000000000000     
   5.7692307692307696E-003   2.3076923076923075E-003   1623.1681243282617        1.0000000000000000     
   5.7692307692307696E-003   2.6923076923076922E-003   1623.3449586716404        1.0000000000000000     
   5.7692307692307696E-003   3.0769230769230769E-003   1623.5131836594376        1.0000000000000000     
   5.7692307692307696E-003   3.4615384615384616E-003   1623.6730123199636        1.0000000000000000     
   5.7692307692307696E-003   3.8461538461538464E-003   1623.8246754247689        1.0000000000000000     
   5.7692307692307696E-003   4.2307692307692307E-003   1623.9684169431430        1.0000000000000000     
   5.7692307692307696E-003   4.6153846153846149E-003   1624.1044892876982        1.0000000000000000     
   5.7692307692307696E-003   5.0000000000000001E-003   1624.2331484573351        1.0000000000000000     
   5.7692307692307696E-003   5.3846153846153844E-003   1624.3546491890700        1.0000000000000000     
   5.7692307692307696E-003   5.7692307692307696E-003   1624.4692402360222        1.0000000000000000     
   5.7692307692307696E-003   6.1538461538461538E-003   1624.5771598956560        1.0000000000000000     
   5.7692307692307696E-003   6.5384615384615381E-003   1624.6786319195767        1.0000000000000000     
   5.7692307692307696E-003   6.9230769230769233E-003   1624.7738619413706        1.0000000000000000     
   5.7692307692307696E-003   7.3076923076923076E-003   1624.8630345577442        1.0000000000000000     
   5.7692307692307696E-003   7.6923076923076927E-003   1624.9463111832802        1.0000000000000000     
   5.7692307692307696E-003   8.0769230769230770E-003   1625.0238287616201        1.0000000000000000     
   5.7692307692307696E-003   8.4615384615384613E-003   1625.0956993480975        1.0000000000000000     
   5.7692307692307696E-003   8.8461538461538456E-003   1625.1620104791605        1.0000000000000000     
   5.7692307692307696E-003   9.2307692307692299E-003   1625.2228261239443        1.0000000000000000     
   5.7692307692307696E-003   9.6153846153846159E-003   1625.2781879025497        1.0000000000000000     

   6.1538461538461538E-003   3.8461538461538462E-004   1622.1135122103703        1.0000000000000000     
   6.1538461538461538E-003   7.6923076923076923E-004   1622.3356841305288        1.0000000000000000     
   6.1538461538461538E-003   1.1538461538461537E-003   1622.5485738925236        1.0000000000000000     
   6.1538461538461538E-003   1.5384615384615385E-003   1622.7522512074474        1.0000000000000000     
   6.1538461538461538E-003   1.9230769230769232E-003   1622.9468196525843        1.0000000000000000     
   6.1538461538461538E-003   2.3076923076923075E-003   1623.1324145584765        1.0000000000000000     
   6.1538461538461538E-003   2.6923076923076922E-003   1623.3092002684998        1.0000000000000000     
   6.1538461538461538E-003   3.0769230769230769E-003   1623.4773668400594        1.0000000000000000     
   6.1538461538461538E-003   3.4615384615384616E-003   1623.6371262665291        1.0000000000000000     
   6.1538461538461538E-003   3.8461538461538464E-003   1623.7887083092473        1.0000000000000000     
   6.1538461538461538E-003   4.2307692307692307E-003   1623.9323560368241        1.0000000000000000     
   6.1538461538461538E-003   4.6153846153846149E-003   1624.0683211749317        1.0000000000000000     
   6.1538461538461538E-003   5.0000000000000001E-003   1624.1968593740332        1.0000000000000000     
   6.1538461538461538E-003   5.3846153846153844E-003   1624.3182255057407        1.0000000000000000     
   6.1538461538461538E-003   5.7692307692307696E-003   1624.4326691007529        1.0000000000000000     
   6.1538461538461538E-003   6.1538461538461538E-003   1624.5404300428208        1.0000000000000000     
   6.1538461538461538E-003   6.5384615384615381E-003   1624.6417346329561        1.0000000000000000     
   6.1538461538461538E-003   6.9230769230769233E-003   1624.7367921343894        1.0000000000000000     
   6.1538461538461538E-003   7.3076923076923076E-003   1624.8257918985280        1.0000000000000000     
   6.1538461538461538E-003   7.6923076923076927E-003   1624.9089011511771        1.0000000000000000     
   6.1538461538461538E-003   8.0769230769230770E-003   1624.9862634823392        1.0000000000000000     
   6.1538461538461538E-003   8.4615384615384613E-003   1625.0579980295261        1.0000000000000000     
   6.1538461538461538E-003   8.8461538461538456E-003   1625.1241992759747        1.0000000000000000     
   6.1538461538461538E-003   9.2307692307692299E-003   1625.1849373112107        1.0000000000000000     
   6.1538461538461538E-003   9.6153846153846159E-003   1625.2402583409091        1.0000000000000000     

   6.5384615384615381E-003   3.8461538461538462E-004   1622.0591166461259        1.0000000000000000     
   6.5384615384615381E-003   7.6923076923076923E-004   1622.2812740315492        1.0000000000000000     
   6.5384615384615381E-003   1.1538461538461537E-003   1622.4941440575112        1.0000000000000000     
   6.5384615384615381E-003   1.5384615384615385E-003   1622.6977960916413        1.0000000000000000     
   6.5384615384615381E-003   1.9230769230769232E-003   1622.8923332134457        1.0000000000000000     
   6.5384615384615381E-003   2.3076923076923075E-003   1623.0778901226236        1.0000000000000000     
   6.5384615384615381E-003   2.6923076923076922E-003   1623.2546304282889        1.0000000000000000     
   6.5384615384615381E-003   3.0769230769230769E-003   1623.4227433893268        1.0000000000000000     
   6.5384615384615381E-003   3.4615384615384616E-003   1623.5824401862785        1.0000000000000000     
   6.5384615384615381E-003   3.8461538461538464E-003   1623.7339498153920        1.0000000000000000     
   6.5384615384615381E-003   4.2307692307692307E-003   1623.8775147032532        1.0000000000000000     
   6.5384615384615381E-003   4.6153846153846149E-003   1624.0133861456884        1.0000000000000000     
   6.5384615384615381E-003   5.0000000000000001E-003   1624.1418196778918        1.0000000000000000     
   6.5384615384615381E-003   5.3846153846153844E-003   1624.2630704839207        1.0000000000000000     
   6.5384615384615381E-003   5.7692307692307696E-003   1624.3773889531228        1.0000000000000000     
   6.5384615384615381E-003   6.1538461538461538E-003   1624.4850164885504        1.0000000000000000     
   6.5384615384615381E-003   6.5384615384615381E-003   1624.5861816672232        1.0000000000000000     
   6.5384615384615381E-003   6.9230769230769233E-003   1624.6810968431885        1.0000000000000000     
   6.5384615384615381E-003   7.3076923076923076E-003   1624.7699552698077        1.0000000000000000     
   6.5384615384615381E-003   7.6923076923076927E-003   1624.8529287953950        1.0000000000000000     
   6.5384615384615381E-003   8.0769230769230770E-003   1624.9301661548416        1.0000000000000000     
   6.5384615384615381E-003   8.4615384615384613E-003   1625.0017918388862        1.0000000000000000     
   6.5384615384615381E-003   8.8461538461538456E-003   1625.0679054755733        1.0000000000000000     
   6.5384615384615381E-003   9.2307692307692299E-003   1625.1285816123348        1.0000000000000000     
   6.5384615384615381E-003   9.6153846153846159E-003   1625.1838697536284        1.0000000000000000     

   6.9230769230769233E-003   3.8461538461538462E-004   1621.9857082468584        1.0000000000000000     
   6.9230769230769233E-003   7.6923076923076923E-004   1622.2078486600230        1.0000000000000000     
   6.9230769230769233E-003   1.1538461538461537E-003   1622.4206974277618        1.0000000000000000     
   6.9230769230769233E-003   1.5384615384615385E-003   1622.6243236317771        1.0000000000000000     
   6.9230769230769233E-003   1.9230769230769232E-003   1622.8188299395099        1.0000000000000000     
   6.9230769230769233E-003   2.3076923076923075E-003   1623.0043505328360        1.0000000000000000     
   6.9230769230769233E-003   2.6923076923076922E-003   1623.1810484253133        1.0000000000000000     
   6.9230769230769233E-003   3.0769230769230769E-003   1623.3491122388871        1.0000000000000000     
   6.9230769230769233E-003   3.4615384615384616E-003   1623.5087525211418        1.0000000000000000     
   6.9230769230769233E-003   3.8461538461538464E-003   1623.6601976943221        1.0000000000000000     
   6.9230769230769233E-003   4.2307692307692307E-003   1623.8036897347331        1.0000000000000000     
   6.9230769230769233E-003   4.6153846153846149E-003   1623.9394796858305        1.0000000000000000     
   6.9230769230769233E-003   5.0000000000000001E-003   1624.0678231103991        1.0000000000000000     
   6.9230769230769233E-003   5.3846153846153844E-003   1624.1889755867992        1.0000000000000000     
   6.9230769230769233E-003   5.7692307692307696E-003   1624.3031883514677        1.0000000000000000     
   6.9230769230769233E-003   6.1538461538461538E-003   1624.4107041844884        1.0000000000000000     
   6.9230769230769233E-003   6.5384615384615381E-003   1624.5117536268353        1.0000000000000000     
   6.9230769230769233E-003   6.9230769230769233E-003   1624.6065516061483        1.0000000000000000     
   6.9230769230769233E-003   7.3076923076923076E-003   1624.6952945317478        1.0000000000000000     
   6.9230769230769233E-003   7.6923076923076927E-003   1624.7781578982447        1.0000000000000000     
   6.9230769230769233E-003   8.0769230769230770E-003   1624.8552944103492        1.0000000000000000     
   6.9230769230769233E-003   8.4615384615384613E-003   1624.9268326101521        1.0000000000000000     
   6.9230769230769233E-003   8.8461538461538456E-003   1624.9928759553152        1.0000000000000000     
   6.9230769230769233E-003   9.2307692307692299E-003   1625.0535022671070        1.0000000000000000     
   6.9230769230769233E-003   9.6153846153846159E-003   1625.1087634484379        1.0000000000000000     

   7.3076923076923076E-003   3.8461538461538462E-004   1621.8930889228818        1.0000000000000000     
   7.3076923076923076E-003   7.6923076923076923E-004   1622.1152098632488        1.0000000000000000     
   7.3076923076923076E-003   1.1538461538461537E-003   1622.3280357559177        1.0000000000000000     
   7.3076923076923076E-003   1.5384615384615385E-003   1622.5316354473559        1.0000000000000000     
   7.3076923076923076E-003   1.9230769230769232E-003   1622.7261112677099        1.0000000000000000     
   7.3076923076923076E-003   2.3076923076923075E-003   1622.9115969782270        1.0000000000000000     
   7.3076923076923076E-003   2.6923076923076922E-003   1623.0882551139377        1.0000000000000000     
   7.3076923076923076E-003   3.0769230769230769E-003   1623.2562737928777        1.0000000000000000     
   7.3076923076923076E-003   3.4615384615384616E-003   1623.4158630731679        1.0000000000000000     
   7.3076923076923076E-003   3.8461538461538464E-003   1623.5672509492479        1.0000000000000000     
   7.3076923076923076E-003   4.2307692307692307E-003   1623.7106790855310        1.0000000000000000     
   7.3076923076923076E-003   4.6153846153846149E-003   1623.8463983898209        1.0000000000000000     
   7.3076923076923076E-003   5.0000000000000001E-003   1623.9746645299629        1.0000000000000000     
   7.3076923076923076E-003   5.3846153846153844E-003   1624.0957334954951        1.0000000000000000     
   7.3076923076923076E-003   5.7692307692307696E-003   1624.2098573016237        1.0000000000000000     
   7.3076923076923076E-003   6.1538461538461538E-003   1624.3172799256552        1.0000000000000000     
   7.3076923076923076E-003   6.5384615384615381E-003   1624.4182335559804        1.0000000000000000     
   7.3076923076923076E-003   6.9230769230769233E-003   1624.5129352206418        1.0000000000000000     
   7.3076923076923076E-003   7.3076923076923076E-003   1624.6015838461117        1.0000000000000000     
   7.3076923076923076E-003   7.6923076923076927E-003   1624.6843577773145        1.0000000000000000     
   7.3076923076923076E-003   8.0769230769230770E-003   1624.7614127672734        1.0000000000000000     
   7.3076923076923076E-003   8.4615384615384613E-003   1624.8328804205346        1.0000000000000000     
   7.3076923076923076E-003   8.8461538461538456E-003   1624.8988670509732        1.0000000000000000     
   7.3076923076923076E-003   9.2307692307692299E-003   1624.9594528950774        1.0000000000000000     
   7.3076923076923076E-003   9.6153846153846159E-003   1625.0146916109497        1.0000000000000000     

   7.6923076923076927E-003   3.8461538461538462E-004   1621.7810683740668        1.0000000000000000     
   7.6923076923076927E-003   7.6923076923076923E-004   1622.0031672685736        1.0000000000000000     
   7.6923076923076927E-003   1.1538461538461537E-003   1622.2159685544680        1.0000000000000000     
   7.6923076923076927E-003   1.5384615384615385E-003   1622.4195408872645        1.0000000000000000     
   7.6923076923076927E-003   1.9230769230769232E-003   1622.6139863245123        1.0000000000000000     
   7.6923076923076927E-003   2.3076923076923075E-003   1622.7994382897564        1.0000000000000000     
   7.6923076923076927E-003   2.6923076923076922E-003   1622.9760589374775        1.0000000000000000     
   7.6923076923076927E-003   3.0769230769230769E-003   1623.1440359904070        1.0000000000000000     
   7.6923076923076927E-003   3.4615384615384616E-003   1623.3035791304981        1.0000000000000000     
   7.6923076923076927E-003   3.8461538461538464E-003   1623.4549160345691        1.0000000000000000     
   7.6923076923076927E-003   4.2307692307692307E-003   1623.5982881522698        1.0000000000000000     
   7.6923076923076927E-003   4.6153846153846149E-003   1623.7339463275139        1.0000000000000000     
   7.6923076923076927E-003   5.0000000000000001E-003   1623.8621463648640        1.0000000000000000     
   7.6923076923076927E-003   5.3846153846153844E-003   1623.9831446397293        1.0000000000000000     
   7.6923076923076927E-003   5.7692307692307696E-003   1624.0971938456050        1.0000000000000000     
   7.6923076923076927E-003   6.1538461538461538E-003   1624.2045389632926        1.0000000000000000     
   7.6923076923076927E-003   6.5384615384615381E-003   1624.3054135259779        1.0000000000000000     
   7.6923076923076927E-003   6.9230769230769233E-003   1624.4000362404902        1.0000000000000000     
   7.6923076923076927E-003   7.3076923076923076E-003   1624.4886080091449        1.0000000000000000     
   7.6923076923076927E-003   7.6923076923076927E-003   1624.5713093786528        1.0000000000000000     
   7.6923076923076927E-003   8.0769230769230770E-003   1624.6482984233219        1.0000000000000000     
   7.6923076923076927E-003   8.4615384615384613E-003   1624.7197090505153        1.0000000000000000     
   7.6923076923076927E-003   8.8461538461538456E-003   1624.7856496988011        1.0000000000000000     
   7.6923076923076927E-003   9.2307692307692299E-003   1624.8462023856616        1.0000000000000000     
   7.6923076923076927E-003   9.6153846153846159E-003   1624.9014220551539        1.0000000000000000     

   8.0769230769230770E-003   3.8461538461538462E-004   1621.6494700562391        1.0000000000000000     
   8.0769230769230770E-003   7.6923076923076923E-004   1621.8715442563866        1.0000000000000000     
   8.0769230769230770E-003   1.1538461538461537E-003   1622.0843190810228        1.0000000000000000     
   8.0769230769230770E-003   1.5384615384615385E-003   1622.2878630333257        1.0000000000000000     
   8.0769230769230770E-003   1.9230769230769232E-003   1622.4822779541207        1.0000000000000000     
   8.0769230769230770E-003   2.3076923076923075E-003   1622.6676969998830        1.0000000000000000     
   8.0769230769230770E-003   2.6923076923076922E-003   1622.8442820264531        1.0000000000000000     
   8.0769230769230770E-003   3.0769230769230769E-003   1623.0122204497532        1.0000000000000000     
   8.0769230769230770E-003   3.4615384615384616E-003   1623.1717216646402        1.0000000000000000     
   8.0769230769230770E-003   3.8461538461538464E-003   1623.3230131124681        1.0000000000000000     
   8.0769230769230770E-003   4.2307692307692307E-003   1623.4663360942823        1.0000000000000000     
   8.0769230769230770E-003   4.6153846153846149E-003   1623.6019414295549        1.0000000000000000     
   8.0769230769230770E-003   5.0000000000000001E-003   1623.7300850601807        1.0000000000000000     
   8.0769230769230770E-003   5.3846153846153844E-003   1623.8510236960931        1.0000000000000000     
   8.0769230769230770E-003   5.7692307692307696E-003   1623.9650105925189        1.0000000000000000     
   8.0769230769230770E-003   6.1538461538461538E-003   1624.0722915398560        1.0000000000000000     
   8.0769230769230770E-003   6.5384615384615381E-003   1624.1731011356569        1.0000000000000000     
   8.0769230769230770E-003   6.9230769230769233E-003   1624.2676593946048        1.0000000000000000     
   8.0769230769230770E-003   7.3076923076923076E-003   1624.3561687370729        1.0000000000000000     
   8.0769230769230770E-003   7.6923076923076927E-003   1624.4388113804507        1.0000000000000000     
   8.0769230769230770E-003   8.0769230769230770E-003   1624.5157471407572        1.0000000000000000     
   8.0769230769230770E-003   8.4615384615384613E-003   1624.5871116361516        1.0000000000000000     
   8.0769230769230770E-003   8.8461538461538456E-003   1624.6530148702857        1.0000000000000000     
   8.0769230769230770E-003   9.2307692307692299E-003   1624.7135401635633        1.0000000000000000     
   8.0769230769230770E-003   9.6153846153846159E-003   1624.7687433960232        1.0000000000000000     

   8.4615384615384613E-003   3.8461538461538462E-004   1621.4981369739837        1.0000000000000000     
   8.4615384615384613E-003   7.6923076923076923E-004   1621.7201837588661        1.0000000000000000     
   8.4615384615384613E-003   1.1538461538461537E-003   1621.9329301480630        1.0000000000000000     
   8.4615384615384613E-003   1.5384615384615385E-003   1622.1364445262279        1.0000000000000000     
   8.4615384615384613E-003   1.9230769230769232E-003   1622.3308285659580        1.0000000000000000     
   8.4615384615384613E-003   2.3076923076923075E-003   1622.5162152171865        1.0000000000000000     
   8.4615384615384613E-003   2.6923076923076922E-003   1622.6927661059958        1.0000000000000000     
   8.4615384615384613E-003   3.0769230769230769E-003   1622.8606684140286        1.0000000000000000     
   8.4615384615384613E-003   3.4615384615384616E-003   1623.0201313193425        1.0000000000000000     
   8.4615384615384613E-003   3.8461538461538464E-003   1623.1713820888660        1.0000000000000000     
   8.4615384615384613E-003   4.2307692307692307E-003   1623.3146619186216        1.0000000000000000     
   8.4615384615384613E-003   4.6153846153846149E-003   1623.4502216205537        1.0000000000000000     
   8.4615384615384613E-003   5.0000000000000001E-003   1623.5783172542078        1.0000000000000000     
   8.4615384615384613E-003   5.3846153846153844E-003   1623.6992057976154        1.0000000000000000     
   8.4615384615384613E-003   5.7692307692307696E-003   1623.8131409449627        1.0000000000000000     
   8.4615384615384613E-003   6.1538461538461538E-003   1623.9203691091957        1.0000000000000000     
   8.4615384615384613E-003   6.5384615384615381E-003   1624.0211256959903        1.0000000000000000     
   8.4615384615384613E-003   6.9230769230769233E-003   1624.1156317021200        1.0000000000000000     
   8.4615384615384613E-003   7.3076923076923076E-003   1624.2040906765287        1.0000000000000000     
   8.4615384615384613E-003   7.6923076923076927E-003   1624.2866860672855        1.0000000000000000     
   8.4615384615384613E-003   8.0769230769230770E-003   1624.3635789627083        1.0000000000000000     
   8.4615384615384613E-003   8.4615384615384613E-003   1624.4349062213578        1.0000000000000000     
   8.4615384615384613E-003   8.8461538461538456E-003   1624.5007789743795        1.0000000000000000     
   8.4615384615384613E-003   9.2307692307692299E-003   1624.5612814759029        1.0000000000000000     
   8.4615384615384613E-003   9.6153846153846159E-003   1624.6164702741480        1.0000000000000000     

   8.8461538461538456E-003   3.8461538461538462E-004   1621.3269370230282        1.0000000000000000     
   8.8461538461538456E-003   7.6923076923076923E-004   1621.5489536075254        1.0000000000000000     
   8.8461538461538456E-003   1.1538461538461537E-003   1621.7616694798769        1.0000000000000000     
   8.8461538461538456E-003   1.5384615384615385E-003   1621.9651529361918        1.0000000000000000     
   8.8461538461538456E-003   1.9230769230769232E-003   1622.1595055234877        1.0000000000000000     
   8.8461538461538456E-003   2.3076923076923075E-003   1622.3448600377405        1.0000000000000000     
   8.8461538461538456E-003   2.6923076923076922E-003   1622.5213779340963        1.0000000000000000     
   8.8461538461538456E-003   3.0769230769230769E-003   1622.6892462202986        1.0000000000000000     
   8.8461538461538456E-003   3.4615384615384616E-003   1622.8486739139280        1.0000000000000000     
   8.8461538461538456E-003   3.8461538461538464E-003   1622.9998881531760        1.0000000000000000     
   8.8461538461538456E-003   4.2307692307692307E-003   1623.1431300567324        1.0000000000000000     
   8.8461538461538456E-003   4.6153846153846149E-003   1623.2786504307614        1.0000000000000000     
   8.8461538461538456E-003   5.0000000000000001E-003   1623.4067054200498        1.0000000000000000     
   8.8461538461538456E-003   5.3846153846153844E-003   1623.5275521962396        1.0000000000000000     
   8.8461538461538456E-003   5.7692307692307696E-003   1623.6414447689613        1.0000000000000000     
   8.8461538461538456E-003   6.1538461538461538E-003   1623.7486299960676        1.0000000000000000     
   8.8461538461538456E-003   6.5384615384615381E-003   1623.8493438574269        1.0000000000000000     
   8.8461538461538456E-003   6.9230769230769233E-003   1623.9438080434536        1.0000000000000000     
   8.8461538461538456E-003   7.3076923076923076E-003   1624.0322268954551        1.0000000000000000     
   8.8461538461538456E-003   7.6923076923076927E-003   1624.1147847205407        1.0000000000000000     
   8.8461538461538456E-003   8.0769230769230770E-003   1624.1916434902316        1.0000000000000000     
   8.8461538461538456E-003   8.4615384615384613E-003   1624.2629409198123        1.0000000000000000     
   8.8461538461538456E-003   8.8461538461538456E-003   1624.3287889157418        1.0000000000000000     
   8.8461538461538456E-003   9.2307692307692299E-003   1624.3892723718961        1.0000000000000000     
   8.8461538461538456E-003   9.6153846153846159E-003   1624.4444482930744        1.0000000000000000     

   9.2307692307692299E-003   3.8461538461538462E-004   1621.1357676218422        1.0000000000000000     
   9.2307692307692299E-003   7.6923076923076923E-004   1621.3577511690196        1.0000000000000000     
   9.2307692307692299E-003   1.1538461538461537E-003   1621.5704343560280        1.0000000000000000     
   9.2307692307692299E-003   1.5384615384615385E-003   1621.7738854175418        1.0000000000000000     
   9.2307692307692299E-003   1.9230769230769232E-003   1621.9682058133219        1.0000000000000000     
   9.2307692307692299E-003   2.3076923076923075E-003   1622.1535282321422        1.0000000000000000     
   9.2307692307692299E-003   2.6923076923076922E-003   1622.3300140097276        1.0000000000000000     
   9.2307692307692299E-003   3.0769230769230769E-003   1622.4978500316263        1.0000000000000000     
   9.2307692307692299E-003   3.4615384615384616E-003   1622.6572452014182        1.0000000000000000     
   9.2307692307692299E-003   3.8461538461538464E-003   1622.8084265636812        1.0000000000000000     
   9.2307692307692299E-003   4.2307692307692307E-003   1622.9516351768339        1.0000000000000000     
   9.2307692307692299E-003   4.6153846153846149E-003   1623.0871218332607        1.0000000000000000     
   9.2307692307692299E-003   5.0000000000000001E-003   1623.2151427230087        1.0000000000000000     
   9.2307692307692299E-003   5.3846153846153844E-003   1623.3359551329950        1.0000000000000000     
   9.2307692307692299E-003   5.7692307692307696E-003   1623.4498132664582        1.0000000000000000     
   9.2307692307692299E-003   6.1538461538461538E-003   1623.5569642575995        1.0000000000000000     
   9.2307692307692299E-003   6.5384615384615381E-003   1623.6576444446805        1.0000000000000000     
   9.2307692307692299E-003   6.9230769230769233E-003   1623.7520759517122        1.0000000000000000     
   9.2307692307692299E-003   7.3076923076923076E-003   1623.8404636151206        1.0000000000000000     
   9.2307692307692299E-003   7.6923076923076927E-003   1623.9229922780435        1.0000000000000000     
   9.2307692307692299E-003   8.0769230769230770E-003   1623.9998244620497        1.0000000000000000     
   9.2307692307692299E-003   8.4615384615384613E-003   1624.0710984148454        1.0000000000000000     
   9.2307692307692299E-003   8.8461538461538456E-003   1624.1369265237222        1.0000000000000000     
   9.2307692307692299E-003   9.2307692307692299E-003   1624.1973940785979        1.0000000000000000     
   9.2307692307692299E-003   9.6153846153846159E-003   1624.2525583665249        1.0000000000000000     

   9.6153846153846159E-003   3.8461538461538462E-004   1620.9245594008235        1.0000000000000000     
   9.6153846153846159E-003   7.6923076923076923E-004   1621.1465070375721        1.0000000000000000     
   9.6153846153846159E-003   1.1538461538461537E-003   1621.3591553095757        1.0000000000000000     
   9.6153846153846159E-003   1.5384615384615385E-003   1621.5625724152967        1.0000000000000000     
   9.6153846153846159E-003   1.9230769230769232E-003   1621.7568597627096        1.0000000000000000     
   9.6153846153846159E-003   2.3076923076923075E-003   1621.9421499763332        1.0000000000000000     
   9.6153846153846159E-003   2.6923076923076922E-003   1622.1186043192383        1.0000000000000000     
   9.6153846153846159E-003   3.0769230769230769E-003   1622.2864096009089        1.0000000000000000     
   9.6153846153846159E-003   3.4615384615384616E-003   1622.4457746511710        1.0000000000000000     
   9.6153846153846159E-003   3.8461538461538464E-003   1622.5969264495209        1.0000000000000000     
   9.6153846153846159E-003   4.2307692307692307E-003   1622.7401060046955        1.0000000000000000     
   9.6153846153846159E-003   4.6153846153846149E-003   1622.8755640815775        1.0000000000000000     
   9.6153846153846159E-003   5.0000000000000001E-003   1623.0035568713420        1.0000000000000000     
   9.6153846153846159E-003   5.3846153846153844E-003   1623.1243416962893        1.0000000000000000     
   9.6153846153846159E-003   5.7692307692307696E-003   1623.2381728335470        1.0000000000000000     
   9.6153846153846159E-003   6.1538461538461538E-003   1623.3452975320199        1.0000000000000000     
   9.6153846153846159E-003   6.5384615384615381E-003   1623.4459522852324        1.0000000000000000     
   9.6153846153846159E-003   6.9230769230769233E-003   1623.5403594097795        1.0000000000000000     
   9.6153846153846159E-003   7.3076923076923076E-003   1623.6287239654264        1.0000000000000000     
   9.6153846153846159E-003   7.6923076923076927E-003   1623.7112310395196        1.0000000000000000     
   9.6153846153846159E-003   8.0769230769230770E-003   1623.7880434058586        1.0000000000000000     
   9.6153846153846159E-003   8.4615384615384613E-003   1623.8592995573320        1.0000000000000000     
   9.6153846153846159E-003   8.8461538461538456E-003   1623.9251121032678        1.0000000000000000     
   9.6153846153846159E-003   9.2307692307692299E-003   1623.9855665167827        1.0000000000000000     
   9.6153846153846159E-003   9.6153846153846159E-003   1624.0407202156380        1.0000000000000000     

