   3.8461538461538462E-004   3.8461538461538462E-004   876.03664718575271        1.0000000000000000     
   3.8461538461538462E-004   7.6923076923076923E-004   876.03278540464760        1.0000000000000000     
   3.8461538461538462E-004   1.1538461538461537E-003   876.02940793062089        1.0000000000000000     
   3.8461538461538462E-004   1.5384615384615385E-003   876.02650885567891        1.0000000000000000     
   3.8461538461538462E-004   1.9230769230769232E-003   876.02375515612800        1.0000000000000000     
   3.8461538461538462E-004   2.3076923076923075E-003   876.02129872895955        1.0000000000000000     
   3.8461538461538462E-004   2.6923076923076922E-003   876.01912356518608        1.0000000000000000     
   3.8461538461538462E-004   3.0769230769230769E-003   876.01728803076037        1.0000000000000000     
   3.8461538461538462E-004   3.4615384615384616E-003   876.01578819079782        1.0000000000000000     
   3.8461538461538462E-004   3.8461538461538464E-003   876.01462279451789        1.0000000000000000     
   3.8461538461538462E-004   4.2307692307692307E-003   876.01379095419725        1.0000000000000000     
   3.8461538461538462E-004   4.6153846153846149E-003   876.01329207661149        1.0000000000000000     
   3.8461538461538462E-004   5.0000000000000001E-003   876.01312582111689        1.0000000000000000     
   3.8461538461538462E-004   5.3846153846153844E-003   876.01329207661161        1.0000000000000000     
   3.8461538461538462E-004   5.7692307692307696E-003   876.01379095419725        1.0000000000000000     
   3.8461538461538462E-004   6.1538461538461538E-003   876.01462279451789        1.0000000000000000     
   3.8461538461538462E-004   6.5384615384615381E-003   876.01578819079748        1.0000000000000000     
   3.8461538461538462E-004   6.9230769230769233E-003   876.01728803076037        1.0000000000000000     
   3.8461538461538462E-004   7.3076923076923076E-003   876.01912356518665        1.0000000000000000     
   3.8461538461538462E-004   7.6923076923076927E-003   876.02129872895955        1.0000000000000000     
   3.8461538461538462E-004   8.0769230769230770E-003   876.02375515612800        1.0000000000000000     
   3.8461538461538462E-004   8.4615384615384613E-003   876.02650885567891        1.0000000000000000     
   3.8461538461538462E-004   8.8461538461538456E-003   876.02940793062066        1.0000000000000000     
   3.8461538461538462E-004   9.2307692307692299E-003   876.03278540464760        1.0000000000000000     
   3.8461538461538462E-004   9.6153846153846159E-003   876.03664718575294        1.0000000000000000     

   7.6923076923076923E-004   3.8461538461538462E-004   901.97413597037996        1.0000000000000000     
   7.6923076923076923E-004   7.6923076923076923E-004   901.96682146914895        1.0000000000000000     
   7.6923076923076923E-004   1.1538461538461537E-003   901.96024447075240        1.0000000000000000     
   7.6923076923076923E-004   1.5384615384615385E-003   901.95405440330080        1.0000000000000000     
   7.6923076923076923E-004   1.9230769230769232E-003   901.94877708379613        1.0000000000000000     
   7.6923076923076923E-004   2.3076923076923075E-003   901.94380916809735        1.0000000000000000     
   7.6923076923076923E-004   2.6923076923076922E-003   901.93947157007324        1.0000000000000000     
   7.6923076923076923E-004   3.0769230769230769E-003   901.93580916897361        1.0000000000000000     
   7.6923076923076923E-004   3.4615384615384616E-003   901.93281642223985        1.0000000000000000     
   7.6923076923076923E-004   3.8461538461538464E-003   901.93049093759407        1.0000000000000000     
   7.6923076923076923E-004   4.2307692307692307E-003   901.92883100725567        1.0000000000000000     
   7.6923076923076923E-004   4.6153846153846149E-003   901.92783548694933        1.0000000000000000     
   7.6923076923076923E-004   5.0000000000000001E-003   901.92750371846364        1.0000000000000000     
   7.6923076923076923E-004   5.3846153846153844E-003   901.92783548694911        1.0000000000000000     
   7.6923076923076923E-004   5.7692307692307696E-003   901.92883100725567        1.0000000000000000     
   7.6923076923076923E-004   6.1538461538461538E-003   901.93049093759373        1.0000000000000000     
   7.6923076923076923E-004   6.5384615384615381E-003   901.93281642223974        1.0000000000000000     
   7.6923076923076923E-004   6.9230769230769233E-003   901.93580916897372        1.0000000000000000     
   7.6923076923076923E-004   7.3076923076923076E-003   901.93947157007392        1.0000000000000000     
   7.6923076923076923E-004   7.6923076923076927E-003   901.94380916809735        1.0000000000000000     
   7.6923076923076923E-004   8.0769230769230770E-003   901.94877708379613        1.0000000000000000     
   7.6923076923076923E-004   8.4615384615384613E-003   901.95405440330080        1.0000000000000000     
   7.6923076923076923E-004   8.8461538461538456E-003   901.96024447075274        1.0000000000000000     
   7.6923076923076923E-004   9.2307692307692299E-003   901.96682146914952        1.0000000000000000     
   7.6923076923076923E-004   9.6153846153846159E-003   901.97413597038042        1.0000000000000000     

   1.1538461538461537E-003   3.8461538461538462E-004   927.71450120315501        1.0000000000000000     
   1.1538461538461537E-003   7.6923076923076923E-004   927.70368722247258        1.0000000000000000     
   1.1538461538461537E-003   1.1538461538461537E-003   927.69330901737635        1.0000000000000000     
   1.1538461538461537E-003   1.5384615384615385E-003   927.68461767103656        1.0000000000000000     
   1.1538461538461537E-003   1.9230769230769232E-003   927.67650840388842        1.0000000000000000     
   1.1538461538461537E-003   2.3076923076923075E-003   927.66906664971668        1.0000000000000000     
   1.1538461538461537E-003   2.6923076923076922E-003   927.66258738708564        1.0000000000000000     
   1.1538461538461537E-003   3.0769230769230769E-003   927.65711523534685        1.0000000000000000     
   1.1538461538461537E-003   3.4615384615384616E-003   927.65264331295077        1.0000000000000000     
   1.1538461538461537E-003   3.8461538461538464E-003   927.64916826572028        1.0000000000000000     
   1.1538461538461537E-003   4.2307692307692307E-003   927.64668768817205        1.0000000000000000     
   1.1538461538461537E-003   4.6153846153846149E-003   927.64519996238607        1.0000000000000000     
   1.1538461538461537E-003   5.0000000000000001E-003   927.64470415542417        1.0000000000000000     
   1.1538461538461537E-003   5.3846153846153844E-003   927.64519996238607        1.0000000000000000     
   1.1538461538461537E-003   5.7692307692307696E-003   927.64668768817171        1.0000000000000000     
   1.1538461538461537E-003   6.1538461538461538E-003   927.64916826572039        1.0000000000000000     
   1.1538461538461537E-003   6.5384615384615381E-003   927.65264331295089        1.0000000000000000     
   1.1538461538461537E-003   6.9230769230769233E-003   927.65711523534651        1.0000000000000000     
   1.1538461538461537E-003   7.3076923076923076E-003   927.66258738708575        1.0000000000000000     
   1.1538461538461537E-003   7.6923076923076927E-003   927.66906664971680        1.0000000000000000     
   1.1538461538461537E-003   8.0769230769230770E-003   927.67650840388808        1.0000000000000000     
   1.1538461538461537E-003   8.4615384615384613E-003   927.68461767103656        1.0000000000000000     
   1.1538461538461537E-003   8.8461538461538456E-003   927.69330901737601        1.0000000000000000     
   1.1538461538461537E-003   9.2307692307692299E-003   927.70368722247269        1.0000000000000000     
   1.1538461538461537E-003   9.6153846153846159E-003   927.71450120315603        1.0000000000000000     

   1.5384615384615385E-003   3.8461538461538462E-004   953.16005402324652        1.0000000000000000     
   1.5384615384615385E-003   7.6923076923076923E-004   953.14533553289652        1.0000000000000000     
   1.5384615384615385E-003   1.1538461538461537E-003   953.13216375705520        1.0000000000000000     
   1.5384615384615385E-003   1.5384615384615385E-003   953.12035012036995        1.0000000000000000     
   1.5384615384615385E-003   1.9230769230769232E-003   953.10948318823762        1.0000000000000000     
   1.5384615384615385E-003   2.3076923076923075E-003   953.09960377487380        1.0000000000000000     
   1.5384615384615385E-003   2.6923076923076922E-003   953.09101335589605        1.0000000000000000     
   1.5384615384615385E-003   3.0769230769230769E-003   953.08375669285056        1.0000000000000000     
   1.5384615384615385E-003   3.4615384615384616E-003   953.07782588506859        1.0000000000000000     
   1.5384615384615385E-003   3.8461538461538464E-003   953.07321685344289        1.0000000000000000     
   1.5384615384615385E-003   4.2307692307692307E-003   953.06992665535597        1.0000000000000000     
   1.5384615384615385E-003   4.6153846153846149E-003   953.06795330216278        1.0000000000000000     
   1.5384615384615385E-003   5.0000000000000001E-003   953.06729564331818        1.0000000000000000     
   1.5384615384615385E-003   5.3846153846153844E-003   953.06795330216266        1.0000000000000000     
   1.5384615384615385E-003   5.7692307692307696E-003   953.06992665535597        1.0000000000000000     
   1.5384615384615385E-003   6.1538461538461538E-003   953.07321685344289        1.0000000000000000     
   1.5384615384615385E-003   6.5384615384615381E-003   953.07782588506848        1.0000000000000000     
   1.5384615384615385E-003   6.9230769230769233E-003   953.08375669285022        1.0000000000000000     
   1.5384615384615385E-003   7.3076923076923076E-003   953.09101335589605        1.0000000000000000     
   1.5384615384615385E-003   7.6923076923076927E-003   953.09960377487471        1.0000000000000000     
   1.5384615384615385E-003   8.0769230769230770E-003   953.10948318823773        1.0000000000000000     
   1.5384615384615385E-003   8.4615384615384613E-003   953.12035012036972        1.0000000000000000     
   1.5384615384615385E-003   8.8461538461538456E-003   953.13216375705508        1.0000000000000000     
   1.5384615384615385E-003   9.2307692307692299E-003   953.14533553289698        1.0000000000000000     
   1.5384615384615385E-003   9.6153846153846159E-003   953.16005402324697        1.0000000000000000     

   1.9230769230769232E-003   3.8461538461538462E-004   978.21382940992839        1.0000000000000000     
   1.9230769230769232E-003   7.6923076923076923E-004   978.19576135384216        1.0000000000000000     
   1.9230769230769232E-003   1.1538461538461537E-003   978.17921985551152        1.0000000000000000     
   1.9230769230769232E-003   1.5384615384615385E-003   978.16439247511835        1.0000000000000000     
   1.9230769230769232E-003   1.9230769230769232E-003   978.15082326422146        1.0000000000000000     
   1.9230769230769232E-003   2.3076923076923075E-003   978.13855331290051        1.0000000000000000     
   1.9230769230769232E-003   2.6923076923076922E-003   978.12789147731257        1.0000000000000000     
   1.9230769230769232E-003   3.0769230769230769E-003   978.11888323412848        1.0000000000000000     
   1.9230769230769232E-003   3.4615384615384616E-003   978.11152007240696        1.0000000000000000     
   1.9230769230769232E-003   3.8461538461538464E-003   978.10579746130043        1.0000000000000000     
   1.9230769230769232E-003   4.2307692307692307E-003   978.10171210398585        1.0000000000000000     
   1.9230769230769232E-003   4.6153846153846149E-003   978.09926175737610        1.0000000000000000     
   1.9230769230769232E-003   5.0000000000000001E-003   978.09844511776726        1.0000000000000000     
   1.9230769230769232E-003   5.3846153846153844E-003   978.09926175737621        1.0000000000000000     
   1.9230769230769232E-003   5.7692307692307696E-003   978.10171210398585        1.0000000000000000     
   1.9230769230769232E-003   6.1538461538461538E-003   978.10579746129952        1.0000000000000000     
   1.9230769230769232E-003   6.5384615384615381E-003   978.11152007240696        1.0000000000000000     
   1.9230769230769232E-003   6.9230769230769233E-003   978.11888323412859        1.0000000000000000     
   1.9230769230769232E-003   7.3076923076923076E-003   978.12789147731235        1.0000000000000000     
   1.9230769230769232E-003   7.6923076923076927E-003   978.13855331290063        1.0000000000000000     
   1.9230769230769232E-003   8.0769230769230770E-003   978.15082326422146        1.0000000000000000     
   1.9230769230769232E-003   8.4615384615384613E-003   978.16439247511835        1.0000000000000000     
   1.9230769230769232E-003   8.8461538461538456E-003   978.17921985551254        1.0000000000000000     
   1.9230769230769232E-003   9.2307692307692299E-003   978.19576135384273        1.0000000000000000     
   1.9230769230769232E-003   9.6153846153846159E-003   978.21382940992908        1.0000000000000000     

   2.3076923076923075E-003   3.8461538461538462E-004   1002.7809899204627        1.0000000000000000     
   2.3076923076923075E-003   7.6923076923076923E-004   1002.7593649550832        1.0000000000000000     
   2.3076923076923075E-003   1.1538461538461537E-003   1002.7395787135388        1.0000000000000000     
   2.3076923076923075E-003   1.5384615384615385E-003   1002.7218155485718        1.0000000000000000     
   2.3076923076923075E-003   1.9230769230769232E-003   1002.7056105809944        1.0000000000000000     
   2.3076923076923075E-003   2.3076923076923075E-003   1002.6910070142048        1.0000000000000000     
   2.3076923076923075E-003   2.6923076923076922E-003   1002.6783219584531        1.0000000000000000     
   2.3076923076923075E-003   3.0769230769230769E-003   1002.6676022223090        1.0000000000000000     
   2.3076923076923075E-003   3.4615384615384616E-003   1002.6588390955973        1.0000000000000000     
   2.3076923076923075E-003   3.8461538461538464E-003   1002.6520278684637        1.0000000000000000     
   2.3076923076923075E-003   4.2307692307692307E-003   1002.6471650706737        1.0000000000000000     
   2.3076923076923075E-003   4.6153846153846149E-003   1002.6442483195452        1.0000000000000000     
   2.3076923076923075E-003   5.0000000000000001E-003   1002.6432762219882        1.0000000000000000     
   2.3076923076923075E-003   5.3846153846153844E-003   1002.6442483195453        1.0000000000000000     
   2.3076923076923075E-003   5.7692307692307696E-003   1002.6471650706741        1.0000000000000000     
   2.3076923076923075E-003   6.1538461538461538E-003   1002.6520278684634        1.0000000000000000     
   2.3076923076923075E-003   6.5384615384615381E-003   1002.6588390955972        1.0000000000000000     
   2.3076923076923075E-003   6.9230769230769233E-003   1002.6676022223086        1.0000000000000000     
   2.3076923076923075E-003   7.3076923076923076E-003   1002.6783219584527        1.0000000000000000     
   2.3076923076923075E-003   7.6923076923076927E-003   1002.6910070142048        1.0000000000000000     
   2.3076923076923075E-003   8.0769230769230770E-003   1002.7056105809943        1.0000000000000000     
   2.3076923076923075E-003   8.4615384615384613E-003   1002.7218155485715        1.0000000000000000     
   2.3076923076923075E-003   8.8461538461538456E-003   1002.7395787135385        1.0000000000000000     
   2.3076923076923075E-003   9.2307692307692299E-003   1002.7593649550837        1.0000000000000000     
   2.3076923076923075E-003   9.6153846153846159E-003   1002.7809899204631        1.0000000000000000     

   2.6923076923076922E-003   3.8461538461538462E-004   1026.7684160745716        1.0000000000000000     
   2.6923076923076922E-003   7.6923076923076923E-004   1026.7433648240374        1.0000000000000000     
   2.6923076923076922E-003   1.1538461538461537E-003   1026.7204342296111        1.0000000000000000     
   2.6923076923076922E-003   1.5384615384615385E-003   1026.6998221644687        1.0000000000000000     
   2.6923076923076922E-003   1.9230769230769232E-003   1026.6810570424241        1.0000000000000000     
   2.6923076923076922E-003   2.3076923076923075E-003   1026.6641852968928        1.0000000000000000     
   2.6923076923076922E-003   2.6923076923076922E-003   1026.6495328464853        1.0000000000000000     
   2.6923076923076922E-003   3.0769230769230769E-003   1026.6371482844766        1.0000000000000000     
   2.6923076923076922E-003   3.4615384615384616E-003   1026.6270230318789        1.0000000000000000     
   2.6923076923076922E-003   3.8461538461538464E-003   1026.6191524251431        1.0000000000000000     
   2.6923076923076922E-003   4.2307692307692307E-003   1026.6135329733513        1.0000000000000000     
   2.6923076923076922E-003   4.6153846153846149E-003   1026.6101622528213        1.0000000000000000     
   2.6923076923076922E-003   5.0000000000000001E-003   1026.6090388364082        1.0000000000000000     
   2.6923076923076922E-003   5.3846153846153844E-003   1026.6101622528208        1.0000000000000000     
   2.6923076923076922E-003   5.7692307692307696E-003   1026.6135329733513        1.0000000000000000     
   2.6923076923076922E-003   6.1538461538461538E-003   1026.6191524251431        1.0000000000000000     
   2.6923076923076922E-003   6.5384615384615381E-003   1026.6270230318787        1.0000000000000000     
   2.6923076923076922E-003   6.9230769230769233E-003   1026.6371482844766        1.0000000000000000     
   2.6923076923076922E-003   7.3076923076923076E-003   1026.6495328464853        1.0000000000000000     
   2.6923076923076922E-003   7.6923076923076927E-003   1026.6641852968919        1.0000000000000000     
   2.6923076923076922E-003   8.0769230769230770E-003   1026.6810570424241        1.0000000000000000     
   2.6923076923076922E-003   8.4615384615384613E-003   1026.6998221644681        1.0000000000000000     
   2.6923076923076922E-003   8.8461538461538456E-003   1026.7204342296104        1.0000000000000000     
   2.6923076923076922E-003   9.2307692307692299E-003   1026.7433648240381        1.0000000000000000     
   2.6923076923076922E-003   9.6153846153846159E-003   1026.7684160745723        1.0000000000000000     

   3.0769230769230769E-003   3.8461538461538462E-004   1050.0853505003743        1.0000000000000000     
   3.0769230769230769E-003   7.6923076923076923E-004   1050.0569834959824        1.0000000000000000     
   3.0769230769230769E-003   1.1538461538461537E-003   1050.0310122281637        1.0000000000000000     
   3.0769230769230769E-003   1.5384615384615385E-003   1050.0076448236780        1.0000000000000000     
   3.0769230769230769E-003   1.9230769230769232E-003   1049.9864027563244        1.0000000000000000     
   3.0769230769230769E-003   2.3076923076923075E-003   1049.9673357885472        1.0000000000000000     
   3.0769230769230769E-003   2.6923076923076922E-003   1049.9507786826609        1.0000000000000000     
   3.0769230769230769E-003   3.0769230769230769E-003   1049.9367820195432        1.0000000000000000     
   3.0769230769230769E-003   3.4615384615384616E-003   1049.9253375467083        1.0000000000000000     
   3.0769230769230769E-003   3.8461538461538464E-003   1049.9164407938915        1.0000000000000000     
   3.0769230769230769E-003   4.2307692307692307E-003   1049.9100883557248        1.0000000000000000     
   3.0769230769230769E-003   4.6153846153846149E-003   1049.9062778390025        1.0000000000000000     
   3.0769230769230769E-003   5.0000000000000001E-003   1049.9050078236608        1.0000000000000000     
   3.0769230769230769E-003   5.3846153846153844E-003   1049.9062778390021        1.0000000000000000     
   3.0769230769230769E-003   5.7692307692307696E-003   1049.9100883557248        1.0000000000000000     
   3.0769230769230769E-003   6.1538461538461538E-003   1049.9164407938918        1.0000000000000000     
   3.0769230769230769E-003   6.5384615384615381E-003   1049.9253375467085        1.0000000000000000     
   3.0769230769230769E-003   6.9230769230769233E-003   1049.9367820195432        1.0000000000000000     
   3.0769230769230769E-003   7.3076923076923076E-003   1049.9507786826609        1.0000000000000000     
   3.0769230769230769E-003   7.6923076923076927E-003   1049.9673357885461        1.0000000000000000     
   3.0769230769230769E-003   8.0769230769230770E-003   1049.9864027563233        1.0000000000000000     
   3.0769230769230769E-003   8.4615384615384613E-003   1050.0076448236769        1.0000000000000000     
   3.0769230769230769E-003   8.8461538461538456E-003   1050.0310122281637        1.0000000000000000     
   3.0769230769230769E-003   9.2307692307692299E-003   1050.0569834959829        1.0000000000000000     
   3.0769230769230769E-003   9.6153846153846159E-003   1050.0853505003740        1.0000000000000000     

   3.4615384615384616E-003   3.8461538461538462E-004   1072.6435654338097        1.0000000000000000     
   3.4615384615384616E-003   7.6923076923076923E-004   1072.6119992016038        1.0000000000000000     
   3.4615384615384616E-003   1.1538461538461537E-003   1072.5830969635247        1.0000000000000000     
   3.4615384615384616E-003   1.5384615384615385E-003   1072.5570745944419        1.0000000000000000     
   3.4615384615384616E-003   1.9230769230769232E-003   1072.5334459355890        1.0000000000000000     
   3.4615384615384616E-003   2.3076923076923075E-003   1072.5122636659730        1.0000000000000000     
   3.4615384615384616E-003   2.6923076923076922E-003   1072.4938710578458        1.0000000000000000     
   3.4615384615384616E-003   3.0769230769230769E-003   1072.4783206622085        1.0000000000000000     
   3.4615384615384616E-003   3.4615384615384616E-003   1072.4656046141281        1.0000000000000000     
   3.4615384615384616E-003   3.8461538461538464E-003   1072.4557186994009        1.0000000000000000     
   3.4615384615384616E-003   4.2307692307692307E-003   1072.4486596520028        1.0000000000000000     
   3.4615384615384616E-003   4.6153846153846149E-003   1072.4444251491429        1.0000000000000000     
   3.4615384615384616E-003   5.0000000000000001E-003   1072.4430138021739        1.0000000000000000     
   3.4615384615384616E-003   5.3846153846153844E-003   1072.4444251491427        1.0000000000000000     
   3.4615384615384616E-003   5.7692307692307696E-003   1072.4486596520021        1.0000000000000000     
   3.4615384615384616E-003   6.1538461538461538E-003   1072.4557186994009        1.0000000000000000     
   3.4615384615384616E-003   6.5384615384615381E-003   1072.4656046141283        1.0000000000000000     
   3.4615384615384616E-003   6.9230769230769233E-003   1072.4783206622078        1.0000000000000000     
   3.4615384615384616E-003   7.3076923076923076E-003   1072.4938710578447        1.0000000000000000     
   3.4615384615384616E-003   7.6923076923076927E-003   1072.5122636659723        1.0000000000000000     
   3.4615384615384616E-003   8.0769230769230770E-003   1072.5334459355888        1.0000000000000000     
   3.4615384615384616E-003   8.4615384615384613E-003   1072.5570745944419        1.0000000000000000     
   3.4615384615384616E-003   8.8461538461538456E-003   1072.5830969635251        1.0000000000000000     
   3.4615384615384616E-003   9.2307692307692299E-003   1072.6119992016038        1.0000000000000000     
   3.4615384615384616E-003   9.6153846153846159E-003   1072.6435654338100        1.0000000000000000     

   3.8461538461538464E-003   3.8461538461538462E-004   1094.3577712448118        1.0000000000000000     
   3.8461538461538464E-003   7.6923076923076923E-004   1094.3231316318090        1.0000000000000000     
   3.8461538461538464E-003   1.1538461538461537E-003   1094.2914160267756        1.0000000000000000     
   3.8461538461538464E-003   1.5384615384615385E-003   1094.2628465006392        1.0000000000000000     
   3.8461538461538464E-003   1.9230769230769232E-003   1094.2369287443619        1.0000000000000000     
   3.8461538461538464E-003   2.3076923076923075E-003   1094.2137178108223        1.0000000000000000     
   3.8461538461538464E-003   2.6923076923076922E-003   1094.1935649545640        1.0000000000000000     
   3.8461538461538464E-003   3.0769230769230769E-003   1094.1765245349432        1.0000000000000000     
   3.8461538461538464E-003   3.4615384615384616E-003   1094.1625890328551        1.0000000000000000     
   3.8461538461538464E-003   3.8461538461538464E-003   1094.1517544814021        1.0000000000000000     
   3.8461538461538464E-003   4.2307692307692307E-003   1094.1440177601482        1.0000000000000000     
   3.8461538461538464E-003   4.6153846153846149E-003   1094.1393766269105        1.0000000000000000     
   3.8461538461538464E-003   5.0000000000000001E-003   1094.1378297325632        1.0000000000000000     
   3.8461538461538464E-003   5.3846153846153844E-003   1094.1393766269111        1.0000000000000000     
   3.8461538461538464E-003   5.7692307692307696E-003   1094.1440177601482        1.0000000000000000     
   3.8461538461538464E-003   6.1538461538461538E-003   1094.1517544814021        1.0000000000000000     
   3.8461538461538464E-003   6.5384615384615381E-003   1094.1625890328544        1.0000000000000000     
   3.8461538461538464E-003   6.9230769230769233E-003   1094.1765245349434        1.0000000000000000     
   3.8461538461538464E-003   7.3076923076923076E-003   1094.1935649545635        1.0000000000000000     
   3.8461538461538464E-003   7.6923076923076927E-003   1094.2137178108230        1.0000000000000000     
   3.8461538461538464E-003   8.0769230769230770E-003   1094.2369287443626        1.0000000000000000     
   3.8461538461538464E-003   8.4615384615384613E-003   1094.2628465006396        1.0000000000000000     
   3.8461538461538464E-003   8.8461538461538456E-003   1094.2914160267760        1.0000000000000000     
   3.8461538461538464E-003   9.2307692307692299E-003   1094.3231316318090        1.0000000000000000     
   3.8461538461538464E-003   9.6153846153846159E-003   1094.3577712448109        1.0000000000000000     

   4.2307692307692307E-003   3.8461538461538462E-004   1115.1459396039791        1.0000000000000000     
   4.2307692307692307E-003   7.6923076923076923E-004   1115.1083626885954        1.0000000000000000     
   4.2307692307692307E-003   1.1538461538461537E-003   1115.0739600935997        1.0000000000000000     
   4.2307692307692307E-003   1.5384615384615385E-003   1115.0429590890026        1.0000000000000000     
   4.2307692307692307E-003   1.9230769230769232E-003   1115.0148569589016        1.0000000000000000     
   4.2307692307692307E-003   2.3076923076923075E-003   1114.9897106063104        1.0000000000000000     
   4.2307692307692307E-003   2.6923076923076922E-003   1114.9678786571608        1.0000000000000000     
   4.2307692307692307E-003   3.0769230769230769E-003   1114.9494170389510        1.0000000000000000     
   4.2307692307692307E-003   3.4615384615384616E-003   1114.9343184706156        1.0000000000000000     
   4.2307692307692307E-003   3.8461538461538464E-003   1114.9225791724218        1.0000000000000000     
   4.2307692307692307E-003   4.2307692307692307E-003   1114.9141961393066        1.0000000000000000     
   4.2307692307692307E-003   4.6153846153846149E-003   1114.9091671961778        1.0000000000000000     
   4.2307692307692307E-003   5.0000000000000001E-003   1114.9074910283514        1.0000000000000000     
   4.2307692307692307E-003   5.3846153846153844E-003   1114.9091671961780        1.0000000000000000     
   4.2307692307692307E-003   5.7692307692307696E-003   1114.9141961393063        1.0000000000000000     
   4.2307692307692307E-003   6.1538461538461538E-003   1114.9225791724216        1.0000000000000000     
   4.2307692307692307E-003   6.5384615384615381E-003   1114.9343184706154        1.0000000000000000     
   4.2307692307692307E-003   6.9230769230769233E-003   1114.9494170389510        1.0000000000000000     
   4.2307692307692307E-003   7.3076923076923076E-003   1114.9678786571606        1.0000000000000000     
   4.2307692307692307E-003   7.6923076923076927E-003   1114.9897106063102        1.0000000000000000     
   4.2307692307692307E-003   8.0769230769230770E-003   1115.0148569589016        1.0000000000000000     
   4.2307692307692307E-003   8.4615384615384613E-003   1115.0429590890026        1.0000000000000000     
   4.2307692307692307E-003   8.8461538461538456E-003   1115.0739600935997        1.0000000000000000     
   4.2307692307692307E-003   9.2307692307692299E-003   1115.1083626885954        1.0000000000000000     
   4.2307692307692307E-003   9.6153846153846159E-003   1115.1459396039788        1.0000000000000000     

   4.6153846153846149E-003   3.8461538461538462E-004   1134.9296124856592        1.0000000000000000     
   4.6153846153846149E-003   7.6923076923076923E-004   1134.8892446395337        1.0000000000000000     
   4.6153846153846149E-003   1.1538461538461537E-003   1134.8522904674962        1.0000000000000000     
   4.6153846153846149E-003   1.5384615384615385E-003   1134.8189817153730        1.0000000000000000     
   4.6153846153846149E-003   1.9230769230769232E-003   1134.7888072003973        1.0000000000000000     
   4.6153846153846149E-003   2.3076923076923075E-003   1134.7618251997753        1.0000000000000000     
   4.6153846153846149E-003   2.6923076923076922E-003   1134.7384010650342        1.0000000000000000     
   4.6153846153846149E-003   3.0769230769230769E-003   1134.7185920139625        1.0000000000000000     
   4.6153846153846149E-003   3.4615384615384616E-003   1134.7023908591864        1.0000000000000000     
   4.6153846153846149E-003   3.8461538461538464E-003   1134.6897939167329        1.0000000000000000     
   4.6153846153846149E-003   4.2307692307692307E-003   1134.6807982434734        1.0000000000000000     
   4.6153846153846149E-003   4.6153846153846149E-003   1134.6754017025080        1.0000000000000000     
   4.6153846153846149E-003   5.0000000000000001E-003   1134.6736029998801        1.0000000000000000     
   4.6153846153846149E-003   5.3846153846153844E-003   1134.6754017025082        1.0000000000000000     
   4.6153846153846149E-003   5.7692307692307696E-003   1134.6807982434736        1.0000000000000000     
   4.6153846153846149E-003   6.1538461538461538E-003   1134.6897939167325        1.0000000000000000     
   4.6153846153846149E-003   6.5384615384615381E-003   1134.7023908591857        1.0000000000000000     
   4.6153846153846149E-003   6.9230769230769233E-003   1134.7185920139623        1.0000000000000000     
   4.6153846153846149E-003   7.3076923076923076E-003   1134.7384010650339        1.0000000000000000     
   4.6153846153846149E-003   7.6923076923076927E-003   1134.7618251997753        1.0000000000000000     
   4.6153846153846149E-003   8.0769230769230770E-003   1134.7888072003964        1.0000000000000000     
   4.6153846153846149E-003   8.4615384615384613E-003   1134.8189817153732        1.0000000000000000     
   4.6153846153846149E-003   8.8461538461538456E-003   1134.8522904674962        1.0000000000000000     
   4.6153846153846149E-003   9.2307692307692299E-003   1134.8892446395339        1.0000000000000000     
   4.6153846153846149E-003   9.6153846153846159E-003   1134.9296124856589        1.0000000000000000     

   5.0000000000000001E-003   3.8461538461538462E-004   1153.6341945923480        1.0000000000000000     
   5.0000000000000001E-003   7.6923076923076923E-004   1153.5911922042967        1.0000000000000000     
   5.0000000000000001E-003   1.1538461538461537E-003   1153.5518308444005        1.0000000000000000     
   5.0000000000000001E-003   1.5384615384615385E-003   1153.5163461186226        1.0000000000000000     
   5.0000000000000001E-003   1.9230769230769232E-003   1153.4842184307099        1.0000000000000000     
   5.0000000000000001E-003   2.3076923076923075E-003   1153.4555069843236        1.0000000000000000     
   5.0000000000000001E-003   2.6923076923076922E-003   1153.4305831872505        1.0000000000000000     
   5.0000000000000001E-003   3.0769230769230769E-003   1153.4095052523551        1.0000000000000000     
   5.0000000000000001E-003   3.4615384615384616E-003   1153.3922659256625        1.0000000000000000     
   5.0000000000000001E-003   3.8461538461538464E-003   1153.3788615138526        1.0000000000000000     
   5.0000000000000001E-003   4.2307692307692307E-003   1153.3692890725636        1.0000000000000000     
   5.0000000000000001E-003   4.6153846153846149E-003   1153.3635464681388        1.0000000000000000     
   5.0000000000000001E-003   5.0000000000000001E-003   1153.3616324104817        1.0000000000000000     
   5.0000000000000001E-003   5.3846153846153844E-003   1153.3635464681383        1.0000000000000000     
   5.0000000000000001E-003   5.7692307692307696E-003   1153.3692890725627        1.0000000000000000     
   5.0000000000000001E-003   6.1538461538461538E-003   1153.3788615138528        1.0000000000000000     
   5.0000000000000001E-003   6.5384615384615381E-003   1153.3922659256616        1.0000000000000000     
   5.0000000000000001E-003   6.9230769230769233E-003   1153.4095052523542        1.0000000000000000     
   5.0000000000000001E-003   7.3076923076923076E-003   1153.4305831872493        1.0000000000000000     
   5.0000000000000001E-003   7.6923076923076927E-003   1153.4555069843227        1.0000000000000000     
   5.0000000000000001E-003   8.0769230769230770E-003   1153.4842184307095        1.0000000000000000     
   5.0000000000000001E-003   8.4615384615384613E-003   1153.5163461186226        1.0000000000000000     
   5.0000000000000001E-003   8.8461538461538456E-003   1153.5518308444007        1.0000000000000000     
   5.0000000000000001E-003   9.2307692307692299E-003   1153.5911922042967        1.0000000000000000     
   5.0000000000000001E-003   9.6153846153846159E-003   1153.6341945923480        1.0000000000000000     

   5.3846153846153844E-003   3.8461538461538462E-004   1171.1892285640549        1.0000000000000000     
   5.3846153846153844E-003   7.6923076923076923E-004   1171.1437576242706        1.0000000000000000     
   5.3846153846153844E-003   1.1538461538461537E-003   1171.1021422316539        1.0000000000000000     
   5.3846153846153844E-003   1.5384615384615385E-003   1171.0646212346126        1.0000000000000000     
   5.3846153846153844E-003   1.9230769230769232E-003   1171.0306667116270        1.0000000000000000     
   5.3846153846153844E-003   2.3076923076923075E-003   1171.0003383371893        1.0000000000000000     
   5.3846153846153844E-003   2.6923076923076922E-003   1170.9740128766762        1.0000000000000000     
   5.3846153846153844E-003   3.0769230769230769E-003   1170.9517492345956        1.0000000000000000     
   5.3846153846153844E-003   3.4615384615384616E-003   1170.9335399294710        1.0000000000000000     
   5.3846153846153844E-003   3.8461538461538464E-003   1170.9193811558600        1.0000000000000000     
   5.3846153846153844E-003   4.2307692307692307E-003   1170.9092699090186        1.0000000000000000     
   5.3846153846153844E-003   4.6153846153846149E-003   1170.9032040277234        1.0000000000000000     
   5.3846153846153844E-003   5.0000000000000001E-003   1170.9011822118523        1.0000000000000000     
   5.3846153846153844E-003   5.3846153846153844E-003   1170.9032040277239        1.0000000000000000     
   5.3846153846153844E-003   5.7692307692307696E-003   1170.9092699090188        1.0000000000000000     
   5.3846153846153844E-003   6.1538461538461538E-003   1170.9193811558607        1.0000000000000000     
   5.3846153846153844E-003   6.5384615384615381E-003   1170.9335399294707        1.0000000000000000     
   5.3846153846153844E-003   6.9230769230769233E-003   1170.9517492345951        1.0000000000000000     
   5.3846153846153844E-003   7.3076923076923076E-003   1170.9740128766753        1.0000000000000000     
   5.3846153846153844E-003   7.6923076923076927E-003   1171.0003383371882        1.0000000000000000     
   5.3846153846153844E-003   8.0769230769230770E-003   1171.0306667116258        1.0000000000000000     
   5.3846153846153844E-003   8.4615384615384613E-003   1171.0646212346116        1.0000000000000000     
   5.3846153846153844E-003   8.8461538461538456E-003   1171.1021422316535        1.0000000000000000     
   5.3846153846153844E-003   9.2307692307692299E-003   1171.1437576242704        1.0000000000000000     
   5.3846153846153844E-003   9.6153846153846159E-003   1171.1892285640542        1.0000000000000000     

   5.7692307692307696E-003   3.8461538461538462E-004   1187.5286522853023        1.0000000000000000     
   5.7692307692307696E-003   7.6923076923076923E-004   1187.4808879306254        1.0000000000000000     
   5.7692307692307696E-003   1.1538461538461537E-003   1187.4371801803297        1.0000000000000000     
   5.7692307692307696E-003   1.5384615384615385E-003   1187.3977704041456        1.0000000000000000     
   5.7692307692307696E-003   1.9230769230769232E-003   1187.3621223979492        1.0000000000000000     
   5.7692307692307696E-003   2.3076923076923075E-003   1187.3302958021759        1.0000000000000000     
   5.7692307692307696E-003   2.6923076923076922E-003   1187.3026720019952        1.0000000000000000     
   5.7692307692307696E-003   3.0769230769230769E-003   1187.2793102895280        1.0000000000000000     
   5.7692307692307696E-003   3.4615384615384616E-003   1187.2602028101030        1.0000000000000000     
   5.7692307692307696E-003   3.8461538461538464E-003   1187.2453455631833        1.0000000000000000     
   5.7692307692307696E-003   4.2307692307692307E-003   1187.2347354438218        1.0000000000000000     
   5.7692307692307696E-003   4.6153846153846149E-003   1187.2283702479558        1.0000000000000000     
   5.7692307692307696E-003   5.0000000000000001E-003   1187.2262486614634        1.0000000000000000     
   5.7692307692307696E-003   5.3846153846153844E-003   1187.2283702479565        1.0000000000000000     
   5.7692307692307696E-003   5.7692307692307696E-003   1187.2347354438223        1.0000000000000000     
   5.7692307692307696E-003   6.1538461538461538E-003   1187.2453455631837        1.0000000000000000     
   5.7692307692307696E-003   6.5384615384615381E-003   1187.2602028101032        1.0000000000000000     
   5.7692307692307696E-003   6.9230769230769233E-003   1187.2793102895275        1.0000000000000000     
   5.7692307692307696E-003   7.3076923076923076E-003   1187.3026720019946        1.0000000000000000     
   5.7692307692307696E-003   7.6923076923076927E-003   1187.3302958021750        1.0000000000000000     
   5.7692307692307696E-003   8.0769230769230770E-003   1187.3621223979474        1.0000000000000000     
   5.7692307692307696E-003   8.4615384615384613E-003   1187.3977704041447        1.0000000000000000     
   5.7692307692307696E-003   8.8461538461538456E-003   1187.4371801803297        1.0000000000000000     
   5.7692307692307696E-003   9.2307692307692299E-003   1187.4808879306254        1.0000000000000000     
   5.7692307692307696E-003   9.6153846153846159E-003   1187.5286522853021        1.0000000000000000     

   6.1538461538461538E-003   3.8461538461538462E-004   1202.5910376413092        1.0000000000000000     
   6.1538461538461538E-003   7.6923076923076923E-004   1202.5411637469465        1.0000000000000000     
   6.1538461538461538E-003   1.1538461538461537E-003   1202.4955336584949        1.0000000000000000     
   6.1538461538461538E-003   1.5384615384615385E-003   1202.4543903038486        1.0000000000000000     
   6.1538461538461538E-003   1.9230769230769232E-003   1202.4171890983268        1.0000000000000000     
   6.1538461538461538E-003   2.3076923076923075E-003   1202.3839890539600        1.0000000000000000     
   6.1538461538461538E-003   2.6923076923076922E-003   1202.3551753967140        1.0000000000000000     
   6.1538461538461538E-003   3.0769230769230769E-003   1202.3308075179909        1.0000000000000000     
   6.1538461538461538E-003   3.4615384615384616E-003   1202.3108770825240        1.0000000000000000     
   6.1538461538461538E-003   3.8461538461538464E-003   1202.2953798541744        1.0000000000000000     
   6.1538461538461538E-003   4.2307692307692307E-003   1202.2843126258965        1.0000000000000000     
   6.1538461538461538E-003   4.6153846153846149E-003   1202.2776731643100        1.0000000000000000     
   6.1538461538461538E-003   5.0000000000000001E-003   1202.2754601549916        1.0000000000000000     
   6.1538461538461538E-003   5.3846153846153844E-003   1202.2776731643098        1.0000000000000000     
   6.1538461538461538E-003   5.7692307692307696E-003   1202.2843126258958        1.0000000000000000     
   6.1538461538461538E-003   6.1538461538461538E-003   1202.2953798541741        1.0000000000000000     
   6.1538461538461538E-003   6.5384615384615381E-003   1202.3108770825243        1.0000000000000000     
   6.1538461538461538E-003   6.9230769230769233E-003   1202.3308075179914        1.0000000000000000     
   6.1538461538461538E-003   7.3076923076923076E-003   1202.3551753967140        1.0000000000000000     
   6.1538461538461538E-003   7.6923076923076927E-003   1202.3839890539591        1.0000000000000000     
   6.1538461538461538E-003   8.0769230769230770E-003   1202.4171890983259        1.0000000000000000     
   6.1538461538461538E-003   8.4615384615384613E-003   1202.4543903038482        1.0000000000000000     
   6.1538461538461538E-003   8.8461538461538456E-003   1202.4955336584951        1.0000000000000000     
   6.1538461538461538E-003   9.2307692307692299E-003   1202.5411637469458        1.0000000000000000     
   6.1538461538461538E-003   9.6153846153846159E-003   1202.5910376413083        1.0000000000000000     

   6.5384615384615381E-003   3.8461538461538462E-004   1216.3198101213941        1.0000000000000000     
   6.5384615384615381E-003   7.6923076923076923E-004   1216.2680190678216        1.0000000000000000     
   6.5384615384615381E-003   1.1538461538461537E-003   1216.2206450435099        1.0000000000000000     
   6.5384615384615381E-003   1.5384615384615385E-003   1216.1779310922395        1.0000000000000000     
   6.5384615384615381E-003   1.9230769230769232E-003   1216.1393238945375        1.0000000000000000     
   6.5384615384615381E-003   2.3076923076923075E-003   1216.1048811269502        1.0000000000000000     
   6.5384615384615381E-003   2.6923076923076922E-003   1216.0749910589955        1.0000000000000000     
   6.5384615384615381E-003   3.0769230769230769E-003   1216.0497129461917        1.0000000000000000     
   6.5384615384615381E-003   3.4615384615384616E-003   1216.0290379413275        1.0000000000000000     
   6.5384615384615381E-003   3.8461538461538464E-003   1216.0129616061377        1.0000000000000000     
   6.5384615384615381E-003   4.2307692307692307E-003   1216.0014806906818        1.0000000000000000     
   6.5384615384615381E-003   4.6153846153846149E-003   1215.9945929897426        1.0000000000000000     
   6.5384615384615381E-003   5.0000000000000001E-003   1215.9922972283684        1.0000000000000000     
   6.5384615384615381E-003   5.3846153846153844E-003   1215.9945929897415        1.0000000000000000     
   6.5384615384615381E-003   5.7692307692307696E-003   1216.0014806906809        1.0000000000000000     
   6.5384615384615381E-003   6.1538461538461538E-003   1216.0129616061377        1.0000000000000000     
   6.5384615384615381E-003   6.5384615384615381E-003   1216.0290379413275        1.0000000000000000     
   6.5384615384615381E-003   6.9230769230769233E-003   1216.0497129461919        1.0000000000000000     
   6.5384615384615381E-003   7.3076923076923076E-003   1216.0749910589952        1.0000000000000000     
   6.5384615384615381E-003   7.6923076923076927E-003   1216.1048811269502        1.0000000000000000     
   6.5384615384615381E-003   8.0769230769230770E-003   1216.1393238945370        1.0000000000000000     
   6.5384615384615381E-003   8.4615384615384613E-003   1216.1779310922402        1.0000000000000000     
   6.5384615384615381E-003   8.8461538461538456E-003   1216.2206450435099        1.0000000000000000     
   6.5384615384615381E-003   9.2307692307692299E-003   1216.2680190678218        1.0000000000000000     
   6.5384615384615381E-003   9.6153846153846159E-003   1216.3198101213934        1.0000000000000000     

   6.9230769230769233E-003   3.8461538461538462E-004   1228.6634486595283        1.0000000000000000     
   6.9230769230769233E-003   7.6923076923076923E-004   1228.6099415570980        1.0000000000000000     
   6.9230769230769233E-003   1.1538461538461537E-003   1228.5610108743795        1.0000000000000000     
   6.9230769230769233E-003   1.5384615384615385E-003   1228.5168974318481        1.0000000000000000     
   6.9230769230769233E-003   1.9230769230769232E-003   1228.4770384626768        1.0000000000000000     
   6.9230769230769233E-003   2.3076923076923075E-003   1228.4414895269315        1.0000000000000000     
   6.9230769230769233E-003   2.6923076923076922E-003   1228.4106411990874        1.0000000000000000     
   6.9230769230769233E-003   3.0769230769230769E-003   1228.3845524906733        1.0000000000000000     
   6.9230769230769233E-003   3.4615384615384616E-003   1228.3632141465346        1.0000000000000000     
   6.9230769230769233E-003   3.8461538461538464E-003   1228.3466216760971        1.0000000000000000     
   6.9230769230769233E-003   4.2307692307692307E-003   1228.3347719341575        1.0000000000000000     
   6.9230769230769233E-003   4.6153846153846149E-003   1228.3276628610038        1.0000000000000000     
   6.9230769230769233E-003   5.0000000000000001E-003   1228.3252932949474        1.0000000000000000     
   6.9230769230769233E-003   5.3846153846153844E-003   1228.3276628610035        1.0000000000000000     
   6.9230769230769233E-003   5.7692307692307696E-003   1228.3347719341571        1.0000000000000000     
   6.9230769230769233E-003   6.1538461538461538E-003   1228.3466216760971        1.0000000000000000     
   6.9230769230769233E-003   6.5384615384615381E-003   1228.3632141465346        1.0000000000000000     
   6.9230769230769233E-003   6.9230769230769233E-003   1228.3845524906742        1.0000000000000000     
   6.9230769230769233E-003   7.3076923076923076E-003   1228.4106411990872        1.0000000000000000     
   6.9230769230769233E-003   7.6923076923076927E-003   1228.4414895269317        1.0000000000000000     
   6.9230769230769233E-003   8.0769230769230770E-003   1228.4770384626765        1.0000000000000000     
   6.9230769230769233E-003   8.4615384615384613E-003   1228.5168974318483        1.0000000000000000     
   6.9230769230769233E-003   8.8461538461538456E-003   1228.5610108743795        1.0000000000000000     
   6.9230769230769233E-003   9.2307692307692299E-003   1228.6099415570984        1.0000000000000000     
   6.9230769230769233E-003   9.6153846153846159E-003   1228.6634486595276        1.0000000000000000     

   7.3076923076923076E-003   3.8461538461538462E-004   1239.5756649305122        1.0000000000000000     
   7.3076923076923076E-003   7.6923076923076923E-004   1239.5206530523517        1.0000000000000000     
   7.3076923076923076E-003   1.1538461538461537E-003   1239.4703632346625        1.0000000000000000     
   7.3076923076923076E-003   1.5384615384615385E-003   1239.4250302419350        1.0000000000000000     
   7.3076923076923076E-003   1.9230769230769232E-003   1239.3840808883094        1.0000000000000000     
   7.3076923076923076E-003   2.3076923076923075E-003   1239.3475679632572        1.0000000000000000     
   7.3076923076923076E-003   2.6923076923076922E-003   1239.3158838355025        1.0000000000000000     
   7.3076923076923076E-003   3.0769230769230769E-003   1239.2890874144027        1.0000000000000000     
   7.3076923076923076E-003   3.4615384615384616E-003   1239.2671693595455        1.0000000000000000     
   7.3076923076923076E-003   3.8461538461538464E-003   1239.2501254455080        1.0000000000000000     
   7.3076923076923076E-003   4.2307692307692307E-003   1239.2379528957672        1.0000000000000000     
   7.3076923076923076E-003   4.6153846153846149E-003   1239.2306499864171        1.0000000000000000     
   7.3076923076923076E-003   5.0000000000000001E-003   1239.2282157819370        1.0000000000000000     
   7.3076923076923076E-003   5.3846153846153844E-003   1239.2306499864173        1.0000000000000000     
   7.3076923076923076E-003   5.7692307692307696E-003   1239.2379528957670        1.0000000000000000     
   7.3076923076923076E-003   6.1538461538461538E-003   1239.2501254455080        1.0000000000000000     
   7.3076923076923076E-003   6.5384615384615381E-003   1239.2671693595453        1.0000000000000000     
   7.3076923076923076E-003   6.9230769230769233E-003   1239.2890874144032        1.0000000000000000     
   7.3076923076923076E-003   7.3076923076923076E-003   1239.3158838355025        1.0000000000000000     
   7.3076923076923076E-003   7.6923076923076927E-003   1239.3475679632570        1.0000000000000000     
   7.3076923076923076E-003   8.0769230769230770E-003   1239.3840808883092        1.0000000000000000     
   7.3076923076923076E-003   8.4615384615384613E-003   1239.4250302419350        1.0000000000000000     
   7.3076923076923076E-003   8.8461538461538456E-003   1239.4703632346614        1.0000000000000000     
   7.3076923076923076E-003   9.2307692307692299E-003   1239.5206530523519        1.0000000000000000     
   7.3076923076923076E-003   9.6153846153846159E-003   1239.5756649305129        1.0000000000000000     

   7.6923076923076927E-003   3.8461538461538462E-004   1249.0155638726253        1.0000000000000000     
   7.6923076923076927E-003   7.6923076923076923E-004   1248.9592736131560        1.0000000000000000     
   7.6923076923076927E-003   1.1538461538461537E-003   1248.9078352586753        1.0000000000000000     
   7.6923076923076927E-003   1.5384615384615385E-003   1248.8614724843269        1.0000000000000000     
   7.6923076923076927E-003   1.9230769230769232E-003   1248.8196013125769        1.0000000000000000     
   7.6923076923076927E-003   2.3076923076923075E-003   1248.7822717461045        1.0000000000000000     
   7.6923076923076927E-003   2.6923076923076922E-003   1248.7498779352247        1.0000000000000000     
   7.6923076923076927E-003   3.0769230769230769E-003   1248.7224792449911        1.0000000000000000     
   7.6923076923076927E-003   3.4615384615384616E-003   1248.7000668912303        1.0000000000000000     
   7.6923076923076927E-003   3.8461538461538464E-003   1248.6826374502673        1.0000000000000000     
   7.6923076923076927E-003   4.2307692307692307E-003   1248.6701889142855        1.0000000000000000     
   7.6923076923076927E-003   4.6153846153846149E-003   1248.6627201619390        1.0000000000000000     
   7.6923076923076927E-003   5.0000000000000001E-003   1248.6602306340337        1.0000000000000000     
   7.6923076923076927E-003   5.3846153846153844E-003   1248.6627201619394        1.0000000000000000     
   7.6923076923076927E-003   5.7692307692307696E-003   1248.6701889142855        1.0000000000000000     
   7.6923076923076927E-003   6.1538461538461538E-003   1248.6826374502673        1.0000000000000000     
   7.6923076923076927E-003   6.5384615384615381E-003   1248.7000668912301        1.0000000000000000     
   7.6923076923076927E-003   6.9230769230769233E-003   1248.7224792449915        1.0000000000000000     
   7.6923076923076927E-003   7.3076923076923076E-003   1248.7498779352247        1.0000000000000000     
   7.6923076923076927E-003   7.6923076923076927E-003   1248.7822717461040        1.0000000000000000     
   7.6923076923076927E-003   8.0769230769230770E-003   1248.8196013125762        1.0000000000000000     
   7.6923076923076927E-003   8.4615384615384613E-003   1248.8614724843260        1.0000000000000000     
   7.6923076923076927E-003   8.8461538461538456E-003   1248.9078352586744        1.0000000000000000     
   7.6923076923076927E-003   9.2307692307692299E-003   1248.9592736131560        1.0000000000000000     
   7.6923076923076927E-003   9.6153846153846159E-003   1249.0155638726253        1.0000000000000000     

   8.0769230769230770E-003   3.8461538461538462E-004   1256.9476768335098        1.0000000000000000     
   8.0769230769230770E-003   7.6923076923076923E-004   1256.8903885759198        1.0000000000000000     
   8.0769230769230770E-003   1.1538461538461537E-003   1256.8380294164042        1.0000000000000000     
   8.0769230769230770E-003   1.5384615384615385E-003   1256.7908368246515        1.0000000000000000     
   8.0769230769230770E-003   1.9230769230769232E-003   1256.7482189664775        1.0000000000000000     
   8.0769230769230770E-003   2.3076923076923075E-003   1256.7102243035074        1.0000000000000000     
   8.0769230769230770E-003   2.6923076923076922E-003   1256.6772495118009        1.0000000000000000     
   8.0769230769230770E-003   3.0769230769230769E-003   1256.6493555539851        1.0000000000000000     
   8.0769230769230770E-003   3.4615384615384616E-003   1256.6265352623861        1.0000000000000000     
   8.0769230769230770E-003   3.8461538461538464E-003   1256.6087868055056        1.0000000000000000     
   8.0769230769230770E-003   4.2307692307692307E-003   1256.5961094765471        1.0000000000000000     
   8.0769230769230770E-003   4.6153846153846149E-003   1256.5885030829090        1.0000000000000000     
   8.0769230769230770E-003   5.0000000000000001E-003   1256.5859676142829        1.0000000000000000     
   8.0769230769230770E-003   5.3846153846153844E-003   1256.5885030829086        1.0000000000000000     
   8.0769230769230770E-003   5.7692307692307696E-003   1256.5961094765471        1.0000000000000000     
   8.0769230769230770E-003   6.1538461538461538E-003   1256.6087868055051        1.0000000000000000     
   8.0769230769230770E-003   6.5384615384615381E-003   1256.6265352623852        1.0000000000000000     
   8.0769230769230770E-003   6.9230769230769233E-003   1256.6493555539848        1.0000000000000000     
   8.0769230769230770E-003   7.3076923076923076E-003   1256.6772495118009        1.0000000000000000     
   8.0769230769230770E-003   7.6923076923076927E-003   1256.7102243035067        1.0000000000000000     
   8.0769230769230770E-003   8.0769230769230770E-003   1256.7482189664765        1.0000000000000000     
   8.0769230769230770E-003   8.4615384615384613E-003   1256.7908368246501        1.0000000000000000     
   8.0769230769230770E-003   8.8461538461538456E-003   1256.8380294164024        1.0000000000000000     
   8.0769230769230770E-003   9.2307692307692299E-003   1256.8903885759196        1.0000000000000000     
   8.0769230769230770E-003   9.6153846153846159E-003   1256.9476768335096        1.0000000000000000     

   8.4615384615384613E-003   3.8461538461538462E-004   1263.3423544879429        1.0000000000000000     
   8.4615384615384613E-003   7.6923076923076923E-004   1263.2838654747466        1.0000000000000000     
   8.4615384615384613E-003   1.1538461538461537E-003   1263.2308720129131        1.0000000000000000     
   8.4615384615384613E-003   1.5384615384615385E-003   1263.1830569393869        1.0000000000000000     
   8.4615384615384613E-003   1.9230769230769232E-003   1263.1398721598237        1.0000000000000000     
   8.4615384615384613E-003   2.3076923076923075E-003   1263.1013664291008        1.0000000000000000     
   8.4615384615384613E-003   2.6923076923076922E-003   1263.0679402895214        1.0000000000000000     
   8.4615384615384613E-003   3.0769230769230769E-003   1263.0396582085634        1.0000000000000000     
   8.4615384615384613E-003   3.4615384615384616E-003   1263.0165162069095        1.0000000000000000     
   8.4615384615384613E-003   3.8461538461538464E-003   1262.9985150807872        1.0000000000000000     
   8.4615384615384613E-003   4.2307692307692307E-003   1262.9856560363528        1.0000000000000000     
   8.4615384615384613E-003   4.6153846153846149E-003   1262.9779401424503        1.0000000000000000     
   8.4615384615384613E-003   5.0000000000000001E-003   1262.9753680977415        1.0000000000000000     
   8.4615384615384613E-003   5.3846153846153844E-003   1262.9779401424498        1.0000000000000000     
   8.4615384615384613E-003   5.7692307692307696E-003   1262.9856560363526        1.0000000000000000     
   8.4615384615384613E-003   6.1538461538461538E-003   1262.9985150807863        1.0000000000000000     
   8.4615384615384613E-003   6.5384615384615381E-003   1263.0165162069095        1.0000000000000000     
   8.4615384615384613E-003   6.9230769230769233E-003   1263.0396582085627        1.0000000000000000     
   8.4615384615384613E-003   7.3076923076923076E-003   1263.0679402895203        1.0000000000000000     
   8.4615384615384613E-003   7.6923076923076927E-003   1263.1013664290992        1.0000000000000000     
   8.4615384615384613E-003   8.0769230769230770E-003   1263.1398721598221        1.0000000000000000     
   8.4615384615384613E-003   8.4615384615384613E-003   1263.1830569393865        1.0000000000000000     
   8.4615384615384613E-003   8.8461538461538456E-003   1263.2308720129120        1.0000000000000000     
   8.4615384615384613E-003   9.2307692307692299E-003   1263.2838654747454        1.0000000000000000     
   8.4615384615384613E-003   9.6153846153846159E-003   1263.3423544879422        1.0000000000000000     

   8.8461538461538456E-003   3.8461538461538462E-004   1268.1754419301360        1.0000000000000000     
   8.8461538461538456E-003   7.6923076923076923E-004   1268.1167131124200        1.0000000000000000     
   8.8461538461538456E-003   1.1538461538461537E-003   1268.0623431715296        1.0000000000000000     
   8.8461538461538456E-003   1.5384615384615385E-003   1268.0141813308505        1.0000000000000000     
   8.8461538461538456E-003   1.9230769230769232E-003   1267.9706116138593        1.0000000000000000     
   8.8461538461538456E-003   2.3076923076923075E-003   1267.9317489225036        1.0000000000000000     
   8.8461538461538456E-003   2.6923076923076922E-003   1267.8979995783679        1.0000000000000000     
   8.8461538461538456E-003   3.0769230769230769E-003   1267.8694347181545        1.0000000000000000     
   8.8461538461538456E-003   3.4615384615384616E-003   1267.8460557622805        1.0000000000000000     
   8.8461538461538456E-003   3.8461538461538464E-003   1267.8278673023758        1.0000000000000000     
   8.8461538461538456E-003   4.2307692307692307E-003   1267.8148730040757        1.0000000000000000     
   8.8461538461538456E-003   4.6153846153846149E-003   1267.8070754298544        1.0000000000000000     
   8.8461538461538456E-003   5.0000000000000001E-003   1267.8044760751054        1.0000000000000000     
   8.8461538461538456E-003   5.3846153846153844E-003   1267.8070754298537        1.0000000000000000     
   8.8461538461538456E-003   5.7692307692307696E-003   1267.8148730040755        1.0000000000000000     
   8.8461538461538456E-003   6.1538461538461538E-003   1267.8278673023749        1.0000000000000000     
   8.8461538461538456E-003   6.5384615384615381E-003   1267.8460557622798        1.0000000000000000     
   8.8461538461538456E-003   6.9230769230769233E-003   1267.8694347181533        1.0000000000000000     
   8.8461538461538456E-003   7.3076923076923076E-003   1267.8979995783666        1.0000000000000000     
   8.8461538461538456E-003   7.6923076923076927E-003   1267.9317489225018        1.0000000000000000     
   8.8461538461538456E-003   8.0769230769230770E-003   1267.9706116138582        1.0000000000000000     
   8.8461538461538456E-003   8.4615384615384613E-003   1268.0141813308492        1.0000000000000000     
   8.8461538461538456E-003   8.8461538461538456E-003   1268.0623431715285        1.0000000000000000     
   8.8461538461538456E-003   9.2307692307692299E-003   1268.1167131124196        1.0000000000000000     
   8.8461538461538456E-003   9.6153846153846159E-003   1268.1754419301340        1.0000000000000000     

   9.2307692307692299E-003   3.8461538461538462E-004   1271.4295280691690        1.0000000000000000     
   9.2307692307692299E-003   7.6923076923076923E-004   1271.3700955437635        1.0000000000000000     
   9.2307692307692299E-003   1.1538461538461537E-003   1271.3160022883103        1.0000000000000000     
   9.2307692307692299E-003   1.5384615384615385E-003   1271.2667054024471        1.0000000000000000     
   9.2307692307692299E-003   1.9230769230769232E-003   1271.2229809873841        1.0000000000000000     
   9.2307692307692299E-003   2.3076923076923075E-003   1271.1839126552861        1.0000000000000000     
   9.2307692307692299E-003   2.6923076923076922E-003   1271.1499630286016        1.0000000000000000     
   9.2307692307692299E-003   3.0769230769230769E-003   1271.1212163587668        1.0000000000000000     
   9.2307692307692299E-003   3.4615384615384616E-003   1271.0976822580367        1.0000000000000000     
   9.2307692307692299E-003   3.8461538461538464E-003   1271.0793700052816        1.0000000000000000     
   9.2307692307692299E-003   4.2307692307692307E-003   1271.0662858977444        1.0000000000000000     
   9.2307692307692299E-003   4.6153846153846149E-003   1271.0584339530378        1.0000000000000000     
   9.2307692307692299E-003   5.0000000000000001E-003   1271.0558164001284        1.0000000000000000     
   9.2307692307692299E-003   5.3846153846153844E-003   1271.0584339530380        1.0000000000000000     
   9.2307692307692299E-003   5.7692307692307696E-003   1271.0662858977439        1.0000000000000000     
   9.2307692307692299E-003   6.1538461538461538E-003   1271.0793700052800        1.0000000000000000     
   9.2307692307692299E-003   6.5384615384615381E-003   1271.0976822580355        1.0000000000000000     
   9.2307692307692299E-003   6.9230769230769233E-003   1271.1212163587663        1.0000000000000000     
   9.2307692307692299E-003   7.3076923076923076E-003   1271.1499630286000        1.0000000000000000     
   9.2307692307692299E-003   7.6923076923076927E-003   1271.1839126552843        1.0000000000000000     
   9.2307692307692299E-003   8.0769230769230770E-003   1271.2229809873822        1.0000000000000000     
   9.2307692307692299E-003   8.4615384615384613E-003   1271.2667054024460        1.0000000000000000     
   9.2307692307692299E-003   8.8461538461538456E-003   1271.3160022883094        1.0000000000000000     
   9.2307692307692299E-003   9.2307692307692299E-003   1271.3700955437628        1.0000000000000000     
   9.2307692307692299E-003   9.6153846153846159E-003   1271.4295280691688        1.0000000000000000     

   9.6153846153846159E-003   3.8461538461538462E-004   1273.0924751542643        1.0000000000000000     
   9.6153846153846159E-003   7.6923076923076923E-004   1273.0323994977111        1.0000000000000000     
   9.6153846153846159E-003   1.1538461538461537E-003   1272.9778451379811        1.0000000000000000     
   9.6153846153846159E-003   1.5384615384615385E-003   1272.9287919067751        1.0000000000000000     
   9.6153846153846159E-003   1.9230769230769232E-003   1272.8845881710897        1.0000000000000000     
   9.6153846153846159E-003   2.3076923076923075E-003   1272.8454787445828        1.0000000000000000     
   9.6153846153846159E-003   2.6923076923076922E-003   1272.8114396515805        1.0000000000000000     
   9.6153846153846159E-003   3.0769230769230769E-003   1272.7826046279461        1.0000000000000000     
   9.6153846153846159E-003   3.4615384615384616E-003   1272.7589930839024        1.0000000000000000     
   9.6153846153846159E-003   3.8461538461538464E-003   1272.7406183997350        1.0000000000000000     
   9.6153846153846159E-003   4.2307692307692307E-003   1272.7274887973790        1.0000000000000000     
   9.6153846153846159E-003   4.6153846153846149E-003   1272.7196092539789        1.0000000000000000     
   9.6153846153846159E-003   5.0000000000000001E-003   1272.7169824560542        1.0000000000000000     
   9.6153846153846159E-003   5.3846153846153844E-003   1272.7196092539787        1.0000000000000000     
   9.6153846153846159E-003   5.7692307692307696E-003   1272.7274887973783        1.0000000000000000     
   9.6153846153846159E-003   6.1538461538461538E-003   1272.7406183997339        1.0000000000000000     
   9.6153846153846159E-003   6.5384615384615381E-003   1272.7589930839015        1.0000000000000000     
   9.6153846153846159E-003   6.9230769230769233E-003   1272.7826046279454        1.0000000000000000     
   9.6153846153846159E-003   7.3076923076923076E-003   1272.8114396515800        1.0000000000000000     
   9.6153846153846159E-003   7.6923076923076927E-003   1272.8454787445819        1.0000000000000000     
   9.6153846153846159E-003   8.0769230769230770E-003   1272.8845881710886        1.0000000000000000     
   9.6153846153846159E-003   8.4615384615384613E-003   1272.9287919067742        1.0000000000000000     
   9.6153846153846159E-003   8.8461538461538456E-003   1272.9778451379796        1.0000000000000000     
   9.6153846153846159E-003   9.2307692307692299E-003   1273.0323994977093        1.0000000000000000     
   9.6153846153846159E-003   9.6153846153846159E-003   1273.0924751542632        1.0000000000000000     

